-9.262973e-06
-9.421888e-06
-9.582493e-06
-9.739408e-06
-9.908923e-06
-1.007017e-05
-1.023372e-05
-1.036012e-05
-1.051437e-05
-1.066531e-05
-1.081705e-05
-1.104422e-05
-1.120832e-05
-1.137027e-05
-1.153448e-05
-1.169869e-05
-1.186166e-05
-1.202372e-05
-1.218813e-05
-1.213869e-05
-1.228045e-05
-1.242068e-05
-1.256112e-05
-1.269986e-05
-1.283892e-05
-1.333685e-05
-1.350165e-05
-1.366654e-05
-1.383159e-05
-1.399642e-05
-1.416104e-05
-1.432524e-05
-1.449194e-05
-1.465551e-05
-1.416719e-05
-1.429501e-05
-1.442185e-05
-1.45478e-05
-1.386267e-05
-1.479636e-05
-1.402512e-05
-1.410372e-05
-1.614491e-05
-1.733564e-05
-1.754704e-05
-1.663649e-05
-1.680195e-05
-1.818721e-05
-1.713325e-05
-1.597679e-05
-1.609031e-05
-1.62008e-05
-1.631163e-05
-1.642084e-05
-1.652994e-05
-1.663664e-05
-1.845408e-05
-1.861909e-05
-1.695251e-05
-1.705642e-05
-1.911296e-05
-1.927739e-05
-1.944279e-05
-1.960699e-05
-1.756074e-05
-1.993629e-05
-2.010163e-05
-1.784851e-05
-1.794451e-05
-1.803769e-05
-2.338608e-05
-2.362128e-05
-2.108508e-05
-2.124788e-05
-1.849025e-05
-2.157449e-05
-1.866279e-05
-1.559671e-05
-1.883185e-05
-1.891353e-05
-1.899885e-05
-1.908126e-05
-1.916009e-05
-2.287323e-05
-2.675328e-05
-2.319648e-05
-2.335828e-05
-2.351945e-05
-2.368191e-05
-2.384256e-05
-2.400331e-05
-1.98386e-05
-1.990906e-05
-1.997752e-05
-2.004405e-05
-2.47995e-05
-2.495998e-05
-2.511803e-05
-2.527663e-05
-2.543493e-05
-2.559198e-05
-2.574986e-05
-2.055545e-05
-2.606375e-05
-2.622227e-05
-2.073311e-05
-2.078875e-05
-2.084346e-05
-2.089846e-05
-2.700192e-05
-2.715623e-05
-2.73108e-05
-2.74645e-05
-2.115718e-05
-2.120621e-05
-2.125424e-05
-2.808187e-05
-2.823454e-05
-2.838811e-05
-2.853904e-05
-2.148058e-05
-2.884226e-05
-2.156589e-05
-2.160432e-05
-2.929563e-05
-2.168304e-05
-2.172345e-05
-2.175917e-05
-2.179525e-05
-2.182899e-05
-2.186312e-05
-3.033476e-05
-3.903769e-05
-3.062756e-05
-2.198835e-05
-3.091963e-05
-4.00834e-05
-4.034506e-05
-2.210185e-05
-1.275694e-05
-2.2153e-05
-3.178288e-05
-2.21981e-05
-2.221969e-05
-3.220804e-05
-3.235051e-05
-3.249047e-05
-3.262989e-05
-2.231954e-05
-2.233502e-05
-3.304586e-05
-3.31846e-05
-3.332174e-05
-2.239571e-05
-1.122241e-05
-1.111199e-05
-3.386767e-05
-3.400062e-05
-2.245153e-05
-2.245902e-05
-3.440128e-05
-3.453083e-05
-3.466215e-05
-2.24853e-05
-2.249092e-05
-4.761198e-05
-3.518364e-05
-2.2499e-05
-2.250081e-05
-4.863042e-05
-4.888759e-05
-3.581912e-05
-2.249776e-05
-3.606739e-05
-3.619108e-05
-3.631327e-05
-8.524996e-06
-8.392365e-06
-2.247176e-05
-2.246385e-05
-7.988939e-06
-7.850622e-06
-2.24357e-05
-3.727789e-05
-3.739647e-05
-3.751181e-05
-3.762703e-05
-5.310826e-05
-5.335035e-05
-3.796808e-05
-2.233511e-05
-2.231875e-05
-2.230403e-05
-2.22865e-05
-2.226984e-05
-2.225018e-05
-2.223346e-05
-2.221197e-05
-2.21918e-05
-2.217012e-05
-3.917653e-05
-3.928074e-05
-3.938494e-05
-3.948824e-05
-3.959052e-05
-3.969298e-05
-3.979449e-05
-5.780891e-05
-5.80341e-05
-5.825956e-05
-5.84823e-05
-4.028552e-05
-5.892523e-05
-5.914526e-05
-7.816026e-05
-7.850459e-05
-4.076123e-05
-4.085144e-05
-6.023139e-05
-7.985887e-05
-0.0001388077
-0.0001198517
-4.12957e-05
-8.119573e-05
-0.0001215786
-0.0001423002
-0.0001024484
-2.132668e-05
4.025417e-05
6.128719e-05
-4.496655e-07
-0.0002090185
-0.0003359994
-0.0002955186
-0.0001484151
-8.504047e-05
-0.0001926702
-0.0003877988
-0.0004548317
-0.0003044138
-0.0002181554
-0.0002191446
-0.0001536543
-0.0001097446
0.0001361152
0.0004969872
0.0003865628
-6.590197e-05
-0.0004086613
-0.0005711581
-0.0001356165
0.0002346234
0.0001194792
-0.0001604865
-0.0005135604
-0.0006102068
-0.000280855
-1.994942e-05
0.0003389964
0.0005088633
4.35117e-06
-0.0004560715
-0.0006526443
-0.0006552732
-0.0003387257
-4.416457e-05
-0.0002669876
-0.0002927898
-0.0002938293
-0.0002197039
-0.0001198253
-0.0003473977
-0.0006020602
-0.0004770062
-0.0005297422
-0.0008648065
-0.001125123
-0.001025801
-0.0008997958
-0.0003567595
-0.0002013032
-0.0005946685
-0.0009644444
-0.001855207
-0.002496174
-0.00202657
-0.001189877
0.0004091943
0.001607594
0.001424595
0.001087571
0.00125331
0.001519467
0.00168738
0.001692463
0.001806977
0.0021142
0.001900086
0.0003137807
-0.001641161
-0.001950781
-0.001325133
-0.001272707
-0.0004926721
0.0007681565
0.0004047229
-0.00041149
-0.001288212
-0.001706563
-0.000783175
-0.0002442715
-0.0007865596
-0.001807648
-0.00284277
-0.002188579
-0.001761608
-0.002514755
-0.002866501
-0.002466958
-0.0009441913
0.000826788
0.001575808
0.0009468312
0.0002180617
-0.001245309
-0.001912205
0.000601419
0.003123659
0.004101709
0.003872247
0.001926708
0.001900157
0.002199761
0.001698092
0.0007586068
-0.003162672
-0.007363174
-0.007163778
-0.0057074
-0.004376855
-0.001333795
-0.0001044752
-0.0009159546
-0.0007062778
0.000527929
0.002056213
0.002541262
0.003389711
0.005832199
0.007734212
0.007680425
0.006726883
0.004669142
0.001798294
-0.000377958
-0.001857944
-0.001351971
0.0006870997
0.0003525218
-0.002227792
-0.003326673
-0.003328178
-0.001772906
-0.001050854
-0.003881779
-0.004758973
-0.003242236
-0.002295226
-0.002173346
-0.003152445
-0.003214082
0.0003550312
0.002456203
0.002517626
0.00328274
0.004772041
0.007036539
0.006026847
0.004384729
0.006241218
0.006455554
0.003589451
0.002028947
0.001029434
0.0001115327
-0.0003167867
-0.002907461
-0.008700988
-0.01334192
-0.01230147
-0.006874997
-0.00410049
-0.004406395
-0.001897086
-0.0006525688
-0.003029052
-0.004467167
-0.004038663
-0.003885576
-0.003089883
-0.001080398
0.003132327
0.005998649
0.006151799
0.006672132
0.004683284
-0.001293782
-0.004527114
-0.002874641
0.0004506908
0.0009710233
-0.0005588393
-0.002139729
-0.003027016
-0.002200734
0.0007267972
0.002858724
0.004235863
0.004654191
0.005449937
0.006735281
0.005113636
0.001757962
0.002155876
0.004807996
0.007072528
0.01064267
0.01357026
0.01179567
0.007644423
0.004778381
0.003717722
0.002096088
0.0001786194
-0.002809805
-0.007297687
-0.01022498
-0.008511279
-0.00500233
-0.004614568
-0.007541804
-0.01094848
-0.0085412
-0.003696045
-0.003083876
-0.002930716
-0.001165976
0.000517208
0.001251783
0.0002727608
-0.003052276
-0.00369474
-0.002072794
-0.001226024
-9.367879e-05
0.001915892
0.006557047
0.01170826
0.008597523
0.0006111048
-0.003295378
-0.0002454558
0.005640109
0.00853717
0.00564062
-0.0005506224
-0.003355441
-0.004813881
-0.008628491
-0.01180055
-0.01268782
-0.01146371
-0.008107758
-0.006189951
-0.004272191
-0.001670985
-0.001252595
-0.0007627968
9.419948e-05
-0.0003952044
-0.001435418
-0.001608626
-0.0003028419
-0.0006392294
-0.00131225
-8.80468e-05
-0.002739837
-0.005299893
-0.0004547607
0.004941285
0.004880319
0.002901752
0.0005253628
-0.002218244
-0.004145868
-0.004512912
-0.002646158
-0.000697732
-0.0004221591
0.00101624
0.004372216
0.005616859
0.00632084
0.007575689
0.008789675
0.01086049
0.01394107
0.01806218
0.01818485
0.01590031
0.01608415
0.01418732
0.008516346
0.004161022
0.003824638
0.006079023
0.003060082
-0.002610934
-0.006609107
-0.00932215
-0.008220356
-0.00593533
-0.005935109
-0.009810903
-0.01120815
-0.007158532
-0.003282366
0.002113679
0.006204088
0.006571524
0.009009498
0.01446676
0.01926095
0.02249462
0.02264785
0.02255634
0.02557576
0.02611657
0.02542319
0.02868744
0.03578689
0.04088716
0.04234609
0.03831754
0.03066783
0.02804647
0.03020918
0.02919961
0.0208768
0.007790363
-0.004316713
-0.01224202
-0.01642375
-0.02300256
-0.03352869
-0.04017905
-0.03688435
-0.02557238
-0.0137606
-0.00537595
0.001152312
0.007558196
0.008711102
0.003560384
-0.001926965
-0.003181362
-0.003762525
-0.003915331
-0.0001921093
0.0006649557
-0.001711441
0.003072535
0.01307896
0.02124947
0.02322862
0.01832282
0.01518147
0.0162832
0.01585509
0.01606949
0.02152676
0.02851399
0.03225775
0.03213571
0.02646495
0.01081836
-0.01244739
-0.03114394
-0.04498506
-0.05644978
-0.06294703
-0.06032579
-0.04794284
-0.03782407
-0.02827673
-0.0113751
0.007617578
0.02012318
0.01762464
0.008597984
-0.001530201
-0.01851296
-0.03446546
-0.04004482
-0.04407347
-0.0564459
-0.07093989
-0.07785581
-0.07258235
-0.06263681
-0.05520086
-0.05181416
-0.05348678
-0.05428209
-0.05251736
-0.05166043
-0.04641758
-0.03625802
-0.02646596
-0.01320565
9.531545e-05
0.005828142
0.00844969
0.01614087
0.02772829
0.03681684
0.03693958
0.03132997
0.02754604
0.02159974
0.01473537
0.01358301
0.01711241
0.02019306
0.02446711
0.03065888
0.02675274
0.01251383
-0.00149049
-0.01039504
-0.01890168
-0.02310384
-0.01310772
-0.003866236
-0.004508603
-0.00514076
-0.0001425791
0.006171523
0.005559813
-0.001426919
-0.008648286
-0.01404389
-0.01594094
-0.01273795
-0.002303239
0.01095709
0.01932137
0.02288146
0.02105598
0.01520147
0.01074434
0.007429566
0.004767639
0.003064475
0.001779566
7.643993e-05
-0.01413176
-0.03221627
-0.03874412
-0.03923359
-0.0427422
-0.04566963
-0.04728111
-0.04819872
-0.04686243
-0.04209884
-0.03392858
-0.02389148
-0.0142218
-0.002726094
0.01096248
0.02035709
0.01712405
-0.001623175
-0.02025851
-0.02175783
-0.01104788
0.0065168
0.02673341
0.03146665
0.01618731
0.003315114
0.006181278
0.01804408
0.03405813
0.05140883
0.06265975
0.05507134
0.04262752
0.04684036
0.05290959
0.05131872
0.05574566
0.06471215
0.06218294
0.05327821
0.05110593
0.04604695
0.03286889
0.02387255
0.01463166
0.003197528
-0.001167953
0.004992877
0.01887523
0.03076868
0.03729699
0.04114265
0.03881748
0.02869942
0.01454217
-0.003634154
-0.02162672
-0.03178598
-0.03223469
-0.02516602
-0.01650598
-0.01970855
-0.03903734
-0.05114471
-0.04562659
-0.03516134
-0.02574669
-0.01469991
-0.001470405
0.007740565
0.005119432
-0.005610791
-0.008354587
0.001498715
0.01384078
0.02244979
0.03467962
0.05385598
0.07322603
0.08249813
0.08191712
0.07868409
0.07362525
0.06447605
0.0604167
0.06145751
0.05090093
0.03358122
0.0287364
0.03303065
0.03416321
0.02895111
0.02323946
0.01741539
0.005889733
-0.002861959
-0.001637677
-0.004748573
-0.01905878
-0.03403248
-0.04721068
-0.05550391
-0.04808847
-0.03585819
-0.03335901
-0.03699004
-0.04207965
-0.05073929
-0.06086775
-0.06544767
-0.05955203
-0.04668961
-0.03533687
-0.03369446
-0.04171147
-0.05335973
-0.06218269
-0.06117306
-0.05199306
-0.04253729
-0.04040538
-0.04433221
-0.04927915
-0.05381798
-0.0577552
-0.05870383
-0.05473615
-0.04558652
-0.03207164
-0.01905625
-0.006336932
0.008177934
0.02227434
0.0314548
0.04063486
0.05292596
0.06362586
0.070705
0.073755
0.0716234
0.06777823
0.06335177
0.05332547
0.03426171
0.0126991
-0.005385553
-0.01447381
-0.008772142
0.009343005
0.02755026
0.03895411
0.04072905
0.03102916
0.01745307
0.004376875
-0.007342942
-0.01450325
-0.01782849
-0.02515194
-0.03905454
-0.04699023
-0.03954444
-0.02502986
-0.01322834
-0.01020898
-0.01404416
-0.01566593
-0.01215701
-0.007883155
-0.006087851
-0.006271393
-0.005781708
-0.006699636
-0.01068779
-0.01230963
-0.004108799
0.008304649
0.01089564
0.004887956
-0.001119796
-0.004444989
-0.003924808
0.002847978
0.01181385
0.01654676
0.01343589
0.01111033
0.01605736
0.0206577
0.01693489
0.006418856
-0.004923541
-0.01630667
-0.02371196
-0.02941377
-0.03560524
-0.03685996
-0.03088299
-0.02259042
-0.01667427
-0.01197209
-0.004505633
0.003277026
0.006265779
0.0001969629
-0.01526619
-0.03176982
-0.0414599
-0.04161311
-0.03280043
-0.02340627
-0.02231478
-0.02533406
-0.02383479
-0.01560354
-0.004475231
0.004980138
0.007122316
0.002848488
0.001145108
0.003093195
0.006908039
0.01104917
0.0158738
0.02191215
0.02532933
0.02206536
0.01636359
0.01806681
0.02788963
0.03487669
0.03481535
0.03307116
0.03252037
0.03109241
0.02715517
0.02166762
0.01465
0.007061177
0.00232825
0.001206175
0.001960882
0.004888206
0.009070162
0.009865749
0.007815535
0.00739726
0.008151975
0.008213086
0.0100796
0.01599548
0.02404323
0.03182577
0.03817027
0.04286228
0.04686061
0.04874769
0.04615698
0.03984327
0.03090801
0.02315599
0.02200333
0.02496135
0.0254814
0.01974912
0.008977817
-0.002915328
-0.01347252
-0.02225474
-0.02713063
-0.02820168
-0.03143515
-0.04046217
-0.04967305
-0.05341663
-0.05284565
-0.04854145
-0.04329895
-0.04031048
-0.03738307
-0.03265044
-0.02972313
-0.02898891
-0.02371563
-0.01432161
-0.008375032
-0.007436752
-0.005662014
-0.0009089939
0.005159957
0.01147364
0.01635944
0.02059236
0.0243767
0.02492752
0.01928677
0.01174894
0.00681201
0.0009265662
-0.005265001
-0.008070101
-0.01039588
-0.01465956
-0.0179849
-0.02167741
-0.0275018
-0.03354039
-0.03695762
-0.03488734
-0.02701326
-0.01326392
0.002535865
0.01324575
0.01827439
0.0211711
0.02483286
0.02535308
0.01775411
0.007176627
0.001413418
-0.0008205147
-0.003472675
-0.007767001
-0.009511411
-0.009052542
-0.01274511
-0.02116028
-0.02820864
-0.02997353
-0.02689339
-0.02155906
-0.01631642
-0.008687096
0.0004927833
0.009794994
0.01811814
0.02205525
0.02278963
0.02233053
0.02000485
0.01848489
0.01888265
0.01653657
0.01073258
0.006315816
0.004632617
0.004785446
0.006070479
0.004938189
0.0003684405
-0.004548126
-0.008964929
-0.01290236
-0.01387164
-0.01069973
-0.006987098
-0.003784549
0.002223135
0.00951599
0.01387122
0.01408526
0.01253471
0.01134114
0.01049435
0.01109596
0.01363561
0.01543064
0.01491024
0.01524668
0.0159503
0.01429775
0.01466474
0.01829578
0.01722468
0.01030896
0.0024343
-0.003940851
-0.00970411
-0.01387613
-0.01306039
-0.005002653
0.00588056
0.0134488
0.01924221
0.0232915
0.02436238
0.02060874
0.01030654
-0.005003709
-0.01861091
-0.02535334
-0.02616953
-0.0265675
-0.03041316
-0.03535014
-0.03770657
-0.03721718
-0.03901267
-0.04739725
-0.05884181
-0.06744072
-0.0703685
-0.06554434
-0.05219278
-0.03297639
-0.01461654
-0.002142183
0.005966766
0.01276991
0.01697225
0.01761461
0.01862428
0.02118424
0.02075577
0.01785874
0.01615512
0.01795003
0.02268269
0.02728264
0.03118911
0.03670708
0.0427456
0.0438165
0.03637011
0.02277339
0.01083909
0.007156644
0.01190954
0.02032431
0.02703577
0.02896346
0.02545442
0.01727392
0.007583657
0.001993856
0.001452964
0.002452393
0.0005345641
-0.00685039
-0.01621426
-0.02127371
-0.01914226
-0.0138895
-0.01074812
-0.007637358
-0.003771789
-0.0007527927
0.001511413
0.002174249
-0.001457137
-0.008281132
-0.01243282
-0.01075011
-0.004895553
-0.0008157137
-0.004926467
-0.01517764
-0.02291973
-0.02579641
-0.02570486
-0.02328776
-0.01868784
-0.01274151
-0.008957457
-0.009416687
-0.01142632
-0.01048823
-0.00560265
0.0006496462
0.008360694
0.01757107
0.0253841
0.02986175
0.02834188
0.01982478
0.009369546
0.001739705
-0.0005760012
0.00281012
0.007746706
0.008848115
0.007572915
0.008449883
0.01082628
0.0117747
0.01113198
0.009091793
0.005399102
0.001410712
-0.002802146
-0.00600518
-0.004597851
0.001644303
0.005734313
0.006713309
0.009212076
0.01171089
0.01085391
0.007324526
0.004662078
0.007109838
0.01271966
0.01598351
0.01686048
0.01619736
0.01256597
0.005823671
-0.00213258
-0.009578728
-0.01399565
-0.0163826
-0.02257419
-0.03388613
-0.04449451
-0.05011499
-0.05071713
-0.04812664
-0.04395529
-0.03897796
-0.03598937
-0.03660167
-0.03651009
-0.03157365
-0.02239381
-0.01211257
-0.001474098
0.009511018
0.02051672
0.02888051
0.0315325
0.03116512
0.03055301
0.02854343
0.02618717
0.02540159
0.02347357
0.01911799
0.01414021
0.009754002
0.00759136
0.007978713
0.009845117
0.01320068
0.01841267
0.02380828
0.02673559
0.02682726
0.02524613
0.02198198
0.01880969
0.0173713
0.01798299
0.01975763
0.02048164
0.01939012
0.01712551
0.0129536
0.007373997
0.003069428
0.001243376
0.0002946075
0.0001413699
0.001936388
0.005138986
0.00737267
0.006209729
0.001966417
-0.002328006
-0.005255543
-0.007397772
-0.009254308
-0.0124573
-0.01812864
-0.02327996
-0.023831
-0.01950641
-0.0137946
-0.009959569
-0.008888704
-0.00986806
-0.01138801
-0.01236746
-0.01267364
-0.01270435
-0.01279633
-0.01242931
-0.01181748
-0.01145043
-0.010961
-0.01029818
-0.008890755
-0.007758667
-0.009258207
-0.01221637
-0.01334877
-0.01325712
-0.01344091
-0.01307391
-0.01197251
-0.01042222
-0.008402796
-0.008188706
-0.01020849
-0.01090224
-0.009413274
-0.005659824
-0.001753402
-0.000876278
-0.001274279
0.0004697962
0.004345575
0.008394903
0.01266851
0.0173912
0.02120588
0.02483685
0.02865153
0.03026304
0.02883494
0.02681521
0.02520351
0.02321444
0.02034814
0.01717575
0.01437066
0.01285071
0.0129118
0.01254446
0.01098377
0.009157865
0.006995362
0.005097981
0.004638863
0.00506712
0.005281208
0.005923662
0.007963541
0.01056445
0.01190057
0.01177804
0.01056417
0.009125851
0.008207764
0.00826883
0.008850161
0.007687284
0.004790416
0.002719648
0.00204637
0.001709633
0.001525971
0.0004344509
-0.002676597
-0.006154949
-0.008684638
-0.009969976
-0.009113273
-0.007318199
-0.008134248
-0.01152076
-0.01450944
-0.01652926
-0.01746778
-0.01607048
-0.01210282
-0.006125741
0.001738349
0.008541716
0.0113467
0.0109489
0.009490279
0.0075114
0.004431
-0.0002100793
-0.005911909
-0.01115484
-0.01490853
-0.01685697
-0.01756087
-0.01728548
-0.01659197
-0.01616366
-0.01613314
-0.01682679
-0.01844867
-0.0196728
-0.01869372
-0.01607237
-0.01335928
-0.01003414
-0.006005223
-0.003598036
-0.003536887
-0.004393734
-0.005944206
-0.007443648
-0.007076553
-0.004720412
-0.002343901
-0.0001815355
0.002623373
0.006621762
0.01076293
0.01302732
0.01192574
0.00801915
0.003571921
0.000185453
-0.00128342
-0.000732685
0.0006748688
0.0006442428
-0.001130587
-0.00323183
-0.005394284
-0.007138544
-0.006037042
-0.002375292
-0.0001823273
-0.0003047415
-0.0001212036
0.001010967
0.002377706
0.004152481
0.006712624
0.009181053
0.01119041
0.01399538
0.01738176
0.01912601
0.01891182
0.01820802
0.01744302
0.01689225
0.01713706
0.01756543
0.01668829
0.01366911
0.009946149
0.006008909
0.002500115
0.0005212478
6.223526e-05
-0.0002438083
-0.001559597
-0.00314064
-0.004609434
-0.005762076
-0.005915086
-0.005058337
-0.002804148
0.0002762479
0.001857279
0.0009494902
-0.0009476839
-0.002008502
-0.002834675
-0.004578908
-0.006343499
-0.007475707
-0.007893916
-0.006251751
-0.003110143
-0.001406722
-0.001131288
-0.0009170771
-0.001345433
-0.002834615
-0.004843974
-0.007047184
-0.009668555
-0.01192278
-0.01268779
-0.01161687
-0.009393261
-0.007475595
-0.00606797
-0.004935735
-0.00511928
-0.007506034
-0.01072919
-0.01354441
-0.0156456
-0.01744079
-0.0181446
-0.01685942
-0.01420743
-0.01115758
-0.009484747
-0.009943721
-0.0115553
-0.01317704
-0.01377884
-0.01314642
-0.01158582
-0.009606962
-0.009086728
-0.01037189
-0.01195288
-0.01268723
-0.01280964
-0.01250362
-0.01137144
-0.009117201
-0.006832404
-0.005118759
-0.003507154
-0.001854656
-5.946237e-05
0.002041821
0.004214417
0.006897098
0.0101917
0.01269084
0.01393528
0.01482274
0.01607737
0.01799507
0.01994331
0.02138161
0.02217728
0.02181026
0.02058633
0.01991314
0.01937262
0.01778151
0.01571097
0.01381381
0.01253887
0.01253893
0.01427297
0.01707801
0.0192507
0.02006681
0.01970993
0.01799642
0.01522214
0.01250904
0.01100973
0.01079551
0.01062223
0.009092284
0.006868796
0.004910431
0.003023537
0.0008917775
-0.0009135333
-0.001913104
-0.002708601
-0.004085558
-0.006492658
-0.00926703
-0.01075617
-0.01072559
-0.01036852
-0.009940042
-0.009144362
-0.008899495
-0.0100928
-0.01185734
-0.01320367
-0.01417265
-0.0149376
-0.01505993
-0.01432549
-0.01392765
-0.01326462
-0.01106137
-0.007797324
-0.004900453
-0.003074551
-0.002890801
-0.00411471
-0.005756814
-0.007011346
-0.006766459
-0.004808003
-0.002614909
-0.000513637
0.001475473
0.002016163
0.00110847
0.0005883431
0.001078037
0.002047108
0.003301821
0.004556505
0.005709198
0.006290696
0.005923607
0.005005711
0.003547205
0.001741902
0.0003139857
-0.0006345314
-0.0006956536
0.0002530304
0.0005285303
3.901715e-05
-0.000297494
-0.0002056198
0.0007430727
0.002691351
0.005159845
0.007271336
0.008546457
0.009219766
0.009372873
0.008546798
0.006690518
0.004344632
0.001988511
0.0001322086
-0.001061115
-0.001275235
-0.0002959538
0.001387133
0.003090645
0.00443716
0.004529063
0.002784986
0.001081675
0.0005309759
0.0002556669
-0.0003562271
-0.001029344
-0.001121053
-0.0005701637
0.0002561277
0.001653624
0.003459132
0.004193657
0.003061586
0.00135829
0.0004709831
0.0004098674
0.0008689618
0.001929855
0.003429357
0.00504106
0.006265175
0.006632505
0.006265432
0.00513333
0.003215859
0.00135955
4.386203e-05
-0.0006904547
-0.0008433509
-0.0002924657
0.0005338492
0.001421343
0.002574061
0.00382877
0.004532712
0.004104426
0.002237982
-0.000781121
-0.003830795
-0.005993118
-0.007217002
-0.007696339
-0.007696223
-0.007696134
-0.008430397
-0.009960349
-0.01224504
-0.0148357
-0.0170286
-0.01831373
-0.01877264
-0.01871135
-0.01846647
-0.01770141
-0.01624273
-0.01523279
-0.0150185
-0.01480421
-0.01397794
-0.01300882
-0.01227434
-0.01163167
-0.0105096
-0.008918243
-0.007694164
-0.006786242
-0.005531568
-0.003644437
-0.002022542
-0.001481801
-0.001563301
-0.00186917
-0.002083287
-0.001685369
-0.001420081
-0.001542362
-0.0007772917
0.0008752413
0.002578741
0.003955865
0.00458837
0.004231507
0.003099412
0.001691926
0.001273813
0.001783926
0.002273621
0.002640935
0.002763435
0.002304556
0.001784451
0.001631564
0.001213455
0.001060568
0.001489051
0.002060356
0.002917239
0.003743558
0.004202648
0.004712758
0.005355445
0.006457171
0.008405462
0.00999678
0.01014989
0.009507434
0.00855894
0.00752885
0.007345333
0.008498072
0.01018118
0.01118086
0.01130338
0.0110893
0.01081401
0.01048771
0.009967635
0.008560165
0.006550883
0.004898551
0.003929656
0.003195341
0.002736438
0.003073121
0.004236023
0.005143948
0.004807476
0.003624362
0.001849689
-0.0006186254
-0.002872728
-0.003760062
-0.003974175
-0.004035309
-0.00372923
-0.00320894
-0.002627456
-0.001739969
-0.001015674
-0.0007401776
-0.0004034894
2.500699e-05
0.0004840955
0.00127979
0.002065283
0.002279588
0.001667685
0.0009129757
0.0006376613
0.0007601499
0.001005035
0.001545721
0.002433203
0.0031983
0.003626791
0.003902285
0.004269573
0.004483882
0.004545171
0.004596243
0.005269521
0.006769016
0.008227714
0.009023412
0.009115312
0.009237826
0.009880529
0.01052322
0.01067634
0.01015626
0.008259191
0.005362469
0.002894166
0.001547823
0.001160301
0.001313356
0.001497048
0.001497121
0.001670614
0.001884893
0.001283201
0.000181671
-0.0006444416
-0.0009809774
-0.001011486
-0.001378616
-0.002194526
-0.003204258
-0.004244573
-0.005244138
-0.005825479
-0.005427615
-0.004060762
-0.002316493
-0.0008578175
-0.0001539302
-0.0003068432
-0.0005515771
-6.191681e-05
0.001223352
0.002988029
0.004599727
0.005334237
0.005120134
0.004212447
0.002590741
0.0005814242
-0.001009732
-0.001948049
-0.002774198
-0.003906315
-0.005028257
-0.005915585
-0.006496948
-0.006527483
-0.006343814
-0.006098953
-0.005486901
-0.004813639
-0.004629969
-0.004548306
-0.003813856
-0.003109986
-0.003201706
-0.003324044
-0.002926185
-0.002405923
-0.00209985
-0.002405781
-0.003140123
-0.003354268
-0.002987003
-0.002742144
-0.002833887
-0.002558438
-0.00170158
-0.0007631199
-0.0005794522
-0.00113019
-0.00134433
-0.0009770786
-0.000640421
-0.000395568
6.348461e-05
0.0008591377
0.001440609
0.001134677
0.0002779332
-0.0004258054
-0.001221351
-0.0021291
-0.002649255
-0.002526816
-0.001884183
-0.0007009437
0.0007373139
0.001828769
0.00213484
0.001645303
0.0007375614
-0.0005475853
-0.001638954
-0.001914325
-0.001343086
-0.0003332521
0.0007683999
0.001951638
0.003298099
0.004093757
0.004216243
0.004093905
0.003481932
0.002441588
0.001646021
0.001615466
0.0020439
0.002227554
0.002105201
0.001799259
0.0007078968
-0.0007914547
-0.001576837
-0.001546203
-0.001280976
-0.0008219371
-0.0004241035
-0.0002404575
-0.000271022
-0.0002097786
-0.0001791482
-0.0003626999
-0.0008828688
-0.001127637
-0.0007910131
-0.0006379683
-0.0009133363
-0.001127494
-0.00118867
-0.001494622
-0.002035197
-0.002769551
-0.003718145
-0.004391314
-0.004656478
-0.004993042
-0.005727424
-0.006706593
-0.007736776
-0.008409967
-0.007981587
-0.006706576
-0.005513139
-0.004748115
-0.003962693
-0.003075267
-0.002738628
-0.0027386
-0.002524382
-0.002248949
-0.002401912
-0.002891478
-0.00335046
-0.003656426
-0.004268398
-0.005573955
-0.007348757
-0.009205137
-0.01100032
-0.01271392
-0.01380535
-0.01398897
-0.01366259
-0.01308121
-0.01228569
-0.01121471
-0.009756011
-0.008134231
-0.00692039
-0.006094209
-0.004931372
-0.003197398
-0.001249167
0.0007704196
0.002779865
0.004401658
0.005615512
0.00638052
0.006564162
0.006472366
0.00650302
0.006809016
0.007176222
0.007625024
0.008206458
0.00854307
0.008451294
0.00799231
0.007084552
0.005646366
0.003851164
0.00216816
0.001107348
0.001076723
0.001617321
0.002259906
0.003208523
0.004248917
0.005003712
0.005523909
0.006013521
0.00659492
0.007115126
0.007298735
0.00705396
0.006809164
0.006809152
0.006809163
0.006350176
0.005462786
0.004524381
0.003728779
0.003147375
0.002596565
0.002474134
0.003147309
0.0044937
0.005952293
0.007176296
0.007869904
0.008328932
0.008451349
0.00796174
0.006992763
0.00579936
0.005003761
0.004758938
0.004667148
0.004034759
0.003055564
0.001953921
0.0008625281
-0.0001167043
-0.0009735003
-0.001881331
-0.002707534
-0.003258374
-0.003717379
-0.004145803
-0.004747608
-0.005298446
-0.005604455
-0.005971684
-0.006338899
-0.006461354
-0.006400169
-0.006491973
-0.007103985
-0.008042421
-0.008654454
-0.008532088
-0.007889524
-0.007195968
-0.006706392
-0.006492197
-0.006308629
-0.005880262
-0.005176495
-0.004574709
-0.004268732
-0.004085163
-0.00396279
-0.004176986
-0.004656415
-0.005115443
-0.004993091
-0.004085311
-0.003014354
-0.002188174
-0.001311015
-0.0002706279
0.0008309346
0.001769333
0.002442506
0.002809702
0.003085076
0.003421682
0.003666461
0.00375824
0.003482823
0.002932012
0.002411787
0.002197563
0.001952736
0.001554919
0.0009530934
0.0003410609
0.0001880206
0.0004327936
0.0004021631
0.0001267348
0.0002796916
0.0008304749
0.001197646
0.001105809
0.001075172
0.001411741
0.002135904
0.003084476
0.00375764
0.004186024
0.004369594
0.004522556
0.004787726
0.004971301
0.004695877
0.004094043
0.003543216
0.00311479
0.00296176
0.002869916
0.00247209
0.002074253
0.002166023
0.002349585
0.002043564
0.001288729
0.0001565066
-0.001098138
-0.002036566
-0.002709816
-0.002985255
-0.002648702
-0.001975534
-0.00173078
-0.002251007
-0.003107838
-0.003995269
-0.004780714
-0.005453952
-0.006004792
-0.006219037
-0.006127291
-0.006035539
-0.005821365
-0.005454219
-0.004781058
-0.003903911
-0.003138939
-0.002771786
-0.002833025
-0.002618882
-0.001731507
-0.0006095614
0.0003084126
0.001103961
0.002011736
0.00277669
0.002990875
0.002715434
0.002470597
0.002531752
0.002562325
0.00243988
0.00219505
0.001766607
0.001409577
0.001256528
0.000797486
0.0001242343
-0.0001206067
3.233596e-05
0.0004300969
0.001225639
0.001888611
0.002194556
0.002408719
0.002745258
0.003143028
0.003601965
0.00436693
0.005427661
0.006774055
0.008385587
0.01046634
0.01259807
0.01445446
0.0161374
0.01790197
0.01967672
0.02144135
0.02302231
0.02421565
0.02491942
0.02522543
0.02525601
0.02528658
0.02550076
0.02568445
0.02543966
0.02449089
0.02281811
0.02067605
0.01860546
0.01676937
0.01509658
0.01351553
0.01183255
0.01015964
0.008599048
0.007323968
0.006099978
0.004814692
0.003539705
0.002376821
0.00104064
-0.0005812529
-0.002315234
-0.004181927
-0.006527902
-0.009577796
-0.01281118
-0.01543274
-0.01731975
-0.01888043
-0.02036964
-0.02141019
-0.02196101
-0.02235892
-0.02281795
-0.02332819
-0.02415442
-0.02537833
-0.02650037
-0.02723483
-0.02769387
-0.0280305
-0.02827536
-0.02833667
-0.02800014
-0.02729632
-0.0262254
-0.02485866
-0.02335933
-0.02208435
-0.02122762
-0.02055452
-0.0196774
-0.01842276
-0.01689284
-0.01540366
-0.01399613
-0.01272114
-0.01171141
-0.01094645
-0.01016112
-0.009273718
-0.008416987
-0.00783561
-0.007417475
-0.00695849
-0.006560758
-0.006254805
-0.005795877
-0.005214468
-0.004520939
-0.003725354
-0.002960426
-0.002164835
-0.001195907
-0.0001861195
0.000731819
0.00122141
0.001190746
0.00119073
0.001496664
0.002006646
0.002771582
0.003475383
0.003934324
0.004393294
0.004842036
0.005301023
0.005698768
0.006004748
0.006280097
0.006524893
0.006463648
0.006065819
0.005729168
0.005637348
0.005484303
0.005270077
0.005300622
0.005606633
0.005667783
0.005484122
0.005361672
0.00542284
0.005667587
0.00609595
0.0068303
0.007595289
0.008105246
0.008197008
0.008227563
0.008411142
0.008870101
0.009512667
0.01006344
0.01015525
0.00987982
0.009451359
0.009022932
0.008594502
0.008104879
0.00722764
0.006064815
0.004993783
0.004300149
0.003902294
0.003504462
0.003045426
0.002525192
0.00194375
0.001637711
0.001494873
0.001280638
0.001035792
0.001005152
0.001096914
0.001035674
0.0008826369
0.0009743894
0.001433356
0.00191271
0.002188075
0.002585824
0.003503793
0.004625744
0.005727321
0.006737078
0.007614285
0.00853225
0.009297208
0.009694979
0.009970365
0.01024574
0.01039871
0.01033748
0.01024568
0.01036805
0.0107862
0.01142879
0.01182659
0.01188777
0.01197955
0.01210194
0.01210201
0.0118572
0.01142867
0.01069426
0.009939407
0.009388603
0.00896014
0.008562336
0.008225703
0.007919703
0.007562635
0.00719544
0.006828199
0.00612441
0.00486976
0.003196975
0.00134052
-0.0004648729
-0.002137736
-0.003545333
-0.004371603
-0.004881599
-0.005585452
-0.006534049
-0.007513321
-0.008543524
-0.009798162
-0.01095077
-0.01183824
-0.01229726
-0.01275631
-0.01333773
-0.01364384
-0.01367447
-0.01355205
-0.01327668
-0.01275652
-0.01199155
-0.01128777
-0.01088998
-0.01079823
-0.01098186
-0.01113487
-0.0110125
-0.01056374
-0.009859981
-0.009003198
-0.008024032
-0.007055069
-0.006443092
-0.006137085
-0.005769914
-0.005280335
-0.004729562
-0.004280772
-0.003974797
-0.003668819
-0.003271044
-0.002750852
-0.002322472
-0.002077684
-0.001924702
-0.001802314
-0.001802326
-0.002138951
-0.002781567
-0.003546572
-0.00406679
-0.004342211
-0.004403431
-0.004372846
-0.004372864
-0.004556487
-0.004760505
-0.004882911
-0.00509713
-0.00534195
-0.005494971
-0.005709184
-0.005954007
-0.006198842
-0.006168268
-0.006015262
-0.005862284
-0.005831699
-0.005862322
-0.006045929
-0.006229559
-0.006198986
-0.005893021
-0.005311621
-0.004373256
-0.003332863
-0.002476083
-0.002078278
-0.002139496
-0.002353707
-0.002414936
-0.002292527
-0.001986554
-0.001507155
-0.0008645809
-0.000374975
-0.0001913965
-0.0002525936
-0.0003138187
2.278064e-05
0.0005123593
0.0008183638
0.0008489462
0.0006959502
0.0005429273
0.0004511302
0.0005735037
0.0008795019
0.001216075
0.001542479
0.001909652
0.002307458
0.002674632
0.003286639
0.004143417
0.004867621
0.005387802
0.005877422
0.006611799
0.007499217
0.008254009
0.008743689
0.008896688
0.008774235
0.00856003
0.008437629
0.008315226
0.008284617
0.00819282
0.007764432
0.007101433
0.006520012
0.006091612
0.005755009
0.005540806
0.005663193
0.005999791
0.006428207
0.006826012
0.007040192
0.006917804
0.006428207
0.005540823
0.00448001
0.003500816
0.002766411
0.002215612
0.001756594
0.001368994
0.001124181
0.001062982
0.001185371
0.00136897
0.00157297
0.001878972
0.002184963
0.002307366
0.002429765
0.002429771
0.00224617
0.002001374
0.001787176
0.00163418
0.001491371
0.001338376
0.001154773
0.001001775
0.00103237
0.001093572
0.001215973
0.001460775
0.001756567
0.002093168
0.00239917
0.002643972
0.003011174
0.003531374
0.004204587
0.004836998
0.005295998
0.005540817
0.005693833
0.005755049
0.005540861
0.005081882
0.004510707
0.004021121
0.003592691
0.003256107
0.003103102
0.002919517
0.00273591
0.002582929
0.002338131
0.001940352
0.001460943
0.001124361
0.001093756
0.001001978
0.0007877733
0.0005429969
0.0003287917
2.281825e-05
-0.0003749865
-0.0008645606
-0.001507164
-0.002353738
-0.003210544
-0.003975524
-0.004556945
-0.005189331
-0.00580133
-0.006321517
-0.006566337
-0.006596927
-0.006596932
-0.006841717
-0.007361953
-0.007841351
-0.008086123
-0.008116724
-0.007810728
-0.007178332
-0.006321521
-0.005464719
-0.004791516
-0.004312109
-0.003822489
-0.003332883
-0.002904469
-0.002506663
-0.002292441
-0.002261828
-0.00241482
-0.002629011
-0.002781992
-0.002843185
-0.002934976
-0.002873772
-0.00259836
-0.002384151
-0.002200544
-0.001894536
-0.001619118
-0.001415109
-0.001170293
-0.0009866806
-0.0008336665
-0.0007112507
-0.0006194391
-0.0006500248
-0.000741805
-0.0008947887
-0.001047773
-0.001170158
-0.001353741
-0.001649524
-0.002108515
-0.002567501
-0.002873485
-0.002995873
-0.003148863
-0.003271251
-0.003363037
-0.003607824
-0.003760826
-0.003577221
-0.003026396
-0.002383789
-0.001741171
-0.00126176
-0.0009863374
-0.0008333218
-0.0009251028
-0.001292287
-0.001741071
-0.002016461
-0.002047048
-0.001832841
-0.001618622
-0.001537012
-0.001475798
-0.00141459
-0.001445163
-0.001383954
-0.001383935
-0.001536926
-0.001587908
-0.001445103
-0.001139086
-0.0006800794
-0.000129256
0.0004521536
0.0008499809
0.001155994
0.001370221
0.001431435
0.001339665
0.001217273
0.00109489
0.001094899
0.001125521
0.00121733
0.001309151
0.001543757
0.002033384
0.002737197
0.003318619
0.003441043
0.002982079
0.002339494
0.001819311
0.001401125
0.001186945
0.001278755
0.001543965
0.001849973
0.002155992
0.002462004
0.002890421
0.003410632
0.003808461
0.004022677
0.004053292
0.003961508
0.003930931
0.004022746
0.004175763
0.004512375
0.005053014
0.00572623
0.006460636
0.007133854
0.007592884
0.007980506
0.008286522
0.008470145
0.008592582
0.008806811
0.009051617
0.00908225
0.008868084
0.008562121
0.008347939
0.008041978
0.007501428
0.006675271
0.005849046
0.005053488
0.004176294
0.003258335
0.002370936
0.001575376
0.0008205787
5.562e-05
-0.0008317799
-0.001892535
-0.002902343
-0.003973305
-0.005125909
-0.006135679
-0.006839511
-0.007390288
-0.007747273
-0.008083847
-0.008420455
-0.008757034
-0.009124226
-0.00949141
-0.009736232
-0.00982802
-0.009736201
-0.009552588
-0.009307795
-0.009093588
-0.008726384
-0.008389769
-0.00826741
-0.008206197
-0.00820612
-0.008297908
-0.008420286
-0.008420284
-0.008175452
-0.007777651
-0.007237043
-0.006594446
-0.005890606
-0.005156206
-0.004401381
-0.003636381
-0.002901948
-0.002228746
-0.00170852
-0.00113732
-0.0002498887
0.0008517088
0.001943145
0.002922348
0.003717983
0.004329992
0.004840038
0.005329651
0.005727472
0.006186481
0.006737326
0.007165747
0.007257579
0.007165805
0.007043466
0.00685989
0.006584484
0.006156112
0.005727732
0.005299359
0.004840371
0.004299799
0.003749021
0.003259448
0.002708651
0.002157875
0.001790684
0.001576508
0.001341923
0.001035949
0.0006687612
0.0003321852
-4.405286e-06
-0.0004633789
-0.00113657
-0.001952544
-0.002809335
-0.003574319
-0.004125125
-0.004584116
-0.004879904
-0.005032899
-0.0050941
-0.005155295
-0.005247088
-0.005185891
-0.004818711
-0.004247515
-0.003513076
-0.002595085
-0.001442464
-0.0001572717
0.001250356
0.002708951
0.004116594
0.005422197
0.006707423
0.00779883
0.008686274
0.009328892
0.009818516
0.01033873
0.01100179
0.01173621
0.01234822
0.01265424
0.01277668
0.01274612
0.01250133
0.01195057
0.01124681
0.01055324
0.009941233
0.009451675
0.008931492
0.008288935
0.007646338
0.007075178
0.006432607
0.005637048
0.004627218
0.003505262
0.002464851
0.001730483
0.001251069
0.001159297
0.001404093
0.001791728
0.002005925
0.001791776
0.00109818
2.723154e-05
-0.001227373
-0.002471727
-0.003695752
-0.004878911
-0.006164109
-0.007541067
-0.008969091
-0.01049905
-0.01201887
-0.01357944
-0.0151605
-0.01669048
-0.01787368
-0.01879168
-0.01940375
-0.01958736
-0.0193426
-0.01891421
-0.01830236
-0.01750677
-0.0166906
-0.01592562
-0.01525238
-0.014671
-0.01396715
-0.01299817
-0.01174357
-0.01052978
-0.009458723
-0.008479537
-0.00768391
-0.007051523
-0.006408891
-0.005735703
-0.005062487
-0.004277101
-0.003328455
-0.002318671
-0.001380236
-0.0004622511
0.0004251842
0.001373773
0.002251017
0.003046609
0.00381164
0.004546032
0.005453873
0.00643307
0.007259308
0.007922312
0.008442585
0.008779203
0.008870995
0.00862621
0.008167236
0.007677647
0.007320655
0.006953468
0.006494501
0.005974313
0.005576512
0.005148132
0.004719747
0.004301567
0.003781377
0.003230599
0.002618614
0.001914833
0.001037628
-6.395428e-05
-0.001165557
-0.00201215
-0.002624155
-0.002868951
-0.00286896
-0.002930152
-0.003144342
-0.003480936
-0.003786936
-0.003970537
-0.003878738
-0.003633942
-0.003266755
-0.002838355
-0.002501727
-0.002287528
-0.002165113
-0.002042715
-0.0018897
-0.001767302
-0.001767293
-0.001767297
-0.001675482
-0.00150209
-0.00125728
-0.0007982905
-0.0002168759
0.0002727168
0.0005787375
0.001007127
0.001670138
0.002465726
0.003444944
0.004393541
0.005270758
0.00600516
0.006494795
0.006953797
0.007504605
0.008045213
0.008443045
0.00859606
0.008596079
0.008657295
0.00871855
0.008626769
0.008412541
0.008137162
0.007739374
0.007198796
0.006494996
0.005730016
0.004903826
0.004087842
0.00341463
0.002863849
0.002404844
0.002007059
0.001578653
0.001129871
0.0006708668
0.00021188
-0.0002777299
-0.0006755214
-0.000797933
-0.0007367244
-0.0006755286
-0.0007979124
-0.001073317
-0.001409904
-0.001736308
-0.002103496
-0.002562506
-0.0031133
-0.003511113
-0.003633512
-0.003602944
-0.003419343
-0.003143922
-0.002868518
-0.002807313
-0.002960305
-0.0032357
-0.003511096
-0.003847702
-0.0042149
-0.00452089
-0.004755492
-0.004939097
-0.0050921
-0.005214498
-0.005275705
-0.005367522
-0.005489931
-0.005581713
-0.005520527
-0.005336932
-0.004877954
-0.004153746
-0.003266368
-0.002195367
-0.001103981
-9.416366e-05
0.0008238202
0.001701038
0.00255783
0.00332285
0.003965444
0.004628485
0.005240485
0.00576068
0.00615848
0.006525698
0.006801101
0.006954109
0.007015315
0.007045941
0.007076548
0.00713774
0.00722955
0.007198961
0.007137779
0.006954179
0.006770592
0.00664822
0.006617632
0.006525814
0.006219834
0.005669038
0.005026456
0.004485848
0.004149258
0.003812663
0.003292479
0.002558066
0.001854279
0.001191272
0.0005180787
-9.393344e-05
-0.0006447298
-0.001134352
-0.001532157
-0.001797365
-0.00191977
-0.001950382
-0.001919789
-0.001889195
-0.001797407
-0.001379219
-0.0006142347
0.000273163
0.001221749
0.002313153
0.003506548
0.004659159
0.005699559
0.006678796
0.007566207
0.008290395
0.008749412
0.008871831
0.008780051
0.00856585
0.008351669
0.008137487
0.007892709
0.007647894
0.007321524
0.00680133
0.006097564
0.005210155
0.004210588
0.003108985
0.00194621
0.0008547769
-3.260341e-05
-0.0005834305
-0.001042404
-0.001552424
-0.002225592
-0.003204819
-0.004367596
-0.005397819
-0.006193404
-0.00686664
-0.007539826
-0.008172254
-0.008753643
-0.009212704
-0.009579893
-0.01003889
-0.01073247
-0.0116811
-0.0126297
-0.01339472
-0.01390473
-0.014272
-0.01445561
-0.01448622
-0.01433323
-0.01402727
-0.01384367
-0.01390491
-0.01408852
-0.01414988
-0.01396631
-0.01363976
-0.01324198
-0.01275235
-0.01223218
-0.01162015
-0.01085516
-0.01013096
-0.009488399
-0.008876355
-0.008111389
-0.007203575
-0.006163209
-0.005153381
-0.004245614
-0.0032664
-0.002256631
-0.001256997
-0.000339027
0.0004871997
0.001374571
0.002374195
0.003506366
0.004628403
0.00569938
0.006647995
0.007474171
0.008229006
0.009024589
0.009759011
0.0104934
0.01118707
0.01182967
0.01228864
0.01247225
0.01231927
0.01198268
0.01155427
0.01094228
0.0102181
0.009422517
0.008596301
0.007770117
0.006892921
0.005913739
0.004842729
0.003628947
0.00240494
0.001252349
8.952647e-05
-0.001103867
-0.00210349
-0.002807292
-0.003174511
-0.003419312
-0.003602938
-0.003664144
-0.003602949
-0.003449952
-0.003296965
-0.003327564
-0.003511174
-0.003817177
-0.004123207
-0.00439862
-0.004521007
-0.00430682
-0.003786625
-0.003113433
-0.002562629
-0.002103638
-0.001797638
-0.001583449
-0.001348846
-0.001073455
-0.0008592535
-0.0007980566
-0.0008286539
-0.0008592596
-0.0008286619
-0.0008286656
-0.0009816606
-0.001257065
-0.001552867
-0.001797673
-0.002011874
-0.002134288
-0.002073095
-0.001950707
-0.001797709
-0.001440725
-0.0009511255
-0.0004309392
-2.533681e-06
0.0004258543
0.0008848636
0.001374453
0.001823254
0.002190447
0.002465856
0.002588253
0.002557657
0.002435252
0.002312859
0.002251652
0.002282249
0.002435239
0.002710643
0.003047238
0.003292041
0.003383836
0.00350625
0.003689846
0.003965234
0.004271231
0.004485435
0.004546637
0.004516035
0.00439364
0.004118252
0.003689856
0.003261446
0.002894249
0.002588245
0.002343446
0.002159842
0.001976245
0.00163965
0.001252051
0.0008236298
0.0004564309
0.0001198199
-6.377901e-05
-0.0001555881
-0.0001861882
-0.0002167978
-0.0002473986
-0.0002474063
-0.0002168053
-0.0001862126
-0.0001250116
-0.0002168162
-0.0004310114
-0.0007370208
-0.00110422
-0.001502026
-0.00173663
-0.001889639
-0.002042641
-0.002134448
-0.002226248
-0.002348659
-0.002562859
-0.00293006
-0.003358465
-0.003664477
-0.003970482
-0.004123489
-0.004092899
-0.003970523
-0.003725734
-0.003511518
-0.003266729
-0.003083125
-0.002899537
-0.002715934
-0.002532345
-0.002348751
-0.002103966
-0.001736761
-0.001287978
-0.0007677797
-0.0002475948
0.00030321
0.0009457949
0.001578209
0.002159597
0.002740996
0.00323059
0.003567202
0.003873192
0.0041792
0.004454594
0.004750413
0.005056409
0.005362406
0.0056378
0.005974416
0.006249815
0.006525223
0.006770026
0.006831276
0.006831281
0.006678243
0.006464053
0.006280448
0.006127458
0.005974448
0.005668462
0.005331868
0.004903484
0.004301668
0.003475488
0.002526882
0.001527298
0.0005480813
-0.0003699075
-0.001104332
-0.001797924
-0.002409936
-0.002960728
-0.003450347
-0.003970541
-0.004337756
-0.00466415
-0.005031377
-0.005459773
-0.005918775
-0.006316574
-0.006591998
-0.006683803
-0.006683815
-0.006714418
-0.006836858
-0.006928664
-0.007020439
-0.007142845
-0.007295851
-0.007448859
-0.007714056
-0.008020071
-0.008111896
-0.007989513
-0.007601904
-0.007081726
-0.006530929
-0.006102548
-0.005735345
-0.005276367
-0.004664376
-0.0039708
-0.003205779
-0.002379602
-0.001553389
-0.0007068137
0.0002418032
0.001098582
0.001914608
0.002679595
0.003383409
0.003995402
0.004515632
0.00499502
0.005454045
0.00582124
0.006188507
0.006555706
0.006953466
0.007320661
0.007708266
0.00813666
0.008565058
0.009024059
0.009452484
0.009758487
0.009972673
0.01012567
0.01033989
0.01049291
0.0105847
0.01052352
0.01033995
0.009972772
0.009513737
0.008993557
0.008442752
0.007922574
0.007381961
0.006831185
0.006249786
0.005576611
0.004842188
0.003965014
0.0031082
0.002404423
0.001792406
0.001190628
0.0004868123
-0.0003699672
-0.001379785
-0.002471163
-0.003389189
-0.004215369
-0.005031388
-0.005796371
-0.006622601
-0.007540587
-0.008417795
-0.009274581
-0.01010081
-0.0108556
-0.01137582
-0.01171242
-0.01192668
-0.01211028
-0.01223266
-0.01238566
-0.01259988
-0.01284469
-0.01299769
-0.0130895
-0.01305894
-0.01290596
-0.01259994
-0.01223276
-0.01186557
-0.01143719
-0.01103939
-0.01070281
-0.01043767
-0.01013168
-0.009825612
-0.009427837
-0.008999423
-0.008448652
-0.007836629
-0.007020661
-0.006010857
-0.004848085
-0.00372605
-0.00265508
-0.001706457
-0.0007680845
0.000180541
0.001190312
0.002220549
0.003322129
0.004454345
0.005453928
0.006341362
0.007045149
0.007595973
0.008105961
0.008626207
0.009115798
0.009605404
0.009942004
0.01009504
0.01009504
0.009942063
0.009727869
0.009544321
0.009391322
0.00933009
0.009299493
0.009238307
0.009085312
0.008809915
0.008473321
0.008106143
0.00770835
0.007351336
0.00710654
0.006861748
0.006647551
0.006525148
0.00646395
0.006586372
0.006800576
0.007014757
0.007167764
0.007198369
0.007167779
0.007137175
0.007106584
0.007045401
0.00695361
0.006861798
0.006739411
0.006555819
0.006311032
0.006035633
0.005729643
0.005454276
0.005270683
0.005240038
0.005331846
0.005484835
0.005790842
0.006158031
0.006586442
0.006953654
0.007167871
0.007259653
0.007290273
0.007259674
0.007290296
0.007290288
0.007229113
0.007106731
0.006923158
0.006647729
0.00618876
0.005637952
0.005117784
0.004577165
0.004026398
0.00347559
0.002894222
0.002251599
0.00152744
0.0006400205
-0.0003085399
-0.001287762
-0.002409722
-0.003694964
-0.004939333
-0.006193941
-0.007417911
-0.008631745
-0.009825116
-0.01100833
-0.01217111
-0.01327277
-0.01427236
-0.01522096
-0.01607775
-0.016802
-0.01732219
-0.01756701
-0.01765881
-0.01775069
-0.0179037
-0.01802605
-0.01808726
-0.01808729
-0.0180873
-0.0179343
-0.01756712
-0.01713876
-0.01668998
-0.01616974
-0.01561897
-0.01500699
-0.01436441
-0.01378301
-0.01321183
-0.01253869
-0.01171252
-0.01070264
-0.009611263
-0.008509638
-0.007387661
-0.006316625
-0.005306847
-0.004368427
-0.003481044
-0.002654805
-0.001951021
-0.001379792
-0.0009820022
-0.0007065719
-0.000492383
-0.0003393572
-0.0002169696
-3.334668e-05
0.0001808399
0.0003338617
0.0004256489
0.0006092703
0.0008234568
0.001007079
0.001190669
0.001466084
0.001792474
0.002067897
0.00228209
0.002465711
0.002588106
0.002618738
0.002618732
0.002618738
0.002588135
0.002465753
0.002251549
0.002037359
0.001976148
0.002037365
0.002159753
0.00240456
0.002741149
0.003077766
0.003414359
0.003720374
0.003995769
0.004301801
0.004546599
0.004781199
0.004995396
0.005148418
0.005240222
0.005209634
0.005087239
0.004934262
0.004842464
0.00472007
0.004597671
0.00448549
0.00442429
0.004332504
0.004271303
0.004271353
0.004332551
0.004393718
0.004424317
0.004424319
0.004393717
0.004424317
0.004546715
0.00468953
0.004873127
0.005087323
0.005301522
0.005423935
0.005546337
0.005638139
0.00576054
0.005882968
0.006097166
0.006372552
0.006709152
0.007045762
0.007321166
0.007565967
0.007800572
0.008045395
0.008351401
0.008596192
0.008810403
0.008932819
0.008994031
0.008963437
0.00890225
0.008902296
0.00893291
0.008902273
0.008657489
0.008351489
0.008045502
0.007800691
0.007647707
0.007566118
0.007504939
0.007382517
0.007198941
0.007015344
0.006923568
0.006678764
0.006219796
0.005607806
0.004934633
0.004210406
0.003506631
0.002833417
0.002129645
0.001436027
0.0007628538
0.0001202361
-0.0004611425
-0.0009507599
-0.001440337
-0.001858557
-0.002348136
-0.002898956
-0.003419138
-0.003908779
-0.004245366
-0.004520759
-0.004755343
-0.004908359
-0.005000144
-0.005153149
-0.005367337
-0.005581558
-0.005826348
-0.006071148
-0.006224139
-0.00634655
-0.006560743
-0.006774945
-0.006897339
-0.00692797
-0.006866767
-0.006744349
-0.006652543
-0.006560748
-0.006377148
-0.006193547
-0.005979345
-0.005765158
-0.005520358
-0.005244944
-0.005061339
-0.004908341
-0.004908334
-0.005000131
-0.005153127
-0.005306146
-0.005489746
-0.005642718
-0.005703918
-0.005673318
-0.00561212
-0.005459112
-0.005244911
-0.005000119
-0.004694119
-0.004367703
-0.004092302
-0.003847498
-0.003633295
-0.003510886
-0.003449684
-0.003357888
-0.003327284
-0.003327267
-0.003357867
-0.003388463
-0.00348026
-0.003602652
-0.003694452
-0.003755657
-0.003786258
-0.003786247
-0.003816851
-0.003725052
-0.003572057
-0.003327253
-0.003051858
-0.002807064
-0.002623465
-0.002501035
-0.002348036
-0.002225623
-0.002072623
-0.001980808
-0.001950207
-0.001919599
-0.001919597
-0.002072582
-0.00234798
-0.002592773
-0.002868171
-0.003143563
-0.003449562
-0.003633169
-0.003786171
-0.003908553
-0.004030956
-0.004183953
-0.004336959
-0.004551148
-0.004663355
-0.00472456
-0.004755169
-0.004785754
-0.004724569
-0.004520568
-0.004122781
-0.00366377
-0.003265977
-0.002990576
-0.002745787
-0.002531558
-0.002347969
-0.002194956
-0.00201137
-0.00191955
-0.001766568
-0.001378959
-0.0008587787
-0.00033856
0.0002122184
0.0007936351
0.001436222
0.002038042
0.002619428
0.003200861
0.003812844
0.00451665
0.005302035
0.006097662
0.006862653
0.007535877
0.008168268
0.008780314
0.009269911
0.009698318
0.01015731
0.01061635
0.01097335
0.01127938
0.01146299
0.01158548
0.01170789
0.01176903
0.01186084
0.01198325
0.01204446
0.01204446
0.01201387
0.0120139
0.01201392
0.0119221
0.01183032
0.01158553
0.01118776
0.01069816
0.01012698
0.009484415
0.00875004
0.007923805
0.007199627
0.006495825
0.005700248
0.004904632
0.004149851
0.003476642
0.002925856
0.002497439
0.002038455
0.001671239
0.00154885
0.001497841
0.001283656
0.001069449
0.000885861
0.0007634464
0.0006716596
0.0006104526
0.0005492661
0.0003962601
0.0001820752
-3.213378e-05
-0.000185124
-0.0003687327
-0.0005829198
-0.0007971295
-0.001072523
-0.001194932
-0.001194924
-0.001194937
-0.00119493
-0.001133736
-0.001041926
-0.0008889335
-0.0007359255
-0.0005523289
-0.0003993169
-0.0003993177
-0.0005829062
-0.0007971081
-0.001011296
-0.001194906
-0.001194901
-0.001164307
-0.001133694
-0.001133708
-0.001225495
-0.001347888
-0.001500878
-0.001704882
-0.00194967
-0.002163873
-0.002347462
-0.002561673
-0.002775859
-0.002898261
-0.002867653
-0.002898259
-0.002928851
-0.002990054
-0.003081843
-0.003204257
-0.003326646
-0.003540838
-0.003724431
-0.003877438
-0.00403043
-0.004122231
-0.00421402
-0.004428234
-0.004662823
-0.004938215
-0.005397207
-0.00579502
-0.006101015
-0.006345822
-0.006468224
-0.00646826
-0.00646826
-0.006529435
-0.006590634
-0.006560044
-0.006437642
-0.006284644
-0.006192845
-0.006070458
-0.005917463
-0.005764451
-0.00561145
-0.005519652
-0.00551965
-0.005550242
-0.00558084
-0.005672658
-0.005795064
-0.005917444
-0.006009251
-0.006009254
-0.006009262
-0.005948057
-0.005795065
-0.005642072
-0.00548908
-0.005397263
-0.005336071
-0.005183072
-0.004968882
-0.004754677
-0.004581285
-0.004428304
-0.004305912
-0.00415288
-0.004030488
-0.00396928
-0.003816292
-0.003632678
-0.003387891
-0.003143087
-0.002959499
-0.002745282
-0.002500496
-0.002194489
-0.001857903
-0.001551889
-0.001286703
-0.001041892
-0.0008277049
-0.0005522896
-0.0002157052
0.0001209068
0.0004880914
0.0008247061
0.001130692
0.001406106
0.001671295
0.001946703
0.002283289
0.002711705
0.003170696
0.00362971
0.004119304
0.004578343
0.00493534
0.005210734
0.005363733
0.005455549
0.005455552
0.005363755
0.005241355
0.005149573
0.005027175
0.004904774
0.004751777
0.004598784
0.004486587
0.004333592
0.004119393
0.00393581
0.003782811
0.003660398
0.003537998
0.0034156
0.0033238
0.003201399
0.002987202
0.00268121
0.002375208
0.0021304
0.002007996
0.001916196
0.001885589
0.001885592
0.001885585
0.001977398
0.002038592
0.002160976
0.002344567
0.002589368
0.002803561
0.003017757
0.003293151
0.003629758
0.003996952
0.004394748
0.004843543
0.005302551
0.005669751
0.005975754
0.006159358
0.006220586
0.006220588
0.00618997
0.006159372
0.006159376
0.006098181
0.005975774
0.005883977
0.005914584
0.005945188
0.005945174
0.005945179
0.005945182
0.005975787
0.005975786
0.005945193
0.005853417
0.005792227
0.005730994
0.005639203
0.005455597
0.005302608
0.005149595
0.005027205
0.004874209
0.004721221
0.004547799
0.004394813
0.004180609
0.003997023
0.003813414
0.003599228
0.003385029
0.003140247
0.002834224
0.002436442
0.002038629
0.001579647
0.001130832
0.0006718507
0.0001516329
-0.0004297528
-0.0009805725
-0.001500758
-0.001918984
-0.00231677
-0.002683996
-0.003081783
-0.003540826
-0.004030418
-0.004550618
-0.005030009
-0.005489032
-0.005886824
-0.006223439
-0.006468234
-0.006651866
-0.006866058
-0.007233261
-0.007651457
-0.008079883
-0.008477682
-0.008844897
-0.009181498
-0.009456946
-0.009701754
-0.00991594
-0.01003835
-0.01006897
-0.01000778
-0.009946589
-0.009854802
-0.009854833
-0.009854851
-0.009763043
-0.009548862
-0.009181682
-0.008753301
-0.008263704
-0.007896518
-0.007621153
-0.007386569
-0.007141734
-0.006896951
-0.006621549
-0.006284968
-0.005917759
-0.005489378
-0.005030384
-0.004551
-0.004153184
-0.003847202
-0.0035718
-0.003357616
-0.003174009
-0.002990426
-0.002776231
-0.00253145
-0.002225435
-0.001888854
-0.001613445
-0.001348265
-0.001072856
-0.000828073
-0.0005526661
-0.0003078829
-6.307207e-05
0.000242911
0.0005795238
0.0008549112
0.001069125
0.001252713
0.001436344
0.001609733
0.001762721
0.001976908
0.002160512
0.002313499
0.002435899
0.00249709
0.002527697
0.002588886
0.002558283
0.002527673
0.002527676
0.002466467
0.002405265
0.002344055
0.002252264
0.002129854
0.002099245
0.002068635
0.002038036
0.001976825
0.001823823
0.001670812
0.001670813
0.001762599
0.002007393
0.002252181
0.002527583
0.00277237
0.003047772
0.003292559
0.003506775
0.003751563
0.003996349
0.004241136
0.004547138
0.004812327
0.005057123
0.005240713
0.005363122
0.005516115
0.005638502
0.005669096
0.005669096
0.00573029
0.005730286
0.005730279
0.005730295
0.005760887
0.005944462
0.006097455
0.006311653
0.006525849
0.006770638
0.006954236
0.007076645
0.007199045
0.007321427
0.007382629
0.007352033
0.007229638
0.007015431
0.006831838
0.006587064
0.00618927
0.005638417
0.005087629
0.004455208
0.00378202
0.003108793
0.002466203
0.001915384
0.001435993
0.0009769671
0.0004873772
-2.246125e-06
-0.0004000379
-0.0007672603
-0.001134452
-0.001583278
-0.002072873
-0.002562488
-0.003021484
-0.003480508
-0.003817104
-0.004123123
-0.00439852
-0.004551551
-0.00466375
-0.004908559
-0.005183958
-0.005459385
-0.005765384
-0.006010204
-0.006255006
-0.006469253
-0.00653046
-0.006591644
-0.00668345
-0.006836466
-0.006928275
-0.007050677
-0.007111889
-0.007050716
-0.006958928
-0.006805924
-0.00656114
-0.006316353
-0.006071567
-0.005796171
-0.005520786
-0.005276009
-0.005031224
-0.004817013
-0.00458243
-0.004307036
-0.004031654
-0.003695053
-0.003266671
-0.002899478
-0.002532293
-0.002287489
-0.002103903
-0.001981504
-0.001889721
-0.001828522
-0.001736737
-0.001583751
-0.001471563
-0.001410353
-0.001349169
-0.00119617
-0.0009819854
-0.0007983842
-0.0006147992
-0.0004312007
-0.0002782163
-0.0001558156
-3.343154e-05
-2.83251e-06
5.835182e-05
0.0002113499
0.0004561325
0.0007621353
0.001159916
0.001527114
0.001853498
0.002128901
0.002312486
0.002465484
0.002649067
0.002863274
0.00310806
0.003414053
0.003689438
0.003842444
0.003964832
0.004056634
0.004056624
0.00399544
0.003934231
0.003873007
0.003903594
0.004025992
0.004148381
0.004301372
0.004484962
0.004658368
0.00481136
0.004872543
0.004872535
0.004933735
0.004994928
0.005025521
0.005117315
0.005178528
0.005209124
0.005270298
0.005300894
0.005331491
0.005331491
0.005209077
0.00502548
0.004872479
0.004719479
0.004546058
0.004362462
0.004240052
0.004178853
0.004087042
0.003903446
0.003658654
0.003291458
0.002863022
0.002342829
0.001883807
0.001373814
0.0007923941
0.0002415992
-0.0002480227
-0.0007070188
-0.001104838
-0.001441435
-0.001767857
-0.002165655
-0.002532873
-0.002869472
-0.003175504
-0.003481504
-0.003818112
-0.004215911
-0.004583132
-0.004940135
-0.005276749
-0.00558275
-0.005888785
-0.00613359
-0.006347796
-0.006531406
-0.00662323
-0.006684441
-0.006715057
-0.006592673
-0.006470313
-0.00631733
-0.006103112
-0.005797128
-0.005429935
-0.005001552
-0.004634351
-0.004307967
-0.00397138
-0.003604198
-0.003267594
-0.002900416
-0.002594418
-0.002227238
-0.001737639
-0.001258256
-0.0007992574
-0.0003402747
0.0001493278
0.0006083132
0.001006114
0.001403902
0.001699704
0.001975092
0.002189298
0.00240349
0.002525887
0.002587082
0.002648284
0.002678877
0.002678878
0.002678874
0.00267889
0.002648284
0.002587059
0.002556454
0.002556443
0.002525839
0.002464628
0.002403426
0.002250422
0.00212802
0.002005606
0.001760805
0.001495596
0.001250797
0.0009753856
0.0006387861
0.0002103745
-0.0001874261
-0.0005852387
-0.000952439
-0.001319655
-0.001646057
-0.00192147
-0.002196872
-0.00241109
-0.002625297
-0.002778304
-0.00287011
-0.002870125
-0.002839533
-0.002778344
-0.002655953
-0.002594772
-0.002594778
-0.002655975
-0.002747782
-0.002808988
-0.002961997
-0.003115004
-0.003237412
-0.003329228
-0.003390437
-0.003482238
-0.003512849
-0.003482257
-0.003421069
-0.003390471
-0.003329283
-0.0032681
-0.003115114
-0.002992708
-0.002900921
-0.002778526
-0.002686739
-0.002594941
-0.002533753
-0.002472562
-0.002441973
-0.002380773
-0.002288987
-0.002135991
-0.002013608
-0.001830008
-0.001677024
-0.001503634
-0.00128945
-0.001014041
-0.0006774593
-0.0003408567
-4.274383e-06
0.0003629296
0.0006995116
0.001005517
0.0013115
0.001607301
0.001913285
0.002311089
0.002708873
0.003106677
0.003504461
0.00387168
0.004269468
0.004595858
0.004993645
0.005330254
0.005575042
0.005850441
0.006064633
0.00624825
0.00643184
0.006554233
0.006646028
0.006646038
0.006615434
0.006493037
0.006401233
0.006401262
0.00640126
0.006370626
0.006340026
0.006370622
0.006340022
0.006248213
0.006003417
0.005697421
0.005422026
0.005146607
0.004871211
0.004626407
0.004361212
0.004085801
0.003810407
0.003535005
0.003259612
0.003014788
0.002708793
0.00240278
0.002066185
0.00176017
0.001525573
0.001341962
0.001158366
0.00100535
0.0008217522
0.0006993384
0.0005157435
0.0003321284
0.0001485331
-4.481536e-06
-0.0001268795
-0.0001574923
-0.0001574895
-0.0001881015
-0.0002798956
-0.000402307
-0.0006165014
-0.0008307162
-0.001044909
-0.001320322
-0.001616115
-0.00189153
-0.002136327
-0.00231994
-0.002411736
-0.002564757
-0.002717753
-0.002870757
-0.002993154
-0.003207371
-0.003421567
-0.003543976
-0.003727575
-0.003880596
-0.004002995
-0.004094798
-0.0041254
-0.004094814
-0.004156016
-0.004186623
-0.004247824
-0.004370251
-0.004492653
-0.00458444
-0.004727243
-0.00488025
-0.004941454
-0.005063856
-0.005186259
-0.005247475
-0.005308682
-0.005339277
-0.005369885
-0.005308694
-0.0052781
-0.005247498
-0.005247508
-0.005247528
-0.005216938
-0.005125124
-0.005063934
-0.005063938
-0.004941551
-0.004757947
-0.00458456
-0.004431569
-0.004247984
-0.004003175
-0.003697194
-0.003329994
-0.002932212
-0.002503808
-0.001983623
-0.001412423
-0.0008616355
-0.0003720212
8.696594e-05
0.0005765771
0.001035565
0.001463974
0.001790365
0.002096379
0.002371769
0.002647176
0.002953165
0.003259176
0.00356517
0.003809978
0.004024173
0.004146598
0.004177191
0.004238386
0.004299579
0.00436079
0.004483185
0.004625986
0.004717785
0.004779002
0.004840203
0.004840196
0.004779002
0.004687211
0.004483215
0.004238415
0.004024219
0.003748835
0.003504039
0.003228623
0.002983827
0.002769626
0.002555429
0.002341223
0.002157626
0.001974028
0.001821029
0.001637423
0.001433424
0.001249819
0.001096822
0.0009438176
0.0007908198
0.0006072175
0.0005460152
0.0005766077
0.0006684067
0.0007602042
0.0008214067
0.0008520035
0.0008826051
0.0008826069
0.0007908106
0.0006990072
0.0006684093
0.0006378083
0.0005766128
0.000484811
0.0003318151
0.0001788118
5.641204e-05
-4.794324e-06
-3.539175e-05
-6.599746e-05
-9.659454e-05
-9.659855e-05
-6.599496e-05
-4.798085e-06
2.580481e-05
8.700199e-05
0.0002094041
0.000301203
0.0003930064
0.0004848058
0.0005766116
0.0005460114
0.0004542158
0.0003318118
0.0001788181
2.581434e-05
-9.65804e-05
-0.0002189827
-0.0004025766
-0.0006167832
-0.0008309782
-0.0009839797
-0.001075776
-0.001198179
-0.001289977
-0.001442979
-0.001585777
-0.001677588
-0.001738786
-0.00183058
-0.001891777
-0.001952978
-0.002014176
-0.002136576
-0.002350772
-0.002564979
-0.002717977
-0.002870972
-0.003115769
-0.003238177
-0.003238176
-0.003238173
-0.003299375
-0.003268786
-0.003176986
-0.003176976
-0.003115781
-0.00299338
-0.002932182
-0.002870978
-0.002779181
-0.002656782
-0.002595586
-0.002473179
-0.002320182
-0.00216718
-0.002044783
-0.001891778
-0.001769382
-0.001708188
-0.001534792
-0.001320576
-0.001198181
-0.001045172
-0.0008309792
-0.0006167688
-0.0004331742
-0.0003413687
-0.0002801722
-9.656643e-05
0.0001176274
0.0003012369
0.0005154325
0.0007296438
0.0008214421
0.0008520558
0.0009438536
0.0009744603
0.0009132598
0.0009438656
0.001035663
0.001035667
0.001035664
0.00112747
0.001096871
0.001066271
0.001127471
0.001249877
0.001372277
0.001525281
0.001668085
0.001759899
0.001882298
0.002035296
0.002188296
0.002402501
0.002586099
0.002769706
0.002953306
0.003106321
0.003259322
0.003442922
0.003626523
0.003779535
0.003901936
0.003993744
0.004054947
0.004085567
0.00417737
0.004269161
0.004269166
0.004238574
0.004238579
0.00426918
0.004299787
0.0043304
0.004330408
0.004299802
0.004299812
0.00423862
0.004208031
0.004146835
0.004024447
0.003840874
0.003626688
0.003412459
0.003137075
0.002861668
0.002555682
0.002280276
0.001974291
0.001637688
0.001219503
0.0007298938
0.0002709096
-0.0001574986
-0.0006164828
-0.001075491
-0.001442677
-0.001738492
-0.001983282
-0.002166883
-0.002350471
-0.00259528
-0.002901267
-0.003237873
-0.00363566
-0.003972277
-0.004186469
-0.004461868
-0.00469646
-0.004971873
-0.005155467
-0.005277871
-0.005461465
-0.005645093
-0.005767495
-0.005828669
-0.005828671
-0.005767472
-0.005675675
-0.005522667
-0.005339068
-0.005186074
-0.005033076
-0.004941264
-0.004788268
-0.004584268
-0.004461871
-0.004339464
-0.004155867
-0.003880472
-0.003635677
-0.003421461
-0.003237864
-0.003146057
-0.003023661
-0.002809451
-0.002564656
-0.002289254
-0.002013862
-0.001707846
-0.001442652
-0.001167241
-0.0008612466
-0.0006164342
-0.0004328392
-0.0002492282
5.676635e-05
0.0003015757
0.0005463725
0.0007911835
0.001066578
0.00131139
0.001464389
0.001546004
0.001607206
0.001607215
0.001546015
0.001525623
0.001464423
0.001403231
0.001403226
0.001464439
0.001607236
0.001790836
0.001882637
0.002035646
0.002219244
0.002402851
0.00261705
0.002831264
0.003076062
0.003351469
0.003565671
0.003779886
0.003963487
0.004116497
0.004208303
0.004269529
0.004269533
0.004300123
0.004422529
0.004483738
0.004595943
0.004748947
0.004748957
0.00474897
0.00474898
0.004718374
0.004626584
0.004483787
0.004330798
0.004147203
0.003933016
0.003657627
0.00344344
0.003168026
0.002892641
0.00261724
0.002280652
0.002035847
0.001821658
0.001546257
0.001250468
0.0009750639
0.0007302748
0.0005160693
0.000332479
0.0001488731
-3.471619e-05
-0.000248921
-0.0004325129
-0.0005855139
-0.0007385044
-0.0009221095
-0.001105699
-0.001258703
-0.001411692
-0.0016157
-0.001860485
-0.002044088
-0.002227679
-0.002441886
-0.002625477
-0.002747881
-0.002900872
-0.003023288
-0.003145681
-0.003298673
-0.00335987
-0.003359875
-0.00342107
-0.003421068
-0.003268066
-0.00323747
-0.00323747
-0.003206863
-0.003115059
-0.003084462
-0.00299266
-0.002809059
-0.002686656
-0.002564266
-0.002380664
-0.002166452
-0.002044052
-0.001921649
-0.001829847
-0.00186044
-0.001921644
-0.001891042
-0.001860441
-0.001891035
-0.001829836
-0.001768633
-0.001646231
-0.001554422
-0.001472819
-0.001411619
-0.00128922
-0.001228011
-0.001197414
-0.001197408
-0.001228008
-0.001258602
-0.001289201
-0.001319801
-0.001289197
-0.00128919
-0.001350386
-0.001472783
-0.00158498
-0.001737977
-0.001860379
-0.001921586
-0.001952187
-0.001952172
-0.001921575
-0.00195217
-0.001952172
-0.001890966
-0.001768568
-0.001707366
-0.001676768
-0.001584959
-0.00150336
-0.001472757
-0.001503359
-0.001533952
-0.001503356
-0.001411555
-0.001380958
-0.001289148
-0.001197352
-0.001166747
-0.001044353
-0.0009219451
-0.0008301531
-0.0006159512
-0.0003099588
2.664953e-05
0.0003020448
0.000516255
0.0007916517
0.001036459
0.001250658
0.001464875
0.001699473
0.001852477
0.001944273
0.002127882
0.002372678
0.002617483
0.002801081
0.002954095
0.003107096
0.003290699
0.003382499
0.003504911
0.00371911
0.003933318
0.004025122
0.004086345
0.004116948
0.004208741
0.004300544
0.004269954
0.004178158
0.004055761
0.003963966
0.003902779
0.003810986
0.003657981
0.003474387
0.003351993
0.003321399
0.003229602
0.003137811
0.002954233
0.002740042
0.002464618
0.002158627
0.00188322
0.001699627
0.00160782
0.001526229
0.001342627
0.001159035
0.0009754289
0.0007612377
0.000577633
0.0004858409
0.0003328355
0.0001798438
5.743953e-05
-0.0001261528
-0.000370957
-0.0005545497
-0.000738157
-0.0008911493
-0.001074753
-0.001319548
-0.001533757
-0.001707154
-0.00182956
-0.001890757
-0.001951965
-0.001982562
-0.002013166
-0.002043764
-0.002074376
-0.002043776
-0.00198257
-0.001890769
-0.001829572
-0.001798971
-0.001737768
-0.001707165
-0.001768368
-0.001829569
-0.001798964
-0.001798965
-0.001829565
-0.001860163
-0.001890761
-0.00192136
-0.001982567
-0.002043767
-0.002043763
-0.001982566
-0.001951964
-0.001982568
-0.001951966
-0.001798971
-0.001645975
-0.001472578
-0.001380773
-0.001258378
-0.001105376
-0.0008911815
-0.000738178
-0.0006157847
-0.0004321826
-0.0002485864
-9.558356e-05
0.0001186129
0.0003634171
0.0005776117
0.0008224161
0.001128412
0.001434421
0.001730219
0.002005622
0.00221982
0.002403432
0.002556431
0.002740037
0.002862442
0.002923657
0.002923661
0.002893057
0.002801261
0.002678865
0.002464671
0.002219869
0.001944473
0.001669074
0.001465079
0.001281473
0.001067276
0.0008836765
0.0007306762
0.0006082727
0.0005470753
0.0004552741
0.0004246734
0.0003940708
0.0002716734
0.0001492715
8.807236e-05
2.686989e-05
-3.729462e-06
-3.433133e-05
-3.433228e-05
-3.433405e-05
-3.433844e-05
2.685799e-05
8.805471e-05
0.0001492545
0.0003022496
0.0005164511
0.0006388498
0.0007612465
0.001006045
0.001281448
0.001434448
0.00152625
0.001577251
0.001638455
0.001760855
0.001883254
0.001913858
0.002036263
0.002189266
0.002219871
0.002219878
0.002250503
0.002311705
0.00231168
0.002158686
0.001944478
0.001699685
0.001546674
0.001403883
0.001220279
0.0009448867
0.000608278
0.0002410849
-9.552441e-05
-0.0004015164
-0.0006463252
-0.0009523187
-0.001288934
-0.00161533
-0.001829533
-0.002013128
-0.002257937
-0.002502732
-0.002778137
-0.003022931
-0.003267747
-0.003481946
-0.003573749
-0.00363495
-0.003665563
-0.003665565
-0.003634971
-0.003634974
-0.003604395
-0.003634995
-0.003696182
-0.003726784
-0.003696189
-0.003665593
-0.00360439
-0.003543195
-0.003512605
-0.003390209
-0.003237205
-0.003145407
-0.003084209
-0.003023014
-0.002870011
-0.002686418
-0.002564025
-0.002319236
-0.001952028
-0.001615438
-0.001227837
-0.0008912457
-0.000554641
-0.0002486488
5.73552e-05
0.0003633473
0.0006081513
0.0009141466
0.001158954
0.00131195
0.001434353
0.001526153
0.001607763
0.001638359
0.001607748
0.001638347
0.001668947
0.001699547
0.001699546
0.001730144
0.001730146
0.001668945
0.001607739
0.001546538
0.001526137
0.001464937
0.001403735
0.001342536
0.001281336
0.001189539
0.001128329
0.001036534
0.0009141311
0.0007611341
0.0006081292
0.0004857299
0.0003939244
0.0002715268
8.792087e-05
-9.567705e-05
-0.0002792841
-0.0004628826
-0.0006770876
-0.0008300879
-0.0009830968
-0.0012279
-0.001411502
-0.001533903
-0.001584907
-0.001737909
-0.00186031
-0.00201331
-0.00219692
-0.002319326
-0.002441725
-0.002564128
-0.002717136
-0.002778341
-0.002808944
-0.002808951
-0.002747763
-0.002717169
-0.002686567
-0.002564179
-0.002411183
-0.002349992
-0.00225819
-0.002166397
-0.002105202
-0.002074612
-0.002013408
-0.00192162
-0.001768622
-0.001676831
-0.001615631
-0.001503442
-0.00135045
-0.00116686
-0.0009220498
-0.0007078606
-0.0004936567
-0.0002794667
-6.526232e-05
0.0001183292
0.0003325313
0.000577322
0.0008221225
0.001097512
0.001342316
0.001546307
0.001760509
0.001944102
0.002066512
0.002158307
0.0022807
0.002403094
0.002433696
0.00237249
0.002311288
0.002250083
0.002219488
0.002188883
0.002127676
0.002066471
0.002097071
0.002127667
0.002158267
0.002188865
0.002219476
0.002250072
0.002280658
0.002280654
0.002280653
0.002280651
0.002250046
0.002250041
0.002250044
0.002250039
0.002280632
0.002311224
0.002311221
0.002311216
0.002372412
0.002433604
0.00258661
0.002770205
0.002861993
0.003014986
0.003198586
0.003320983
0.003412778
0.003535175
0.003626983
0.003688178
0.003718771
0.003841168
0.003932968
0.004024766
0.004085964
0.004147161
0.00426958
0.004391981
0.00451435
0.004595952
0.004718344
0.004840748
0.004871336
0.00484074
0.004779542
0.004718349
0.00457553
0.004422538
0.004269534
0.004116543
0.003841132
0.00353514
0.003259739
0.002953746
0.002647723
0.002311132
0.002005118
0.00163793
0.001311512
0.0009749222
0.0006077086
0.0002711166
-3.489987e-05
-0.0003714882
-0.0007387071
-0.001197697
-0.001585318
-0.001921907
-0.002289137
-0.002686932
-0.003054139
-0.003360133
-0.00363555
-0.003910945
-0.00415576
-0.004431153
-0.00475758
-0.005063578
-0.005369585
-0.005644984
-0.005859208
-0.00604281
-0.006226425
-0.006379425
-0.006501866
-0.006563069
-0.006624262
-0.006685468
-0.006716087
-0.006746694
-0.006716101
-0.006654906
-0.006593733
-0.006532541
-0.006501939
-0.006501948
-0.006440767
-0.006410174
-0.00641019
-0.006410197
-0.006410259
-0.00644087
-0.006471421
-0.006471434
-0.006471433
-0.006379646
-0.006257239
-0.006134855
-0.005981867
-0.005767684
-0.005522867
-0.005278087
-0.005094487
-0.004910905
-0.0046967
-0.00449272
-0.004278528
-0.004003148
-0.00375833
-0.003574748
-0.003360543
-0.003146364
-0.002901558
-0.002595579
-0.002258979
-0.001952997
-0.001677588
-0.001351209
-0.0009534032
-0.0005862218
-0.0002496157
5.636631e-05
0.0003317748
0.0006377562
0.0008825617
0.001188543
0.001494551
0.001759732
0.001973937
0.002218717
0.002524729
0.002830711
0.003136712
0.003412096
0.003656908
0.003932293
0.004207699
0.004483083
0.004809507
0.005115495
0.005360285
0.005605073
0.005788683
0.00594167
0.006125271
0.006308861
0.00640068
0.006461873
0.00652306
0.006553655
0.006614865
0.006645461
0.006676062
0.006676058
0.006737296
0.006767895
0.006767851
0.006676051
0.006614844
0.006523045
0.006400631
0.00630883
0.006247636
0.006155838
0.006064016
0.00597222
0.005880416
0.005727419
0.005513205
0.005360209
0.005237816
0.005023622
0.004778793
0.004574797
0.004360587
0.004146393
0.003901575
0.003626182
0.003320175
0.00304478
0.00270816
0.002371564
0.00200435
0.001637157
0.00128014
0.0008823477
0.0005151303
0.0001479331
-0.0001886858
-0.0005252824
-0.0008313028
-0.001137298
-0.001443315
-0.001739113
-0.001983935
-0.002228735
-0.002412348
-0.002626547
-0.002810167
-0.003024366
-0.003207982
-0.003422182
-0.003605812
-0.003758813
-0.003973017
-0.004156622
-0.004279042
-0.004370847
-0.00446266
-0.004523866
-0.004493292
-0.004554499
-0.004605505
-0.004605513
-0.004605534
-0.004636141
-0.004666758
-0.004605568
-0.004554609
-0.004493421
-0.004401599
-0.00427921
-0.004126214
-0.003973227
-0.003789628
-0.00357544
-0.003361251
-0.003147064
-0.00296346
-0.002749275
-0.002535081
-0.002320895
-0.002106698
-0.001861911
-0.001617118
-0.001382532
-0.001137728
-0.0009541418
-0.0007399438
-0.0005257577
-0.0003421596
-0.0001279739
0.0001168254
0.000392212
0.0006370087
0.0009123933
0.001187796
0.001463183
0.001728385
0.001911977
0.002034388
0.002156779
0.002279168
0.002340359
0.002432159
0.002554549
0.002646346
0.002676939
0.00267694
0.002707535
0.002738126
0.002676922
0.00264632
0.002646314
0.002615711
0.002554507
0.002523909
0.002462706
0.00240149
0.002370886
0.002309681
0.002187281
0.002034272
0.001911869
0.001758863
0.00157526
0.001463048
0.001371247
0.001248838
0.001126435
0.0009734256
0.0008510224
0.0007286159
0.0006062094
0.0004531938
0.0003613895
0.000330778
0.0002083762
8.59641e-05
-5.840054e-06
-9.765123e-05
-0.0002200543
-0.0003424666
-0.0004342696
-0.0005260828
-0.0006178865
-0.0007096966
-0.000801502
-0.0008933168
-0.0009851216
-0.00104633
-0.001107534
-0.001229947
-0.001352351
-0.001413562
-0.001505366
-0.001617583
-0.001739987
-0.001831796
-0.001893002
-0.001984814
-0.002076621
-0.002137834
-0.002168441
-0.002229662
-0.002260269
-0.002290869
-0.002352074
-0.002382685
-0.002443891
-0.002535697
-0.002566303
-0.002627519
-0.002719327
-0.002780533
-0.00284174
-0.002933554
-0.003025362
-0.003147771
-0.00320898
-0.0033008
-0.003392611
-0.003484411
-0.003545622
-0.003576234
-0.003606845
-0.003668053
-0.003668065
-0.003668084
-0.003637498
-0.0035763
-0.003515113
-0.003453927
-0.003392741
-0.00330095
-0.003209164
-0.003086799
-0.002903214
-0.002719588
-0.002597203
-0.002444202
-0.002291219
-0.002138214
-0.00201583
-0.001862834
-0.001679252
-0.001505847
-0.001261066
-0.001046868
-0.0008632845
-0.0006184833
-0.0003737006
-9.830072e-05
0.0001770831
0.000452483
0.000727866
0.0009726672
0.001186851
0.00140105
0.001574435
0.001727439
0.001880423
0.002033422
0.002186405
0.002308808
0.002461795
0.002614793
0.00276778
0.002859594
0.002981978
0.003134965
0.003287951
0.00337975
0.003502136
0.003624529
0.003777518
0.003930525
0.004052915
0.004144705
0.004236494
0.004328297
0.004389491
0.004450687
0.004481281
0.004542491
0.004573083
0.004593463
0.004593457
0.004542452
0.004511849
0.004450639
0.004358836
0.004267039
0.004175236
0.00405282
0.003961017
0.003808015
0.003655013
0.003502003
0.003349001
0.003196008
0.003073605
0.002920575
0.002798175
0.002645162
0.002430964
0.002186146
0.001941346
0.001696534
0.001400734
0.001094714
0.0007581148
0.0004215007
8.490103e-05
-0.0002211131
-0.0004965137
-0.0008025318
-0.001077933
-0.001322746
-0.00155735
-0.001710368
-0.001863374
-0.00195519
-0.002016398
-0.002077619
-0.002108227
-0.002108236
-0.002077644
-0.002016458
-0.001985865
-0.002016475
-0.002016483
-0.002047101
-0.002077708
-0.002108309
-0.002169515
-0.002261325
-0.002322535
-0.002322543
-0.002291951
-0.002261366
-0.002169575
-0.00210838
-0.002077792
-0.0020166
-0.001924812
-0.001802419
-0.00171063
-0.001618842
-0.001557654
-0.001445457
-0.00132307
-0.001200678
-0.00110889
-0.001017095
-0.0009253082
-0.0008335149
-0.0007111266
-0.0005887329
-0.0004357436
-0.0003439494
-0.0002215629
-6.856704e-05
2.322418e-05
0.0001456197
0.0002986108
0.0003904045
0.0004515968
0.0004515892
0.0004821794
0.0005127729
0.0006045644
0.0006351601
0.000665751
0.0006657433
0.000665733
0.000696328
0.0007575194
0.0008187129
0.0009105044
0.0009717031
0.001063493
0.001155284
0.001216474
0.001247069
0.001277661
0.001308252
0.001338844
0.001369441
0.001400034
0.001400023
0.001400016
0.00136941
0.001338805
0.001308199
0.001308195
0.001277594
0.001185788
0.001093975
0.001032769
0.0009409634
0.0008491583
0.0007267478
0.0006043441
0.0004819337
0.000359528
0.000237117
0.00014531
2.290071e-05
-6.890436e-05
-0.0001913129
-0.0003137175
-0.0004667282
-0.0006197356
-0.0007727482
-0.0008951566
-0.0009869689
-0.001048176
-0.001078786
-0.001078794
-0.001048206
-0.001017619
-0.0009870284
-0.0009258375
-0.000803448
-0.0006504577
-0.0004974658
-0.0004056743
-0.0003138834
-0.0002526943
-0.0001609003
-6.910948e-05
-7.917569e-06
2.26736e-05
8.386735e-05
0.0001144606
8.385273e-05
0.0001144449
0.0001450387
0.0001756306
0.0002368213
0.0003286141
0.0003898078
0.0003592
0.0003591917
0.0003897842
0.0003897752
0.0003591705
0.0003285616
0.0002979579
0.0002367493
0.0001755445
8.373442e-05
2.252906e-05
-6.927896e-05
-0.0001304807
-0.0002528914
-0.0003446962
-0.0004977056
-0.0005895126
-0.0006813272
-0.0007119343
-0.0007425412
-0.0007731453
-0.0008343531
-0.0008955592
-0.0009873679
-0.001048574
-0.001140384
-0.001201592
-0.001293401
-0.001354612
-0.001385225
-0.001415836
-0.001446445
-0.001477053
-0.001477068
-0.001446479
-0.001446483
-0.001415892
-0.001385301
-0.001324111
-0.001293518
-0.001262928
-0.001232338
-0.001201748
-0.001171153
-0.001109961
-0.001109971
-0.00110998
-0.001109989
-0.001079396
-0.001048811
-0.001079417
-0.001079417
-0.001079424
-0.001140632
-0.001201839
-0.001293645
-0.001324253
-0.001354863
-0.001354872
-0.001354875
-0.001354884
-0.001324294
-0.001263105
-0.001201911
-0.001140719
-0.001140726
-0.001140737
-0.001079538
-0.0009877505
-0.0009265558
-0.0008959659
-0.0008653709
-0.0007735817
-0.000712388
-0.0006205973
-0.0005594007
-0.0004676101
-0.0004064143
-0.0003452265
-0.0002534308
-0.0001922408
-0.0001310463
-6.985784e-05
-8.661979e-06
5.252512e-05
0.0001137213
0.0001749061
0.0002361008
0.0002666897
0.0003584841
0.0004502712
0.0005420651
0.0006338556
0.0007562528
0.0008786427
0.001001042
0.001092835
0.001184634
0.001245826
0.001276416
0.001307005
0.001307002
0.001306993
0.001306988
0.001337579
0.001337578
0.00133757
0.001368162
0.001368157
0.001368155
0.001368147
0.001368141
0.001398732
0.001398735
0.001429327
0.001459915
0.001459907
0.0014905
0.001490493
0.001429287
0.00139868
0.001368076
0.001337468
0.001306859
0.001306851
0.001337444
0.001368037
0.001398629
0.001459822
0.001521022
0.001572016
0.001572004
0.001633198
0.001663791
0.001694385
0.001694377
0.00169437
0.001724966
0.00172496
0.001724949
0.001724944
0.00172494
0.001724935
0.001694329
0.001663725
0.001633125
0.001663721
0.001724905
0.0017555
0.001786093
0.001816688
0.00181668
0.001847274
0.001847271
0.001847268
0.001847257
0.001786056
0.001755455
0.001694252
0.001602443
0.001520842
0.001429038
0.001306637
0.001184224
0.001061822
0.0009088119
0.0008170099
0.0007251982
0.0006333974
0.000510988
0.0003885869
0.000266175
0.0001743737
8.256308e-05
-3.983901e-05
-0.0001622487
-0.0003152499
-0.0004682638
-0.0005600702
-0.0006824765
-0.0008048794
-0.0009272914
-0.001049694
-0.001172102
-0.001294505
-0.00138632
-0.001478122
-0.001559731
-0.001620934
-0.001712747
-0.001804553
-0.001865762
-0.001865767
-0.001835185
-0.00174339
-0.001682195
-0.001621
-0.001539411
-0.001447617
-0.001355822
-0.001264029
-0.001172239
-0.001080446
-0.0009580489
-0.0008356576
-0.0007438635
-0.0007132656
-0.0007132721
-0.0007438737
-0.0008050821
-0.0008968857
-0.0009274884
-0.0009886933
-0.001111101
-0.001264103
-0.001386511
-0.001447714
-0.001559924
-0.001651727
-0.001712932
-0.001804735
-0.001865944
-0.001927148
-0.001957751
-0.001988356
-0.002018969
-0.002080174
-0.002141373
-0.002202577
-0.002294386
-0.002355589
-0.002447392
-0.002569796
-0.002661612
-0.002784018
-0.002875819
-0.002967626
-0.003059437
-0.003151245
-0.003273655
-0.003365466
-0.003396093
-0.003426706
-0.003396093
-0.003334906
-0.003273708
-0.003151322
-0.003028921
-0.002906534
-0.00272294
-0.002539354
-0.002355749
-0.002141565
-0.001927363
-0.001713176
-0.001509172
-0.001325585
-0.001111384
-0.0008971938
-0.0007135906
-0.0005300045
-0.0003464023
-0.0001628152
5.13879e-05
0.0002655744
0.0004491766
0.0006327671
0.0008163687
0.001030558
0.001214163
0.001397754
0.001601757
0.001815949
0.001968963
0.002121953
0.002336148
0.002550342
0.002764549
0.002948143
0.003162344
0.003345941
0.003529552
0.003651949
0.003804944
0.00392734
0.004049746
0.004110944
0.004172145
0.004172148
0.004110964
0.004049764
0.003957951
0.003835553
0.003713153
0.003590757
0.003437752
0.003254156
0.00303996
0.002825764
0.002611554
0.002458559
0.002244357
0.00203016
0.001846557
0.001632357
0.001489566
0.001336565
0.001214139
0.00112234
0.0009693292
0.0008163304
0.00069392
0.0005715202
0.0004797123
0.0004185135
0.0003267061
0.0002349065
0.0001125002
2.070154e-05
-0.0001323042
-0.0002241047
-0.0002547124
-0.0003159131
-0.0004077178
-0.0004383177
-0.0004077229
-0.000438321
-0.0005301252
-0.0006219244
-0.0007137308
-0.0008055326
-0.0008667349
-0.0009891346
-0.001080941
-0.001172739
-0.001295144
-0.001356344
-0.001417556
-0.001509357
-0.001539956
-0.001478754
-0.001478759
-0.001539958
-0.001590959
-0.001713359
-0.001743967
-0.00171337
-0.001621569
-0.001560368
-0.001590971
-0.001743972
-0.001896973
-0.001927576
-0.001835785
-0.001774587
-0.001866383
-0.001958186
-0.001958189
-0.001896994
-0.001713394
-0.001509398
-0.001386999
-0.001387004
-0.001325801
-0.001142207
-0.001050404
-0.0009586109
-0.0007750087
-0.0006526115
-0.0005608124
-0.0004384163
-0.0003466113
-0.0001630171
8.178872e-05
0.0002041861
0.0002347893
0.0003265855
0.0005101888
0.0007243876
0.000877389
0.0009997868
0.0009691924
0.0009691911
0.0009997933
0.001060991
0.001152799
0.0011528
0.001030399
0.0009691984
0.0009080001
0.0008162024
0.0007550013
0.0006632011
0.0006632032
0.0005714041
0.0004796031
0.0004184013
0.0004490017
0.0004796
0.0005408011
0.0006020002
0.0006020054
0.0005714035
0.0005714019
0.0005714019
0.0005714018
0.0005408015
0.0006020006
0.0006938
0.0007856017
0.0009080011
0.001030401
0.001152799
0.001244606
0.001336404
0.001428208
0.001571007
0.001724017
0.001846418
0.001938215
0.001968818
0.00196882
0.002091221
0.002152424
0.002183027
0.002183037
0.00215244
0.002121839
0.002121844
0.002152449
0.002152452
0.002152458
0.002091261
0.002091278
0.002060685
0.001968869
0.001907675
0.001846475
0.001785283
0.001724078
0.001693485
0.001662888
0.001601697
0.00145889
0.001367101
0.001275298
0.001214106
0.001122304
0.0009999138
0.0008469156
0.0006939237
0.0005715192
0.0005103273
0.0003879246
0.0002349351
8.193076e-05
-4.045896e-05
-0.0002546618
-0.0004994543
-0.0006830562
-0.0008360506
-0.0009584538
-0.001172647
-0.001386848
-0.00156024
-0.001682654
-0.001835647
-0.001988641
-0.002111034
-0.002202839
-0.002325232
-0.002417033
-0.002478226
-0.002539434
-0.002600628
-0.002723024
-0.002845421
-0.002876026
-0.002937222
-0.00299842
-0.002998417
-0.002998427
-0.002937225
-0.002967814
-0.003059613
-0.003059615
-0.002998416
-0.002937209
-0.00287601
-0.002784214
-0.002692415
-0.002570006
-0.002447606
-0.002355805
-0.002264006
-0.002202801
-0.002049803
-0.001896809
-0.001713209
-0.001539793
-0.001356194
-0.001172588
-0.001019587
-0.0009277781
-0.0008053779
-0.0007135725
-0.0006217732
-0.0004993644
-0.000376966
-0.0002545581
-0.0001627571
-0.0001015487
-9.750515e-06
0.0001126578
0.0001738591
0.0001738664
0.0002350654
0.0003574729
0.0004492727
0.0005104789
0.0006022767
0.0007552859
0.0009082871
0.001091893
0.001214297
0.001214305
0.001275507
0.001367316
0.001397919
0.001428535
0.001459138
0.001459138
0.001489744
0.001459153
0.001459156
0.001367363
0.001244967
0.001214376
0.00118378
0.001122582
0.001183787
0.001122593
0.001030799
0.001030803
0.001000208
0.0009084154
0.0008472197
0.00084722
0.0007860258
0.0007248293
0.0006330346
0.000571837
0.0005106439
0.0004494471
0.0003882524
0.000327053
0.0002964583
0.0003576613
0.0003882661
0.0003882697
0.0002964755
0.0002352786
0.0002352843
0.0002352862
0.0002046901
0.0002352927
0.0002658978
0.0002659013
0.0002353069
0.0002047092
0.0002047168
0.0002659197
0.000143526
5.172853e-05
0.0001129326
0.0001129372
-4.005673e-05
-7.065646e-05
-7.064832e-05
-0.0001012453
-0.0001624392
-0.0002848347
-0.0003766292
-0.0003766268
-0.0004378205
-0.0005602189
-0.0006214134
-0.0005908086
-0.000590802
-0.0006825991
-0.0007743939
-0.0007743923
-0.0008049869
-0.0007743864
-0.0007743812
-0.0008661757
-0.0008661708
-0.0008967661
-0.0009885623
-0.001019158
-0.001049755
-0.001049754
-0.00101915
-0.001080343
-0.001172138
-0.001233336
-0.001202732
-0.001202726
-0.001263923
-0.001263924
-0.001202721
-0.001202713
-0.001172113
-0.001110909
-0.001110907
-0.0009885034
-0.000896701
-0.000835497
-0.0007742959
-0.0006824886
-0.0005906871
-0.0005294813
-0.0004682788
-0.0004070732
-0.0003152715
-0.0001928651
-7.04637e-05
2.134394e-05
-9.252841e-06
-9.247099e-06
8.255451e-05
0.0001437613
0.0002049633
0.0002661716
0.0002661746
0.0002355802
0.0002661821
0.0003273876
0.0003885901
0.0004497956
0.0005721982
0.0006028082
0.0005722114
0.0006334148
0.0006640183
0.0006028244
0.0005722268
0.0005722325
0.0005722353
0.0005722403
0.0006028426
0.0005416487
0.0004804512
0.0004804559
0.0004498592
0.0004192627
0.0004192666
0.0004804746
0.0004498766
0.000419281
0.0004192831
0.0004498884
0.0004498903
0.0004804947
0.0004804976
0.0004499008
0.0004805029
0.0005723082
0.0006029105
0.0006335157
0.0006641205
0.0006947241
0.0007559282
0.0007865356
0.000786539
0.0008477401
0.0009089417
0.0009701458
0.001031349
0.001123153
0.001123158
0.001123166
0.001061971
0.001000772
0.001000775
0.001031379
0.001061985
0.001031388
0.0009701938
0.0009090022
0.0008784067
0.0008784028
0.0008784076
0.0008478093
0.0008172143
0.0007560163
0.0006948207
0.0006642242
0.0006030273
0.0005418288
0.000450033
0.0003888346
0.0003582389
0.0002970418
0.0002358451
0.0001440487
8.285063e-05
5.225087e-05
-8.945285e-06
-0.0001007435
-0.0001619436
-0.0001007431
-0.0001007386
-0.0001007382
-7.013673e-05
-7.013495e-05
-0.0001007325
-0.0001007309
-7.012801e-05
-7.012494e-05
-3.952257e-05
-3.952034e-05
-8.9165e-06
-8.914606e-06
-3.951227e-05
-7.011113e-05
-0.0001007094
-7.010786e-05
-3.9507e-05
-8.904044e-06
5.229708e-05
0.0001134995
0.0001135016
0.0001135057
0.0001135067
0.0001747093
0.0002359118
0.0003277163
0.0003583203
0.0003277204
0.0002971239
0.0002971245
0.0002971278
0.0002971306
0.0002665326
0.0002665341
0.0002971373
0.0002053384
0.0001135399
0.0001135417
0.000144143
0.0001747432
0.000205345
0.0002665461
0.0002665487
0.0002971465
0.0002665479
0.0002971488
0.0004195503
0.0004501519
0.0004195533
0.0003277549
0.0002971541
0.0004807525
0.0006337547
0.000603157
0.0005725572
0.0006949574
0.0008173598
0.0008479641
0.0008479678
0.0007867644
0.0008479663
0.0009397669
0.0008785706
0.0009091677
0.001123369
0.001276373
0.001276378
0.001184578
0.00118458
0.001153982
0.001184584
0.001276383
0.001368189
0.001276397
0.001154002
0.001153994
0.001123402
0.0010622
0.0009704092
0.0008480063
0.0007256125
0.000572611
0.0004196169
0.0003584098
0.0002666155
8.301274e-05
-8.784593e-06
-8.788113e-06
-0.0001311801
-0.0003147869
-0.000406584
-0.0004677878
-0.0005595838
-0.0006207903
-0.0006819863
-0.0007737884
-0.0008961838
-0.001018592
-0.001171587
-0.00129399
-0.001416386
-0.001477596
-0.001589793
-0.001712201
-0.001834598
-0.001926423
-0.001987623
-0.002079409
-0.002232407
-0.002324209
-0.002446609
-0.002507809
-0.002599607
-0.002660814
-0.002630217
-0.002599613
-0.002660813
-0.002722018
-0.002722019
-0.002691419
-0.002630221
-0.00263023
-0.002599632
-0.002507825
-0.002538427
-0.002660828
-0.002630231
-0.00256903
-0.002630233
-0.00263024
-0.002599643
-0.002660838
-0.002752641
-0.002813844
-0.002813849
-0.002844451
-0.002875054
-0.002844469
-0.002905674
-0.00296686
-0.002997467
-0.003028068
-0.003058673
-0.00308927
-0.003181076
-0.003181083
-0.003119891
-0.003119884
-0.003089291
-0.003058692
-0.002997501
-0.002875096
-0.002752706
-0.002630314
-0.002507926
-0.002354914
-0.002263127
-0.002079525
-0.001773539
-0.001538932
-0.001385944
-0.001141144
-0.0008351558
-0.0005903482
-0.0002537603
8.28461e-05
0.000419435
0.0007254425
0.001000833
0.001276246
0.001541439
0.001755637
0.001969827
0.002184034
0.002337027
0.002459429
0.00264302
0.00282663
0.002949022
0.003040819
0.003163212
0.003255018
0.003346814
0.003408017
0.003469213
0.003561028
0.003714024
0.003836416
0.003897613
0.003897617
0.003897612
0.003958808
0.004020003
0.004020013
0.004050609
0.0041118
0.004081198
0.004050603
0.004111798
0.004173
0.004133112
0.004102494
0.004071646
0.003979374
0.003917522
0.00382488
0.003732056
0.003669642
0.003607063
0.003483149
0.003359089
0.003296044
0.003202294
0.003077841
0.002953292
0.002798081
0.002612264
0.00248752
0.002454362
0.00245162
0.002357162
0.002140522
0.001954467
0.001859993
0.001765513
0.001701515
0.001667984
0.001573408
0.001458534
0.001394471
0.001330407
0.001205423
0.001110967
0.0009861181
0.0008613677
0.0007367044
0.0007033908
0.0006396734
0.0005152427
0.0004820625
0.0004489141
0.0003550668
0.0002006653
0.000137454
0.0001046603
-4.932261e-05
-0.0002030437
-0.0003867988
-0.0005399501
-0.0006625771
-0.0007244645
-0.0008768916
-0.001119618
-0.001331655
-0.001543207
-0.001714063
-0.001894533
-0.002044424
-0.002224003
-0.002373
-0.002491461
-0.002639621
-0.002787301
-0.002904477
-0.003021225
-0.003107565
-0.00316353
-0.003219182
-0.003304482
-0.00341933
-0.003503792
-0.003557959
-0.003552052
-0.003575822
-0.003539663
-0.003473584
-0.003377705
-0.00334144
-0.003275334
-0.003209224
-0.003113417
-0.003047401
-0.002922069
-0.002826567
-0.002760818
-0.002724698
-0.00265896
-0.002593263
-0.002557152
-0.002462004
-0.002337535
-0.002242773
-0.002177624
-0.002112556
-0.002047582
-0.001953344
-0.001859311
-0.001736188
-0.001554833
-0.001413001
-0.001261857
-0.001140365
-0.0009900797
-0.0008402673
-0.0007491972
-0.000658407
-0.0005679214
-0.000506762
-0.0004168065
-0.000327162
-0.0002378477
-0.0002066936
-0.0001756543
-0.0001447128
-0.0001427168
-0.0001119059
-8.121429e-05
-7.936978e-05
-4.881789e-05
1.029657e-05
6.91581e-05
0.0001277742
0.0001575496
0.0001586465
0.0001882515
0.000217727
0.0002186031
0.0001910566
0.0001636266
0.0001079736
0.0001375363
0.0001669666
0.0001962521
0.0001971815
0.0002262824
0.0002270909
0.0001716571
0.0001445769
0.0001737151
0.0001747002
0.000203647
0.0002324475
0.0002610916
0.0003174489
0.0003734972
0.000429244
0.000484671
0.0005120687
0.0005669696
0.0005939118
0.0006482725
0.0006471797
0.0006185286
0.0005900079
0.0005616091
0.0005607567
0.0005598764
0.0005589731
0.0005307526
0.0005026703
0.0004475121
0.0004198303
0.0003922858
0.0004190651
0.0004727112
0.0005260138
0.000578959
0.0006315578
0.0006569095
0.0007089145
0.0007605467
0.0008385664
0.0008893274
0.0009663861
0.001042883
0.001118825
0.001194199
0.00126901
0.001369688
0.00141679
0.00145469
0.001501011
0.001546908
0.001592385
0.001689807
0.001786448
0.001830089
0.00184724
0.001890135
0.001958548
0.001948583
0.00199027
0.002005681
0.002046604
0.002112783
0.002126945
0.002140836
0.002128866
0.002142338
0.00213004
0.002117657
0.002105187
0.002092622
0.002079967
0.002067231
0.002054413
0.002016356
0.002003512
0.001990587
0.001952581
0.001864779
0.001777484
0.001715577
0.001653995
0.001617506
0.001581146
0.001520277
0.00145975
0.00139957
0.001339733
0.001255813
0.001196849
0.00113825
0.001104307
0.001046291
0.0009483325
0.0008671912
0.0007625428
0.0006587149
0.0005556926
0.0005013508
0.0004235312
0.0003225176
0.000222333
0.0001467127
4.805758e-05
-4.973471e-05
-0.0001231233
-0.0001958542
-0.0002679377
-0.0003627437
-0.0004566787
-0.0005729974
-0.0006417629
-0.0006866708
-0.0007080066
-0.0007521506
-0.0008188392
-0.0009077813
-0.0009958145
-0.001082915
-0.001146311
-0.001186265
-0.001180397
-0.001197093
-0.001190972
-0.001229807
-0.001268161
-0.001328397
-0.001380465
-0.001439305
-0.001452986
-0.001466384
-0.001501612
-0.001558373
-0.001570428
-0.001604122
-0.001659176
-0.00169167
-0.001723652
-0.001776808
-0.001785935
-0.001816351
-0.00182473
-0.001832811
-0.001862002
-0.001847979
-0.001833904
-0.001840999
-0.001868972
-0.001854196
-0.001839371
-0.001761514
-0.001726177
-0.001691034
-0.00163527
-0.001559183
-0.001525152
-0.001491323
-0.001437126
-0.001383364
-0.001330032
-0.00125677
-0.001163861
-0.001112436
-0.001061462
-0.001010951
-0.0009608974
-0.0009179854
-0.0008687948
-0.0008200771
-0.0007519816
-0.0006648214
-0.0005786196
-0.0004933908
-0.0004091313
-0.0003453856
-0.0003018427
-0.0002393783
-0.0001776462
-9.736384e-05
-1.806655e-05
6.023523e-05
0.0001184419
0.0001568538
0.0001947678
0.0002321733
0.0002690797
0.000305478
0.0003226416
0.0003395426
0.0003747964
0.0004095395
0.0004252903
0.0004407795
0.0004560104
0.0004526856
0.0004493523
0.0004641748
0.0004787397
0.0005110821
0.0005069528
0.0005028127
0.0004986665
0.0005122984
0.0005256682
0.0005387745
0.0005340225
0.0005117234
0.0004547239
0.0004158875
0.0003775518
0.0003397186
0.0003023855
0.0002655567
0.0002292308
0.0001934103
0.0001580948
0.0001232862
7.214879e-05
2.177473e-05
-2.783868e-05
-9.33293e-05
-0.000141224
-0.0001883503
-0.0002182569
-0.0002312639
-0.0002603411
-0.0003051672
-0.000365423
-0.0004246547
-0.0004667965
-0.0004761602
-0.000517147
-0.0005414921
-0.0005653257
-0.0005886477
-0.0006114583
-0.0005868981
-0.0005781541
-0.0005694126
-0.000545243
-0.0005367008
-0.0005128633
-0.0005045245
-0.0004810056
-0.0004426237
-0.0004348267
-0.0004120408
-0.0003894998
-0.0003820569
-0.0003302773
-0.0002792826
-0.0002437099
-0.0001940971
-0.0001452775
-9.726035e-05
-2.13194e-05
6.756217e-05
0.0001406091
0.0002264437
0.0003106514
0.0003932179
0.0004602147
0.0005396923
0.0006175206
0.0006799811
0.0007410615
0.0008007505
0.000832079
0.0008580947
0.0008611404
0.0008771557
0.0008926097
0.0009075007
0.000947901
0.0009612672
0.0009869555
0.0009990006
0.001023218
0.001033947
0.001056691
0.001066111
0.00106257
0.001058757
0.001066931
0.001062381
0.001057578
0.001052501
0.001035219
0.0009942575
0.0009774323
0.0009606362
0.0009438649
0.0009271264
0.0008989639
0.0008711158
0.0008322849
0.000805267
0.0007785646
0.0007521821
0.0007151454
0.0006787119
0.0006212618
0.0005649696
0.0005098279
0.0004664082
0.0004133768
0.0003545636
0.0002833189
0.0002240128
0.0001458052
7.963756e-05
3.51336e-05
1.669823e-06
-4.078444e-05
-8.212157e-05
-0.0001416905
-0.0001804276
-0.0002085613
-0.0002547234
-0.0002901827
-0.0003245584
-0.0003578607
-0.0003991935
-0.000421151
-0.0004512606
-0.0004891869
-0.0005258007
-0.0005698181
-0.0006007808
-0.0006163121
-0.000631095
-0.0006451404
-0.0006584514
-0.0006710389
-0.0006910515
-0.0006858814
-0.0006805214
-0.000682889
-0.0006926515
-0.0006862077
-0.000679589
-0.0006651974
-0.000658414
-0.0006440134
-0.0006223271
-0.000608276
-0.0005870905
-0.0005733868
-0.0005527018
-0.0005393492
-0.0005260836
-0.0004992158
-0.0004729239
-0.0004405041
-0.0004088902
-0.0003780734
-0.0003415733
-0.0003124982
-0.0002715378
-0.0002338981
-0.0001953448
-0.0001580031
-0.0001279089
-9.279873e-05
-5.296372e-05
-2.035167e-05
1.110824e-05
4.712806e-05
7.617362e-05
0.0001096681
0.0001418454
0.0001727241
0.0002023182
0.0002253587
0.000247359
0.000268336
0.0002832115
0.0003023243
0.0003237581
0.0003408236
0.000361764
0.0003672633
0.0003722379
0.0003720578
0.0003761493
0.0003752292
0.0003695605
0.0003594053
0.0003536843
0.0003478766
0.000346195
0.0003359378
0.0003176018
0.0003037801
0.0002902488
0.0002730848
0.000256386
0.000232535
0.000209491
0.0001872414
0.0001730551
0.000155713
0.0001330826
0.000106685
8.478729e-05
6.715086e-05
5.022903e-05
3.400844e-05
1.526712e-05
-2.636907e-06
-1.971549e-05
-2.986478e-05
-3.651803e-05
-4.285061e-05
-5.46926e-05
-6.305953e-05
-7.097518e-05
-7.845043e-05
-8.54919e-05
-9.478621e-05
-0.0001035221
-0.0001065424
-0.0001093068
-0.0001118219
-0.0001140931
-0.0001161271
-0.0001179283
-0.0001218256
-0.0001230909
-0.0001241431
-0.0001227891
-0.0001192017
-0.0001177818
-0.0001162897
-0.0001126902
-0.0001071448
-0.000105692
-0.0001003285
-9.701815e-05
-9.560748e-05
-9.232345e-05
-8.553945e-05
-7.902685e-05
-7.448549e-05
-7.510944e-05
-7.229533e-05
-6.952797e-05
-6.994717e-05
-6.560097e-05
-6.14039e-05
-6.029818e-05
-5.625973e-05
-5.095441e-05
-4.450385e-05
-3.972412e-05
-4.044531e-05
-3.71528e-05
-3.39879e-05
-3.341429e-05
-2.917563e-05
-2.632121e-05
-2.588609e-05
-2.203134e-05
-1.946957e-05
-1.594783e-05
-1.156641e-05
-9.486122e-06
-6.509531e-06
-5.649751e-06
-4.81138e-06
-3.069036e-06
-5.163137e-07
1.878028e-06
5.832961e-06
8.669557e-06
9.670253e-06
1.13912e-05
1.220641e-05
1.37061e-05
1.727501e-05
1.840616e-05
1.803703e-05
1.834653e-05
2.057081e-05
2.194158e-05
2.253918e-05
2.183796e-05
2.173541e-05
2.159511e-05
2.086736e-05
1.854759e-05
1.638685e-05
1.538826e-05
1.444528e-05
1.355577e-05
1.409814e-05
1.456086e-05
1.27871e-05
1.114665e-05
1.125557e-05
1.132975e-05
1.137098e-05
1.101332e-05
1.030728e-05
1.067417e-05
1.130908e-05
1.216941e-05
1.228628e-05
1.145257e-05
1.037498e-05
1.020708e-05
9.751228e-06
9.047575e-06
8.882874e-06
8.700641e-06
8.733716e-06
8.725336e-06
8.248953e-06
7.992122e-06
7.922442e-06
7.628483e-06
7.142841e-06
6.320254e-06
5.723799e-06
5.64669e-06
5.541302e-06
5.409682e-06
5.396178e-06
5.069191e-06
4.740177e-06
4.53454e-06
4.192278e-06
3.508904e-06
3.091109e-06
2.896383e-06
2.588704e-06
2.377054e-06
2.064176e-06
1.839979e-06
1.606792e-06
1.2115e-06
8.333888e-07
4.719761e-07
2.589623e-07
-2.161323e-08
-5.329614e-07
-9.43077e-07
-1.107793e-06
-1.376705e-06
-1.773329e-06
-1.998071e-06
-2.294381e-06
-2.603181e-06
-2.842178e-06
-3.057496e-06
-3.25053e-06
-3.392042e-06
-3.519894e-06
-3.661822e-06
-3.811392e-06
-3.963025e-06
-4.046403e-06
-4.116393e-06
-4.249576e-06
-4.354903e-06
-4.418725e-06
-4.448457e-06
-4.478384e-06
-4.505638e-06
-4.492526e-06
-4.470409e-06
-4.470315e-06
-4.455952e-06
-4.404355e-06
-4.34137e-06
-4.2845e-06
-4.212926e-06
-4.141654e-06
-4.080162e-06
-4.028903e-06
-3.976171e-06
-3.915344e-06
-3.85028e-06
-3.795977e-06
-3.741759e-06
-3.682139e-06
-3.627673e-06
-3.585858e-06
-3.55012e-06
-3.519368e-06
-3.491536e-06
-3.465603e-06
-3.441247e-06
-3.420792e-06
-3.403283e-06
-3.388819e-06
-3.377779e-06
-3.369423e-06
-3.363624e-06
-3.361312e-06
-3.360462e-06
-3.361097e-06
-3.363234e-06
-3.366466e-06
-3.370716e-06
-3.375924e-06
-3.381976e-06
-3.388618e-06
-3.395751e-06
-3.403322e-06
-3.411275e-06
-3.419559e-06
-3.428118e-06
-3.436918e-06
-3.445936e-06
-3.455162e-06
-3.46459e-06
-3.474215e-06
