-0.003255531
-0.003245614
-0.00323585
-0.003226202
-0.003216529
-0.003206689
-0.003196619
-0.003186283
-0.003175762
-0.00316537
-0.003155557
-0.00314674
-0.003139353
-0.003133792
-0.003130246
-0.00312835
-0.003127181
-0.003125636
-0.003122951
-0.003118992
-0.003114092
-0.003108986
-0.003104141
-0.003099017
-0.003092921
-0.003086036
-0.003078384
-0.003068676
-0.00305465
-0.003033914
-0.00300491
-0.002967778
-0.002923913
-0.002875786
-0.0028273
-0.002783175
-0.002747524
-0.002723119
-0.002711204
-0.002710137
-0.002716684
-0.002729124
-0.002746169
-0.002764989
-0.002782761
-0.00279628
-0.002800573
-0.002790505
-0.002763915
-0.002723229
-0.002675785
-0.002629182
-0.002588192
-0.002556407
-0.002539893
-0.002544072
-0.002570119
-0.002616579
-0.002679562
-0.002753667
-0.002833584
-0.002913932
-0.002982536
-0.003019674
-0.003010346
-0.002954155
-0.002860349
-0.002738205
-0.002597775
-0.002455988
-0.002333336
-0.002246612
-0.002208053
-0.002224503
-0.002294022
-0.002407672
-0.002551105
-0.002702138
-0.002838028
-0.002945322
-0.003021517
-0.003073448
-0.003113422
-0.003154493
-0.003211599
-0.003305168
-0.003446131
-0.003622487
-0.003810483
-0.003988365
-0.004143231
-0.004267222
-0.004351506
-0.004386933
-0.00437019
-0.004306256
-0.004207586
-0.004080851
-0.003926135
-0.003751143
-0.003569699
-0.003391253
-0.003216059
-0.003032731
-0.002829699
-0.002619318
-0.002425132
-0.002262619
-0.002141639
-0.002062411
-0.002013672
-0.001970597
-0.001902054
-0.001793751
-0.001652528
-0.001494827
-0.001347626
-0.001247994
-0.001236666
-0.001344279
-0.001585965
-0.00196133
-0.002444993
-0.002973806
-0.003479824
-0.003921414
-0.004280199
-0.004525021
-0.00462717
-0.004589012
-0.004434441
-0.004193109
-0.003891588
-0.003551922
-0.003198585
-0.002863422
-0.002583493
-0.00239024
-0.002293639
-0.002284345
-0.002349218
-0.002474297
-0.002628876
-0.002751327
-0.002764802
-0.002618567
-0.002318232
-0.001904836
-0.001429604
-0.0009513135
-0.0005334948
-0.0002398998
-0.0001133212
-0.000160282
-0.0003644901
-0.0006904966
-0.001083498
-0.001494853
-0.001897666
-0.002286132
-0.002665485
-0.003039938
-0.003402596
-0.003731694
-0.003998237
-0.004180671
-0.004255014
-0.004188888
-0.003973481
-0.003644073
-0.003272343
-0.002942925
-0.00272711
-0.002684103
-0.00285996
-0.003251581
-0.003766203
-0.004269586
-0.004658827
-0.004864472
-0.004822318
-0.004506523
-0.003978368
-0.003349776
-0.002740147
-0.002263444
-0.001996485
-0.00195769
-0.002115075
-0.00239701
-0.002721271
-0.003029707
-0.00328841
-0.003468412
-0.003546837
-0.003525029
-0.003438219
-0.003354785
-0.003360853
-0.003533334
-0.00388603
-0.004367245
-0.004883074
-0.005261113
-0.005287862
-0.004874489
-0.004093487
-0.003098755
-0.002070236
-0.001176366
-0.0005268672
-0.0001399547
2.407719e-05
1.113224e-05
-0.0001490815
-0.000408957
-0.0006971382
-0.0009302469
-0.001021021
-0.0009329462
-0.0007160483
-0.0004483849
-0.0001696219
0.0001608187
0.0006217435
0.001230495
0.001937319
0.002676713
0.003368234
0.003933296
0.004318721
0.004495546
0.004494511
0.004399118
0.004305973
0.004305458
0.004463276
0.004813045
0.00535946
0.006085052
0.006940813
0.007848879
0.00872505
0.009520979
0.01021279
0.01074563
0.01102854
0.01098398
0.01057619
0.009816832
0.008756318
0.007420909
0.005864512
0.004167191
0.002448438
0.0008519652
-0.0005000238
-0.001531422
-0.002218201
-0.002560364
-0.002584481
-0.002319571
-0.001791615
-0.001061424
-0.0002390432
0.0005296571
0.00109744
0.001391168
0.001421226
0.001226048
0.0008660477
0.0004422944
6.437485e-05
-0.0001887005
-0.0002867311
-0.0002484695
-0.0001379758
-1.866489e-05
6.8977e-05
0.000101741
8.649285e-05
8.032353e-05
0.0001824931
0.0005166594
0.001133861
0.001954656
0.002862414
0.00378349
0.004689855
0.00555551
0.006349823
0.007035347
0.007577187
0.007942483
0.008084783
0.007950488
0.007490677
0.006674659
0.00554875
0.004234855
0.002888657
0.001654674
0.000625963
-0.0001390853
-0.0006103297
-0.0008035267
-0.0007672238
-0.0005369557
-0.0001218138
0.0004695858
0.001243189
0.002206781
0.003328089
0.004541982
0.005760504
0.006892628
0.0078845
0.008723334
0.009372278
0.009774813
0.009877016
0.009629129
0.008994138
0.007996608
0.006704248
0.00519272
0.003553962
0.00191736
0.0004238776
-0.0008132109
-0.001711245
-0.00220237
-0.00223015
-0.001782262
-0.0009248602
0.000198233
0.001404616
0.002510858
0.00336215
0.003836462
0.003843847
0.003359259
0.0024418
0.001250886
-1.153889e-05
-0.001179736
-0.00213091
-0.002773598
-0.003095476
-0.003160822
-0.003066652
-0.002888974
-0.002689467
-0.002562058
-0.002600384
-0.00283238
-0.003222164
-0.003666605
-0.004029718
-0.004215952
-0.004191227
-0.00397927
-0.003606346
-0.003064189
-0.002360582
-0.001574398
-0.0008164979
-0.0001514881
0.0003801231
0.0007297718
0.000857669
0.000743528
0.0003828763
-0.0002048949
-0.0009776779
-0.001861886
-0.002722252
-0.003366746
-0.003661934
-0.003617302
-0.003315657
-0.002852699
-0.002347577
-0.00193754
-0.001724734
-0.001757279
-0.002020293
-0.002446011
-0.00295596
-0.003482609
-0.003982305
-0.004433123
-0.004839493
-0.005246617
-0.005714094
-0.006278857
-0.006939046
-0.007642576
-0.008307634
-0.008852439
-0.009222141
-0.009433526
-0.009598189
-0.009787281
-0.009994302
-0.01024221
-0.01055317
-0.01084848
-0.01097023
-0.01079152
-0.01026902
-0.009421788
-0.008314177
-0.00704048
-0.005694929
-0.004360692
-0.003099315
-0.001944246
-0.0009252289
-6.758628e-05
0.0006229432
0.001159968
0.001614218
0.002084758
0.002609862
0.003118266
0.003489826
0.003649072
0.003566484
0.003239635
0.002724124
0.002092854
0.001404824
0.0007386839
0.0001902993
-0.0001561349
-0.0002633516
-0.0001152645
0.0003004733
0.0009744703
0.001853035
0.002839214
0.003822186
0.004694044
0.005335798
0.005636013
0.005520495
0.004976196
0.004092404
0.003038245
0.002018508
0.001216558
0.0007378581
0.0006275161
0.0008826609
0.001430338
0.002153748
0.002893716
0.003450612
0.003647038
0.00338642
0.002664161
0.001569703
0.0003119341
-0.000877854
-0.001849642
-0.00253019
-0.002862172
-0.002804924
-0.002391129
-0.001751197
-0.001078232
-0.0005951531
-0.0005002861
-0.0009011593
-0.001793664
-0.00308487
-0.004622786
-0.006195665
-0.007569955
-0.008569496
-0.009109043
-0.009182508
-0.008839978
-0.008190225
-0.007393239
-0.006609138
-0.005969404
-0.0055394
-0.005306625
-0.005219819
-0.005233659
-0.00530152
-0.005337557
-0.005241233
-0.004926558
-0.00433072
-0.003424259
-0.002232415
-0.0008002243
0.0008081314
0.002499672
0.00416592
0.005711124
0.007024582
0.007978091
0.008456477
0.008387943
0.007772124
0.00667445
0.005226725
0.003611441
0.002021174
0.0006191461
-0.0004770792
-0.001186105
-0.001451462
-0.001254591
-0.0006312923
0.0003024161
0.001371505
0.002364805
0.003068124
0.003358717
0.003221804
0.002701763
0.001908628
0.0009989933
0.0001246666
-0.0005923812
-0.001063752
-0.001250641
-0.001170476
-0.00089131
-0.0004772542
4.674389e-05
0.0006863433
0.001458674
0.002336265
0.003246842
0.004085142
0.004732088
0.005126339
0.005293041
0.005298548
0.005196453
0.005021206
0.004817867
0.004650327
0.004594868
0.004722723
0.005061887
0.005553858
0.00609118
0.006568796
0.006909858
0.007085669
0.007116531
0.007038706
0.006851863
0.00651882
0.006032178
0.005451943
0.004878725
0.004391127
0.00398187
0.003614258
0.003310193
0.003120393
0.00305695
0.003078671
0.003136575
0.003190255
0.003205528
0.003151555
0.00301432
0.002836456
0.002715166
0.002710638
0.002807537
0.002967861
0.003160423
0.00333703
0.003473237
0.003600289
0.003780388
0.004055126
0.004420071
0.004827743
0.005181375
0.005371976
0.005336678
0.005077926
0.004661944
0.004180505
0.003695468
0.003235336
0.00280969
0.002430527
0.002106095
0.001851304
0.001670456
0.001500156
0.001263758
0.0009355335
0.0004974061
-6.636571e-05
-0.0007203068
-0.001408281
-0.00208982
-0.00270795
-0.003166821
-0.003376687
-0.003300344
-0.002977141
-0.002458789
-0.001752103
-0.0008496586
0.0001934125
0.00132561
0.0025264
0.003759594
0.004954716
0.006032324
0.006910798
0.00751723
0.007861976
0.008049549
0.008195508
0.008355348
0.00853995
0.00874755
0.008983531
0.009246358
0.009509007
0.009719106
0.009804843
0.009665971
0.009234775
0.008515315
0.00754809
0.006417888
0.005261599
0.004229431
0.003426293
0.002860025
0.002458602
0.002151577
0.001903932
0.001726345
0.00165514
0.001717887
0.001885426
0.002054001
0.002098854
0.001934461
0.001516668
0.0008460435
2.750652e-06
-0.0008762567
-0.001651815
-0.002209257
-0.002457466
-0.002318624
-0.00177408
-0.0008930079
0.0001959447
0.001308812
0.002239887
0.0028275
0.002997846
0.002779164
0.002259423
0.001526426
0.0006788836
-0.0002010989
-0.00107765
-0.001935729
-0.002766069
-0.003572588
-0.004348834
-0.005080161
-0.005764513
-0.006370795
-0.006845909
-0.00717826
-0.007421615
-0.007638007
-0.007882474
-0.008181819
-0.008512561
-0.008823485
-0.009061307
-0.009204463
-0.009274102
-0.009258219
-0.009092499
-0.008703587
-0.008061919
-0.007233381
-0.006333291
-0.005456295
-0.004644381
-0.003879171
-0.003133568
-0.002450253
-0.00190529
-0.001555154
-0.001408282
-0.001407434
-0.001461267
-0.001483971
-0.00141323
-0.001210856
-0.00088521
-0.0004923088
-8.397403e-05
0.0002975626
0.0005912829
0.0007483597
0.000764356
0.0006548851
0.0004409536
0.0001800079
-5.36199e-05
-0.0002174505
-0.0002835555
-0.0002121617
3.600097e-05
0.0004835042
0.001116542
0.001861748
0.00261492
0.003260107
0.003686148
0.003827239
0.003709136
0.003433086
0.003134819
0.002930137
0.002845121
0.002856575
0.002970549
0.003241217
0.0037208
0.004403549
0.005245616
0.006205665
0.007229649
0.008185616
0.00889407
0.00920479
0.00902397
0.008323063
0.007166799
0.005686136
0.004022734
0.002294869
0.000592302
-0.001009199
-0.002422285
-0.003595783
-0.004514869
-0.005161159
-0.005536949
-0.0057015
-0.005736206
-0.005711224
-0.005688164
-0.005693793
-0.005710583
-0.005684414
-0.005559453
-0.005339514
-0.005079921
-0.00483
-0.004552619
-0.004179993
-0.003716172
-0.003186379
-0.002580329
-0.001891502
-0.001157936
-0.0004223422
0.0002854918
0.0009343471
0.001485799
0.001924106
0.002254349
0.002489147
0.00266639
0.002842475
0.003051014
0.003275648
0.003476282
0.003635496
0.003761865
0.003857296
0.003914849
0.00394754
0.00399638
0.004087526
0.004176381
0.004218572
0.0042108
0.00410761
0.003813573
0.003276807
0.002533538
0.001649756
0.000691226
-0.0002727366
-0.001175796
-0.001971219
-0.002606486
-0.00301491
-0.003132529
-0.002907217
-0.002347688
-0.001529679
-0.0005674625
0.0004224747
0.001342011
0.002132421
0.002782369
0.003283487
0.003622217
0.003786155
0.003751099
0.003496847
0.003042145
0.002456371
0.001802487
0.001104666
0.0004260346
-0.0001274352
-0.0004944988
-0.0006876828
-0.0007421394
-0.0007153264
-0.0006885388
-0.0007130998
-0.0008110071
-0.0009708269
-0.001158001
-0.001381076
-0.001663489
-0.001986076
-0.002288403
-0.00252293
-0.00267902
-0.002771581
-0.002820522
-0.002860738
-0.002945421
-0.00312942
-0.003455652
-0.00393989
-0.004577251
-0.005359651
-0.006273741
-0.00726187
-0.008221378
-0.009019535
-0.009566822
-0.009880844
-0.01003266
-0.01007992
-0.01006653
-0.01002771
-0.009978551
-0.009942451
-0.009926517
-0.009907279
-0.009871688
-0.009820833
-0.009787434
-0.009825511
-0.009955955
-0.01014851
-0.0102983
-0.0102767
-0.0100384
-0.009589494
-0.008950594
-0.008153477
-0.007234983
-0.006234377
-0.005203771
-0.004182874
-0.003185024
-0.002203135
-0.001238809
-0.0003713701
0.0002980286
0.0007222463
0.0009033231
0.0008755302
0.0007348995
0.0005896797
0.0004859509
0.0004038374
0.00034062
0.0003481695
0.0004685657
0.0006948153
0.001020895
0.001440981
0.001962758
0.002587051
0.003293382
0.004036177
0.00476364
0.005422909
0.005953458
0.006327281
0.006587036
0.006810264
0.007035606
0.007269437
0.007506654
0.007712469
0.007859139
0.007990068
0.008171371
0.008433912
0.008800408
0.009242805
0.009646628
0.009867955
0.009841149
0.009596158
0.009195549
0.00869708
0.008145422
0.007589082
0.007092016
0.006740512
0.006615639
0.006760206
0.007155746
0.0077038
0.00827985
0.008797469
0.009192203
0.009415325
0.009471183
0.00940857
0.009303471
0.009182351
0.0090013
0.008744128
0.008433021
0.008088616
0.007749506
0.007481288
0.007343593
0.007367874
0.007549813
0.007841354
0.008133902
0.008269155
0.008108691
0.00761143
0.006818794
0.005815179
0.004686178
0.003476135
0.002218167
0.0009935481
-2.901476e-05
-0.0006451359
-0.0007723836
-0.0005284507
-0.0001253314
0.0002449345
0.0004887741
0.0006047999
0.0005717948
0.0003393951
-0.0001002949
-0.0007083648
-0.00145429
-0.002275487
-0.00307841
-0.003814126
-0.004511824
-0.005246796
-0.006071702
-0.006978687
-0.007922109
-0.008860213
-0.009747074
-0.01054634
-0.01127083
-0.01197052
-0.01270885
-0.01353624
-0.01447799
-0.01548752
-0.01643081
-0.01713141
-0.01747806
-0.01744991
-0.01708402
-0.01649966
-0.01583103
-0.01516078
-0.01450653
-0.01384191
-0.01311721
-0.01228144
-0.0113213
-0.01025659
-0.009132339
-0.008004372
-0.006893945
-0.005811653
-0.004733779
-0.003616065
-0.002466786
-0.001365994
-0.0004259125
0.0002667427
0.0006517502
0.0006871183
0.0004070536
-5.64149e-05
-0.0005499123
-0.0009580249
-0.001160813
-0.001039606
-0.000547444
0.0002625461
0.001226614
0.00215302
0.00289419
0.003347352
0.003449335
0.003192528
0.002635566
0.001918049
0.00123792
0.0008111663
0.0007669431
0.001067579
0.001579525
0.002181449
0.002794458
0.003361105
0.00383087
0.004185735
0.004447563
0.004662341
0.004899207
0.00520976
0.005605826
0.006056112
0.006524073
0.007008337
0.007497249
0.007938273
0.008297696
0.008597493
0.008879295
0.009176459
0.009524503
0.009940384
0.0103931
0.01080969
0.01110142
0.01119048
0.01103997
0.01065707
0.01006065
0.009248979
0.008263209
0.007224602
0.006264481
0.005446744
0.004766349
0.004185008
0.0036913
0.003323077
0.003104057
0.003007776
0.003006703
0.003127589
0.003442652
0.004014342
0.00483726
0.005854066
0.006996713
0.008179868
0.009310664
0.01034914
0.01129864
0.01213386
0.01277526
0.01313989
0.01320238
0.01298754
0.01253677
0.01191218
0.01117753
0.01036517
0.0094834
0.008576282
0.007738718
0.007064884
0.006607192
0.006359912
0.006285406
0.006334236
0.006448967
0.006563942
0.006593763
0.006481204
0.006243777
0.005962732
0.00573493
0.005626944
0.005650843
0.005783119
0.005950264
0.006020698
0.005884511
0.005503835
0.00485787
0.003951403
0.002854545
0.001710432
0.0006778393
-0.0001521018
-0.0007545914
-0.001157459
-0.001423513
-0.001606641
-0.001728392
-0.001800016
-0.001886544
-0.002045934
-0.002256285
-0.00243727
-0.002541676
-0.002611666
-0.002699766
-0.002790345
-0.002842729
-0.002870419
-0.0029281
-0.003041379
-0.003163297
-0.003233135
-0.003254739
-0.003304728
-0.003432995
-0.003651979
-0.003977158
-0.004406126
-0.00491048
-0.005446949
-0.005959234
-0.006380048
-0.006717159
-0.007060837
-0.007469235
-0.007912285
-0.008314636
-0.008609863
-0.008721819
-0.00857572
-0.008175309
-0.007633768
-0.007108525
-0.006694867
-0.006362487
-0.006034052
-0.005674478
-0.005282048
-0.004852287
-0.004382477
-0.003867945
-0.00329717
-0.002654651
-0.001958449
-0.001284635
-0.0007382276
-0.000407773
-0.0003421215
-0.0005420261
-0.0009679186
-0.001546078
-0.002191581
-0.002822378
-0.00336679
-0.003787146
-0.004083126
-0.004255653
-0.004287287
-0.004134135
-0.003787561
-0.003333523
-0.002854153
-0.002399721
-0.002049302
-0.001878745
-0.001876915
-0.001950952
-0.002013229
-0.001976518
-0.001773133
-0.001397663
-0.000891926
-0.0003042765
0.0003276651
0.0009769287
0.001623722
0.002212485
0.002644749
0.002850164
0.002819124
0.002594852
0.002254667
0.001860489
0.00139839
0.0008290133
0.0001792279
-0.0004696184
-0.001032148
-0.001452001
-0.001705115
-0.001802036
-0.001791863
-0.001725975
-0.001611274
-0.001464969
-0.001335055
-0.001253375
-0.001252366
-0.00138611
-0.001748267
-0.002407036
-0.003319401
-0.004375983
-0.00546781
-0.006479188
-0.007276749
-0.007754497
-0.007910555
-0.007818547
-0.007559875
-0.007210159
-0.006804242
-0.006351211
-0.005870591
-0.00536773
-0.004838843
-0.004275644
-0.003677039
-0.0030743
-0.002531479
-0.00209788
-0.001749446
-0.001455948
-0.001225441
-0.001052495
-0.0008797652
-0.0006608593
-0.000424407
-0.0002124122
-3.155992e-05
0.0001319778
0.000308753
0.0005589691
0.0009311495
0.001460135
0.002148375
0.002966438
0.003898109
0.004909392
0.005945296
0.006978397
0.008041194
0.009188929
0.01044493
0.01179232
0.01320721
0.01464115
0.01599625
0.0171364
0.01793841
0.01833858
0.01832586
0.01794507
0.01730184
0.01652847
0.0157394
0.01501662
0.01442772
0.01400431
0.01370666
0.01347737
0.0132928
0.01314197
0.01300812
0.01292847
0.01298826
0.01322594
0.01359112
0.01399409
0.01434411
0.01457432
0.01467621
0.01470985
0.0147599
0.01489646
0.01515393
0.01552816
0.01599604
0.01652457
0.01706643
0.01760245
0.01818325
0.01884573
0.01950932
0.02001068
0.02022311
0.02009508
0.01965971
0.01899923
0.0182145
0.01735961
0.01641836
0.01536966
0.01422605
0.01303052
0.01184778
0.01075952
0.009851727
0.009178448
0.008740314
0.008526624
0.008535667
0.008759207
0.009149102
0.009638918
0.01020405
0.01085704
0.01160585
0.01243877
0.01332958
0.01424307
0.01514557
0.01597988
0.01665144
0.01707683
0.01718533
0.01691107
0.01625336
0.01528267
0.01409781
0.01279751
0.01150671
0.01032647
0.009277948
0.008363113
0.007575611
0.006865826
0.00616881
0.005443969
0.004703308
0.003978028
0.003258705
0.002500603
0.001634386
0.0006311976
-0.0004344444
-0.001484726
-0.002510904
-0.003516356
-0.00446746
-0.005324286
-0.006078375
-0.006768256
-0.007430812
-0.008061033
-0.008622715
-0.009088723
-0.009443792
-0.009656804
-0.009683978
-0.009509836
-0.009172656
-0.008742289
-0.008321233
-0.008019723
-0.00791566
-0.008032775
-0.00833188
-0.008708548
-0.009055798
-0.009318043
-0.009421821
-0.009275272
-0.008895605
-0.008422365
-0.007958909
-0.00752136
-0.007089162
-0.00663791
-0.00614912
-0.005574267
-0.004815317
-0.003767385
-0.002368543
-0.0006203394
0.001398247
0.003542229
0.005663282
0.007635643
0.009379624
0.01087729
0.01217327
0.01332272
0.01426905
0.01494786
0.01537482
0.01559762
0.01565614
0.01559164
0.01543124
0.01515546
0.01471671
0.01406688
0.01318279
0.01208883
0.01085965
0.009584595
0.008374954
0.007326194
0.006464157
0.005789645
0.00528947
0.004918688
0.004601672
0.004283441
0.003966153
0.003694532
0.003493786
0.00332964
0.003161094
0.002960869
0.002705016
0.002364105
0.001914617
0.001366301
0.0007660071
0.000146124
-0.0005011276
-0.001206136
-0.001995134
-0.002840783
-0.003651416
-0.004342969
-0.004915278
-0.005455291
-0.006081314
-0.006861512
-0.007809136
-0.008905188
-0.01007969
-0.01124428
-0.01231666
-0.01324006
-0.01402274
-0.01469181
-0.01526796
-0.01575889
-0.01614524
-0.01641043
-0.01655
-0.01657833
-0.01648537
-0.01624764
-0.01589491
-0.01544457
-0.01482394
-0.01394178
-0.01276216
-0.01128808
-0.009530092
-0.007550656
-0.005494416
-0.003510179
-0.001696695
-0.0001080048
0.00122074
0.002238191
0.002905865
0.003214294
0.003173726
0.002831689
0.002290077
0.001649849
0.0009648095
0.0002758295
-0.0003585877
-0.0008930056
-0.001296921
-0.001556369
-0.001677251
-0.001698409
-0.001654174
-0.001538794
-0.001314992
-0.0009704862
-0.0005439674
-6.831981e-05
0.0004381012
0.0009801192
0.001553507
0.00214784
0.002765574
0.003365271
0.003850082
0.004153667
0.00425733
0.00415796
0.003864142
0.003423219
0.002903006
0.002358454
0.001825776
0.001339081
0.0009338557
0.0005868073
0.0002447804
-0.0001053365
-0.0004722134
-0.0009064353
-0.001477455
-0.002242994
-0.003182669
-0.004224829
-0.005319948
-0.006421591
-0.007460077
-0.008370081
-0.009115602
-0.009656706
-0.009919812
-0.009816339
-0.009311749
-0.008473463
-0.00747292
-0.006525856
-0.005783101
-0.00528105
-0.00497533
-0.004813346
-0.004756912
-0.004762944
-0.004792749
-0.004865033
-0.005058177
-0.005453555
-0.006066411
-0.006854154
-0.007773195
-0.008780295
-0.00981462
-0.01079478
-0.01167165
-0.01246866
-0.01322409
-0.01396901
-0.0146997
-0.01532611
-0.01574472
-0.0159132
-0.01584921
-0.0156096
-0.0152669
-0.01491041
-0.01461053
-0.01435624
-0.0141025
-0.01385972
-0.01370498
-0.0137318
-0.01399812
-0.01450961
-0.01522256
-0.01605304
-0.01691259
-0.01773038
-0.01845147
-0.01900375
-0.01928543
-0.01918161
-0.01861897
-0.0176199
-0.01626432
-0.01466909
-0.01297435
-0.01131375
-0.009755129
-0.008338451
-0.007154951
-0.006294044
-0.005785828
-0.005613294
-0.005711806
-0.005981576
-0.006303094
-0.006568503
-0.006710502
-0.00666952
-0.006409118
-0.005929728
-0.005260104
-0.004429264
-0.003443127
-0.002327606
-0.001174587
-0.0001233616
0.0006976486
0.001200064
0.001323926
0.001074863
0.0005327437
-0.0001781939
-0.0009327058
-0.001663837
-0.002321971
-0.002827918
-0.003095892
-0.003078693
-0.002782282
-0.002241885
-0.001532936
-0.0007688214
-7.640859e-05
0.0004379096
0.0007149613
0.0007410924
0.0005779987
0.0003205067
4.333208e-05
-0.0002207082
-0.0004840612
-0.0007496076
-0.0009843155
-0.00113342
-0.001193007
-0.001214192
-0.001256294
-0.001380749
-0.001660218
-0.002159359
-0.002919461
-0.00393848
-0.005133208
-0.006376789
-0.007609755
-0.008836082
-0.01003402
-0.01115629
-0.01214212
-0.01291366
-0.01341454
-0.01368449
-0.01379617
-0.01379616
-0.01371479
-0.01357708
-0.01344686
-0.01342049
-0.0135572
-0.01386412
-0.01432532
-0.01488738
-0.01544991
-0.01591815
-0.01628645
-0.01658218
-0.01680517
-0.01694687
-0.01701335
-0.01701187
-0.01694124
-0.01685021
-0.01683262
-0.0169373
-0.01711659
-0.01722362
-0.01707848
-0.016579
-0.01567923
-0.01436661
-0.01267879
-0.01066083
-0.008329283
-0.005700433
-0.002835858
0.0001673489
0.003201224
0.006162207
0.009001642
0.01176706
0.01455
0.01740713
0.02035657
0.02338929
0.02649851
0.02968614
0.0329246
0.03615187
0.03928694
0.0422606
0.04503775
0.04761576
0.05000394
0.05216423
0.05397397
0.05530302
0.05610789
0.05641558
0.05626634
0.05567858
0.0546724
0.05329443
0.05159864
0.04966868
0.0476156
0.04554009
0.04348357
0.04139648
0.0392003
0.03683487
0.03426955
0.03153355
0.02872975
0.02594353
0.02321039
0.02055751
0.01803373
0.01568329
0.01350084
0.01146369
0.009577019
0.007842186
0.006217248
0.004603985
0.002909626
0.001079267
-0.0008877874
-0.002931796
-0.00498953
-0.007041088
-0.009106495
-0.01120268
-0.01326278
-0.01515264
-0.01678596
-0.01817024
-0.01928891
-0.02009869
-0.02060211
-0.02081371
-0.02071974
-0.02030891
-0.01963145
-0.01877186
-0.01777747
-0.01669409
-0.01560181
-0.01458423
-0.01368175
-0.01291854
-0.0123243
-0.01190292
-0.01160527
-0.01134068
-0.01104677
-0.01069263
-0.01019551
-0.009461139
-0.008491591
-0.007373851
-0.006179438
-0.004934698
-0.003671887
-0.002426035
-0.001247358
-0.0002329928
0.0004871271
0.0008557661
0.0009511655
0.0009251675
0.0009195771
0.001066666
0.001504119
0.002306363
0.003402209
0.004642301
0.005904248
0.007119742
0.008224427
0.009153608
0.009870776
0.01035152
0.01054225
0.01037086
0.009795447
0.008825565
0.007517032
0.005932569
0.004157675
0.002294644
0.000388556
-0.001550914
-0.003468775
-0.005286096
-0.006976089
-0.008523007
-0.009886365
-0.01100719
-0.01182428
-0.01229073
-0.01235201
-0.01195678
-0.01109103
-0.009757793
-0.00796321
-0.005762248
-0.003264756
-0.0005724848
0.002260465
0.005193801
0.008148762
0.01104429
0.01386447
0.01662805
0.0193002
0.02178435
0.02400415
0.02591405
0.02748401
0.02869972
0.02955604
0.0300598
0.03022282
0.03006658
0.02962254
0.02890631
0.0279105
0.02664519
0.02512994
0.02339016
0.02146888
0.01943557
0.01738972
0.01545126
0.01373034
0.01232676
0.01131037
0.01071214
0.01052175
0.01069263
0.01116445
0.0118952
0.01286939
0.01406812
0.01547278
0.01704442
0.01871541
0.02040894
0.0220432
0.02355665
0.0249365
0.02620674
0.02739374
0.0284838
0.0294106
0.03009778
0.03049378
0.0305386
0.03014357
0.02925207
0.02791132
0.02625039
0.02437689
0.02232802
0.02014947
0.01792041
0.01572905
0.01365829
0.01174456
0.009967155
0.008324401
0.006876964
0.005716484
0.004886057
0.004340172
0.004013538
0.003898414
0.004054454
0.004566051
0.005474711
0.006734831
0.008227193
0.009824442
0.0114626
0.01314089
0.01485748
0.01657543
0.0182464
0.0198418
0.02139119
0.02293477
0.02446873
0.02602623
0.02766844
0.02941386
0.03123052
0.03303226
0.03466342
0.03594307
0.03676216
0.03709479
0.03692896
0.03624818
0.03504743
0.03337507
0.03137224
0.02924765
0.02719375
0.02531771
0.02368043
0.02233556
0.02134051
0.02075999
0.02058254
0.02067163
0.02084611
0.0209601
0.02094327
0.02078686
0.02050273
0.02012332
0.01968939
0.01926702
0.01891927
0.01869927
0.01862594
0.01869151
0.01889004
0.01918798
0.01951683
0.01981764
0.02005313
0.02021367
0.02026297
0.02011569
0.0196931
0.0189625
0.01793396
0.01667447
0.01530636
0.01396141
0.01271968
0.01157868
0.01047081
0.009328515
0.00813078
0.00691985
0.005741092
0.004584961
0.003413275
0.002209456
0.001003205
-0.0001574732
-0.001254354
-0.002313175
-0.003367752
-0.004431358
-0.005510716
-0.006596196
-0.007656912
-0.008675907
-0.009665921
-0.01067221
-0.01177485
-0.01306867
-0.01460215
-0.01635129
-0.01824299
-0.02017555
-0.02207949
-0.02393169
-0.02570918
-0.02734479
-0.02881692
-0.03022436
-0.03170265
-0.03331801
-0.03507344
-0.03695223
-0.03896518
-0.04115097
-0.04354435
-0.04612365
-0.04876789
-0.05130719
-0.05362137
-0.05566694
-0.05745375
-0.05899928
-0.06030971
-0.06136657
-0.06213906
-0.06258458
-0.06266789
-0.06240141
-0.0618149
-0.06090637
-0.05964553
-0.05800129
-0.05598655
-0.05368063
-0.05125033
-0.04891909
-0.04688089
-0.04525105
-0.04410419
-0.04349119
-0.04341085
-0.04379939
-0.04456519
-0.04562256
-0.04688205
-0.0482385
-0.04961944
-0.0510167
-0.05244162
-0.05386555
-0.05523698
-0.05651146
-0.05766268
-0.05867024
-0.05950802
-0.06017586
-0.06072607
-0.06122528
-0.06172772
-0.06226782
-0.06284979
-0.06344016
-0.0639921
-0.06444485
-0.06472791
-0.06477966
-0.06456214
-0.06410012
-0.06343211
-0.06252097
-0.06127598
-0.05961709
-0.05748929
-0.05483589
-0.05161332
-0.0478287
-0.04352977
-0.03879599
-0.03372309
-0.02838088
-0.0228236
-0.0171472
-0.01148997
-0.006027089
-0.0009518362
0.003591052
0.007549759
0.01092397
0.01373966
0.01601778
0.01776783
0.01899693
0.01973278
0.02003742
0.02001349
0.0197892
0.01947267
0.01912731
0.01877116
0.01838567
0.01794521
0.01742334
0.01677744
0.01596601
0.01499128
0.01391725
0.01282516
0.01175626
0.0107152
0.009704776
0.008761235
0.007960842
0.007395582
0.007146937
0.007237063
0.007638024
0.008315321
0.009203621
0.01021219
0.01128327
0.01239087
0.01351388
0.01465954
0.01585359
0.01708831
0.01834931
0.01962273
0.02091057
0.02227749
0.0238091
0.02549414
0.02718093
0.0287097
0.03000475
0.0310448
0.03183812
0.03241652
0.0328343
0.03314977
0.03337163
0.03343692
0.03327709
0.03285605
0.03215739
0.0312021
0.03007219
0.02887208
0.02764331
0.02636741
0.02504351
0.02373085
0.02254342
0.02158264
0.02084628
0.02029233
0.01988093
0.01956634
0.01931332
0.01908872
0.01885218
0.01858867
0.01833988
0.01817464
0.01814406
0.01826298
0.0185432
0.01899649
0.01960257
0.02033697
0.02119368
0.02214914
0.02317871
0.02428992
0.02551922
0.02687462
0.0282865
0.02962345
0.03075784
0.03166597
0.03243077
0.03313109
0.03375927
0.0342336
0.03444395
0.03430544
0.03385891
0.03327696
0.03272261
0.03225422
0.03188111
0.03160354
0.03140665
0.03127685
0.03121205
0.03119616
0.03119429
0.03116059
0.03106616
0.03090639
0.03067387
0.03034213
0.02987387
0.02926582
0.02854775
0.02774496
0.02691017
0.02611742
0.02537087
0.0246103
0.02376416
0.02273279
0.02140134
0.01967452
0.01751482
0.01494526
0.01201694
0.00876657
0.00520297
0.001370497
-0.002596649
-0.006511131
-0.0102006
-0.01354766
-0.01649132
-0.01899851
-0.02099978
-0.02241214
-0.02324639
-0.02363881
-0.02373859
-0.023638
-0.02339456
-0.02306288
-0.0227132
-0.02244227
-0.02236292
-0.02254585
-0.02299481
-0.02367583
-0.0245423
-0.02553352
-0.02657541
-0.02760265
-0.02859536
-0.02958437
-0.03059366
-0.03164361
-0.03277081
-0.03398029
-0.03526102
-0.03658481
-0.0378662
-0.03899219
-0.03988228
-0.04050523
-0.04084918
-0.0409173
-0.04073231
-0.04035813
-0.03987303
-0.03937244
-0.03899038
-0.03885693
-0.03905313
-0.03955525
-0.04028587
-0.04121809
-0.04236021
-0.04371345
-0.04523272
-0.04681731
-0.0483393
-0.04967706
-0.05075121
-0.05150187
-0.05183625
-0.05167897
-0.05110514
-0.05029915
-0.04942122
-0.04854398
-0.04766918
-0.04677502
-0.04584126
-0.04481656
-0.04363057
-0.04225172
-0.04070111
-0.03897608
-0.03700421
-0.03471804
-0.03212717
-0.02929844
-0.02630521
-0.02318853
-0.01996431
-0.0166348
-0.01321119
-0.009738996
-0.006244846
-0.00271628
0.0008503822
0.004428749
0.007949282
0.01131453
0.01445558
0.01736455
0.02006815
0.02261944
0.02508771
0.02752998
0.02992693
0.03220284
0.0342799
0.03613475
0.03774552
0.03905826
0.04009122
0.0409409
0.04168872
0.04233724
0.04283093
0.04311932
0.043174
0.04300003
0.04264835
0.04219963
0.04169386
0.04112533
0.04049951
0.03982366
0.03909208
0.03834037
0.03764365
0.03706522
0.03661665
0.03626356
0.03594847
0.03559587
0.03514243
0.0345385
0.03371183
0.03255555
0.0309962
0.0290544
0.02686001
0.02459012
0.02235492
0.02022249
0.01829505
0.01665143
0.015329
0.01436551
0.0138103
0.01370426
0.01405341
0.01483185
0.01598678
0.01741289
0.0189556
0.02045556
0.02178812
0.02287459
0.02369462
0.02428566
0.02472715
0.02505947
0.02524765
0.02527628
0.02521331
0.02512911
0.02503776
0.02492213
0.02477353
0.02461346
0.02446221
0.02431723
0.02416439
0.02399963
0.0238141
0.02359096
0.02330053
0.02289381
0.02230915
0.02153811
0.0206419
0.01964077
0.01848604
0.01713844
0.01559497
0.01386218
0.01193561
0.00981216
0.007520347
0.005101878
0.002571707
-6.080664e-05
-0.002758918
-0.005475182
-0.008156737
-0.01073554
-0.01312539
-0.01522291
-0.01693999
-0.01825052
-0.01910497
-0.01944469
-0.01932693
-0.01886476
-0.01811443
-0.01712695
-0.01597623
-0.01472373
-0.01339396
-0.01201516
-0.01064573
-0.009363918
-0.00824436
-0.00734888
-0.006724434
-0.006378098
-0.006264733
-0.0063026
-0.006407515
-0.006518376
-0.006610894
-0.006702579
-0.006858086
-0.007153244
-0.007631835
-0.008336851
-0.009311452
-0.01055728
-0.01203822
-0.01370804
-0.01551935
-0.01742662
-0.01938664
-0.02135574
-0.02328548
-0.02513412
-0.02687809
-0.02850191
-0.03000586
-0.03138333
-0.03260191
-0.03362968
-0.03443756
-0.0349604
-0.03510684
-0.03481067
-0.0340746
-0.03297144
-0.0316096
-0.03009603
-0.02849419
-0.02682741
-0.02511421
-0.02339071
-0.02168333
-0.01999028
-0.01827944
-0.01652046
-0.01474193
-0.01297175
-0.01118453
-0.009367794
-0.007584882
-0.005899213
-0.004332377
-0.002908141
-0.00165298
-0.0005816614
0.0003067049
0.001054341
0.001716544
0.002302087
0.002774684
0.003087871
0.003179922
0.002947786
0.002286202
0.001136709
-0.0004708485
-0.002431472
-0.004611732
-0.006903068
-0.009246354
-0.01162622
-0.01404444
-0.01650827
-0.01899175
-0.02143674
-0.02381518
-0.0261082
-0.02826353
-0.03023761
-0.03201618
-0.0335958
-0.03495432
-0.03607082
-0.0369864
-0.03779032
-0.03857658
-0.03941113
-0.04031427
-0.04126836
-0.04226066
-0.04329141
-0.04432325
-0.04529532
-0.04613611
-0.04674009
-0.04698289
-0.04682021
-0.04630107
-0.04552737
-0.04461571
-0.04362916
-0.04257338
-0.04143403
-0.0402259
-0.03901964
-0.03793572
-0.03705834
-0.03637359
-0.03580837
-0.03533179
-0.03494224
-0.03460962
-0.03431017
-0.03409681
-0.03408225
-0.03431968
-0.03474916
-0.03526479
-0.03574874
-0.03611044
-0.03629027
-0.03623169
-0.03590091
-0.03528878
-0.03442465
-0.03336775
-0.03214115
-0.03069612
-0.02898351
-0.02704281
-0.02498501
-0.02294432
-0.02099707
-0.01915253
-0.01737428
-0.01563018
-0.01388945
-0.01213235
-0.01037902
-0.008671555
-0.007044858
-0.005459198
-0.003786708
-0.001896435
0.0002506034
0.002598268
0.005071849
0.00761401
0.01014013
0.01252945
0.01469109
0.01658703
0.01818807
0.0194454
0.02028207
0.02060698
0.02037025
0.01959127
0.01833975
0.01671833
0.01483224
0.01280807
0.01077699
0.008783708
0.006778561
0.004702
0.002582901
0.0005008539
-0.001518381
-0.003530582
-0.00556658
-0.007585852
-0.009516602
-0.01129084
-0.0128399
-0.01410581
-0.01508952
-0.01584418
-0.01642723
-0.01687786
-0.01723135
-0.01752477
-0.01778884
-0.01803145
-0.01823607
-0.01840142
-0.01857448
-0.01877728
-0.01898854
-0.01920547
-0.01940748
-0.01950902
-0.01937773
-0.01889785
-0.01799712
-0.01667879
-0.01503997
-0.01320747
-0.01129268
-0.009389267
-0.007587907
-0.005968315
-0.004586811
-0.003517082
-0.002895408
-0.002869053
-0.003517675
-0.004850125
-0.006798861
-0.009232765
-0.01196193
-0.01477276
-0.01751371
-0.02009776
-0.02245881
-0.02453712
-0.0262971
-0.02773715
-0.02886839
-0.02968671
-0.03016518
-0.03023315
-0.02981763
-0.02888981
-0.02745079
-0.02551369
-0.02310319
-0.02024216
-0.01695708
-0.01331877
-0.009435913
-0.005411517
-0.001311504
0.002836655
0.007009348
0.01117708
0.01529842
0.0192811
0.02300811
0.02636116
0.02923315
0.03155485
0.0333113
0.03452343
0.03522933
0.03550664
0.03547007
0.03522567
0.03483506
0.03427966
0.03351895
0.03256937
0.03149522
0.03038829
0.02934289
0.02844188
0.02772475
0.02718823
0.02683797
0.02669654
0.02676048
0.02699949
0.02736313
0.02779397
0.02822879
0.02861471
0.02892127
0.02909064
0.02904566
0.02873585
0.0281932
0.02753534
0.02689893
0.0263803
0.02602576
0.02582379
0.02574923
0.02580241
0.02597099
0.02617014
0.02628116
0.02626538
0.02618096
0.02609971
0.02605426
0.02599591
0.02581943
0.02544975
0.02483549
0.02392475
0.02273636
0.02137033
0.01992579
0.01843541
0.01687978
0.01524413
0.01358112
0.0119938
0.01057075
0.009364663
0.008425829
0.00782052
0.007587569
0.007709688
0.008112915
0.00870517
0.009438738
0.01034538
0.01144084
0.01266074
0.01392139
0.01517783
0.0163635
0.01738641
0.01818626
0.01872823
0.01899649
0.01899544
0.01876486
0.01835635
0.01779278
0.01710229
0.01631804
0.01545563
0.01451638
0.01345414
0.01219287
0.01067695
0.00884974
0.006690544
0.004267692
0.001690129
-0.0009187981
-0.003430985
-0.005730006
-0.00771911
-0.009356767
-0.01065095
-0.01156978
-0.01203397
-0.01199219
-0.01147569
-0.01061416
-0.009586127
-0.008540853
-0.007546236
-0.006573429
-0.0055329
-0.004364954
-0.003123958
-0.001923462
-0.0008768898
-2.556965e-05
0.0006863567
0.001392468
0.002244769
0.003326888
0.004655538
0.006205415
0.007943475
0.009878631
0.01205675
0.01450944
0.01717284
0.01985505
0.0223095
0.02432095
0.02578611
0.02670072
0.02708207
0.0269674
0.02645453
0.02568246
0.02478222
0.02387117
0.02306183
0.02242695
0.02196687
0.02164971
0.02145898
0.02139136
0.02144228
0.02158332
0.02177889
0.02202334
0.02233006
0.0226952
0.02315754
0.02377636
0.02452022
0.02529388
0.02603077
0.02667589
0.02715712
0.02742537
0.02750802
0.02747783
0.02740559
0.02734316
0.0273215
0.02735701
0.02745898
0.02762162
0.02782913
0.02807932
0.02835485
0.02859812
0.02876104
0.02880617
0.02866973
0.02829153
0.02764492
0.02675898
0.02569923
0.02455689
0.02342206
0.02233909
0.02132186
0.02038865
0.01958614
0.01895306
0.01848751
0.01815808
0.01792527
0.01774806
0.01756277
0.01731185
0.01693782
0.01632522
0.01535227
0.01395724
0.01215547
0.01004728
0.007783117
0.005520448
0.003388859
0.001471875
-0.0001791584
-0.001540297
-0.002583526
-0.003287788
-0.003675608
-0.003841949
-0.003897572
-0.003942515
-0.004035312
-0.004169716
-0.004323747
-0.004493814
-0.004710363
-0.005002101
-0.005366984
-0.005755817
-0.006080105
-0.006256967
-0.006234713
-0.005993589
-0.005577362
-0.005071228
-0.004542846
-0.004022849
-0.003520672
-0.003040323
-0.002576866
-0.002143661
-0.001792724
-0.001569108
-0.001454246
-0.001419258
-0.001488211
-0.001719969
-0.002149185
-0.002775696
-0.003625583
-0.004733864
-0.006102765
-0.007716124
-0.009529049
-0.01146488
-0.01344873
-0.01544233
-0.01744377
-0.01946815
-0.02149322
-0.02349087
-0.02546569
-0.02746544
-0.02952605
-0.03165552
-0.03386413
-0.03615873
-0.03851819
-0.04091057
-0.04331517
-0.04568271
-0.04790577
-0.04987382
-0.05153309
-0.052866
-0.05384424
-0.05441232
-0.05451779
-0.05416165
-0.05339409
-0.05226469
-0.05084956
-0.0492313
-0.0474693
-0.04562828
-0.0438172
-0.04216286
-0.04075585
-0.0396578
-0.03890658
-0.03847678
-0.03828506
-0.03827505
-0.03843796
-0.03876967
-0.0392149
-0.03967535
-0.04010381
-0.04049531
-0.04085617
-0.04118768
-0.04150571
-0.04182309
-0.04211055
-0.0423669
-0.04263616
-0.04293852
-0.04321999
-0.04339417
-0.04342535
-0.04335297
-0.04321018
-0.04300799
-0.04272766
-0.04233419
-0.0418085
-0.04114241
-0.040363
-0.03952922
-0.03868815
-0.03788016
-0.03714792
-0.03653718
-0.03605017
-0.03565663
-0.03536922
-0.03519639
-0.03510477
-0.0350673
-0.03508782
-0.03516665
-0.03527368
-0.03538633
-0.03553937
-0.03577475
-0.03609692
-0.03649084
-0.03692447
-0.03736428
-0.03778458
-0.03817292
-0.03852816
-0.03882227
-0.03896347
-0.03888945
-0.03864486
-0.03830354
-0.03786708
-0.03728055
-0.03650535
-0.03552391
-0.03433807
-0.03297747
-0.03148388
-0.02988835
-0.02822414
-0.02654456
-0.02490904
-0.02335517
-0.02188896
-0.02050059
-0.01922052
-0.01809827
-0.01707561
-0.01601743
-0.01485183
-0.01358249
-0.01220855
-0.01072356
-0.009168819
-0.007637179
-0.006204877
-0.004891071
-0.003717752
-0.002736273
-0.001983106
-0.001441699
-0.001057391
-0.0007587534
-0.0004791378
-0.0001569492
0.0002656933
0.0008194162
0.001515313
0.002364061
0.003352195
0.004417912
0.005477755
0.006461798
0.007341974
0.008120229
0.008780122
0.009325565
0.009794451
0.01024306
0.01070026
0.01113848
0.01155061
0.01199619
0.01258297
0.01336621
0.01431
0.01535314
0.01650822
0.01782543
0.01929922
0.02087312
0.02248711
0.02409918
0.02567813
0.02717827
0.02852989
0.029673
0.03061269
0.03140228
0.03206999
0.03260781
0.03301603
0.0333314
0.03358612
0.03376038
0.0338402
0.03382277
0.03371079
0.03350374
0.03320994
0.03286346
0.03248882
0.03207303
0.03159428
0.03106615
0.03053897
0.03007485
0.02972963
0.02952779
0.02944528
0.02939954
0.02932533
0.02921993
0.02907749
0.0288217
0.02830088
0.0273913
0.02609033
0.02445775
0.02251692
0.02026783
0.01775673
0.01505137
0.01222511
0.009379351
0.006629151
0.004033729
0.001595356
-0.0006646367
-0.002678867
-0.004386314
-0.005766719
-0.006844459
-0.007648252
-0.008184748
-0.008466922
-0.008509769
-0.008292725
-0.007834358
-0.007218762
-0.006521374
-0.005783422
-0.005044101
-0.004343746
-0.003713412
-0.003190656
-0.002829374
-0.002667417
-0.002699442
-0.002886423
-0.003192419
-0.003602141
-0.004126311
-0.004775819
-0.005532355
-0.006350574
-0.007184604
-0.007990507
-0.008719501
-0.009364494
-0.009915877
-0.01032748
-0.01054566
-0.01049865
-0.01010836
-0.009353461
-0.008268634
-0.006931589
-0.005449671
-0.003928484
-0.002453106
-0.001068217
0.0001860331
0.001245023
0.002070412
0.002658169
0.003035737
0.003259805
0.003383561
0.003435165
0.003471387
0.003578858
0.003799584
0.004100775
0.004428393
0.004774853
0.005154117
0.005536684
0.005879243
0.006140921
0.006303076
0.006367694
0.006343943
0.00626157
0.006143249
0.006002282
0.005872588
0.005820119
0.005914258
0.006176084
0.006590097
0.007149015
0.007846238
0.008675215
0.009598068
0.01051042
0.01129098
0.01183832
0.01204224
0.01180013
0.01109354
0.009997183
0.008622957
0.007067456
0.005423039
0.003785109
0.002251398
0.0009428937
-2.471015e-05
-0.0006061618
-0.0008319166
-0.0007577548
-0.0004212175
0.0001451601
0.0008989464
0.001786555
0.002751181
0.003743712
0.00472989
0.005677557
0.006576683
0.007440947
0.00826934
0.009038653
0.009742012
0.01038897
0.01095861
0.01145488
0.01190476
0.0122668
0.01245079
0.01242736
0.01224143
0.01192981
0.0114804
0.01084416
0.00996645
0.008805839
0.007357166
0.005648077
0.003728063
0.00167004
-0.0004485233
-0.002559385
-0.004609174
-0.006565538
-0.008395438
-0.0100646
-0.0115999
-0.01310576
-0.01466376
-0.01626833
-0.01786562
-0.01942357
-0.02097253
-0.0225723
-0.02423558
-0.02589566
-0.02745854
-0.02885399
-0.03006732
-0.03109227
-0.03190492
-0.03249314
-0.03285467
-0.03300184
-0.03295877
-0.03275545
-0.03241954
-0.03196667
-0.03139244
-0.03067803
-0.02984004
-0.02895919
-0.02810304
-0.02729046
-0.02652591
-0.02586336
-0.02537582
-0.0250844
-0.02494939
-0.02492938
-0.02499252
-0.02510654
-0.02525022
-0.02544075
-0.02571283
-0.02603862
-0.02635452
-0.02662654
-0.02682618
-0.02690767
-0.02685835
-0.0267062
-0.02646881
-0.02612452
-0.0256562
-0.02508982
-0.02445814
-0.02377847
-0.02307324
-0.02235818
-0.02162468
-0.02086731
-0.02009552
-0.01932106
-0.01853525
-0.0176881
-0.01673833
-0.01568923
-0.01453137
-0.01324826
-0.01186133
-0.01045229
-0.009085675
-0.007759823
-0.006461929
-0.005213682
-0.004066538
-0.003065505
-0.002221635
-0.001516833
-0.0009431804
-0.0004878204
-0.0001399895
7.572851e-05
0.0001388965
8.016348e-05
-5.832592e-05
-0.0002727838
-0.0005661488
-0.0009259867
-0.001356856
-0.001871092
-0.002454674
-0.00306499
-0.003643198
-0.004160027
-0.004647709
-0.005132681
-0.005602232
-0.00601428
-0.006311177
-0.006465993
-0.006491667
-0.006417933
-0.006238578
-0.005875533
-0.00526274
-0.004438308
-0.003473018
-0.002390965
-0.001200888
3.969435e-05
0.001270151
0.002459347
0.003623646
0.004840439
0.006192245
0.007683876
0.009267505
0.01090174
0.01257196
0.01424585
0.01587293
0.01742103
0.01886926
0.02024524
0.02159667
0.02293474
0.02425834
0.02556194
0.02681696
0.02798087
0.02902339
0.02992422
0.03064131
0.03113949
0.03140765
0.03142981
0.03122296
0.0308466
0.03036381
0.02979956
0.02914645
0.02843646
0.02774492
0.02711459
0.02654066
0.02599727
0.02549926
0.02509718
0.02481929
0.0246589
0.02461822
0.02470508
0.02487797
0.02508445
0.02530018
0.0255032
0.02568753
0.025859
0.02603221
0.02622149
0.02642718
0.02658798
0.02665787
0.0266831
0.02670299
0.02667778
0.02654795
0.02627183
0.02581778
0.02515835
0.02428093
0.02319349
0.02190603
0.02044043
0.01883684
0.01712961
0.01534708
0.01350585
0.01160162
0.009649718
0.00769736
0.005750763
0.003742103
0.001676538
-0.0003408623
-0.002253806
-0.00407258
-0.005813837
-0.007459532
-0.008971193
-0.01031212
-0.01146384
-0.01242308
-0.0132202
-0.01392036
-0.01457884
-0.0152406
-0.01592927
-0.01663973
-0.01735636
-0.01805108
-0.01870056
-0.01927285
-0.01966671
-0.01978349
-0.019633
-0.01927949
-0.0187436
-0.01801761
-0.01710182
-0.01599771
-0.01473615
-0.01338479
-0.01201246
-0.01067681
-0.009417762
-0.008218036
-0.007027541
-0.005777045
-0.004416897
-0.0029555
-0.001416921
0.000193055
0.001884123
0.003671956
0.005535611
0.007431763
0.009337176
0.0112388
0.01310966
0.01489926
0.01656629
0.01807449
0.01939748
0.02055183
0.0215672
0.02243458
0.02309677
0.02348431
0.02359285
0.02345985
0.02310556
0.02253414
0.02178157
0.02086585
0.01973522
0.01834389
0.01671884
0.01493753
0.01306661
0.01115945
0.009253924
0.007371786
0.005512527
0.003678019
0.001898628
0.0002018311
-0.001398379
-0.002872436
-0.004183419
-0.005304891
-0.006251129
-0.007069641
-0.007778011
-0.008354331
-0.008794562
-0.009104739
-0.009257154
-0.009236149
-0.00906185
-0.008773948
-0.008409096
-0.007966201
-0.007400152
-0.006676234
-0.005841249
-0.004962184
-0.00408045
-0.003235259
-0.002467226
-0.001809924
-0.001279076
-0.0008497556
-0.0004652264
-9.252138e-05
0.0002431642
0.0005186276
0.0007577231
0.0009840425
0.001157693
0.001218466
0.001167707
0.001071758
0.001012224
0.001025473
0.001115743
0.001294298
0.001602365
0.00205594
0.00263835
0.003318735
0.004057685
0.004841917
0.005684405
0.006582713
0.007493369
0.008379966
0.009247068
0.01010517
0.01092925
0.01167255
0.01229021
0.01272936
0.01294335
0.01290773
0.01260635
0.01203424
0.01120838
0.01017951
0.009025768
0.007817804
0.006600739
0.005442996
0.004478665
0.003823483
0.003501999
0.003473928
0.003688157
0.004092663
0.004626486
0.005257998
0.006007936
0.006897652
0.007855747
0.008794946
0.009704006
0.01063376
0.01164372
0.01278015
0.01405062
0.0154168
0.01681914
0.01820715
0.01956948
0.02089039
0.02211423
0.02319612
0.0241589
0.02504207
0.02582539
0.02646619
0.02694338
0.02726397
0.02744969
0.02754317
0.02761452
0.02770378
0.02780209
0.02788124
0.02792297
0.02792685
0.02789815
0.02785128
0.02781635
0.02777893
0.0276564
0.02741221
0.02709338
0.02673774
0.02634324
0.02591981
0.02549868
0.02508814
0.0246799
0.02428519
0.02391852
0.023556
0.02315903
0.02272925
0.02230151
0.0219067
0.02155345
0.02122671
0.02098165
0.0209156
0.02104484
0.02132979
0.02172471
0.02219067
0.02267665
0.02312158
0.02349167
0.02378302
0.02398755
0.02408765
0.0240826
0.02398372
0.02382129
0.02363274
0.02344818
0.02328431
0.02315446
0.02308048
0.02311641
0.0233182
0.02370107
0.02426078
0.02496884
0.02577809
0.02663329
0.02749702
0.02837398
0.02925206
0.03007263
0.03079253
0.03143553
0.03207081
0.03274406
0.03348223
0.03433486
0.03535126
0.03652187
0.03781731
0.03923667
0.04076186
0.04232044
0.04381036
0.04514939
0.04627757
0.04715965
0.04777984
0.04812755
0.04817823
0.04790601
0.04731396
0.04643298
0.04529849
0.04392887
0.04233376
0.0405573
0.03865416
0.0366238
0.03446056
0.03221788
0.02997735
0.02780902
0.0257608
0.0238852
0.02223467
0.02082623
0.01966973
0.01880089
0.01825611
0.01803517
0.01809578
0.01837913
0.01880858
0.01929076
0.01973902
0.02008727
0.02027522
0.02024065
0.01996079
0.01947467
0.01881763
0.01798314
0.01697472
0.01582536
0.01456447
0.01320531
0.01175781
0.01024636
0.008703812
0.007173446
0.005719742
0.004390196
0.003208351
0.002170042
0.001264246
0.0005021323
-9.184026e-05
-0.0005232973
-0.0008253813
-0.001021189
-0.001141874
-0.001246323
-0.001365544
-0.001469489
-0.001512052
-0.001491544
-0.001458232
-0.001457716
-0.001492113
-0.001526761
-0.001523192
-0.001481268
-0.001441469
-0.00143165
-0.001440774
-0.001449384
-0.001444039
-0.001430465
-0.001390539
-0.001277024
-0.001102145
-0.0009433011
-0.0008611754
-0.0008647477
-0.0009268848
-0.001003169
-0.001069007
-0.001136883
-0.001247476
-0.001445761
-0.00175804
-0.00217266
-0.002649685
-0.003175706
-0.003778652
-0.004488026
-0.005298425
-0.006146166
-0.006967576
-0.007737101
-0.008445676
-0.009107121
-0.00972178
-0.01024359
-0.01063384
-0.01091402
-0.01115276
-0.01141894
-0.01172934
-0.01206175
-0.01240893
-0.01275714
-0.01305223
-0.01323325
-0.01324976
-0.01308309
-0.01275007
-0.0122619
-0.01159624
-0.0107202
-0.00964834
-0.008448932
-0.007189685
-0.005915609
-0.004653588
-0.003431297
-0.002310579
-0.001330493
-0.0004667741
0.0002940994
0.0009163529
0.001378399
0.001715268
0.001980901
0.002231344
0.002520719
0.002888233
0.003342082
0.003905468
0.004615999
0.005438102
0.006271925
0.007034194
0.007682552
0.008164186
0.008402399
0.008362654
0.008061093
0.007522078
0.006755523
0.005769928
0.004608715
0.003352875
0.00210135
0.0009401479
-7.158066e-05
-0.0008860418
-0.001495136
-0.001962356
-0.002320999
-0.002536219
-0.002607366
-0.00259179
-0.00257517
-0.002613064
-0.002731735
-0.002927802
-0.003158734
-0.003375214
-0.003580475
-0.003815215
-0.004084146
-0.004359332
-0.004613643
-0.004852975
-0.005082002
-0.005295599
-0.00548586
-0.005642663
-0.005741077
-0.005785854
-0.005838347
-0.005960679
-0.006154721
-0.006363568
-0.00656336
-0.006794982
-0.007085802
-0.00745693
-0.007923047
-0.008485698
-0.009122978
-0.00975895
-0.01031616
-0.01079721
-0.0112189
-0.01158302
-0.01189069
-0.01212187
-0.01221731
-0.0121428
-0.01192005
-0.01156504
-0.01107359
-0.01045042
-0.009714604
-0.008898329
-0.008040496
-0.007175954
-0.006336926
-0.005545429
-0.004812189
-0.004134529
-0.003515311
-0.002968469
-0.002510555
-0.002155048
-0.001910685
-0.001788916
-0.001783626
-0.001894798
-0.002123121
-0.002439081
-0.002762318
-0.003030254
-0.003244871
-0.003424921
-0.003557081
-0.003624157
-0.003631229
-0.003591611
-0.00351646
-0.003439201
-0.003388883
-0.003378746
-0.003419936
-0.00350459
-0.003603874
-0.003662668
-0.003623315
-0.003464077
-0.003199762
-0.002818843
-0.002251417
-0.001434741
-0.0003205069
0.001152035
0.003045923
0.005396166
0.0081566
0.01125716
0.01462867
0.01816285
0.02174743
0.02528346
0.02864776
0.0316952
0.03431838
0.0364993
0.03829612
0.03977721
0.04100222
0.04202844
0.04291821
0.04370222
0.04438364
0.04497035
0.0454878
0.04595646
0.0463498
0.04658663
0.04659323
0.04634734
0.04585997
0.04512168
0.04410021
0.04277889
0.04114463
0.03920957
0.03704533
0.03472595
0.03227612
0.02972549
0.02714656
0.02460164
0.02213259
0.01977798
0.01758124
0.0155951
0.01387426
0.01247618
0.01146466
0.01088669
0.0107291
0.01095368
0.01153239
0.01241544
0.0135107
0.01470673
0.0159261
0.01708164
0.01805523
0.01874302
0.01909835
0.0191223
0.01881329
0.01816579
0.01720927
0.01596797
0.01444565
0.01268905
0.01079522
0.008861885
0.006988458
0.005281296
0.003813793
0.002595507
0.00162089
0.0008906601
0.0004169438
0.0002086719
0.0002564625
0.0005506893
0.001080242
0.001753967
0.002423826
0.002987103
0.003411011
0.003684551
0.003801119
0.003749413
0.003538816
0.00321974
0.002868395
0.002601202
0.00255188
0.002792949
0.003307477
0.004045036
0.005014008
0.006254942
0.007725343
0.009310287
0.01090167
0.01242966
0.01384202
0.01510397
0.01621947
0.01720982
0.01807985
0.0188234
0.01944853
0.02000313
0.02056831
0.02121799
0.02197484
0.02281508
0.0236696
0.0244304
0.02506553
0.02563989
0.02618915
0.02666983
0.0270537
0.02734174
0.02754705
0.02769613
0.02780532
0.02790037
0.02800316
0.02811113
0.02821858
0.02833413
0.02844397
0.02848863
0.02837125
0.02801608
0.02740397
0.02656082
0.02554595
0.02440843
0.02315458
0.02181728
0.02050165
0.01931438
0.01828705
0.01738576
0.0165506
0.01576122
0.01503983
0.01436619
0.01368732
0.01295919
0.01216849
0.01129068
0.01030603
0.009222976
0.008079663
0.006944178
0.005926282
0.005128414
0.00457852
0.00423588
0.004070898
0.004072027
0.004209677
0.004441224
0.004709811
0.004937258
0.005041252
0.004960459
0.004684079
0.004246226
0.003692315
0.003034055
0.002255028
0.001343617
0.0003314687
-0.0007019722
-0.001658861
-0.0024728
-0.00312813
-0.003615919
-0.003926846
-0.004044733
-0.004001732
-0.003908169
-0.003847362
-0.003862266
-0.003998086
-0.004297315
-0.004756074
-0.005310857
-0.005879958
-0.006414688
-0.006912183
-0.007373492
-0.007803745
-0.008204153
-0.008555703
-0.008838691
-0.00904575
-0.009186172
-0.009257061
-0.009260895
-0.009233415
-0.009203456
-0.00916531
-0.009102842
-0.00902621
-0.008938746
-0.008830934
-0.008702179
-0.008567184
-0.008464029
-0.008441535
-0.008548258
-0.008831052
-0.009284169
-0.009841974
-0.01041889
-0.01096068
-0.01144511
-0.01184177
-0.01211208
-0.0122233
-0.01215635
-0.01191453
-0.01152952
-0.0110508
-0.01053622
-0.01005124
-0.00964069
-0.009318265
-0.009087388
-0.008964472
-0.009002105
-0.009259228
-0.009752581
-0.01043426
-0.01122085
-0.01205235
-0.01287143
-0.01357698
-0.01409526
-0.01442631
-0.01461333
-0.01470066
-0.01471817
-0.01469993
-0.01469794
-0.01474771
-0.01486879
-0.01507687
-0.01536599
-0.01572744
-0.0162099
-0.01688884
-0.01776652
-0.01875487
-0.01975492
-0.0207364
-0.02170746
-0.0226827
-0.02367661
-0.02469873
-0.02573394
-0.02676006
-0.02779347
-0.02885053
-0.02991927
-0.03096098
-0.03192087
-0.03273117
-0.03333099
-0.0336746
-0.03377403
-0.03367641
-0.0334017
-0.03291706
-0.03219062
-0.03126163
-0.03022132
-0.02913101
-0.02802069
-0.02694415
-0.02597098
-0.02514536
-0.02446001
-0.0238592
-0.02330235
-0.02277839
-0.02228557
-0.02179962
-0.02128592
-0.02071246
-0.02008289
-0.01947899
-0.01897716
-0.01854213
-0.0180647
-0.01750474
-0.0169211
-0.01637435
-0.01586936
-0.01538594
-0.01491838
-0.01446615
-0.0140168
-0.01356666
-0.01313127
-0.01272416
-0.01234138
-0.01198178
-0.01164458
-0.01130029
-0.01090464
-0.01045317
-0.01000263
-0.009566594
-0.009074557
-0.008475448
-0.007753168
-0.006903315
-0.005936386
-0.004858067
-0.003656946
-0.002327668
-0.0009161673
0.0004748985
0.001732857
0.002801262
0.003673764
0.004336279
0.004760976
0.004940806
0.004866466
0.004482579
0.00375742
0.002746196
0.001560684
0.0002723877
-0.001098862
-0.00252838
-0.003971134
-0.005370237
-0.006653162
-0.007751375
-0.008621751
-0.009244727
-0.009617993
-0.009772977
-0.009763873
-0.009633533
-0.009415897
-0.009142473
-0.008841609
-0.008540639
-0.008262385
-0.008009576
-0.007767071
-0.007540451
-0.007345268
-0.007192623
-0.007098651
-0.00707955
-0.00713926
-0.007253287
-0.007401905
-0.007603427
-0.00787798
-0.008219368
-0.008614599
-0.00907989
-0.009649542
-0.01031967
-0.01107192
-0.01192154
-0.01290539
-0.01404098
-0.01529919
-0.0166063
-0.01784176
-0.01890864
-0.01979388
-0.02052083
-0.02107509
-0.02141279
-0.02152145
-0.02143585
-0.02119172
-0.02079057
-0.02021596
-0.01946057
-0.0185383
-0.01748546
-0.01635592
-0.01521598
-0.01409661
-0.01298511
-0.01188372
-0.01081966
-0.009787344
-0.008781833
-0.007845369
-0.007025038
-0.006342527
-0.005787035
-0.005352743
-0.005051376
-0.004887403
-0.0048609
-0.004980503
-0.005243623
-0.005600291
-0.005992857
-0.006417047
-0.006893216
-0.007394654
-0.00787028
-0.008306394
-0.00872015
-0.009108101
-0.009438928
-0.00967502
-0.009830716
-0.009944403
-0.01003907
-0.01014416
-0.0102793
-0.0104143
-0.01048969
-0.01048411
-0.01042659
-0.01036712
-0.01033328
-0.01031958
-0.01032122
-0.01033778
-0.01032347
-0.01022206
-0.01004893
-0.009859315
-0.009682615
-0.009521411
-0.009365472
-0.009193526
-0.008970008
-0.008687501
-0.008371452
-0.008043579
-0.007708309
-0.007371872
-0.007056486
-0.006779598
-0.006553181
-0.006369044
-0.006197236
-0.005995888
-0.005719025
-0.005335003
-0.004867202
-0.004384216
-0.00392478
-0.00350213
-0.003153542
-0.002935452
-0.002860137
-0.002922871
-0.003151796
-0.003553879
-0.004097866
-0.004749239
-0.005491006
-0.006287352
-0.007105369
-0.007957188
-0.008845439
-0.009737599
-0.01058843
-0.01139107
-0.01216886
-0.01291579
-0.01359956
-0.01420474
-0.01475674
-0.01530159
-0.0158737
-0.01646595
-0.01703144
-0.0175628
-0.01810153
-0.01866869
-0.0192345
-0.01974968
-0.02018748
-0.02053408
-0.02077404
-0.0209136
-0.02096062
-0.02087902
-0.02062778
-0.02021465
-0.01968551
-0.01908712
-0.0184579
-0.017831
-0.01722531
-0.01664641
-0.01609207
-0.01556396
-0.01508901
-0.0147191
-0.01450489
-0.01444906
-0.01450765
-0.01463046
-0.0147978
-0.01501477
-0.01523291
-0.01537344
-0.01541737
-0.01535683
-0.01515707
-0.01480065
-0.01431969
-0.01375955
-0.01313524
-0.01245869
-0.01176201
-0.01106471
-0.01035921
-0.009642291
-0.008932853
-0.008253659
-0.007618068
-0.007019055
-0.006453803
-0.005941575
-0.005475863
-0.00503901
-0.004637362
-0.004290253
-0.003995206
-0.00375067
-0.003570443
-0.003411326
-0.003194331
-0.002905172
-0.002581457
-0.002261107
-0.001963442
-0.001706945
-0.001507724
-0.00137441
-0.001307817
-0.001328248
-0.001495814
-0.001843247
-0.002329132
-0.00289051
-0.003523947
-0.004237394
-0.004998958
-0.005763496
-0.00650298
-0.007219174
-0.007915286
-0.008579482
-0.00917734
-0.009678862
-0.01009198
-0.01046476
-0.01084335
-0.01125387
-0.01171933
-0.01225275
-0.0128488
-0.01349226
-0.01415084
-0.01480489
-0.01548094
-0.01618864
-0.01686711
-0.01743497
-0.01785409
-0.01814111
-0.01833929
-0.01848469
-0.01858666
-0.0186556
-0.01872644
-0.01884891
-0.01905151
-0.0193081
-0.01958457
-0.01991294
-0.02035952
-0.02095707
-0.02166316
-0.02241122
-0.02319389
-0.02401542
-0.02485487
-0.02568677
-0.02648459
-0.02721357
-0.02785054
-0.02838299
-0.02880412
-0.02912401
-0.02935167
-0.02949465
-0.02958944
-0.02964755
-0.0296231
-0.0294757
-0.02920679
-0.02883925
-0.02839302
-0.02787811
-0.02731046
-0.02670591
-0.02609702
-0.02552768
-0.02503253
-0.02459774
-0.02417937
-0.02376776
-0.02336231
-0.02296531
-0.02257087
-0.02216111
-0.02171654
-0.0212152
-0.02063375
-0.01997628
-0.01930106
-0.01866419
-0.01807473
-0.01753485
-0.01705055
-0.01661301
-0.01621574
-0.01586325
-0.01556509
-0.01530148
-0.01502084
-0.01467232
-0.01425267
-0.0137887
-0.01328759
-0.01273069
-0.01211349
-0.01145755
-0.01080246
-0.01018545
-0.009626992
-0.009127045
-0.008656874
-0.008193679
-0.007756656
-0.007362632
-0.00699519
-0.006681172
-0.006479686
-0.006425549
-0.006535118
-0.006801048
-0.0071994
-0.007679285
-0.008182945
-0.008660965
-0.009072771
-0.009395549
-0.009601172
-0.009674276
-0.009622881
-0.009430618
-0.009061865
-0.008539682
-0.007963677
-0.007403146
-0.006872349
-0.00635894
-0.005846225
-0.005343822
-0.004861961
-0.004410933
-0.00404149
-0.003809985
-0.00374092
-0.003819244
-0.003988966
-0.00418684
-0.004399393
-0.004653462
-0.004993606
-0.005471055
-0.006051911
-0.006648721
-0.007240799
-0.007862339
-0.008527554
-0.009203727
-0.009840636
-0.01038459
-0.01077026
-0.01094767
-0.01091629
-0.01068983
-0.01027773
-0.009694104
-0.008963524
-0.008126203
-0.007220478
-0.006258118
-0.005272112
-0.004343532
-0.003502109
-0.002708883
-0.001959838
-0.001288805
-0.000691934
-0.0001272401
0.0004311092
0.0009720845
0.001475774
0.001944398
0.002394326
0.002836602
0.003263706
0.003672139
0.004070978
0.00445783
0.004809936
0.005122489
0.005409798
0.005680734
0.005936671
0.006152396
0.006272867
0.006273149
0.006171226
0.005993563
0.005759135
0.005481459
0.005148083
0.0047348
0.004240795
0.00367689
0.00305549
0.002395505
0.001708504
0.001002089
0.0002498964
-0.0005806863
-0.001506783
-0.002517456
-0.003565497
-0.004597416
-0.005600919
-0.006588121
-0.007554976
-0.008479793
-0.009373985
-0.0102781
-0.01120406
-0.01212963
-0.01301755
-0.01382314
-0.01452435
-0.01514123
-0.01569853
-0.01620172
-0.0166392
-0.01702155
-0.01740325
-0.0178255
-0.01825109
-0.01864606
-0.01904281
-0.01947299
-0.01992374
-0.02036552
-0.02075692
-0.02107834
-0.02134213
-0.0215827
-0.02182935
-0.02207781
-0.02230806
-0.02250123
-0.02264259
-0.02275725
-0.0228819
-0.02302987
-0.02320889
-0.02341517
-0.02359733
-0.02369112
-0.02369488
-0.02365435
-0.02358457
-0.02346026
-0.02326071
-0.02299032
-0.02267088
-0.02230572
-0.02190815
-0.02150505
-0.02111092
-0.0207478
-0.02044261
-0.02020001
-0.02001178
-0.01988123
-0.01981762
-0.01982217
-0.01985647
-0.01988667
-0.0199267
-0.01999123
-0.02005033
-0.02006733
-0.02004065
-0.01999722
-0.01994808
-0.01988311
-0.01981045
-0.01976315
-0.01974942
-0.01976912
-0.01981568
-0.0198644
-0.01988989
-0.01986187
-0.01978052
-0.01966912
-0.01952305
-0.01933149
-0.01909628
-0.01881949
-0.01851215
-0.01818486
-0.01784714
-0.0175024
-0.01714938
-0.01678061
-0.01638943
-0.01598488
-0.01557918
-0.01517412
-0.0147892
-0.01443858
-0.01408896
-0.01368126
-0.0131886
-0.01264262
-0.01205809
-0.01142859
-0.01076385
-0.0100677
-0.009337617
-0.00857621
-0.007778985
-0.006932462
-0.006060519
-0.005192624
-0.004347854
-0.003540062
-0.002771213
-0.002008769
-0.001232147
-0.0004738567
0.0002217627
0.0008363469
0.001389627
0.001922365
0.002496922
0.003141217
0.003814557
0.004470521
0.005103779
0.005732684
0.006367005
0.00701159
0.007682947
0.008380533
0.009080448
0.009768376
0.01043906
0.01108152
0.01169016
0.01227405
0.01284146
0.01339273
0.01391774
0.01443833
0.01502782
0.01571537
0.01643974
0.0171369
0.0178019
0.01845165
0.01906352
0.01959991
0.02004145
0.02038399
0.02064552
0.0208691
0.0210963
0.02133684
0.0215662
0.02177903
0.0220244
0.0223579
0.02277309
0.0232015
0.02362384
0.024071
0.02454099
0.02500798
0.02546296
0.02590144
0.02630106
0.02663137
0.02688102
0.02705478
0.02714762
0.02715002
0.02706562
0.02690339
0.02669232
0.02647759
0.02628658
0.02613096
0.02600272
0.0259167
0.02591916
0.0260167
0.02613747
0.02618499
0.02610665
0.02589719
0.02556881
0.02512546
0.02460718
0.02408528
0.02358625
0.0231147
0.02268998
0.02234146
0.02208933
0.02194264
0.02189997
0.02194204
0.02204793
0.02221882
0.02245262
0.02273475
0.02304426
0.02337077
0.02371413
0.02408053
0.02447191
0.02487926
0.02529648
0.02573744
0.02620588
0.02668299
0.02712004
0.02746257
0.02767824
0.02777291
0.02776708
0.02765694
0.02744486
0.02715148
0.02681407
0.02644388
0.02602442
0.02555894
0.0250925
0.02467957
0.02435221
0.02410365
0.02386644
0.02357723
0.02322477
0.02282667
0.02240159
0.02195766
0.02150938
0.02106851
0.02064613
0.02024097
0.01985891
0.01953196
0.01930372
0.01917945
0.01911679
0.0190697
0.01902566
0.01896726
0.0188664
0.01869606
0.01843844
0.01809841
0.01769831
0.01726915
0.01683396
0.01639415
0.01593783
0.01547454
0.0150293
0.01463263
0.01432266
0.01413275
0.01409053
0.01418974
0.01438297
0.01462696
0.01492918
0.01529792
0.01568256
0.01601269
0.01625157
0.01641869
0.0165406
0.01660955
0.01661275
0.01654414
0.01640735
0.01622146
0.01601822
0.01581937
0.01561262
0.01537977
0.01513124
0.01488087
0.01461719
0.01433191
0.0140471
0.01378828
0.01353634
0.01326575
0.01297187
0.01268773
0.01245993
0.01229929
0.01218704
0.01210337
0.01204572
0.01200175
0.01194274
0.01183962
0.01167441
0.01144934
0.01121162
0.0109908
0.01076193
0.01049782
0.01022392
0.009973937
0.009772154
0.009628408
0.009514865
0.0094005
0.009273561
0.009134601
0.008999803
0.00887814
0.008735675
0.008535193
0.008285403
0.008022134
0.007757456
0.007479204
0.00719107
0.006898662
0.006573585
0.006196502
0.005792761
0.00541832
0.005131989
0.004981477
0.004994391
0.00517458
0.005521214
0.006008594
0.006597445
0.007282318
0.008070988
0.008925509
0.009782832
0.01057225
0.01123183
0.01173591
0.01213535
0.01249863
0.01282674
0.01307529
0.01323352
0.01333905
0.01342272
0.0134896
0.01353565
0.01354979
0.01352091
0.01345535
0.01338458
0.01333196
0.01329772
0.01327413
0.01325399
0.0132456
0.01325412
0.01324277
0.01321462
0.01321315
0.01324502
0.01329034
0.01333763
0.01339778
0.01346098
0.01350382
0.01353151
0.01356154
0.01358927
0.01361484
0.01365067
0.01368929
0.01370894
0.01369038
0.01364503
0.01361669
0.01362862
0.01368597
0.01383092
0.01411628
0.01450217
0.01489842
0.01527112
0.01562856
0.01597497
0.01628883
0.01654187
0.01672251
0.01684889
0.01693332
0.01693889
0.01683744
0.01663609
0.01637069
0.0161096
0.015908
0.01576771
0.01565774
0.01556386
0.01547773
0.01536787
0.01522071
0.0150588
0.01488428
0.01466425
0.01437263
0.01404791
0.01377097
0.01357053
0.01339813
0.01320952
0.01300675
0.01283005
0.01271719
0.01266678
0.01265997
0.01269196
0.01276797
0.01291258
0.01312838
0.01338448
0.01364558
0.0139058
0.01421369
0.01461984
0.01509247
0.01554998
0.0159361
0.01622994
0.01642403
0.01650583
0.01646379
0.01630182
0.01605854
0.01576197
0.01534823
0.01473199
0.01391134
0.01297771
0.01202742
0.01107311
0.01007646
0.009037996
0.007983778
0.006919
0.005865971
0.004876722
0.003986875
0.003169922
0.002392242
0.001661164
0.00101513
0.0004948698
9.960535e-05
-0.0001976054
-0.0004087034
-0.0005235645
-0.000538174
-0.0004252226
-0.0001662706
0.0001760968
0.0005256542
0.000866699
0.001236248
0.001655818
0.002106368
0.002559988
0.002999983
0.00344077
0.003904937
0.004404375
0.004954054
0.005535281
0.006100537
0.006630105
0.007132701
0.007597827
0.008013563
0.008393377
0.008713281
0.008935455
0.009054735
0.009100082
0.009088042
0.00900799
0.008840406
0.008597615
0.008310388
0.007971668
0.007559449
0.00709915
0.006631884
0.006172963
0.005743704
0.005331129
0.004850675
0.004243544
0.003516935
0.002743134
0.001993635
0.001273426
0.0005694425
-0.0001148178
-0.000773406
-0.001396871
-0.001937293
-0.00231693
-0.002499792
-0.002516327
-0.002438113
-0.00230891
-0.002123517
-0.001851576
-0.001448706
-0.0009125171
-0.0002998452
0.0003257011
0.000934927
0.001555476
0.002218369
0.002898474
0.003580719
0.004283649
0.00499681
0.005677035
0.006283645
0.006804414
0.007249673
0.007631612
0.007944334
0.008172313
0.008291353
0.008277657
0.008128972
0.007872594
0.007531186
0.007099672
0.006586206
0.006051962
0.005533615
0.005004196
0.004440811
0.003858143
0.003271706
0.002687635
0.002119648
0.001595841
0.001139
0.0007493375
0.0004113707
0.0001066401
-0.0001839195
-0.000477846
-0.0007826073
-0.001083271
-0.001344031
-0.001553525
-0.001768008
-0.001984373
-0.002122825
-0.002189056
-0.002273993
-0.00240919
-0.002569328
-0.002708129
-0.002788252
-0.002855636
-0.002981066
-0.003201264
-0.003525149
-0.003927605
-0.004364536
-0.004817492
-0.005272681
-0.005713201
-0.006159845
-0.006655023
-0.007175276
-0.007624696
-0.007963622
-0.008253495
-0.008566432
-0.008911435
-0.009244111
-0.009527681
-0.009758097
-0.009919908
-0.01001044
-0.01006604
-0.01010678
-0.01012695
-0.01012872
-0.01010029
-0.01002067
-0.009886049
-0.009709935
-0.009510548
-0.009313975
-0.009123537
-0.008943525
-0.008804809
-0.00872829
-0.008680463
-0.008599507
-0.008464409
-0.008298296
-0.00811148
-0.007887263
-0.007630829
-0.007362198
-0.00709981
-0.006849523
-0.006596193
-0.006334426
-0.006084803
-0.005882011
-0.005735812
-0.005635158
-0.005559264
-0.005509065
-0.005508711
-0.005568429
-0.005683416
-0.00584941
-0.00608059
-0.006411154
-0.006850876
-0.007356245
-0.007860374
-0.008335345
-0.008790284
-0.009230517
-0.009635389
-0.009970287
-0.01021293
-0.01038868
-0.01055558
-0.01074662
-0.01094478
-0.0111092
-0.01122687
-0.0113254
-0.01144551
-0.01159682
-0.01176782
-0.01196875
-0.01220361
-0.01247462
-0.0128051
-0.01320786
-0.01367708
-0.01419353
-0.01470867
-0.01517796
-0.01560009
-0.01600785
-0.01642347
-0.01683321
-0.01719288
-0.0174979
-0.01776335
-0.01799051
-0.01818465
-0.01834956
-0.0185066
-0.01865305
-0.01876225
-0.01882636
-0.01886523
-0.01889201
-0.01891402
-0.01892449
-0.01888368
-0.01875261
-0.01855564
-0.0183705
-0.01826798
-0.01824416
-0.0182123
-0.0181405
-0.01808293
-0.01807545
-0.01810755
-0.01817763
-0.01829065
-0.01842862
-0.01855664
-0.01865021
-0.01871283
-0.01876689
-0.01882692
-0.01890656
-0.01901134
-0.01913581
-0.0192721
-0.0193999
-0.01950831
-0.01959172
-0.01959862
-0.0194714
-0.01923294
-0.01893981
-0.0186045
-0.01821845
-0.01778869
-0.0173421
-0.01691572
-0.01654223
-0.01624607
-0.01603031
-0.01588299
-0.01579925
-0.01577227
-0.01579335
-0.01585442
-0.01594499
-0.01607174
-0.01624229
-0.01642604
-0.01658896
-0.01675048
-0.01691984
-0.01708043
-0.01723262
-0.01738994
-0.01756949
-0.01775301
-0.01790316
-0.01799259
-0.01801919
-0.01800717
-0.01796664
-0.01788399
-0.01772427
-0.01745545
-0.01712507
-0.0168342
-0.01660011
-0.01637366
-0.01614852
-0.01596587
-0.01583441
-0.0157258
-0.01562738
-0.0155528
-0.01551399
-0.01551086
-0.0155357
-0.01557357
-0.01561961
-0.01568995
-0.01580917
-0.01599539
-0.01622982
-0.01645543
-0.01662696
-0.01878089
-0.01883193
-0.01885712
-0.01882976
-0.01876176
-0.01868743
-0.01857796
-0.01836374
-0.01804034
-0.01767635
-0.01732718
-0.01699922
-0.01667875
-0.01634935
-0.01599968
-0.01563465
-0.01526875
-0.0149093
-0.01455932
-0.01421053
-0.01386555
-0.01355388
-0.01326585
-0.01297596
-0.0126875
-0.01240117
-0.01210122
-0.01179616
-0.01151969
-0.01128709
-0.01108981
-0.01091818
-0.01077507
-0.01066173
-0.01056582
-0.01048839
-0.01043324
-0.01040069
-0.01040192
-0.01043828
-0.01051576
-0.01061808
-0.01070512
-0.01076438
-0.01082887
-0.01092963
-0.01103225
-0.01107818
-0.0110466
-0.01094066
-0.01078307
-0.01058556
-0.010362
-0.01011686
-0.009838588
-0.00953076
-0.009197474
-0.008849307
-0.008497633
-0.008150765
-0.007812394
-0.007490347
-0.007177067
-0.00686603
-0.006579082
-0.006338057
-0.006151203
-0.006016276
-0.005918864
-0.005832064
-0.005732249
-0.00560348
-0.005424789
-0.005197995
-0.004957816
-0.004740327
-0.004545995
-0.004353691
-0.00414609
-0.003938888
-0.00376816
-0.003627047
-0.003463181
-0.00325416
-0.003022586
-0.002812586
-0.00265572
-0.0025754
-0.002569367
-0.002581941
-0.002522671
-0.002346626
-0.002116954
-0.001906332
-0.001736232
-0.001591204
-0.001417434
-0.001163284
-0.0008250387
-0.000436849
-6.039532e-05
0.0002541653
0.0005157604
0.0007605156
0.0009914541
0.001181605
0.001327652
0.001439115
0.001513265
0.001542845
0.001541372
0.001533354
0.001523154
0.001492879
0.001449196
0.001429323
0.001427488
0.001397018
0.00132279
0.00120336
0.001041668
0.0008444135
0.0006540791
0.0005160745
0.0004230131
0.0003487075
0.0002913466
0.0002660082
0.0002947226
0.0004116442
0.0006339393
0.0009224419
0.001220606
0.001495151
0.00174298
0.001990041
0.002243363
0.002490829
0.002713385
0.002895314
0.003041544
0.003172415
0.003317496
0.003482004
0.003633184
0.003752596
0.003870682
0.004007639
0.004133732
0.004215432
0.004243361
0.004224396
0.004178985
0.004139728
0.004139546
0.004169955
0.004203762
0.004237567
0.0042952
0.004388125
0.004506595
0.004644338
0.004812261
0.005018386
0.005238716
0.005462022
0.005706855
0.005995083
0.006338767
0.006718228
0.007118379
0.007543155
0.007990448
0.008454335
0.00892624
0.009409413
0.009911678
0.01043681
0.01097918
0.01152014
0.01202358
0.01246467
0.01287391
0.01329991
0.01374329
0.01417917
0.01460283
0.0150318
0.01546712
0.01588967
0.01628739
0.01665773
0.01700029
0.01731869
0.01760591
0.0178373
0.01799259
0.01807278
0.01810432
0.01813255
0.01817928
0.01821459
0.01822628
0.01824659
0.01828757
0.01834393
0.0184292
0.01855187
0.01868576
0.01879741
0.0188806
0.01894361
0.01898454
0.01899631
0.01898482
0.01897656
0.01899142
0.01901434
0.01902172
0.01900781
0.0189863
0.01897318
0.01898999
0.01903705
0.01909189
0.01915165
0.01923854
0.01935722
0.01948253
0.01959533
0.01970809
0.01984044
0.02000614
0.02021668
0.02045597
0.02069626
0.02092663
0.02114996
0.02137749
0.02161901
0.02186405
0.02209826
0.02232942
0.0225653
0.02277994
0.02294091
0.02305053
0.02312619
0.02317775
0.02320875
0.02321857
0.02320725
0.02318055
0.02314323
0.02310393
0.02307728
0.02306559
0.02306558
0.02308576
0.02313233
0.02319062
0.02323859
0.02327797
0.02332052
0.02334809
0.02333152
0.02326191
0.02315708
0.02303662
0.02288583
0.02268018
0.02241823
0.02210714
0.02175947
0.02139477
0.02102051
0.02064291
0.02028485
0.01996695
0.01968097
0.01939371
0.01907993
0.01875466
0.01845288
0.0181813
0.01792069
0.01766271
0.01740988
0.01714859
0.01685903
0.01653676
0.01618692
0.01581544
0.0154276
0.01502779
0.01462407
0.01422542
0.01383735
0.01346516
0.01310957
0.01275712
0.01239318
0.01201624
0.01162985
0.01122726
0.01080369
0.01037138
0.009949734
0.009540758
0.009137181
0.008741602
0.008360898
0.007992272
0.007628886
0.007273494
0.00693861
0.006629627
0.006338237
0.006051142
0.005757217
0.005449046
0.005122699
0.004791054
0.004468641
0.004150538
0.003827661
0.003507647
0.003213723
0.002964558
0.002750347
0.002555952
0.002381158
0.002237207
0.002128805
0.002057088
0.002024534
0.002023901
0.00204036
0.00205534
0.002043454
0.001988683
0.001904628
0.001819368
0.001738352
0.001635438
0.001485562
0.001290706
0.001076013
0.0008592779
0.0006366139
0.0004015095
0.0001520865
-0.0001133884
-0.000385975
-0.0006435105
-0.0008749095
-0.001079757
-0.001260479
-0.001423634
-0.001579137
-0.001729136
-0.001869781
-0.001987193
-0.002070969
-0.002137607
-0.002209097
-0.002290769
-0.002377817
-0.002467225
-0.002559974
-0.002656105
-0.002754441
-0.002851409
-0.002947912
-0.003043909
-0.003138313
-0.003231757
-0.003317281
-0.003386062
-0.003441398
-0.003493452
-0.003541278
-0.003580968
-0.003616834
-0.003659155
-0.003710679
-0.003767409
-0.003832516
-0.003912061
-0.00400506
-0.004105222
-0.00421326
-0.004333028
-0.004461884
-0.00459221
-0.004720665
-0.00485076
-0.004984377
-0.005118406
-0.005247132
-0.00536775
-0.00548504
-0.005595853
-0.005689256
-0.005768496
-0.005845706
-0.005921812
-0.00599009
-0.00605121
-0.006113215
-0.006181848
-0.006258164
-0.006339805
-0.006423189
-0.006505497
-0.006586732
-0.006670803
-0.006759091
-0.006848478
-0.006935472
-0.0070146
-0.007078716
-0.007125051
-0.007158623
-0.007185825
-0.007207869
-0.007221797
-0.007229021
-0.007232297
-0.007232224
-0.00722709
-0.007214063
-0.007196205
-0.007179982
-0.007166396
-0.007151851
-0.007134888
-0.007114293
-0.007089581
-0.007061115
-0.007029393
-0.006995383
-0.006957017
-0.006912186
-0.006863144
-0.006812616
-0.006762162
-0.006714477
-0.006670838
-0.006630335
-0.00659161
-0.006553535
-0.006515127
-0.006476821
-0.006439723
-0.006403987
-0.006369413
-0.006336145
-0.006303879
-0.006270659
-0.006235465
-0.006199056
-0.006161237
-0.00612199
-0.006082411
-0.006041933
-0.005999354
-0.005954346
-0.005907612
-0.00585955
-0.005810802
-0.005762336
-0.0057149
-0.005668486
-0.005622221
-0.005575806
-0.005529069
-0.005481817
-0.005434219
-0.005387005
-0.00534187
-0.005299463
-0.005258361
-0.005217347
-0.005177227
-0.005138652
-0.005101148
-0.005064719
-0.005029552
-0.004995522
-0.004962352
-0.00493014
-0.004899455
-0.00487016
-0.004841494
-0.004813041
-0.004784658
-0.004756688
-0.004729234
-0.004702239
-0.004675618
-0.004649429
-0.004623506
-0.004597816
-0.004572693
-0.004548305
-0.004524451
-0.004501025
-0.004477695
-0.004453837
-0.004429116
-0.004403423
-0.004376995
-0.004350362
-0.004323571
-0.004296156
-0.004267816
-0.004238946
-0.004210061
-0.004181422
-0.004153035
-0.004124631
-0.004095905
-0.00406684
-0.004037615
-0.004008261
-0.00397843
-0.003947778
-0.003916547
-0.003885151
-0.003853732
-0.003822219
-0.003790456
-0.003758387
-0.003726123
-0.003693821
-0.003661522
-0.00362915
-0.003596646
-0.003564031
-0.003531369
-0.003498637
-0.003465712
-0.003432547
-0.003399202
-0.003365765
-0.003332235
-0.003298576
-0.00326477
-0.00323081
-0.003196695
-0.003162417
-0.003127956
-0.003093321
-0.003058556
-0.00302368
-0.002988672
-0.002953514
-0.002918227
-0.002882841
-0.002847373
-0.002811823
-0.002776178
-0.002740431
-0.002704594
-0.002668687
-0.002632721
-0.002596702
-0.002560629
-0.002524497
-0.002488311
-0.002452081
-0.002415815
-0.002379522
-0.002343207
-0.002306876
-0.002270533
-0.002234182
-0.002197829
-0.002161481
-0.002125146
-0.00208883
-0.002052534
-0.002016262
-0.001980019
-0.00194381
-0.001907638
-0.001871507
-0.00183542
-0.001799381
-0.001763392
-0.001727457
-0.001691579
-0.00165576
-0.001620004
-0.001584312
-0.001548688
-0.001513134
-0.001477654
-0.001442248
NaN
NaN
NaN
NaN
