-0.0004413384
-0.0004398417
-0.0004383425
-0.0004368921
-0.0004353925
-0.0004339354
-0.0004324248
-0.0004309477
-0.0004294874
-0.0004280264
-0.0004266752
-0.000425228
-0.0004237804
-0.0004222045
-0.0004209802
-0.0004191904
-0.0004180789
-0.0004170233
-0.0004151211
-0.0004134823
-0.0004118693
-0.0004110457
-0.0004086824
-0.0004081017
-0.000407158
-0.0004050836
-0.0004032343
-0.000401124
-0.0004014477
-0.0003987689
-0.0003993361
-0.0003993838
-0.0003941912
-0.0003933905
-0.0003930377
-0.0003912343
-0.0003902138
-0.0003891596
-0.0003887503
-0.0003886787
-0.0003848561
-0.0003829128
-0.0003823862
-0.0003805901
-0.0003820747
-0.0003803402
-0.0003745249
-0.0003743697
-0.0003717093
-0.0003679704
-0.0003746431
-0.0003753098
-0.0003704893
-0.0003698169
-0.0003680111
-0.0003667755
-0.0003672726
-0.0003615595
-0.0003599102
-0.0003661907
-0.0003545972
-0.000354116
-0.0003640826
-0.0003533233
-0.0003538075
-0.0003519339
-0.0003422094
-0.000351777
-0.000351013
-0.0003377091
-0.0003460518
-0.0003534503
-0.0003415794
-0.0003450744
-0.0003444099
-0.0003326754
-0.0003450505
-0.0003472723
-0.0003386249
-0.0003411928
-0.0003386157
-0.0003332692
-0.0003363548
-0.000339933
-0.0003382607
-0.0003323248
-0.0003278618
-0.0003280211
-0.0003334113
-0.0003235683
-0.0003130442
-0.0003339114
-0.0003344117
-0.0003255311
-0.0003163804
-0.0003081263
-0.0003067831
-0.0003054424
-0.0003286822
-0.0003123315
-0.0003056432
-0.0003108022
-0.0003013506
-0.0003027013
-0.0003099528
-0.0003210874
-0.0003067495
-0.0003065264
-0.0002892746
-0.0002903192
-0.00031136
-0.0002945584
-0.0003112739
-0.0003036895
-0.0002780444
-0.0002911377
-0.0002841537
-0.0002849777
-0.0003008525
-0.0002938155
-0.0002871869
-0.0002953943
-0.0002825309
-0.0002694204
-0.0002800591
-0.0002909457
-0.0002956565
-0.0002710422
-0.0002560751
-0.0002684516
-0.0002762383
-0.0002878586
-0.0002824369
-0.0002812945
-0.0002763837
-0.000295442
-0.0003065374
-0.0002728287
-0.0002729303
-0.0002626069
-0.0002652968
-0.0002793083
-0.0002835239
-0.0002837836
-0.0002515454
-0.0002672875
-0.000272272
-0.0002794057
-0.0002727355
-0.0002289219
-0.0002619871
-0.0002600701
-0.0002666792
-0.0002597752
-0.0002412877
-0.0002783247
-0.000246659
-0.0002329524
-0.0002705413
-0.0002752852
-0.0002385459
-0.0002059635
-0.0002217129
-0.0002473787
-0.000240831
-0.0002349955
-0.0002526762
-0.0002483747
-0.0002210783
-0.0002181813
-0.0002414671
-0.000233213
-0.0002241376
-0.0002437695
-0.0002346747
-0.0002169346
-0.0002202603
-0.0002267431
-0.0002261733
-0.0002129863
-0.0002115978
-0.000196757
-0.0001985097
-0.0001891584
-0.0001924916
-0.0002459764
-0.0002199137
-0.0002033608
-0.0001971467
-0.0001973143
-0.0002110632
-0.0002080367
-0.0002129925
-0.0001979508
-0.0002069006
-0.0001798489
-0.000188792
-0.0002225412
-0.0002010893
-0.0001740381
-0.0001861836
-0.0001879319
-0.0001832764
-0.0001986229
-0.0001651693
-0.000204517
-0.0001878629
-0.0001440136
-0.0001929552
-0.0001731042
-0.0001716483
-0.0001933945
-0.0001871415
-0.0001592902
-0.0001522348
-0.000185983
-0.0001717263
-0.0001614762
-0.000176819
-0.0001721715
-0.0001619131
-0.000154067
-0.0001630105
-0.0001815575
-0.0001497036
-0.0001546498
-0.000166794
-0.0001469407
-0.0001686819
-0.0001520302
-0.0001489757
-0.0001379196
-0.0001228647
-0.0001534152
-0.0001367609
-0.0001049048
-0.0001170486
-0.000124397
-0.0001077399
-0.0001278899
-0.0001360299
-0.0001481764
-0.0001331191
-0.0001084653
-0.0001454099
-0.0001311576
-0.0001377054
-0.0001242558
-8.759751e-05
-0.0001101439
-0.0001214874
-8.163301e-05
-8.577703e-05
-0.0001339214
-0.000116466
-0.0001198113
-0.0001047513
-8.809546e-05
-9.7041e-05
-9.558744e-05
-0.0001069299
-9.10796e-05
-9.442401e-05
-8.976478e-05
-0.0001163074
-8.685496e-05
-5.659896e-05
-8.874706e-05
-6.16865e-05
-9.463515e-05
-9.07808e-05
-6.45243e-05
-9.666771e-05
-7.361322e-05
-6.175599e-05
-7.389893e-05
-8.044354e-05
-6.058948e-05
-6.393355e-05
-7.767858e-05
-7.141816e-05
-8.836397e-05
-6.370427e-05
-6.705098e-05
-7.439318e-05
-4.573887e-05
-6.428381e-05
-5.803154e-05
-4.136951e-05
-4.311623e-05
-6.325867e-05
-7.220733e-05
-6.434648e-05
-4.449417e-05
-3.263826e-05
-6.798216e-05
-5.132349e-05
-3.707133e-05
-2.521272e-05
-4.856346e-05
-9.270641e-05
-3.924901e-05
-5.778985e-05
-4.433774e-05
1.922051e-06
-3.342034e-05
-3.196225e-05
-3.850818e-05
-3.94495e-05
-5.959429e-05
-3.413944e-05
8.916996e-06
-6.429351e-06
-3.373171e-06
-9.918504e-06
-1.566266e-05
-2.621071e-05
-2.354938e-06
3.902716e-06
-1.46431e-05
-1.638424e-05
-1.893003e-05
1.132664e-05
6.380973e-06
-2.256234e-05
-1.31125e-05
1.554498e-05
-4.605809e-06
8.850002e-06
3.190762e-05
-2.183654e-05
2.817317e-06
2.907207e-05
-1.475086e-06
-9.619559e-06
1.183089e-05
1.169017e-05
2.834756e-05
3.780133e-05
2.085365e-05
5.270552e-05
1.895911e-05
2.680963e-05
6.266575e-05
1.53206e-05
2.957369e-05
3.102791e-05
2.607956e-05
3.953159e-05
3.378624e-05
4.563527e-05
2.468593e-05
1.974246e-05
1.479083e-05
2.984568e-05
6.089591e-05
6.234869e-05
5.900175e-05
1.885298e-05
3.630141e-05
5.295568e-05
4.80048e-05
5.425745e-05
5.250213e-05
7.796063e-05
4.7407e-05
2.005483e-05
6.150691e-05
6.296035e-05
1.96125e-05
3.786159e-05
5.770988e-05
3.836013e-05
7.340581e-05
7.165355e-05
5.46979e-05
7.455017e-05
5.279546e-05
7.424254e-05
7.889249e-05
8.354016e-05
8.738734e-05
3.843587e-05
8.627857e-05
9.973352e-05
6.437752e-05
7.9422e-05
6.726568e-05
7.191137e-05
8.215448e-05
8.679885e-05
7.624491e-05
6.408818e-05
8.95323e-05
0.0001005751
9.561746e-05
7.54613e-05
9.530252e-05
8.954323e-05
6.458817e-05
0.0001212303
9.067261e-05
8.251165e-05
0.0001223507
0.0001053932
0.0001388316
0.0001130701
0.0001193094
0.0001479491
0.0001125872
0.0001388247
0.0001122624
0.0001113018
0.0001463376
0.0001397788
0.0001412128
0.0001090516
0.0001408884
0.000148723
0.0001317548
0.0001483924
0.0001314218
0.0001512564
0.0001542888
0.0001509247
0.0001419504
0.0001505795
0.0001688171
0.0001550447
0.000170871
0.0001555064
0.0001705324
0.0001591631
0.000126194
0.0001468195
0.0001610442
0.0001696729
0.0001638974
0.0001989268
0.000198747
0.0001537762
0.0001567965
0.0001862222
0.0001908452
0.0001674681
0.0001776874
0.0001839114
0.0002069314
0.000181955
0.0001681768
0.000214396
0.000169415
0.0001684342
0.0001850517
0.0001736676
0.0001814812
0.0001797003
0.0001755154
0.0001505264
0.0001967423
0.0001981572
0.0001779635
0.0002097773
0.0001895903
0.000206204
0.0002172126
0.0002002205
0.0001880272
0.0001982367
0.0002044414
0.0002130495
0.0002312622
0.0002038664
0.0002148667
0.0002146721
0.0002200692
0.0002398776
0.0002124753
0.0002338762
0.0002368734
0.0002102721
0.0002516648
0.0002426648
0.0001992642
0.0002206603
0.0002268528
0.0002314515
0.0002280417
0.0002142354
0.0002260241
0.0002034159
0.000188007
0.0002229973
0.0002275847
0.0002257712
0.0002287605
0.000232546
0.0002483292
0.000266516
0.0002534945
0.0002276787
0.0002810603
0.0002928385
0.0002470129
0.0002667935
0.0002561692
0.0002439434
0.0002605188
0.0002602966
0.0002568698
0.0002398461
0.000253216
0.0002713899
0.0002823615
0.0002669285
0.0002514989
0.0002728669
0.0002774324
0.0002771963
0.0002721585
0.0002671207
0.0002596808
0.0002714439
0.0002808031
0.0002741613
0.0002819156
0.0002920735
0.0002910286
0.0002779804
0.0002769346
0.0002702885
0.0002932366
0.0002881877
0.0002711355
0.0003212799
0.0003074276
0.0002871745
0.000306914
0.000285857
0.0002855952
0.0002957388
0.0003218767
0.0003080154
0.0002797503
0.0003242908
0.0003040183
0.0002981534
0.0003234802
0.0003264114
0.0003413386
0.0003218666
0.000293589
0.0003013125
0.0003130336
0.0003023568
0.0003292742
0.0003265985
0.0002943133
0.000327634
0.0003169447
0.0003054602
0.0003451768
0.0003312864
0.0003309991
0.0003323101
0.0003136184
0.0003437253
0.0003394338
0.0003375351
0.000332433
0.0003265334
0.0003502291
0.0003139253
0.00032562
0.0003589167
0.0003546094
0.0003631055
0.0003427889
0.0003256772
0.0003533583
0.0003618472
0.0003479283
0.0003540122
0.0003888877
0.0004005722
0.0003474456
0.0003487202
0.0003891952
0.000364864
0.0003509349
0.0003626065
0.0003534744
0.0003435436
0.0003744059
0.0003908697
0.0003617309
0.0003653903
0.0003866502
0.0003591018
0.0003571558
0.0003832087
0.0003692565
0.0003841069
0.000383747
0.0003617956
0.0003894403
0.0004042817
0.0003951171
0.0004115553
0.0003895885
0.0003708254
0.0004056572
0.0003596921
0.0003489229
0.000402147
0.0003921715
0.0004013984
0.0004010116
0.0003854346
0.0004098527
0.0004030705
0.0004122864
0.0004038971
0.000401908
0.0004127201
0.0003971248
0.0004335302
0.0004027299
0.0004207312
0.0004371281
0.0003967236
0.0004563169
0.0004511132
0.0004187021
0.000395091
0.000413078
0.0004526643
0.0004202434
0.0004430264
0.0004514032
0.0004421842
0.0004601557
0.0004141273
0.0004216933
0.0004396606
0.0004248237
0.0004523909
0.0004319505
0.0004427112
0.0004478664
0.0004186258
0.0004781738
0.0004545236
0.0004100737
0.0004616252
0.0004547671
0.0004623131
0.000438651
0.0004429829
0.0004857131
0.0004564452
0.0004543784
0.0004323075
0.0004718295
0.0004793508
0.0004268675
0.000470387
0.0004715031
0.0004526162
0.0004385281
0.0004564392
0.0004703477
0.0004714536
0.0004981567
0.000445658
0.0004579542
0.0004726498
0.000452142
0.0005140262
0.0004895156
0.0004690002
0.0004796808
0.0004727614
0.000458639
0.0004445158
0.0004911833
0.000500253
0.000501319
0.0004823834
0.0004922486
0.0005085117
0.0004759646
0.0005098161
0.0004964727
0.0004807176
0.0005049629
0.0004972076
0.0004822482
0.000497687
0.0005075288
0.0004733613
0.0005023911
0.0005002153
0.0004764396
0.0005278643
0.0004680849
0.0004571028
0.0005093114
0.0004783279
0.0004905338
0.000478743
0.0004941435
0.0005007441
0.0004681436
0.0005211342
0.0005437252
0.0004927143
0.0005192956
0.0005466809
0.0004988606
0.0005118447
0.0005064196
0.000515391
0.0005411585
0.0004789306
0.0004726917
0.0004960525
0.0005082088
0.0005091645
0.000502115
0.0005398636
0.0005488095
0.0005129525
0.0005306899
0.0005116259
0.0004957597
0.0005470898
0.0005400149
0.0005321421
0.0005250663
0.0005323856
0.000511699
0.0005206096
0.0005247183
0.0005224211
0.000556923
0.0005178275
0.0005451217
0.0005500204
0.0005509096
0.0005566024
0.0005406852
0.0005719653
0.000552845
0.0005433248
0.0005393928
0.0005314614
0.0005731279
0.0005771853
0.0005260423
0.0005564942
0.0005781478
0.000548596
0.0005662426
0.000562286
0.0005423255
0.000578362
0.000555994
0.000518428
0.0005608523
0.0005568726
0.0005744933
0.0005873077
0.0005593207
0.0005369308
0.0005577367
0.0005865383
0.0005409382
0.0005569315
0.0005657219
0.0005649119
0.0005840941
0.0005512785
0.0005584532
0.0005728314
0.0005552002
0.0005407698
0.0005519344
0.0005814932
0.0005798506
0.0005694075
0.0005717552
0.0005421034
0.0005676448
0.0005835878
0.0005643203
0.0005906576
0.0005897823
0.000588907
0.0005792259
0.0005783456
0.0005790591
0.0005781718
0.0005988778
0.000572385
0.0005770832
0.0006073783
0.0005944715
0.0005783618
0.000549444
0.0005749212
0.0005955968
0.0005626742
0.0005905414
0.0006016079
0.0005918688
0.0005925303
0.0005795851
0.0006018462
0.0005928914
0.0005719381
0.0005909756
0.0005884113
0.0005890393
0.000596067
0.0005630853
0.0005757069
0.0005979238
0.0005913379
0.0006111451
0.0006229485
0.0006235482
0.0006161517
0.0006015456
0.0006021359
0.0006075225
0.0005969044
0.0006038778
0.0006196509
0.0006050175
0.0005983854
0.0005997487
0.000600308
0.0005984611
0.0005958068
0.0006283556
0.0006352983
0.0006006396
0.0006083711
0.0005873025
0.000606227
0.0006531492
0.000633664
0.0006413767
0.0006226847
0.0005983897
0.0006276915
0.0006241873
0.0005982804
0.0006371667
0.000629655
0.0006029327
0.0006458106
0.0006326816
0.0006315549
0.0006096139
0.0006036761
0.00065293
0.0006093833
0.0006130288
0.0006286708
0.0005827098
0.0005831453
0.0006339742
0.0006320013
0.0005924205
0.000635237
0.0006236499
0.0006104583
0.0006276591
0.0006280608
0.000651661
0.0006184563
0.0006508407
0.0006568258
0.0006148005
0.0006167774
0.000612347
0.0006343124
0.0006114689
0.0006238262
0.0006441781
0.0006261288
0.0006544737
0.0006396155
0.0006015476
0.000640281
0.0006558049
0.0006377272
0.0006348389
0.0006303556
0.0006402623
0.0006277669
0.0006280667
0.0006395641
0.0006430486
0.0006521362
0.0006492132
0.0006446906
0.0006441657
0.0006260391
0.0006278993
0.0006417621
0.0006340126
0.0006678658
0.0006625046
0.0006275519
0.000646184
0.0006152208
0.0006018408
0.0006268675
0.0006302824
0.0006496979
0.0006443061
0.0006381097
0.0006399072
0.000635307
0.0006354962
0.0006204877
0.0006070657
0.0005952452
0.0006426113
0.0006683836
0.0006141452
0.0006383003
0.0006568553
0.0006402052
0.0006283412
0.0006100854
0.0006454163
0.0006471462
0.0006512675
0.0006513907
0.0006291066
0.0006340218
0.0006381274
0.0006430305
0.000619927
0.000621619
0.0006369057
0.0006265913
0.0006386678
0.0006355426
0.0006132083
0.0006332746
0.0006349297
0.0006285824
0.0006542321
0.0006350773
0.0006271142
0.0006087507
0.0006039818
0.0006320089
0.0006192263
0.0006392456
0.0006272583
0.0006104647
0.0006544629
0.0006560677
0.0006320536
0.0006288466
0.000635224
0.0006352033
0.0006271751
0.00063034
0.0006271053
0.0006542622
0.0006654136
0.0006349681
0.0006357069
0.0006388462
0.0006619802
0.0006619113
0.0006114362
0.0006313537
0.0006856641
0.0006767771
0.0006294745
0.0006349784
0.0006764718
0.0006515596
0.0006426401
0.0006673185
0.0006487911
0.000630263
0.0006285238
0.000638787
0.0006266405
0.000626493
0.0006431335
0.0006397797
0.0006348096
0.000634642
0.0006488683
0.00064549
0.0006485026
0.0006147159
0.0006265139
0.000661516
0.0006261111
0.0006515092
0.0006360885
0.0005974739
0.0006268496
0.0006418223
0.0006351761
0.0006317387
0.0006482935
0.000652846
0.0006293889
0.0006307288
0.0006672659
0.0006702008
0.0006915254
0.00067685
0.0006797554
0.0006658721
0.000624774
0.0005908762
0.0006113683
0.0008598636
0.0005547425
0.001022423
0.0015293
-0.0001990225
-0.0003513684
0.0005578932
0.0001239441
0.001208388
0.002541642
0.001148499
-0.000733483
0.0005781378
0.002572168
0.001076606
0.001441002
0.002543843
-0.002788559
-0.004025807
0.002556181
0.005630201
0.002105012
0.0007541693
0.002995363
-0.002066657
-0.0006415456
0.00484525
-0.006587187
-0.00819731
0.004135824
0.004717805
0.00730693
0.00721214
-0.00379796
0.0002678982
0.003312263
-0.003821832
-0.001576775
-0.00111648
0.003924577
0.00972254
0.003190072
-1.525639e-05
-0.006552596
-0.005680407
0.005959072
-0.0002005838
-0.003859602
4.865505e-05
-0.003547922
0.001321858
0.00902215
0.003336839
0.004103422
0.003810161
-0.009845711
-0.002448757
-0.007483751
-0.0056093
0.01978541
0.005211284
-0.001842976
-0.001118789
-0.007421861
0.004108662
0.003746505
0.000296239
0.002947588
0.004142965
-0.004388864
-0.008178444
0.005819283
0.005729882
0.004452407
0.008977373
-0.003624084
-0.01011606
-0.004172012
0.001120854
0.0108586
0.005513983
-0.0004043758
0.0008877115
-0.005784262
0.005976567
0.002620769
-0.00989523
-0.006392855
-0.004187261
0.001953588
0.00545764
0.0117617
0.004151416
-0.001668618
0.001458607
-0.002938203
0.002087386
-0.0007533684
-0.004277433
0.004057765
-0.0008549975
-0.002139105
0.006939296
0.002292094
0.008945621
0.009335361
-0.01570391
-0.005638605
0.01792782
0.01004151
0.006990239
0.00519822
-0.004299432
-0.009969236
-0.003675853
0.008085735
0.00352888
0.008932749
0.01109519
0.001923877
0.001544563
-0.00355079
-0.001760595
0.004430507
0.009083148
0.01300868
0.006871766
0.004867603
0.002105052
0.004308859
0.01360234
0.002896614
0.002035597
0.00475787
-0.008675106
-0.004765022
0.007013226
0.002429108
-0.002499137
0.002521451
0.0009260499
0.001109007
0.005108788
0.007446188
0.006550811
0.001242581
-0.0006064846
-0.001805161
0.004237735
0.008678345
0.006698097
0.01176666
0.005916919
-0.006717058
0.004957728
0.01253435
0.004494846
0.01191852
0.02245668
0.01868048
0.00863621
0.004526255
0.007706713
0.009740799
0.008564492
0.009996176
0.009616699
0.004874767
0.001962406
0.003466831
0.006519307
0.003362961
0.0007281877
0.00295902
-0.00470931
-0.00829544
0.007400094
0.01537666
0.01285634
0.01369434
0.01272844
0.005191231
0.006175572
0.01261042
0.003026951
-0.004829596
-0.005078063
-0.006165699
-0.004735762
-0.00116343
0.004330535
0.005427716
0.006057697
0.003160477
-0.001580016
0.004025081
0.006336645
0.008874579
0.01097019
0.002605755
-0.005029944
-0.006024938
-0.002907066
-0.0003435697
0.005823114
0.01042348
0.007169444
0.0005945172
-0.001689246
0.001521389
0.006889663
0.01046595
0.01147987
0.01329542
0.002944593
-0.00488969
-0.001100663
-0.0004444448
0.005264615
0.003773723
-0.0063276
-0.009612247
-0.01264164
-0.01112309
-0.008097281
-0.007509113
-0.003100922
0.001093713
0.002381978
-0.002552984
-0.007712812
-0.008764692
-0.006092561
-0.0004043807
-0.0001257574
-0.001435199
0.001392178
0.001409182
-0.003045044
-0.003339347
-0.001139212
0.0002953253
0.002131467
0.004057213
0.004435771
0.005781493
0.01033126
0.00678427
0.00367873
0.009808497
0.01223509
0.01029111
0.01394084
0.01838095
0.01544114
0.0106996
0.00684214
0.00890059
0.007617581
-0.0004712115
0.0002080995
0.003572937
0.001691532
-0.005433253
-0.008485146
-0.007437967
-0.0145122
-0.0209146
-0.02286969
-0.02560253
-0.03036483
-0.03588086
-0.03701762
-0.03811054
-0.03792893
-0.0350601
-0.03228007
-0.02948891
-0.03206005
-0.0320761
-0.02981606
-0.03019622
-0.031397
-0.0341281
-0.03371529
-0.03455134
-0.03419615
-0.03052336
-0.03117933
-0.03195783
-0.02870742
-0.03367295
-0.04213135
-0.04338907
-0.05043064
-0.06004034
-0.06637002
-0.07188401
-0.0742458
-0.0729113
-0.06499315
-0.05666681
-0.05237258
-0.0461662
-0.03782396
-0.03308001
-0.03199855
-0.02911933
-0.02577308
-0.02427071
-0.02266687
-0.0227205
-0.02331588
-0.02204167
-0.02111148
-0.01381623
-0.005483626
-0.002363634
0.008558553
0.01495702
0.01056169
0.01117206
0.01246154
0.005203878
0.001491656
0.006723556
0.006822623
0.006004116
0.006153572
0.003582289
-0.0009178972
-0.001844478
0.002525738
7.682452e-05
0.001420581
0.006104472
0.005358713
0.001973792
-0.00329206
0.002087701
0.01258992
0.01106509
0.003332047
0.01023178
0.01889407
0.01134043
0.01922571
0.02753283
0.01356791
0.007582842
0.01309218
0.01950085
0.01268634
0.006078911
0.006021863
0.008075215
0.01151029
-2.429244e-05
-0.0008102331
0.004795183
0.001434996
-0.0008068403
-0.00621029
-0.005754588
-0.001431673
0.006709696
0.01346477
0.009593447
0.001970128
-0.009522125
-0.02007999
-0.03075955
-0.02624956
-0.02341617
-0.03764851
-0.03543701
-0.02461106
-0.01353377
-0.00509406
0.01093621
0.01273045
-0.0006842043
0.0186042
0.02467855
0.01136787
0.01349481
0.02047696
0.01371995
0.007071603
0.01340015
0.007226309
0.008621973
0.009569747
0.005392666
0.00480358
0.0008568495
0.003140502
0.0101714
0.01245761
0.006217269
0.0166954
0.01239371
-0.006100156
-0.01073338
-0.01276009
-0.01219882
-0.02367987
-0.03070996
-0.02733116
-0.02582842
-0.02641601
-0.02410347
-0.01617988
-0.004853762
-0.0002172117
-0.003061474
-0.004250541
-0.01302048
-0.01134412
-0.00802356
-0.01147749
-0.01163137
-0.02232687
-0.03080808
-0.03583815
-0.03382195
-0.01943126
-0.008425826
-0.003293411
0.005750354
0.007326131
-0.00137415
-0.001020911
-0.006595599
-0.01210244
-0.01151079
-0.01121127
0.001901985
0.003827419
-0.005497683
-0.0102372
-0.02064168
-0.02595822
-0.02377049
-0.01585656
-0.01180879
-0.02363878
-0.02376163
-0.01512686
-0.01621118
-0.01539643
-0.01858471
-0.01676045
-0.009468775
-0.006079623
4.012913e-05
-0.004963419
-0.01171661
-0.01303396
-0.01054393
0.005533905
0.01527458
0.007669392
0.003396231
0.003978837
0.01428403
0.03656718
0.04122089
0.04098996
0.047214
0.05352161
0.05911507
0.05563398
0.05741159
0.05350343
0.03126797
0.01052172
0.004771544
0.002538302
-0.002359819
0.004028385
0.01567282
0.02403325
0.02342812
0.02138607
0.02317127
0.03416431
0.04925209
0.0482142
0.05230766
0.05057542
0.04307669
0.0478368
0.05812527
0.06477383
0.06689826
0.0776757
0.07083813
0.06417315
0.05929286
0.03172454
0.006685891
-0.01106095
-0.01785447
-0.02241335
-0.02122054
-0.01113936
-0.01585081
-0.02234807
-0.0139837
-0.006564112
-0.005034088
0.001007872
0.00708033
0.01088075
0.01318758
0.0128528
0.01455405
0.01499287
0.01717167
0.02602731
0.02881352
0.02117723
0.01581676
0.01090925
0.002773633
0.0003884426
0.00102882
0.00107246
0.0009624367
0.01079164
0.01208657
0.003533391
0.006362599
0.003848648
0.003266655
0.002115846
0.008914655
0.02020872
0.02507312
0.03278891
0.02774694
0.02772258
0.03437461
0.03899006
0.0395559
0.0304936
0.01996116
0.00462576
-0.005869959
-0.007124691
-0.005201926
-0.00449574
-0.01253772
-0.03007638
-0.04329204
-0.04523803
-0.04564014
-0.04512212
-0.04743611
-0.04757419
-0.03800273
-0.02609033
-0.02034578
-0.01174383
0.004712727
0.008738951
-0.0009628822
-0.003403351
0.008594768
0.01000895
0.01523255
0.02127238
0.007593676
0.01090132
0.01702585
0.01411767
0.005414981
0.001729886
0.002856804
-0.01271538
-0.01857982
-0.02473686
-0.03353408
-0.03820083
-0.0352102
-0.02276569
-0.03105303
-0.03594226
-0.02675541
-0.02725335
-0.01674492
-0.002973134
-0.008330156
-0.001351293
-0.001331422
-0.01172616
-0.004200922
0.0009484095
0.007141742
0.01656956
0.01743272
0.006791008
-0.003955713
-0.01733507
-0.02849711
-0.0313982
-0.03190496
-0.02250605
-0.02239191
-0.02744656
-0.02676761
-0.02611027
-0.02602174
-0.03020919
-0.02753829
-0.02502651
-0.02710205
-0.0262951
-0.02604087
-0.0239875
-0.02329653
-0.02224395
-0.02434331
-0.02803795
-0.02796942
-0.03903282
-0.04300435
-0.03665745
-0.03397057
-0.02266765
-0.01794532
-0.02265586
-0.02721384
-0.03047094
-0.02515015
-0.01548958
-0.01072961
-0.02391449
-0.04251386
-0.05260376
-0.05586176
-0.04460773
-0.03471175
-0.02858405
-0.01636092
-0.0188506
-0.03989872
-0.04203446
-0.02242913
-0.007071028
0.02348176
0.04156765
0.02656201
0.01037225
0.002323277
0.007201443
0.00896782
0.01138049
0.008227702
-0.0075884
-0.01582943
-0.01506566
-0.01693217
-0.01554365
-0.007503753
-0.01282227
-0.01551998
-0.008400235
-0.0008458916
0.00842353
0.01750356
0.01893956
0.007541191
0.002512151
0.009780889
0.008105602
0.003654313
0.0136517
0.0189582
0.01496211
0.01493573
0.01888044
0.01378683
0.01261626
0.0138411
0.01043692
0.02242407
0.02466731
0.02373059
0.02069543
0.008128172
0.003075176
0.004273404
0.02495317
0.04037526
0.03937739
0.03676379
0.02569386
0.02469041
0.03149753
0.02981605
0.03043048
0.02405849
0.02476321
0.03043853
0.02484417
0.0306745
0.03193966
0.0294371
0.02529483
0.01910841
0.01787892
0.006605368
0.006385282
0.007981334
0.003199705
0.009449305
0.01485897
0.01638789
0.01420396
0.01503846
0.01615541
0.003039516
-0.006749445
0.01085923
0.03270057
0.02724863
0.01820072
0.01935693
0.01006353
-0.006408534
-0.005009474
0.01416019
0.02131
0.02295496
0.02687677
0.02420665
0.0189933
0.005577409
-0.00340414
-0.002521733
0.002254348
0.00745774
0.003706735
0.002376447
0.004172582
0.005003923
0.006328867
0.008382617
0.01626358
0.01557427
0.0147824
0.02104351
0.01493821
0.01085832
0.01477532
0.01233159
0.01029095
0.01461114
0.01856182
0.01711266
0.01375451
0.0110506
0.007393274
0.003534262
-0.0001582956
-0.003359705
-0.001572323
0.00479191
0.009384971
0.01368524
0.01290875
0.01298663
0.01475735
0.008984839
0.01080111
0.01050068
0.00469939
0.002348449
-0.003352044
-0.006464612
-0.005229977
8.4711e-05
0.001908217
0.005773335
0.009772098
0.003281223
0.007530225
0.01807781
0.0228894
0.026169
0.02855985
0.02366681
0.01371677
0.01824898
0.02005346
0.007206647
0.002213324
0.008572838
0.01031484
0.009587208
0.02101317
0.02536405
0.02225089
0.02461536
0.01937425
0.01887142
0.01799276
0.009484412
0.004876815
-0.0005172533
0.002667878
0.008841894
0.01511189
0.02493798
0.02752411
0.02853667
0.03252569
0.03264061
0.02665193
0.02092761
0.01924489
0.02417817
0.02066365
0.01349938
0.01052953
0.003963496
0.004241623
0.003254884
0.005637834
0.007737559
0.003412588
-0.001021297
-0.01057432
-0.01345229
-0.01176854
-0.009534448
-0.00962661
-0.01741728
-0.01822402
-0.01229156
-0.008468578
-0.004344798
0.004098194
0.009738886
0.007225986
0.008518599
0.004660984
-0.007409632
-0.01288266
-0.0131765
-0.01329668
-0.0129137
-0.01202342
-0.01565238
-0.01989895
-0.02156168
-0.0186619
-0.01583635
-0.01569254
-0.00957828
-0.008727176
-0.008737715
-0.003685031
-0.004747503
-0.005888448
-0.002744578
0.005911308
0.00919215
0.007911326
0.007480138
-0.00138464
-0.008139992
-0.01314329
-0.01548661
-0.01319711
-0.015146
-0.01218696
-0.006094989
-0.005325432
-0.003113494
0.003181668
0.004156948
0.001234511
0.00464811
0.003900135
0.003080891
0.01118248
0.01109229
0.00635392
0.005420277
0.003841908
0.002885925
0.001516359
0.0005163704
0.001319587
0.003175637
0.005648489
0.005806166
0.004846244
0.002358325
0.0007415705
0.0007024434
-0.0001463138
0.003519371
0.004777882
0.005667563
0.007082106
0.001917428
0.001672685
0.002102427
-0.002835899
3.293789e-05
0.008322647
0.008717242
0.008475725
0.0142167
0.0152473
0.01436985
0.018666
0.01981752
0.02115769
0.02404743
0.02117967
0.01849985
0.01674404
0.0168442
0.01826119
0.01976063
0.02351688
0.02360189
0.02175896
0.02151762
0.01729631
0.01404606
0.01756548
0.01943302
0.01933013
0.01863193
0.01524985
0.01257808
0.01203116
0.01280899
0.01239491
0.01341198
0.01554195
0.01247983
0.00954097
0.009310049
0.007318401
0.008103458
0.008351869
0.005560211
0.002323807
-0.005191934
-0.009003609
-0.00922736
-0.01048781
-0.008120336
-0.005418331
-0.00912839
-0.01392807
-0.0098614
-0.00388503
-0.001096644
0.0008197587
0.00379615
0.005190219
0.003625842
0.002617482
0.002778656
0.003335129
-0.0003500611
-0.0007424476
0.001009978
-0.001015147
-0.002056343
-0.0033535
-0.0018355
-0.0004630186
0.0001654122
0.001306718
0.0007679516
0.003652449
0.003409794
-0.001206515
0.002829072
0.007932865
0.00480461
0.002673163
0.000338473
-0.005057781
-0.006249386
-0.00154886
0.0007532965
-0.0006261078
-0.0005055628
-0.004627309
-0.009812431
-0.01164547
-0.01267703
-0.01260764
-0.01508228
-0.01598411
-0.0157988
-0.01645343
-0.01494168
-0.01649227
-0.01579501
-0.01188001
-0.009036201
-0.008445123
-0.01026296
-0.007299943
-0.005537711
-0.006416988
-0.009774074
-0.01568063
-0.0168847
-0.01785364
-0.0211634
-0.02188114
-0.01857407
-0.02095657
-0.02350957
-0.0209265
-0.02166177
-0.02047471
-0.01877963
-0.01666056
-0.01567583
-0.01403437
-0.007992065
-0.004349747
0.000195816
0.0004109776
-0.002072276
-0.004089124
-0.004771592
-0.003622015
-0.007770075
-0.008714125
-0.008276549
-0.01183336
-0.01504224
-0.01380146
-0.01315509
-0.0159351
-0.0165912
-0.01763043
-0.01766878
-0.01572639
-0.01336878
-0.01335196
-0.01504553
-0.01681113
-0.01598075
-0.01171435
-0.01149427
-0.008984654
-0.007778982
-0.009808555
-0.005096501
-0.0042964
-0.008177153
-0.0090483
-0.007948197
-0.0101257
-0.01394884
-0.01583197
-0.01898309
-0.01872946
-0.01424062
-0.005640545
-0.001237939
-0.008224995
-0.008352927
-0.005169577
-0.01015183
-0.01145493
-0.01443486
-0.01626999
-0.01448335
-0.01283368
-0.005440692
-0.004918929
-0.006868343
-0.006874608
-0.005615237
-0.003899874
-0.006480468
-0.003766732
-0.00284091
-0.003439948
-0.00129733
-0.001597942
-0.001269724
0.0001232592
0.000677899
-0.0004851019
3.431311e-05
0.004060905
0.008541176
0.008914236
0.006546518
0.006553956
0.006879013
0.005416101
0.0003691722
-0.0027026
-0.003199938
-0.005522113
-0.002527479
-0.0006312037
0.001209879
0.004775771
0.001977695
0.0004243605
0.001850258
0.002982555
0.001571678
0.002618334
0.007907456
0.009831775
0.01260333
0.01487409
0.01226966
0.01149641
0.01255441
0.011206
0.00851752
0.005069912
0.001569458
-0.003149358
-0.00627145
-0.006835107
-0.005985186
-0.003157604
-0.004534804
-0.005274451
-0.002570063
-0.004628024
-0.008233269
-0.007236907
-0.005916538
-0.008465732
-0.008182907
-0.001796923
-0.000124467
-0.001353669
0.00354676
0.006090396
0.00637166
0.0120393
0.01261979
0.006957847
0.008848695
0.00869481
-0.0006095328
-0.001850759
0.007478513
0.01225025
0.01285711
0.01231684
0.007480543
0.003767451
0.001699909
0.001137219
0.0001824991
0.0004766
0.00410989
0.004452071
0.001707795
-0.003705228
-0.009267162
-0.01146825
-0.01032784
-0.006467291
-0.002483512
-0.004164506
-0.01108078
-0.01378744
-0.01418693
-0.01421678
-0.01378747
-0.01379012
-0.009795957
-0.006892977
-0.005867602
-0.004363796
-0.005774396
-0.007473789
-0.01024604
-0.01209906
-0.01258645
-0.01473787
-0.01221811
-0.01145109
-0.01237369
-0.008992315
-0.008085301
-0.006393518
-0.0009376844
0.004683788
0.003004514
-0.00292761
-0.006352604
-0.008476779
-0.008593802
-0.00927716
-0.007584474
-0.006988612
-0.008472755
-0.007843299
-0.00881862
-0.009845154
-0.01115092
-0.008811086
-0.005551173
-0.003624908
0.0003110179
-0.001662649
-0.005699558
-0.007117285
-0.005978224
-0.002939926
-0.001593584
-0.0005808667
-0.0007529256
-0.0009241968
-0.002665846
-0.005964317
-0.006861228
-0.007296496
-0.006806153
-0.008038186
-0.01220787
-0.01178878
-0.01059522
-0.01292089
-0.01244741
-0.01134188
-0.01155788
-0.009973151
-0.006769981
-0.003868422
-0.001729217
-0.0006868166
-0.002620412
-0.003219648
-0.002277236
-0.003996424
-0.007065233
-0.008894064
-0.009293278
-0.009701312
-0.008765343
-0.007787751
-0.007446913
-0.006457332
-0.005370105
-0.00366291
-0.001822056
-0.001794013
-0.003989967
-0.006708362
-0.00809956
-0.004750797
-0.0002595305
0.001531708
0.004235796
0.00504709
0.003536002
0.002183276
-0.001482277
-0.006632603
-0.009105375
-0.009203704
-0.01158203
-0.01547797
-0.01754755
-0.01821072
-0.01626262
-0.01302097
-0.01249689
-0.01222244
-0.01021673
-0.007519906
-0.002721396
0.003347487
0.007184446
0.006164574
0.002308719
0.001200006
0.0006929405
-0.000728566
-0.000242042
-0.001086727
-0.002535411
0.0001270753
0.001712841
-0.0002662505
0.001477071
0.004745994
0.004396586
0.005787094
0.009213643
0.009652982
0.01084355
0.01300691
0.01402868
0.01334726
0.01069227
0.009684424
0.008861372
0.00822314
0.006684119
0.006520259
0.01120443
0.01031587
0.007597659
0.01056183
0.01167721
0.01210063
0.01235525
0.01028991
0.006700508
0.001809568
-0.003734264
-0.009478046
-0.01482108
-0.01899212
-0.01876802
-0.01636705
-0.01532526
-0.01493067
-0.01351694
-0.01163755
-0.007824467
-0.004648257
-0.002476014
0.003845009
0.003994113
0.0008751615
-0.001622176
-0.008084349
-0.007956947
-0.005262305
-0.006493252
-0.008145816
-0.008553575
-0.009732533
-0.01170753
-0.009370527
-0.00784782
-0.007935601
-0.006488941
-0.003551123
-0.0008180181
-0.0005793714
-0.0005246801
0.0007459445
0.005684634
0.008616932
0.007261281
0.005840766
0.003407469
0.002432517
0.004144027
0.006337929
0.00491024
0.001127348
-0.001929154
-0.005444077
-0.005270204
-0.004471504
-0.007656001
-0.01087333
-0.01164984
-0.01252156
-0.01641808
-0.0166155
-0.01246722
-0.005706248
0.004361323
0.01168006
0.01428925
0.01474797
0.01667636
0.01666229
0.0171306
0.02310372
0.02618902
0.02405266
0.01820662
0.0116726
0.006822511
0.002814044
0.001382333
-0.0002645184
-0.002726624
-0.003326323
-0.002149182
-0.001216873
0.001593066
0.004873408
0.003648176
0.004527684
0.008667265
0.01129003
0.01374318
0.01579636
0.01530638
0.01373156
0.01321674
0.01043636
0.005580734
0.005073878
0.007286231
0.005402634
0.002509399
0.0009337768
-0.0003586623
-0.001667878
-0.003400338
-0.001795978
-0.0002947782
-0.001785587
-0.002901207
-0.003776023
-0.005418041
-0.006758474
-0.008104535
-0.009458588
-0.008591789
-0.005874658
-0.002733459
9.408365e-05
0.004939289
0.009776454
0.01312252
0.01997171
0.02457618
0.02189825
0.01885549
0.0181055
0.01785953
0.01688796
0.01560604
0.01627526
0.01652683
0.01515928
0.0137853
0.01314733
0.01388134
0.01238421
0.008531053
0.006632263
0.005052644
0.005795436
0.009168686
0.006682772
0.003232759
0.00339236
0.00306719
0.004573187
0.008955181
0.01409802
0.0154977
0.01531095
0.01761777
0.01920866
0.01964356
0.01793608
0.0135165
0.008891379
0.007148574
0.007313053
0.005311083
0.002971561
0.00167598
0.0009412588
-0.001158307
-0.004695426
-0.00787263
-0.009534593
-0.009553379
-0.01093773
-0.01062695
-0.01007931
-0.009412487
-0.005627268
-0.002390007
3.926729e-05
-0.0005730423
-0.001130188
0.0001150792
-0.0009748403
-0.001200784
-0.002612307
-0.004985483
-0.001760266
0.002341028
0.002490325
0.002846805
0.002108112
-0.0008778325
-0.0006373888
0.0004614844
0.000668361
0.002203232
0.002051754
-0.0006429588
-0.002868082
-0.005576413
-0.008591975
-0.007453972
-0.004208727
-0.001276234
-0.0007565304
-0.001678443
-0.003436362
-0.005545521
-0.002985107
-0.0001286152
0.002886256
0.005023595
0.0042345
0.00482144
0.004785152
0.004175993
0.002894102
0.001196972
-0.0009033298
-0.002113275
0.0012768
0.002822107
0.001200214
0.001341488
0.0009908066
-0.002155909
-0.004949812
-0.005296545
-0.00701204
-0.009298003
-0.009111931
-0.009661817
-0.01087336
-0.008749685
-0.006662803
-0.006017496
-0.005005817
-0.005016531
-0.004228053
-0.004120335
-0.005143868
-0.005419387
-0.003511759
0.0009887467
0.005766012
0.009762598
0.0122311
0.01585318
0.0170177
0.01634144
0.01730836
0.01590407
0.0142078
0.01194274
0.007845675
0.003690132
0.002137043
0.0002247384
-0.004632345
-0.006695899
-0.007158618
-0.006323775
-0.00485767
-0.00565875
-0.006195054
-0.008748166
-0.0110701
-0.01131523
-0.00853643
-0.00170074
0.003900543
0.008905087
0.01086721
0.01028537
0.01000189
0.009514414
0.008376523
0.007481872
0.008207981
0.005542054
0.002323348
0.001399828
0.0001747108
0.0004767786
0.003702033
0.00741456
0.01004466
0.01228435
0.01354166
0.014355
0.01390272
0.01254002
0.01165171
0.01300825
0.01532076
0.01673242
0.01941615
0.0185535
0.01472524
0.0127369
0.01213821
0.01264752
0.01245045
0.01137732
0.01055784
0.01012474
0.00849647
0.006814539
0.006283049
0.006494744
0.006612065
0.005522915
0.004962618
0.005943085
0.006993203
0.007430473
0.01028378
0.01257552
0.01152248
0.009620564
0.005435535
0.0001383915
-0.00349471
-0.004601489
-0.002843402
-0.002021334
-0.002424829
-7.79615e-05
0.0006041737
-0.0007593536
4.755776e-05
0.0003832442
-0.000784217
-0.003071749
-0.005435242
-0.007389989
-0.008148705
-0.007008267
-0.007089363
-0.00659612
-0.004823626
-0.004703172
-0.003719471
-0.002147764
-0.002097658
-0.002272377
-0.001962279
-0.002204992
-0.00310609
-0.003571213
-0.005210713
-0.006974246
-0.006605777
-0.004921316
-0.003241623
-0.002881937
-0.003227029
-0.004624962
-0.006314075
-0.007099994
-0.007365927
-0.006421483
-0.005277803
-0.003927729
-0.002776846
-0.001977979
-0.0001270886
0.001095
0.0009267227
-0.0003903937
-0.002633864
-0.005534209
-0.008760098
-0.01221252
-0.01594804
-0.01828116
-0.01870872
-0.01834909
-0.01837024
-0.01758339
-0.01617255
-0.01530894
-0.01200289
-0.008648778
-0.008356314
-0.007714244
-0.007714583
-0.007382125
-0.00537766
-0.005122793
-0.005887122
-0.006499443
-0.006605375
-0.008129706
-0.01056206
-0.01150722
-0.01173799
-0.009871984
-0.008331528
-0.009203042
-0.01022981
-0.01031899
-0.00906898
-0.007015737
-0.004443325
-0.001619659
0.0006888029
0.001866891
0.002444939
0.002466212
0.002245851
0.002079108
0.002493935
0.0045248
0.004826865
0.004048107
0.004067762
0.003137019
0.002459065
0.001317111
-0.0001200518
-0.0007420256
-0.001559987
-0.00185316
-0.00224232
-0.003391506
-0.002723898
-0.001083467
-0.0008462264
-0.0004265986
3.224124e-05
-0.00112652
-0.0023837
-0.002321689
-0.002132467
-0.001890452
-0.001782038
-0.001660828
-0.001238009
-0.0003607983
0.001695629
0.002736073
0.002750911
0.002466541
0.001083791
-0.001203793
-0.004400964
-0.007210182
-0.008648993
-0.00890943
-0.008251436
-0.007971042
-0.007924265
-0.006505498
-0.005596309
-0.004942306
-0.001626748
0.002721682
0.004754917
0.005354547
0.005505392
0.003309022
0.001584627
0.0003850269
-0.001757767
-0.003564596
-0.005226615
-0.004973463
-0.005030664
-0.006449539
-0.007335567
-0.007527941
-0.007149979
-0.007053597
-0.006012442
-0.005345642
-0.004003697
-0.001153707
-0.0003405329
0.001406252
0.003166635
0.002147036
0.001890603
0.002010987
0.001125762
0.0005653354
0.0001665019
0.0005460664
0.001334439
3.722143e-05
-0.001484015
-0.002955654
-0.003932907
-0.003774159
-0.00471301
-0.005004655
-0.00501871
-0.004978375
-0.004572449
-0.003015307
-0.0004829721
0.000336601
0.0004089545
-0.0001162919
-0.0001151694
0.0003131756
0.002247894
0.005523448
0.007804592
0.009104199
0.006254978
0.002801693
0.00186602
0.0008799444
0.000221865
-0.000197019
0.0002224845
0.0008644124
0.001758315
0.004136233
0.006905335
0.009420888
0.01149641
0.01399195
0.01536351
0.0145159
0.01293785
0.01122294
0.01073368
0.0103124
0.009243961
0.007334673
0.00403502
0.0007024981
-0.001846009
-0.002421742
-0.001870248
-0.001241976
0.0003327227
0.001733019
0.00178854
0.0003160356
-0.001166068
-0.001277791
-0.001684694
-0.001828416
-0.00181613
-0.00233105
-0.002555562
-0.003181705
-0.002773441
-0.0005355626
0.001987916
0.003092216
0.003167712
0.002915997
0.002294676
0.002746954
0.002725656
0.0009275295
-0.001080999
-0.001716756
-0.001376492
-0.00105944
-0.0006423689
-0.0002965113
-4.902024e-05
-0.001545556
-0.00302769
-0.003720243
-0.005382379
-0.006921344
-0.008049108
-0.006557714
-0.004725448
-0.00442679
-0.00394333
-0.005221473
-0.007334816
-0.009264196
-0.01045677
-0.0109454
-0.01163238
-0.01118574
-0.01071032
-0.01070131
-0.009977103
-0.00947607
-0.008124689
-0.005490069
-0.00498104
-0.005556811
-0.004125427
-0.002713194
-0.002005801
-7.27778e-05
0.002069033
0.003701303
0.005310336
0.005366548
0.004131576
0.002830991
0.001915988
0.002379379
0.003436386
0.004263004
0.004378432
0.003401834
0.001522858
-0.001436955
-0.00413757
-0.004911815
-0.004996439
-0.004773096
-0.002426532
-6.232041e-05
0.000407469
0.0002388662
-0.0006065509
-0.001423978
-0.001691007
-0.001923649
-0.001593087
-0.0005681178
0.0003096516
0.001161022
0.001905206
0.0007797933
-0.001183242
-0.002174311
-0.002145365
-0.00132041
-0.0002290706
0.001217492
0.001772051
0.001468216
0.001714757
0.001796509
0.002023057
0.002915194
0.003940152
0.004043514
0.002554877
0.001313407
0.0008047483
0.0004552787
0.0006434267
-0.0005348306
-0.00314909
-0.005241789
-0.006524092
-0.006167997
-0.005287893
-0.004678203
-0.0037253
-0.00253238
-0.0008322737
0.0003654575
0.0007111822
0.0009161038
0.001109824
0.0005763475
-0.0007667274
-0.002322628
-0.003406527
-0.00382964
-0.004543143
-0.005254256
-0.00532538
-0.004772506
-0.004573212
-0.004941115
-0.004713043
-0.004503358
-0.004404889
-0.004239205
-0.004399939
-0.004059879
-0.003500616
-0.002474923
-0.001590049
-0.001735571
-0.001665901
-0.001629028
-0.002060957
-0.002772898
-0.00252326
-0.001869585
-0.002334331
-0.002562282
-0.002326255
-0.001303011
0.0004970214
0.001636299
0.002491548
0.003022809
0.00298926
0.002710924
0.001871768
0.001177409
0.001020635
0.0009742754
0.001402302
0.001475146
0.0004503725
0.0001319917
0.0003944028
0.0001632302
0.001072015
0.00315525
0.005007282
0.005976925
0.005539373
0.004353813
0.002399438
0.0006762281
0.0008114181
0.001073022
0.0007610332
0.0001378301
-0.0002629876
6.612818e-06
-0.0003269999
-4.061583e-05
0.001064968
0.00151299
0.002186585
0.003674559
0.004774553
0.003975349
0.002558537
0.001259317
-0.0003479042
-0.001221537
-0.001804775
-0.001743203
-0.001367241
-0.001943269
-0.00190013
-0.0002097648
0.001846184
0.003042976
0.003105338
0.0014837
0.0001756342
0.001454776
0.004661104
0.008006669
0.01002662
0.01115062
0.0104674
0.008632929
0.007647284
0.006426435
0.00425119
0.002246306
0.001247838
0.0005589552
0.0006220747
0.001211595
0.001749915
0.002780238
0.003599359
0.004123279
0.004448794
0.005139121
0.005963844
0.006518949
0.00677088
0.005681205
0.00433713
0.002768234
0.0007433421
-0.0004839789
-0.001650478
-0.0024874
-0.002221116
-0.001160435
0.0004674467
0.001129752
7.444278e-05
-0.0007848841
0.000132577
0.00138606
0.002012322
0.003429004
0.005886465
0.007609567
0.008678245
0.01029979
0.0102117
0.008587525
0.007193805
0.005482461
0.004555133
0.004302176
0.003831647
0.003581892
0.003347364
0.002721596
0.002122263
0.0015141
0.000260361
-0.000427015
-0.00029357
-0.0005769451
-0.001301102
-0.002420473
-0.00314144
-0.002791238
-0.0009050223
0.001404406
0.002257838
0.003324867
0.004724708
0.005454934
0.005446791
0.003849818
0.001500059
-7.855494e-05
-0.0002731356
-0.0008189398
-0.001999126
-0.002419329
-0.002899515
-0.00371413
-0.004428721
-0.004772937
-0.005437931
-0.006406174
-0.006457582
-0.006069797
-0.005693213
-0.00505824
-0.004726448
-0.004781066
-0.005233275
-0.006411133
-0.007441763
-0.007703575
-0.00712303
-0.006000872
-0.005053108
-0.005046132
-0.005309577
-0.00521303
-0.005089288
-0.003755131
-0.002455382
-0.001655621
-0.0002374778
0.0004470949
0.0004180493
0.0002906017
0.000776753
0.001294108
0.0006282569
-0.0002368
-0.001253854
-0.002430125
-0.00305759
-0.003673872
-0.004292544
-0.004809614
-0.005345894
-0.005482989
-0.005408073
-0.005402745
-0.006152636
-0.006912156
-0.006807661
-0.006540731
-0.005784245
-0.005073332
-0.004728851
-0.004038744
-0.003013469
-0.001768967
-0.0001620904
0.001648026
0.002686112
0.002829025
0.003512697
0.004586007
0.004993685
0.005217417
0.005056303
0.004458372
0.003590848
0.003362524
0.004343783
0.005220259
0.005535135
0.004799627
0.003740099
0.002610951
0.001356208
0.0007142573
0.0005082928
0.001601534
0.003255577
0.004628056
0.005132522
0.004543368
0.004143014
0.003257868
0.002089503
0.001522736
0.001402363
0.001720389
0.002424011
0.003198039
0.003438465
0.003714897
0.004374522
0.00473975
0.005287369
0.005371829
0.004435459
0.003935844
0.003386661
0.002611862
0.002583463
0.003004656
0.003725846
0.004779055
0.005975454
0.007016649
0.008137045
0.008851063
0.00886107
0.008932662
0.008428274
0.007863085
0.007640288
0.006907048
0.006156248
0.005423019
0.00476901
0.003693377
0.002228968
0.001048524
-9.590958e-05
-0.0002299745
0.0002951927
0.0003723433
0.0003095055
0.0002538592
-0.0001865732
-0.0005846384
-0.0002866855
-0.0002327441
-0.0008539808
-0.001346451
-0.001289305
-0.001120167
-0.0009790208
-0.001021086
-0.001559944
-0.002345214
-0.003143283
-0.003673376
-0.004025851
-0.003887942
-0.003256428
-0.002792126
-0.002356611
-0.001543489
-0.000608769
-0.0003276476
-6.49343e-05
0.0001377847
-0.0005530854
-0.001397594
-0.002305283
-0.00306179
-0.003769486
-0.004569213
-0.004828127
-0.004836658
-0.004781969
-0.004748135
-0.004389454
-0.003790735
-0.002949661
-0.001818971
-0.00146909
-0.001790404
-0.002501325
-0.003114659
-0.003614392
-0.00443812
-0.00450826
-0.004560002
-0.004985352
-0.004771494
-0.004792847
-0.00471901
-0.004264368
-0.004088899
-0.003594261
-0.002951613
-0.002763372
-0.002835121
-0.002759691
-0.002521854
-0.001896034
-0.00132298
-0.00153076
-0.001635328
-0.0009231233
2.511427e-05
0.0009573227
0.002146367
0.002874584
0.003381209
0.003906226
0.003677654
0.003129866
0.00275488
0.002603884
0.002178506
0.001713098
0.001454093
0.001112685
0.00124568
0.001647462
0.002127658
0.002622246
0.002896048
0.003276233
0.003918817
0.004835799
0.005327199
0.005056187
0.004513171
0.003922943
0.003684712
0.00369288
0.003789038
0.004219599
0.004914971
0.005701527
0.0064945
0.006943472
0.006393277
0.005500636
0.005026361
0.004316919
0.003434661
0.002760404
0.001968535
0.00117107
0.001043994
0.001129719
0.001192246
0.001841165
0.002851695
0.00431341
0.00556475
0.006175284
0.006232239
0.005801976
0.005075683
0.003759009
0.002780712
0.00227122
0.002312913
0.002937016
0.003214728
0.003480437
0.003294141
0.002429443
0.001745528
0.001646408
0.002623294
0.003514584
0.003609088
0.004007583
0.004251647
0.004271727
0.004610211
0.004660696
0.00488396
0.005979237
0.006394528
0.006235417
0.00630908
0.005577962
0.005093223
0.00443891
0.003086958
0.002386221
0.001968669
0.001713526
0.00104957
-0.0002303718
-0.001259958
-0.001259936
0.0001464818
0.001980917
0.003230564
0.003701823
0.003701862
0.002968312
0.002397931
0.002623568
0.002374798
0.002462026
0.00287806
0.002263698
0.001887688
0.001930905
0.001418106
0.001421328
0.001880515
0.002124533
0.002378136
0.002519747
0.002580532
0.002635751
0.002731741
0.002178163
0.001111745
7.975367e-05
-0.001001883
-0.001319498
-0.001173121
-0.001047532
-0.001113163
-0.001615573
-0.002027605
-0.002622819
-0.003178075
-0.003777299
-0.004454943
-0.004914171
-0.005352631
-0.005535867
-0.005843922
-0.005927965
-0.006343251
-0.006570507
-0.005852142
-0.0055434
-0.005029861
-0.004634732
-0.004382785
-0.003426068
-0.002116533
-0.001106988
-0.0009406487
-0.0007647142
-0.0007511872
-0.0007240628
-0.0006081258
-0.001041789
-0.00156348
-0.00164596
-0.001087643
-0.001220521
-0.001699812
-0.001942306
-0.0022536
-0.002364895
-0.002812205
-0.003137262
-0.00317049
-0.003108727
-0.002848912
-0.002859706
-0.002968233
-0.002755725
-0.001744202
-0.0008181462
-0.0007407622
-0.0007503508
-0.0003020557
0.000368692
0.0009998992
0.001498254
0.001509012
0.001216374
0.001029058
0.0008276568
0.0008051543
0.000960159
0.0008814693
0.0007679217
0.001210778
0.001918316
0.002630106
0.003556599
0.003911291
0.00379199
0.003968905
0.004104127
0.004122448
0.003813493
0.002695049
0.00179306
0.001053424
-4.667977e-05
-0.0002716415
-0.0004838461
-0.001349523
-0.001167158
-0.0003826319
-0.0003425333
-0.0003939628
-0.0004359133
-0.000765853
-0.0008937726
-0.0007221341
-0.0005953213
-0.0009822411
-0.001351271
-0.001132656
-0.001099758
-0.001168153
-0.0007057577
-0.0005367962
-0.0001772814
0.000872424
0.001761495
0.002213248
0.001848045
0.001821741
0.002040556
0.001456858
0.0008485757
0.0004378747
0.0004536077
0.0004931412
0.0003654875
8.655012e-05
-0.0003762368
-0.000416702
-0.0007669001
-0.001324028
-0.001556368
-0.001640883
-0.001429278
-0.001392636
-0.001494911
-0.001926829
-0.003000703
-0.004176294
-0.005093171
-0.005697242
-0.00620222
-0.006177264
-0.005884709
-0.005634977
-0.004767867
-0.004004146
-0.003415371
-0.002596402
-0.002294096
-0.002074267
-0.001292757
-0.000506416
1.115445e-05
0.000293932
-9.42312e-05
-0.0008513432
-0.001620936
-0.002658813
-0.003553257
-0.004595377
-0.005220596
-0.004589338
-0.004337962
-0.004716861
-0.004634258
-0.004428035
-0.004072889
-0.003193839
-0.002483436
-0.002025493
-0.001403067
-0.0008474905
-0.0006865255
-0.001297966
-0.00246317
-0.003558637
-0.004237745
-0.004646397
-0.005039319
-0.005398883
-0.005650705
-0.005741282
-0.005471557
-0.005084361
-0.004905037
-0.004814786
-0.004912154
-0.004776429
-0.004372699
-0.004175151
-0.003867402
-0.003226005
-0.002714382
-0.002563974
-0.002561827
-0.002725676
-0.002865494
-0.002811052
-0.003135278
-0.003865205
-0.004377645
-0.004789127
-0.00477999
-0.004134957
-0.00362552
-0.002764481
-0.001607452
-0.0009803532
-0.0005628492
-0.0009530557
-0.001752858
-0.002210374
-0.002899364
-0.003214762
-0.002980245
-0.002652726
-0.002763794
-0.002750843
-0.00238214
-0.00249152
-0.002284846
-0.002154335
-0.002389534
-0.002322411
-0.002185308
-0.001697768
-0.0006062626
0.0002683476
0.0006529114
0.0008791565
0.0004874756
-5.804513e-05
-0.0003904631
-0.0006839165
-0.0005954375
-0.0004962837
-0.0006316652
-0.0007797401
-0.000660679
-0.0003832954
-0.000207812
0.0002420262
0.0004548919
0.0003257788
0.0004655209
0.0004189142
0.0004495722
0.0007037093
0.0006679542
0.0006782376
0.0009641276
0.00123792
0.001381608
0.001589746
0.001685168
0.001388164
0.00116723
0.001376338
0.001603266
0.001758717
0.001891533
0.001774654
0.001583031
0.001407796
0.001284876
0.0011623
0.001038948
0.0009559252
0.0006206739
0.0002588396
-4.791287e-05
-0.0002778007
-0.0001675206
-6.563112e-05
0.0001099374
0.0003921095
0.0002638671
7.173355e-05
6.828002e-05
-3.460439e-05
-0.0001851883
-0.0004145193
-0.0006737426
-0.00082097
-0.0008098661
-0.000696792
-0.0005767729
-0.0002879374
-7.980333e-05
-9.066466e-05
-0.0001785404
-0.000312493
-0.0002804925
-0.0003807349
-0.0006727479
-0.0007092155
-0.000550087
-0.0003618798
-0.0001415611
7.538343e-05
0.0002617601
0.0004144606
0.0006687116
0.0009640446
0.001166241
0.001424276
0.00161378
0.0016011
0.001605263
0.001607669
0.001463521
0.001369416
0.001377513
0.001300454
0.0012434
0.001288995
0.001173284
0.001043635
0.001109158
0.001129316
0.001176417
0.001225313
0.001157679
0.001100474
0.001062638
0.001078853
0.001097469
0.00110768
0.00124158
0.001372897
0.001356446
0.001284963
0.001281148
0.001311775
0.001291969
0.001246561
0.00118427
0.001127829
0.001100193
0.001077252
0.001101538
0.001162698
0.001176435
0.001149387
0.001197146
0.001325131
0.00140873
0.001398313
0.00131382
0.00123415
0.001200008
0.001220887
0.001245499
0.001224244
0.001189798
0.001106254
0.001032737
0.001007387
0.0009851814
0.0009815489
0.0009736332
0.0009521195
0.0009271695
0.0008856368
0.0008254375
0.0007834835
0.000769711
0.0007589669
0.0007568084
0.0007507135
0.0007182115
0.0006842847
0.0006732445
0.0006551768
0.0006257699
0.000602413
0.0005741864
0.000554743
0.0005475599
0.0005338047
0.0005085797
0.000489244
0.0004801145
0.0004693106
0.0004594854
0.0004426312
0.0004269737
0.000416812
0.0003996935
0.0003833918
0.0003712578
0.0003594445
0.0003493758
0.0003394006
0.0003266405
0.0003138552
0.0003013659
0.0002889846
0.0002790646
0.0002706608
0.0002616558
0.0002516377
0.0002409575
0.0002297369
0.0002204571
0.0002137053
0.0002077561
0.0002021408
0.0001970285
0.0001916967
0.0001852492
0.0001790051
0.0001730374
0.000167011
0.0001614205
0.0001558866
0.0001503572
0.000144828
0.0001393767
0.0001342271
0.0001292085
0.00012446
0.0001200904
0.0001158377
0.0001116922
0.0001076415
0.0001036067
9.96549e-05
9.581946e-05
9.205747e-05
8.835106e-05
8.469318e-05
8.107227e-05
7.751391e-05
7.403049e-05
7.060687e-05
6.724077e-05
6.392934e-05
6.06676e-05
5.745483e-05
5.428947e-05
5.117065e-05
4.809817e-05
4.507205e-05
4.209224e-05
NaN
NaN
NaN
NaN
