-0.000307009
-0.0003060415
-0.0003049024
-0.000303714
-0.0003024834
-0.000301138
-0.0002996468
-0.0002982415
-0.0002974904
-0.000296849
-0.000295258
-0.0002940241
-0.0002926426
-0.0002917221
-0.0002877777
-0.0002817459
-0.0002752322
-0.0002705227
-0.000260922
-0.000243003
-0.0002295533
-0.0002228091
-0.0002246942
-0.0002365957
-0.000252138
-0.0002790227
-0.0003008283
-0.0002994509
-0.00028317
-0.0002743518
-0.0002737498
-0.000273529
-0.0002721632
-0.0002722515
-0.0002724851
-0.0002611605
-0.0002279825
-0.0001894018
-0.0001454534
-8.544669e-05
-5.219634e-05
-4.166349e-05
-2.783744e-05
-1.392238e-05
-3.586833e-05
-9.784788e-05
-0.0001250258
-0.0001163633
-0.0001041748
-9.616765e-05
-8.739608e-05
-7.962201e-05
-9.200504e-05
-0.0001296541
-0.0001688924
-0.0002392538
-0.0003358234
-0.0004399384
-0.0005523554
-0.0006951409
-0.0008523846
-0.0009915755
-0.001147357
-0.001233169
-0.001202391
-0.001089334
-0.0009443167
-0.0007033162
-0.000454291
-0.0002630204
-0.0002017102
-0.0002166628
-0.0002225742
-0.0002041746
-0.0001932321
-0.000287178
-0.0004830768
-0.0005807484
-0.0005857039
-0.0005912167
-0.0005657906
-0.0004201485
-0.000146597
0.0001421627
0.0002572341
0.0002458399
0.0002168222
0.0002320284
0.0003909851
0.0006072922
0.0005479642
0.0003518238
0.000291637
0.0003266936
0.0002980102
0.0001126372
-0.0001192258
-0.0003522229
-0.0005087292
-0.0002852851
8.589325e-05
0.00048964
0.001023249
0.001525906
0.001886504
0.002160433
0.002095861
0.001878343
0.001718306
0.001491428
0.001288005
0.001232681
0.001084621
0.0007403595
0.0005044254
0.0002536951
-0.0002121808
-0.0008481921
-0.00127856
-0.001264056
-0.0009864363
-0.0008417613
-0.001058655
-0.001648009
-0.002239654
-0.002632516
-0.002747393
-0.002515518
-0.002044744
-0.001834975
-0.001868468
-0.001925131
-0.00196891
-0.001995198
-0.001889935
-0.001556734
-0.001214139
-0.000853392
-0.0002007956
0.000415167
0.0007744673
0.001124669
0.001922501
0.0028091
0.003409977
0.003748833
0.003492626
0.0029522
0.002057415
0.001201991
0.0009421378
0.00101782
0.001111136
0.001035427
0.0006113075
-0.0002859561
-0.001573269
-0.00269482
-0.003487034
-0.003742332
-0.003752131
-0.003822229
-0.00373952
-0.003086541
-0.002043068
-0.001386414
-0.001310386
-0.001254577
-0.0007620721
-3.273057e-05
0.0006424895
0.001120789
0.001630097
0.002433031
0.002865878
0.00253168
0.001517472
0.0005665137
0.0001878226
0.0003886847
0.000772807
0.0015984
0.002794145
0.003405406
0.003180478
0.00290269
0.002848358
0.002959529
0.00341649
0.003853014
0.00347656
0.003142902
0.002803931
0.001680039
1.998655e-05
-0.001683851
-0.002926094
-0.003344781
-0.003299187
-0.002801452
-0.001907736
-0.001574103
-0.001694212
-0.001352626
-3.904371e-05
0.00132732
0.002143749
0.002960627
0.003785303
0.004725206
0.005217675
0.005299717
0.004897201
0.003580825
0.001780111
-3.629889e-05
-0.0015952
-0.00269215
-0.003361977
-0.003546455
-0.003440335
-0.003348133
-0.003813543
-0.005101129
-0.006187158
-0.006292565
-0.005331255
-0.003573302
-0.001606027
-0.0001854667
0.000171206
7.585433e-05
9.857e-05
0.0001516031
-0.0003286557
-0.001373329
-0.001884166
-0.001855083
-0.001776624
-0.001776244
-0.001797662
-0.001784785
-0.001791336
-0.001867295
-0.001895208
-0.001405411
-0.0003856829
0.0002995622
0.0009811498
0.002136134
0.003700127
0.005056128
0.005830019
0.005562231
0.00446732
0.003426161
0.002387034
0.001898581
0.001901685
0.002410549
0.003471395
0.004488789
0.005546457
0.006074504
0.006113803
0.00558765
0.004276509
0.002975952
0.001979042
0.001285267
0.0008249251
0.00031792
7.376342e-05
7.560286e-05
0.000141122
0.0001964181
-3.514177e-06
-0.0007493526
-0.001833664
-0.002949426
-0.003535696
-0.003001582
-0.001658884
-2.343397e-05
0.001250459
0.001959973
0.002136917
0.002145432
0.002141115
0.001839839
0.001273347
0.001272521
0.001868805
0.002198606
0.002098726
0.00192081
0.00238828
0.004019855
0.005733021
0.006334897
0.005782457
0.004149819
0.002119456
0.0001666868
-0.001768707
-0.003969854
-0.006285499
-0.008069262
-0.009307421
-0.009671777
-0.009607095
-0.00966351
-0.009733909
-0.009033429
-0.007261679
-0.005550022
-0.003567437
-0.0008384063
0.001995362
0.004100027
0.005321563
0.005538762
0.004658055
0.003567901
0.002479105
0.002039736
0.002091775
0.002156881
0.002157324
0.002127658
0.002129992
0.002162921
0.002184762
0.00196433
0.001453379
0.0009200576
0.0003219927
5.687956e-05
0.0005360217
0.001647028
0.002679823
0.003670077
0.004315848
0.005074348
0.006111634
0.006795532
0.006579031
0.005300025
0.002889979
0.0008057615
-0.0007471292
-0.001619079
-0.001749588
-0.001885337
-0.002584788
-0.003661955
-0.004817299
-0.005631984
-0.005334419
-0.003985659
-0.002722476
-0.001586516
9.295567e-05
0.002427321
0.004845159
0.006142054
0.006113575
0.00524112
0.003888608
0.002311508
0.001295157
0.001085912
0.001200754
0.00132321
0.001155783
0.0001876189
-0.001628421
-0.003751773
-0.00557446
-0.006534458
-0.006676286
-0.006567699
-0.006553211
-0.0066545
-0.006684268
-0.006158221
-0.005111956
-0.004581241
-0.004284338
-0.003828921
-0.003932336
-0.004320963
-0.00362251
-0.001778408
0.0001265201
0.001415129
0.002140975
0.002300057
0.001965178
0.001579332
0.001987388
0.003213913
0.005161612
0.007389496
0.008563115
0.00743259
0.004923272
0.002481687
0.001250114
0.0008738486
0.000716247
0.001018719
0.001274194
0.001304405
0.001248914
0.001183412
0.001357636
0.002234037
0.003940263
0.006534877
0.009816967
0.01208471
0.01191943
0.009013268
0.004493786
-8.067722e-06
-0.00362007
-0.005281994
-0.004801872
-0.003583206
-0.002727909
-0.002489283
-0.002549073
-0.002930519
-0.003535418
-0.003290327
-0.001931034
-0.0007693444
-0.0002980545
-0.0002043654
-0.0003001388
0.000295961
0.001159406
0.001216724
0.0005249586
1.255846e-05
0.0006029454
0.003009118
0.006516155
0.009563028
0.01055934
0.00966294
0.007448829
0.005151368
0.003155148
0.001254256
-0.0004256324
-0.00188025
-0.003569036
-0.005285273
-0.006806902
-0.008377605
-0.009414668
-0.009391015
-0.008525512
-0.007485572
-0.006566509
-0.005442652
-0.003656153
-0.001456038
0.0002224416
0.0001759009
-0.001510409
-0.003408991
-0.004679994
-0.005646723
-0.006383148
-0.006394859
-0.005672509
-0.004665343
-0.003188271
-0.0009582004
0.001311058
0.003564706
0.005813892
0.007520405
0.008913232
0.01002966
0.01135302
0.01303791
0.01370338
0.01222193
0.00931305
0.005904666
0.002548546
0.0002174301
-0.0006171073
0.0002683452
0.002605053
0.005021616
0.005186531
0.002269392
-0.00236899
-0.006635592
-0.00926019
-0.009826072
-0.008725743
-0.006858713
-0.006754452
-0.008940552
-0.01167596
-0.01385073
-0.01500666
-0.01546227
-0.0148273
-0.01416849
-0.01395848
-0.01470106
-0.01713938
-0.02007096
-0.0218884
-0.02232471
-0.02227861
-0.02162528
-0.01951051
-0.01625109
-0.01190534
-0.006919079
-0.002540489
0.001605217
0.006135647
0.01009754
0.0121823
0.01177971
0.009527095
0.007136299
0.005122122
0.003290442
0.001691601
-8.411866e-06
-0.002563583
-0.005153672
-0.006553783
-0.006861964
-0.005880798
-0.00283435
0.0012891
0.005453606
0.009030517
0.0112348
0.01189292
0.01131153
0.01027601
0.008760128
0.006642844
0.004988165
0.004414733
0.005338735
0.007244907
0.008817237
0.009527352
0.01008482
0.010219
0.009018228
0.006243977
0.003345205
0.002426684
0.004494691
0.008644077
0.01341965
0.01895275
0.02480595
0.02966819
0.03237971
0.03296247
0.03254244
0.03142951
0.02989378
0.02867543
0.02775208
0.02662683
0.02495866
0.02292635
0.020557
0.01822839
0.01708435
0.01698017
0.01659609
0.01552123
0.01489277
0.01488742
0.01543563
0.01647645
0.01720218
0.01756047
0.0161115
0.01061387
0.002344661
-0.006519059
-0.01413938
-0.01928325
-0.02182767
-0.02230985
-0.0218897
-0.02122522
-0.02087051
-0.02114756
-0.02235396
-0.02351272
-0.0225618
-0.01877262
-0.01215941
-0.005010639
-9.138687e-05
0.002059518
0.001534763
-0.0006213881
-0.003454047
-0.006458191
-0.009325158
-0.01151897
-0.0120914
-0.0101754
-0.006795527
-0.00420987
-0.003612876
-0.005632047
-0.009733962
-0.01491848
-0.0209008
-0.02568981
-0.02802929
-0.02898102
-0.0299878
-0.03143382
-0.03314387
-0.03546674
-0.03803465
-0.04015983
-0.04089277
-0.04056726
-0.03949288
-0.03796079
-0.03627836
-0.03417807
-0.03167943
-0.02782686
-0.02196842
-0.01458227
-0.006228272
0.003442729
0.01409001
0.02443575
0.03393413
0.04346515
0.05287287
0.06109524
0.06774972
0.07263136
0.07565737
0.07658743
0.07459373
0.06876104
0.05896974
0.04628466
0.03267311
0.02001775
0.009072194
-0.0005409493
-0.009250768
-0.01737103
-0.02485861
-0.03096014
-0.03527114
-0.0383289
-0.04130398
-0.04334575
-0.04384379
-0.04326628
-0.04179243
-0.03956011
-0.03582784
-0.02955232
-0.02052959
-0.009933265
0.001124859
0.01119032
0.0199007
0.02784915
0.0354927
0.0424951
0.04801785
0.05142797
0.05288454
0.05243155
0.05008229
0.04530944
0.03834559
0.03082898
0.02496848
0.0215727
0.02005461
0.02004385
0.02074506
0.02081919
0.01952753
0.01612782
0.009789598
0.002220197
-0.005539121
-0.01313261
-0.02027783
-0.02693153
-0.03256485
-0.03696442
-0.04075353
-0.04385439
-0.04629523
-0.04897872
-0.05050449
-0.04945008
-0.04514994
-0.03823657
-0.03046032
-0.0222695
-0.0141605
-0.006444742
0.0003125524
0.005485422
0.008793813
0.01048954
0.01199397
0.01406921
0.01685866
0.02034964
0.02411108
0.02732324
0.03042147
0.03275311
0.03335139
0.0317878
0.02870327
0.024729
0.02008193
0.01484722
0.009045151
0.003751819
4.003635e-05
-0.002568563
-0.004322091
-0.005408569
-0.006830595
-0.009123768
-0.0113661
-0.01309987
-0.01478363
-0.0168025
-0.01811037
-0.0184812
-0.01809176
-0.01613542
-0.01215038
-0.007028115
-0.00195841
0.00304314
0.007136012
0.01019293
0.01317709
0.01678634
0.02103387
0.0256397
0.02975398
0.03255433
0.03347892
0.03264288
0.03082282
0.02833582
0.02507864
0.02160375
0.01814423
0.01485059
0.01128822
0.006945932
0.001488827
-0.004500587
-0.01061081
-0.01669257
-0.02278842
-0.02951335
-0.03586618
-0.04133097
-0.04627384
-0.05082067
-0.05331285
-0.05374171
-0.05311978
-0.05151554
-0.0490969
-0.04623706
-0.04303532
-0.03793824
-0.03074952
-0.02240878
-0.01413056
-0.006268587
0.0007392527
0.00669418
0.01283147
0.01907864
0.02445478
0.02777163
0.02897982
0.02810734
0.02513402
0.02154804
0.01845022
0.01606344
0.01371264
0.01196887
0.009844758
0.006160754
0.001597575
-0.002719576
-0.00670361
-0.01018363
-0.01243677
-0.01342396
-0.01331811
-0.01222992
-0.01066167
-0.009369482
-0.008210489
-0.007080899
-0.005960175
-0.003934362
-0.001396932
0.001104802
0.003163597
0.005439625
0.008896452
0.01312556
0.01696155
0.01862253
0.01703447
0.01315101
0.008695575
0.005465525
0.005457453
0.008397166
0.01258905
0.01767659
0.02264306
0.02687481
0.03036645
0.03267318
0.03348977
0.03238315
0.02961462
0.02663949
0.02490534
0.02460122
0.02436046
0.02315029
0.02089186
0.01644439
0.009208349
0.001340093
-0.004433312
-0.006914698
-0.00643862
-0.003371911
0.0009250061
0.004183263
0.00537331
0.004165247
2.421034e-05
-0.006516791
-0.0133495
-0.01873619
-0.02321664
-0.02849605
-0.03356625
-0.03830875
-0.04385347
-0.04900765
-0.05166147
-0.05160605
-0.04883553
-0.04224636
-0.03104414
-0.01744492
-0.004814589
0.005220772
0.01319594
0.01970452
0.02423463
0.02700935
0.02962758
0.03202604
0.03289102
0.03127928
0.02582343
0.01631916
0.004493985
-0.00626974
-0.01480931
-0.02252495
-0.02927055
-0.03366541
-0.03556419
-0.03416222
-0.02950433
-0.02303663
-0.01683739
-0.01071423
-0.004437896
0.001771745
0.007469382
0.01267676
0.01669335
0.01911105
0.01957113
0.01668869
0.01010587
0.00110704
-0.008549915
-0.01726965
-0.02425877
-0.02935976
-0.03175207
-0.03000696
-0.02448808
-0.01710067
-0.009808937
-0.004540146
-0.001801601
-0.0008605013
-3.333393e-06
0.002876464
0.008270014
0.01390418
0.01912684
0.02420727
0.0286497
0.03248603
0.03527562
0.03619657
0.03528776
0.03356323
0.03156704
0.02796222
0.02115769
0.01173644
0.0007222608
-0.009814565
-0.01780905
-0.02440891
-0.03080572
-0.03714259
-0.04359967
-0.04985472
-0.05542955
-0.05937901
-0.06125836
-0.06162638
-0.06131561
-0.06011974
-0.05791242
-0.05516597
-0.05169016
-0.04785128
-0.04365744
-0.03806603
-0.03022948
-0.0197071
-0.007762365
0.002972095
0.01218935
0.0192487
0.0241411
0.02644756
0.02683089
0.02628061
0.0245083
0.02153293
0.01788338
0.01384304
0.00855047
0.001353679
-0.00674474
-0.01463211
-0.02124817
-0.02553038
-0.0270498
-0.02581621
-0.02334183
-0.02092282
-0.01607675
-0.007433047
0.003683649
0.01603482
0.02775074
0.03847796
0.04736288
0.05312436
0.05674254
0.05929855
0.06140112
0.06272204
0.06098314
0.05587409
0.0476987
0.03701933
0.02592957
0.0164856
0.008622639
0.002228951
-0.001791655
-0.00309302
-0.001839803
0.002198524
0.008721196
0.01649672
0.02461736
0.0326762
0.03934385
0.04332052
0.04600989
0.0481282
0.04760977
0.04116208
0.02790181
0.01043006
-0.00688884
-0.02270193
-0.03778275
-0.05270638
-0.06776025
-0.08162181
-0.09154369
-0.09714891
-0.1000613
-0.1012988
-0.1016168
-0.1008772
-0.1009115
-0.1023419
-0.1029933
-0.1011634
-0.09670339
-0.08830875
-0.07558214
-0.06122606
-0.04814945
-0.03809333
-0.03009307
-0.02232239
-0.01477749
-0.009005467
-0.005666127
-0.003854471
-0.002944004
-0.003150363
-0.004621897
-0.007045824
-0.01051168
-0.01499576
-0.02030225
-0.02534278
-0.02955913
-0.03308492
-0.03586497
-0.03872246
-0.04251144
-0.04610856
-0.04873613
-0.04998737
-0.04973445
-0.04790057
-0.04483826
-0.04132132
-0.03791227
-0.03425355
-0.03031332
-0.02638317
-0.02271992
-0.0191422
-0.01521271
-0.01128451
-0.007254567
-0.003765728
-0.001008473
0.0007019612
0.001178297
0.0007364761
-0.0007820281
-0.003395274
-0.006650559
-0.008820117
-0.008872847
-0.007049914
-0.003794128
0.0006998875
0.006127232
0.01212164
0.01802952
0.02393904
0.02944745
0.03491512
0.04091696
0.0479521
0.05575236
0.0625223
0.06719707
0.07097006
0.0730142
0.07208667
0.06848609
0.06310448
0.0561429
0.04711577
0.03506114
0.02187913
0.01027994
0.0009133261
-0.005868864
-0.009999687
-0.01171609
-0.010856
-0.007267381
-0.0005630039
0.009350267
0.02046298
0.03092387
0.04015271
0.0486653
0.05649334
0.06318679
0.06845494
0.07207948
0.07312338
0.0709545
0.06636249
0.0614725
0.05775233
0.05484509
0.05178285
0.04941055
0.04695443
0.04105965
0.0311389
0.01927173
0.008663849
0.002224623
0.0002976754
0.0009811264
0.003694913
0.008814929
0.0163497
0.02520128
0.03386648
0.04138734
0.04688969
0.049426
0.04996726
0.0491799
0.04832891
0.04777242
0.04767047
0.04784419
0.04718159
0.04448334
0.03923826
0.03044718
0.01904373
0.007010245
-0.003468641
-0.0114919
-0.017128
-0.02161925
-0.02545505
-0.02861308
-0.03132177
-0.03359063
-0.03520279
-0.035444
-0.03412681
-0.03191021
-0.03000167
-0.02871899
-0.02867825
-0.02926703
-0.02863983
-0.02557802
-0.01973021
-0.01179355
-0.003541911
0.003286602
0.007883973
0.009353935
0.007881233
0.003054618
-0.004156839
-0.01289672
-0.02283321
-0.03330358
-0.04322615
-0.05185816
-0.05914276
-0.06522683
-0.07000857
-0.0740728
-0.07748345
-0.08010212
-0.08026082
-0.07399352
-0.0566916
-0.03126427
-0.008210974
0.007588182
0.02047423
0.03388792
0.04708999
0.05844491
0.06859294
0.07833983
0.08682658
0.0936515
0.09811394
0.09932871
0.09775953
0.09401129
0.08799753
0.08035124
0.07164462
0.06257267
0.05289947
0.04335041
0.03429577
0.02582506
0.01725506
0.008679884
0.0006768931
-0.007025844
-0.01523503
-0.02434307
-0.03382558
-0.04371278
-0.05424875
-0.0659217
-0.07649904
-0.08102027
-0.07631913
-0.0646369
-0.05189347
-0.04181049
-0.03245864
-0.02122933
-0.00822212
0.005142943
0.02019385
0.03732183
0.05421391
0.06794335
0.07877997
0.08607087
0.0891604
0.08916935
0.08665077
0.0825879
0.07752872
0.07011264
0.05774782
0.04145078
0.02424195
0.009518342
-0.001258607
-0.009061671
-0.01547342
-0.02038153
-0.02161775
-0.01911731
-0.01509122
-0.01098849
-0.006827216
-0.00268905
0.0007091952
0.00400089
0.00767665
0.01141492
0.01547577
0.01842697
0.02044471
0.02190735
0.0221313
0.02111284
0.01937497
0.01722806
0.01407405
0.00974084
0.005139322
0.001128457
-0.001653969
-0.004154793
-0.007169059
-0.01094502
-0.01548151
-0.02006673
-0.02349608
-0.02635378
-0.02863933
-0.03082965
-0.03350231
-0.03620085
-0.03870081
-0.04158296
-0.04448983
-0.046976
-0.0499576
-0.05204466
-0.05110463
-0.04628395
-0.03854702
-0.03009709
-0.02366744
-0.02137908
-0.02168412
-0.02312217
-0.02555448
-0.0287402
-0.0324854
-0.03591077
-0.03705258
-0.03369565
-0.02646164
-0.01841956
-0.01282338
-0.01024736
-0.009774699
-0.01059845
-0.01267241
-0.01529041
-0.01780546
-0.01913039
-0.01836911
-0.01570622
-0.01264827
-0.009339943
-0.006064941
-0.003421572
-0.002327584
-0.003284808
-0.006240194
-0.0109693
-0.01725093
-0.02462911
-0.03167313
-0.03733312
-0.04159226
-0.04518566
-0.04824423
-0.05014687
-0.04956676
-0.04473104
-0.03473212
-0.02207329
-0.009925748
0.000299473
0.008636907
0.01636656
0.02370718
0.0300249
0.03561385
0.04112802
0.04673037
0.0515773
0.05560142
0.05648177
0.04898457
0.03004388
0.004558036
-0.01769451
-0.03314214
-0.04449029
-0.05403072
-0.06150354
-0.06620486
-0.06872964
-0.06955052
-0.06950813
-0.07043699
-0.07314599
-0.07556674
-0.07669093
-0.07722786
-0.07787512
-0.07792442
-0.07320676
-0.05943157
-0.03871471
-0.01886743
-0.004749181
0.005877529
0.01581817
0.02500663
0.03293237
0.03936395
0.04474073
0.05033583
0.05649578
0.06242509
0.06748338
0.07283665
0.07850145
0.08355181
0.08776719
0.09125967
0.09404799
0.09704463
0.1009985
0.1027236
0.09353524
0.06876356
0.03810293
0.01455856
-0.0004245637
-0.01322476
-0.02656431
-0.03812699
-0.04535475
-0.04848784
-0.04845506
-0.04400562
-0.03276038
-0.01512257
0.005347859
0.02269718
0.03200805
0.03629535
0.04089879
0.04645975
0.05104067
0.05492011
0.05858589
0.06251587
0.06655299
0.07029901
0.0715693
0.06772492
0.05580006
0.03673656
0.01659104
0.0008118213
-0.01059685
-0.02117388
-0.03224909
-0.04229668
-0.05044319
-0.05696928
-0.0619912
-0.0655957
-0.06802391
-0.0696721
-0.06986413
-0.06745929
-0.06197529
-0.05456804
-0.04596388
-0.03531885
-0.02303715
-0.01054824
0.002488679
0.01785808
0.03400126
0.0436744
0.04106191
0.02997223
0.01924916
0.01181512
0.005255726
-0.002021421
-0.009218835
-0.0153047
-0.0194284
-0.02139848
-0.02254036
-0.02313788
-0.02283111
-0.02042761
-0.01568501
-0.009819856
-0.002535163
0.006663556
0.01799068
0.03082973
0.04463918
0.05897649
0.07310593
0.08628682
0.0973579
0.105903
0.1120212
0.115995
0.1172867
0.1152397
0.1106925
0.1042087
0.09634819
0.08722799
0.07702665
0.06679544
0.05731954
0.04929857
0.04285413
0.03739475
0.03180664
0.02619313
0.02109027
0.01601074
0.01039467
0.00469289
-0.0005616354
-0.005331882
-0.009063548
-0.01101342
-0.01140262
-0.011012
-0.0100739
-0.00914988
-0.009463209
-0.01169151
-0.01545563
-0.02049805
-0.02611338
-0.03225066
-0.0388431
-0.04603916
-0.05319146
-0.05986496
-0.0659801
-0.07155769
-0.07639135
-0.08077082
-0.08519786
-0.0891226
-0.09228625
-0.09515474
-0.09773691
-0.0993855
-0.09907006
-0.09461233
-0.08543007
-0.07486289
-0.0667053
-0.06198625
-0.05958974
-0.05819808
-0.05811572
-0.05959252
-0.06238571
-0.06624621
-0.07005072
-0.07345698
-0.0756384
-0.07546767
-0.07189981
-0.06438697
-0.0532827
-0.04074058
-0.0281461
-0.0154004
-0.003124622
0.008484518
0.01899741
0.02798549
0.03594341
0.04341203
0.05042396
0.05728843
0.06422204
0.070718
0.07589961
0.07973839
0.08256552
0.08473151
0.08647342
0.08762033
0.08821955
0.08884888
0.09041745
0.09231131
0.09326491
0.09271529
0.09054543
0.0859755
0.07925092
0.07284354
0.06790619
0.06417844
0.0611176
0.05820333
0.05549781
0.05325989
0.05129399
0.04966382
0.04855458
0.04718753
0.04478607
0.0416854
0.03772216
0.03199779
0.02378259
0.01330432
0.002407658
-0.008082816
-0.01958196
-0.03121121
-0.04191444
-0.05169004
-0.0600078
-0.06735202
-0.07398248
-0.07781373
-0.07263452
-0.05236893
-0.01988659
0.01151496
0.0333768
0.04803988
0.06014025
0.07069622
0.07861995
0.08406686
0.08829692
0.09168636
0.09420292
0.09555773
0.09599263
0.09603703
0.09597335
0.09429216
0.09071899
0.08646507
0.08227303
0.07787943
0.07242273
0.067386
0.06276886
0.05645945
0.0474537
0.03612739
0.02362681
0.01100582
-0.0006107147
-0.01181773
-0.02312127
-0.03421989
-0.04377907
-0.05187627
-0.05956421
-0.06543492
-0.06858399
-0.07035374
-0.07174278
-0.07187048
-0.07152553
-0.07167079
-0.07246523
-0.07344239
-0.07452524
-0.07638072
-0.07962491
-0.08399305
-0.08823773
-0.09189235
-0.09541398
-0.09932591
-0.1032775
-0.1073419
-0.1108318
-0.1133513
-0.1145949
-0.1146232
-0.1133652
-0.1105792
-0.1068344
-0.1026099
-0.09745447
-0.09033994
-0.08043411
-0.07009408
-0.0615116
-0.05373184
-0.04543444
-0.03636444
-0.0262579
-0.01545529
-0.004748074
0.006508843
0.01833751
0.02990638
0.04002816
0.04739845
0.05064229
0.04952029
0.04476551
0.03774972
0.02994856
0.02266239
0.01602311
0.008382207
-0.0006661402
-0.01051502
-0.02122084
-0.03196476
-0.04199063
-0.04967664
-0.054562
-0.05744844
-0.05758922
-0.05470136
-0.04846509
-0.03729459
-0.02248724
-0.007816418
0.004019629
0.01419415
0.02322641
0.02940584
0.03332882
0.03559424
0.03585619
0.03525511
0.03566305
0.03802838
0.04283172
0.04953984
0.05715111
0.06567467
0.07577536
0.08669145
0.09742397
0.1073769
0.1160272
0.1226036
0.1269296
0.1296095
0.1297662
0.1244269
0.1093161
0.08252091
0.05037243
0.02237845
0.001818267
-0.01445948
-0.03035021
-0.04565056
-0.05869249
-0.07001944
-0.08089142
-0.09093293
-0.0998603
-0.1077233
-0.1140746
-0.1184601
-0.1214324
-0.122987
-0.1222592
-0.1193342
-0.1152689
-0.1113253
-0.1077004
-0.1018549
-0.08773445
-0.0606119
-0.02806595
-0.003841449
0.00978668
0.02094279
0.03416201
0.04763191
0.05988814
0.07079244
0.0801418
0.08862665
0.09653747
0.1037382
0.1094391
0.1128449
0.1149253
0.1150748
0.1120637
0.1054543
0.09574176
0.08336548
0.06881202
0.05332908
0.03683491
0.01977551
0.003529197
-0.01083333
-0.0215775
-0.02732698
-0.02836753
-0.02675513
-0.02443706
-0.02150377
-0.01753103
-0.01313511
-0.009545135
-0.007249969
-0.006567123
-0.007294556
-0.009548541
-0.01299321
-0.01753636
-0.02276271
-0.02814533
-0.03323243
-0.03862809
-0.04461358
-0.04988417
-0.05393181
-0.05673817
-0.05736561
-0.05454074
-0.04718495
-0.0343155
-0.01883805
-0.005121107
0.005042995
0.01255279
0.01870037
0.02401995
0.0283553
0.03224771
0.03613698
0.03961459
0.04233781
0.04462796
0.04582251
0.04513122
0.04173546
0.03483676
0.0257897
0.0173411
0.01065303
0.005899848
0.00283653
0.0007719554
-0.0006008348
-0.001492689
-0.002705479
-0.004074648
-0.005549159
-0.007508045
-0.01029596
-0.01276227
-0.01489201
-0.01742527
-0.02057729
-0.02458952
-0.02924267
-0.03385632
-0.0387041
-0.0446472
-0.05079141
-0.05646874
-0.06206316
-0.06797361
-0.07318567
-0.07747522
-0.08098711
-0.08276631
-0.08227023
-0.08017049
-0.07681772
-0.07253791
-0.06835426
-0.06443234
-0.06032305
-0.05610713
-0.05222836
-0.04836406
-0.04454339
-0.04011812
-0.03524328
-0.03019965
-0.02450743
-0.01748461
-0.0087226
0.0009261347
0.009743965
0.01657032
0.02151709
0.02552676
0.02919944
0.03222239
0.03425616
0.0350709
0.03440588
0.03199831
0.02750278
0.02146486
0.01479326
0.008437685
0.003432124
0.0008334411
-6.768356e-05
-3.771337e-05
0.001207712
0.004147079
0.008091283
0.01231417
0.01783084
0.0238335
0.02858617
0.03252079
0.0358283
0.03737118
0.03616936
0.03118629
0.02243944
0.0118683
0.002064317
-0.0057157
-0.01196888
-0.01742354
-0.02128126
-0.02256973
-0.02135938
-0.01832332
-0.01491857
-0.01248929
-0.01065556
-0.008728693
-0.006667669
-0.005094011
-0.004612552
-0.004865884
-0.005658533
-0.007010986
-0.00869378
-0.009503049
-0.008674567
-0.007054559
-0.005618508
-0.003839606
-0.000967626
0.003305947
0.008406581
0.01312702
0.01737055
0.0210397
0.02400022
0.02564903
0.02661348
0.02733704
0.02730337
0.02648647
0.02556427
0.0248865
0.02347762
0.02050678
0.01762808
0.01429984
0.009093737
0.002259925
-0.006105012
-0.01636547
-0.02770198
-0.03900873
-0.04826333
-0.05042841
-0.04360992
-0.03170709
-0.02041341
-0.01137742
-0.002930719
0.006387414
0.0162177
0.02459905
0.03135913
0.03746081
0.04316863
0.0472982
0.04948672
0.05192693
0.0553965
0.05926382
0.06300058
0.06566342
0.0681228
0.07062915
0.07168076
0.07168871
0.07106839
0.0694914
0.06770268
0.06645841
0.06550521
0.06453431
0.06377145
0.06354074
0.06356168
0.06359481
0.06369463
0.06378376
0.06310746
0.0610016
0.05804131
0.05352852
0.04581086
0.03564274
0.02557876
0.01673245
0.008549201
0.0007214934
-0.006140601
-0.01229167
-0.01758856
-0.02215264
-0.02623089
-0.0303491
-0.03457908
-0.03832559
-0.04171578
-0.04432797
-0.04650111
-0.04907887
-0.05086445
-0.05136267
-0.0507576
-0.04978644
-0.0484067
-0.04590468
-0.0424053
-0.03864254
-0.0353205
-0.03127098
-0.0264037
-0.02089578
-0.01485946
-0.009374144
-0.004720549
-0.0009649606
0.002179743
0.005438551
0.008482592
0.009968212
0.01035255
0.01050925
0.01021883
0.009725266
0.009167404
0.008900635
0.008894838
0.009030127
0.009206148
0.0084719
0.005508206
0.0003194188
-0.00738998
-0.01685346
-0.02488686
-0.03067893
-0.03566904
-0.03999026
-0.04340499
-0.04599597
-0.04865515
-0.0513655
-0.05359194
-0.05549743
-0.05737597
-0.05921475
-0.06062735
-0.06029094
-0.05546125
-0.04433114
-0.02845337
-0.01234087
0.0007018211
0.0105285
0.0195694
0.02866379
0.03710622
0.04393343
0.04968895
0.05533966
0.0600188
0.06347848
0.06586062
0.06757004
0.06834793
0.06788653
0.06642815
0.06372524
0.05996106
0.05543158
0.05061672
0.0466309
0.04338404
0.04121565
0.04025458
0.04016509
0.04043344
0.04023547
0.03816933
0.03344791
0.0266883
0.01892487
0.01050281
0.001625099
-0.006664975
-0.01449667
-0.02236047
-0.02981694
-0.03595217
-0.04077617
-0.04483185
-0.04843385
-0.05139379
-0.05391166
-0.05598634
-0.0565253
-0.05550065
-0.05337791
-0.05055427
-0.04760806
-0.04478102
-0.04170488
-0.03758616
-0.03251512
-0.02744023
-0.0226925
-0.0193007
-0.01688129
-0.01488833
-0.01409747
-0.01456503
-0.01635841
-0.01910659
-0.02237046
-0.02615544
-0.02991241
-0.03302653
-0.03561088
-0.03843193
-0.04213288
-0.04585722
-0.04964024
-0.05337339
-0.05635535
-0.05831035
-0.05948178
-0.06016243
-0.06015415
-0.05967751
-0.05898834
-0.05750214
-0.05528039
-0.05273193
-0.05022727
-0.04772636
-0.04572955
-0.04446962
-0.04376664
-0.04381849
-0.04439411
-0.04493093
-0.04542406
-0.04567369
-0.04579671
-0.04548538
-0.04367656
-0.0398119
-0.03403526
-0.0267357
-0.01868297
-0.01124121
-0.004642197
0.001149592
0.006263003
0.01092988
0.0148772
0.01800476
0.02040442
0.02229208
0.02423859
0.02571357
0.02696505
0.02816813
0.02881513
0.02947384
0.03064251
0.03242675
0.03444525
0.03640461
0.03833211
0.04034314
0.04238282
0.04391516
0.0444166
0.0443539
0.04368388
0.04207704
0.03970589
0.03544923
0.02993301
0.02440921
0.0189439
0.01378165
0.009320961
0.005937226
0.003297583
0.001168547
-0.0005440843
-0.001824948
-0.002661037
-0.002623023
-0.001327999
0.0005210216
0.001955273
0.003806668
0.006146748
0.009240279
0.01307429
0.01637748
0.01830766
0.01971998
0.02070023
0.02081773
0.01989571
0.01769893
0.01415974
0.009806068
0.005252493
0.001531001
-0.001139741
-0.003357279
-0.004626188
-0.004676393
-0.003585047
-0.001504536
0.0009772514
0.003194485
0.005651039
0.00847209
0.01049414
0.0116927
0.01207773
0.01230401
0.01254728
0.0122275
0.01191883
0.0121477
0.01281512
0.01317765
0.01268261
0.01128305
0.009932173
0.009165207
0.009008094
0.00907258
0.009091718
0.009082311
0.009080125
0.009077844
0.009045689
0.009045772
0.009166331
0.009245511
0.008506394
0.00667232
0.005117661
0.003908541
0.002539535
0.001115181
-0.0006566883
-0.002686368
-0.004497225
-0.005572315
-0.005701848
-0.004563394
-0.001406491
0.003825032
0.01017346
0.0172349
0.02416193
0.02975503
0.03479976
0.03976881
0.04399368
0.04722127
0.0488176
0.05002054
0.0507388
0.0504611
0.04968806
0.04865499
0.04772844
0.04625572
0.04447668
0.04289033
0.04146734
0.04065245
0.03979981
0.03758033
0.03457517
0.03158595
0.02842313
0.02471075
0.02095443
0.0177729
0.0149504
0.01208255
0.008857427
0.005368066
0.002372943
-0.0001052382
-0.002336603
-0.003597494
-0.003853496
-0.003345896
-0.001860832
0.0003735507
0.003216201
0.006267624
0.008780923
0.01038009
0.01172101
0.01318118
0.01504055
0.01660387
0.01701529
0.0168746
0.01692289
0.01713959
0.01634469
0.01335465
0.009041028
0.004206555
-0.0007974597
-0.005536662
-0.00940318
-0.01224621
-0.01485067
-0.01782069
-0.02031557
-0.02228631
-0.0239695
-0.02522756
-0.02602768
-0.02603582
-0.02519659
-0.0238685
-0.02258858
-0.02188301
-0.02114722
-0.02039941
-0.02013522
-0.02020099
-0.02028068
-0.02008751
-0.01938539
-0.01833346
-0.01679626
-0.01505563
-0.01394997
-0.01251725
-0.01014685
-0.007180663
-0.004065951
-3.19363e-06
0.004633486
0.008538239
0.01018289
0.01026292
0.009950586
0.009070157
0.00700872
0.00351727
-0.001083444
-0.006400003
-0.0110985
-0.01478401
-0.01825656
-0.02098072
-0.02215723
-0.02229807
-0.02229056
-0.02193563
-0.0204344
-0.01784625
-0.0149682
-0.01302007
-0.01139711
-0.009748097
-0.008195624
-0.006779032
-0.006259844
-0.007086486
-0.009011135
-0.01052254
-0.01148349
-0.01264096
-0.01395176
-0.01461388
-0.01448676
-0.0131377
-0.01025254
-0.007315969
-0.005782595
-0.005024527
-0.005333724
-0.006800532
-0.009331966
-0.01233519
-0.01555873
-0.01905392
-0.02231383
-0.02506017
-0.02697735
-0.02815643
-0.02893836
-0.02910746
-0.02802416
-0.02499348
-0.02013326
-0.01493322
-0.0106313
-0.007172833
-0.005370987
-0.004683121
-0.00426156
-0.004048703
-0.004624865
-0.005172052
-0.004870709
-0.00456985
-0.004798266
-0.005156294
-0.004946633
-0.004495471
-0.003716814
-0.002435612
-0.0008586726
0.0001766378
0.0004505433
0.0002593766
-0.0006933308
-0.002907163
-0.006188958
-0.009686498
-0.01340643
-0.01730274
-0.02101843
-0.02448201
-0.02774533
-0.0302002
-0.03169589
-0.03235363
-0.03241594
-0.03150752
-0.02977331
-0.02667765
-0.02286525
-0.01992407
-0.01725579
-0.0143344
-0.01158592
-0.00962149
-0.008166009
-0.006817545
-0.006297585
-0.00713316
-0.009025089
-0.01028896
-0.01099982
-0.01236138
-0.01378969
-0.01501602
-0.01722118
-0.01991201
-0.02238002
-0.0252765
-0.0287454
-0.03224138
-0.03551537
-0.03822559
-0.04046031
-0.04170186
-0.04200384
-0.04152172
-0.03971726
-0.03690619
-0.03408546
-0.03166247
-0.02928023
-0.02704109
-0.02476728
-0.0228089
-0.02175735
-0.02044483
-0.01809717
-0.01470291
-0.01089151
-0.007377016
-0.004990081
-0.002770906
-0.0008350544
0.0001762473
0.0005712396
0.0009386036
0.001333384
0.00228108
0.00404632
0.006311523
0.008766529
0.0111445
0.01404642
0.01756144
0.02111445
0.02434654
0.02670392
0.02864119
0.03063854
0.03221432
0.0326693
0.03231362
0.03172542
0.03144562
0.03120678
0.03097534
0.03125664
0.03148971
0.03149393
0.03168833
0.03221752
0.03272386
0.03321015
0.03363274
0.03436641
0.03539415
0.03645256
0.03722728
0.03746268
0.03739358
0.03723158
0.03721078
0.03801452
0.03959177
0.04034974
0.04078318
0.04172796
0.04250863
0.04309239
0.04331334
0.04308135
0.04235788
0.04133716
0.03985946
0.03793029
0.03607578
0.03340725
0.02964103
0.02553541
0.02183524
0.01896799
0.01633602
0.01336241
0.01090504
0.008985991
0.007098038
0.005079123
0.003099692
0.001649552
0.000684698
-0.0006111921
-0.001423621
-0.0009738719
0.0002649884
0.002198174
0.005113495
0.009146418
0.01391118
0.01839737
0.02230477
0.0262567
0.02965398
0.03229799
0.03461808
0.03729479
0.0402612
0.04304533
0.04552071
0.04773551
0.04917729
0.05014242
0.05087363
0.05113054
0.05088249
0.05013007
0.04913976
0.04787953
0.04618019
0.04448647
0.04277276
0.04034733
0.03770415
0.03505114
0.0314099
0.02694955
0.02242054
0.01788445
0.01376161
0.01057861
0.008158923
0.005638714
0.004170876
0.003965024
0.004114968
0.004356319
0.004764521
0.00544239
0.006960149
0.008968859
0.01096923
0.01295285
0.01497125
0.01661325
0.01717297
0.01639138
0.01409403
0.0113341
0.008355058
0.004589558
0.00106983
-0.001704913
-0.003768576
-0.005350225
-0.006986072
-0.00929366
-0.01163063
-0.01335414
-0.01422143
-0.01488791
-0.01614274
-0.01714658
-0.01761071
-0.01828885
-0.01927312
-0.02026588
-0.02120366
-0.02238135
-0.0241118
-0.02610177
-0.0281103
-0.03011947
-0.03205017
-0.03351994
-0.0346891
-0.03621733
-0.03725597
-0.03780933
-0.03770507
-0.03693293
-0.0361991
-0.03551682
-0.03408381
-0.03212888
-0.02992327
-0.02721165
-0.0239952
-0.02052908
-0.01734368
-0.01415866
-0.0108734
-0.008276969
-0.006736083
-0.006796528
-0.008172122
-0.009977345
-0.01216369
-0.01447505
-0.01743773
-0.02145287
-0.02574433
-0.02921654
-0.03232242
-0.03542402
-0.03813413
-0.04091203
-0.04344696
-0.04491407
-0.04552178
-0.04567677
-0.04612619
-0.0467421
-0.04673751
-0.04672824
-0.04612784
-0.04572057
-0.04554311
-0.04465959
-0.04289893
-0.04061486
-0.03813273
-0.03569905
-0.03300026
-0.0301253
-0.02726213
-0.02390511
-0.01948027
-0.0144927
-0.00946862
-0.004554283
-0.0001598194
0.003504885
0.006981366
0.009899445
0.01178699
0.01316026
0.01486247
0.0166124
0.01782726
0.01894432
0.02041181
0.02216299
0.02400372
0.0252184
0.02616918
0.02661948
0.02692737
0.02717568
0.02646682
0.02522746
0.02400659
0.02186732
0.01915066
0.01596099
0.01198459
0.00812337
0.003656647
-0.0009661544
-0.005677046
-0.01034382
-0.01474409
-0.01895233
-0.02263245
-0.02586524
-0.02826861
-0.02996124
-0.03115132
-0.03193935
-0.03215476
-0.03163511
-0.03059578
-0.02981351
-0.02880793
-0.02764235
-0.02697437
-0.02595806
-0.02418839
-0.02267694
-0.02199759
-0.02105352
-0.01956749
-0.01852384
-0.01800938
-0.01746153
-0.01742115
-0.01845908
-0.02025879
-0.02181855
-0.02303229
-0.02457699
-0.0254043
-0.02525728
-0.02399771
-0.02148836
-0.01824061
-0.01447665
-0.01050706
-0.006736956
-0.003498498
-0.001014154
0.0003892556
0.001037657
0.001232706
0.001297343
0.001071958
3.160423e-05
-0.00150869
-0.002575494
-0.003318278
-0.004080649
-0.004026388
-0.00350872
-0.002962769
-0.002563896
-0.001842737
-0.0005726677
0.0009535423
0.00212697
0.003292455
0.00505768
0.007089448
0.008615356
0.009522552
0.01065689
0.01180546
0.01310504
0.01493633
0.01650923
0.01693643
0.01677121
0.01690843
0.0177056
0.01874227
0.0196829
0.0206645
0.02213684
0.02388774
0.02506188
0.0265468
0.02850097
0.03026968
0.0316775
0.03331657
0.0352979
0.03754635
0.03979172
0.04169188
0.0437109
0.04565021
0.04739641
0.04852247
0.04992281
0.05166323
0.05347297
0.05528889
0.05609852
0.05614889
0.05532458
0.05319761
0.0509464
0.04929099
0.04765901
0.04509249
0.04235332
0.04069137
0.03935943
0.03680638
0.03425006
0.03277191
0.03199996
0.03055707
0.02851918
0.02676598
0.02555875
0.02410727
0.02233883
0.02140091
0.02071683
0.01958321
0.01807569
0.01659596
0.01487544
0.0129158
0.01093283
0.008996572
0.007058998
0.005037155
0.00300862
0.001501961
0.0008574771
0.000426017
-4.50272e-05
-0.0005895072
-0.0007902636
-0.0007645221
-0.00100016
-0.001510531
-0.001730331
-0.001939049
-0.00267826
-0.00367352
-0.004485295
-0.005222458
-0.006137571
-0.006559478
-0.007277854
-0.009013636
-0.01053975
-0.01183829
-0.01332765
-0.01433962
-0.01455629
-0.01445546
-0.01440104
-0.01446213
-0.01454129
-0.01431245
-0.01348574
-0.01260117
-0.01231889
-0.01284697
-0.01394842
-0.01491857
-0.01596123
-0.01693315
-0.01778672
-0.01780859
-0.01726066
-0.01612214
-0.01484239
-0.01440062
-0.01420806
-0.01351456
-0.01276615
-0.01228594
-0.01150641
-0.01046639
-0.009905101
-0.01020645
-0.0107071
-0.01139036
-0.01255572
-0.0146052
-0.01719301
-0.01937643
-0.02104344
-0.02292888
-0.02545483
-0.02745606
-0.02916576
-0.03080929
-0.03227632
-0.03380565
-0.03506078
-0.03583625
-0.0359086
-0.03525569
-0.03356466
-0.03025079
-0.02618192
-0.02235994
-0.01911039
-0.01641894
-0.01476053
-0.01411719
-0.01347301
-0.0127704
-0.01224697
-0.01151207
-0.01077789
-0.01028048
-0.009729315
-0.009420389
-0.009656989
-0.01070801
-0.01205942
-0.01301206
-0.01392719
-0.01483153
-0.01636384
-0.01812403
-0.01956054
-0.02100501
-0.02271777
-0.02476666
-0.02625098
-0.02725922
-0.0281806
-0.0286925
-0.02866296
-0.02867116
-0.02824478
-0.02737313
-0.02571051
-0.02268845
-0.01894613
-0.01489054
-0.01101146
-0.007098871
-0.003442303
0.0002839014
0.003769251
0.006451608
0.008629849
0.01026953
0.01175403
0.01294378
0.01387136
0.01465901
0.01546958
0.01602585
0.01519822
0.01394939
0.01295615
0.01157654
0.009306578
0.006921787
0.005042304
0.004265636
0.004861834
0.006420886
0.008477243
0.01042526
0.01268529
0.01492017
0.01672117
0.01792431
0.01859786
0.01880395
0.01899067
0.01923463
0.01925986
0.01956471
0.019561
0.01888978
0.01797642
0.01655316
0.01382019
0.01023438
0.006883953
0.004103368
0.00217247
0.00127451
0.00111812
0.001110463
0.00124492
0.002159032
0.004189696
0.006995611
0.009762925
0.01224633
0.01475042
0.01672414
0.01771957
0.01813271
0.01833834
0.01804462
0.01774772
0.0176693
0.01791432
0.01872184
0.01977325
0.02056881
0.02085265
0.02083875
0.02031791
0.01908128
0.01787026
0.01643954
0.01422345
0.01170799
0.009148785
0.006934138
0.005199914
0.003990425
0.00324904
0.003050553
0.003303853
0.003823946
0.004361653
0.005160005
0.005705868
0.005462626
0.004929255
0.004109643
0.0031317
0.002359557
0.001840342
0.001469075
0.001894522
0.003426533
0.006051059
0.008634981
0.01037547
0.01181544
0.01278039
0.01307768
0.0128431
0.01197865
0.01063196
0.009565372
0.009505132
0.009418559
0.008490253
0.00636527
0.004287207
0.002803608
0.001393601
0.0001759013
-0.0008500279
-0.001588175
-0.001819893
-0.001796507
-0.001571066
-0.001052193
-0.0003096134
0.0007132268
0.001438164
0.002209853
0.002995983
0.003292815
0.00301017
0.002179953
0.00137459
0.0009110952
0.0004902618
5.22802e-05
-0.000751532
-0.001773995
-0.002502928
-0.0029038
-0.003637536
-0.004857216
-0.006108321
-0.007084857
-0.008588233
-0.01011678
-0.01089352
-0.0113719
-0.01153002
-0.0113105
-0.01088599
-0.01040669
-0.009106268
-0.007242771
-0.006388822
-0.006378878
-0.006968809
-0.008345477
-0.009720994
-0.01032225
-0.009710173
-0.008346567
-0.006997725
-0.006267701
-0.005768495
-0.005584455
-0.005853409
-0.006347656
-0.006574357
-0.007031769
-0.008083044
-0.00890399
-0.00941111
-0.00936346
-0.009066686
-0.009030754
-0.008742152
-0.008745592
-0.009265415
-0.009793962
-0.0102742
-0.0106837
-0.0114446
-0.01265149
-0.01391387
-0.01509304
-0.01684772
-0.0185905
-0.02016396
-0.02137396
-0.02207996
-0.02231232
-0.02235926
-0.02200783
-0.02044665
-0.01747382
-0.01289203
-0.007294665
-0.002352897
0.002064596
0.006365274
0.01036796
0.01362462
0.01626982
0.01727461
0.01628834
0.013414
0.009842936
0.005834357
0.001630964
-0.002068704
-0.005524705
-0.008463262
-0.01070104
-0.01237564
-0.01330483
-0.01374625
-0.0142076
-0.01442514
-0.0144648
-0.01452021
-0.01431207
-0.01331276
-0.01177578
-0.0103208
-0.008672476
-0.006514358
-0.003717191
-0.0006798731
0.002015692
0.004159804
0.006335413
0.008794686
0.01082344
0.01236028
0.0136287
0.01385376
0.01304496
0.01182691
0.01040049
0.008411834
0.005296491
0.002513189
0.001036736
-0.0001019382
-0.001319532
-0.001824594
-0.001792517
-0.001710979
-0.001688955
-0.001698541
-0.001883884
-0.00235234
-0.003110918
-0.004446017
-0.005660278
-0.006375163
-0.00706979
-0.008322783
-0.009318834
-0.009815437
-0.01054307
-0.01129129
-0.0115311
-0.01151707
-0.01158581
-0.0114338
-0.01037878
-0.008507461
-0.006982933
-0.006373547
-0.00550868
-0.003767442
-0.001744708
0.0001349747
0.002241341
0.005425137
0.009495411
0.01326849
0.01670224
0.01965924
0.02216742
0.02410314
0.02472573
0.02510382
0.02607453
0.02688355
0.02746496
0.027665
0.02741379
0.02685567
0.02632222
0.02567472
0.02507827
0.02395792
0.02117566
0.01765541
0.01412462
0.01071096
0.00705312
0.003583828
0.0006291889
-0.00230391
-0.004690409
-0.006683261
-0.00866549
-0.01021026
-0.0107215
-0.01045891
-0.009602882
-0.008268352
-0.006941808
-0.006472852
-0.00655233
-0.006627442
-0.006608061
-0.006580024
-0.006623768
-0.00666845
-0.006416547
-0.005672268
-0.00492088
-0.004215616
-0.002988681
-0.001685628
-0.0004272877
0.0006764515
0.001498425
0.003280435
0.006143026
0.008548373
0.009491794
0.00985298
0.00999192
0.01000977
0.009900027
0.009487801
0.008277679
0.005658244
0.003074222
0.0010795
-0.0005234747
-0.00193744
-0.003517238
-0.004837406
-0.005331771
-0.00473044
-0.003907841
-0.003413717
-0.00271681
-0.001899105
-0.001303628
-0.001268569
-0.002354823
-0.003807103
-0.005271522
-0.007188873
-0.01005832
-0.01267167
-0.01421335
-0.014555
-0.01439552
-0.01432366
-0.01445219
-0.01462152
-0.01398141
-0.01172399
-0.008648341
-0.005361558
-0.001926548
0.001264425
0.004269056
0.006991726
0.008926337
0.01010748
0.01107944
0.01183518
0.01185477
0.01128643
0.01068571
0.01011856
0.01011046
0.01084117
0.01189751
0.01322595
0.01459112
0.01510816
0.01459022
0.01328667
0.01182992
0.009882979
0.007193585
0.004201525
0.001146618
-0.00187259
-0.004325584
-0.005702286
-0.006819729
-0.008284973
-0.0096366
-0.01052275
-0.01050561
-0.00922743
-0.007147573
-0.005146328
-0.002887158
-0.0006733237
0.001246002
0.002881234
0.004610231
0.006937305
0.00873446
0.009261344
0.00921817
0.008693228
0.007184725
0.00519907
0.00322432
0.001039348
-0.001668956
-0.004439724
-0.006905397
-0.009159571
-0.01090488
-0.01216392
-0.01237957
-0.01185166
-0.01109876
-0.009782361
-0.008232722
-0.006931424
-0.006498153
-0.006372023
-0.00594884
-0.005394985
-0.004552893
-0.004010264
-0.004297515
-0.004974555
-0.005946768
-0.007424208
-0.01007376
-0.01237487
-0.01340653
-0.01381294
-0.01403006
-0.01349485
-0.0124686
-0.01165486
-0.01116587
-0.01068629
-0.01047176
-0.01050336
-0.01037364
-0.009872438
-0.00888088
-0.007323586
-0.006097956
-0.004807907
-0.003595488
-0.002820429
-0.002568772
-0.002594212
-0.002920901
-0.003549997
-0.003626813
-0.002624973
-0.0008455064
0.001131835
0.00337061
0.0061519
0.008732452
0.01026821
0.01094891
0.01084135
0.01010667
0.00932458
0.008323425
0.006796447
0.00583044
0.00508971
0.004162616
0.003346547
0.002828604
0.002610962
0.002929012
0.003170932
0.003181758
0.003393931
0.003859433
0.004264243
0.005023915
0.006560522
0.00840158
0.009354351
0.01001787
0.01095621
0.01199704
0.01278621
0.01307459
0.01309298
0.01256172
0.01122774
0.00997129
0.009231557
0.008566134
0.007528784
0.006786178
0.006353406
0.005990974
0.005007915
0.003259774
0.001475005
-0.0002297148
-0.002240746
-0.004007099
-0.005453521
-0.006325684
-0.007202752
-0.008959831
-0.01077183
-0.01251232
-0.01391465
-0.01510132
-0.01689139
-0.01838153
-0.01919256
-0.01964599
-0.01986574
-0.01932931
-0.01857966
-0.01810363
-0.01735398
-0.01616436
-0.01494978
-0.01383048
-0.01168359
-0.008700735
-0.005327185
-0.001785614
0.0009393755
0.002598182
0.003967139
0.005085015
0.006087008
0.007369217
0.008687651
0.009165015
0.009050158
0.008965153
0.009124197
0.009268091
0.008315142
0.005756956
0.003203252
0.0007327792
-0.002206641
-0.004818981
-0.006903935
-0.007825054
-0.007140238
-0.006519541
-0.00648237
-0.006584582
-0.006639401
-0.006629532
-0.006533694
-0.006428237
-0.006905756
-0.008471836
-0.01026672
-0.01154629
-0.01276134
-0.01400986
-0.01452342
-0.01452164
-0.01425306
-0.01352224
-0.0123272
-0.01077191
-0.009014323
-0.007202401
-0.006046587
-0.005104819
-0.004226191
-0.002948904
-0.001641901
-0.0005852921
-7.490564e-05
-0.0003813904
-0.0009462912
-0.001730709
-0.002432938
-0.002919045
-0.003686005
-0.004458515
-0.004705771
-0.004671263
-0.004652922
-0.004635066
-0.004404254
-0.004140406
-0.004174225
-0.003908865
-0.003487254
-0.003015726
-0.002309015
-0.000799757
0.0009589819
0.002448847
0.004136816
0.005904152
0.007448873
0.008662336
0.009081725
0.009324708
0.009827788
0.00983381
0.009286466
0.008977327
0.008986968
0.009040657
0.009048723
0.009034549
0.009030519
0.009031348
0.009032868
0.009034406
0.009041627
0.009035663
0.009006848
0.009007299
0.00923274
0.009693032
0.01016672
0.01116251
0.01264559
0.01394044
0.01522702
0.01648564
0.01693683
0.01687786
0.0168787
0.01693564
0.01648325
0.01522565
0.01395312
0.0126578
0.01112625
0.009977948
0.009379031
0.008483878
0.006190647
0.00362399
0.001862099
0.0001646904
-0.001561518
-0.002613481
-0.002856127
-0.00258688
-0.001795517
-0.0005251788
0.0009854928
0.002216721
0.003417146
0.004852491
0.006117213
0.007404289
0.008649208
0.009118317
0.009151692
0.009151914
0.008628653
0.00728793
0.006251438
0.006030661
0.005864738
0.005375539
0.005101993
0.005081045
0.005064528
0.005233537
0.00597876
0.007309019
0.008739789
0.009310504
0.008770269
0.007169049
0.005356004
0.003810333
0.00229482
0.001352176
0.001183666
0.001054134
0.0003750307
-0.0006440199
-0.001942922
-0.003492839
-0.004716942
-0.005435539
-0.005908309
-0.006458124
-0.006497124
-0.005726209
-0.004631166
-0.003591628
-0.00285265
-0.002427782
-0.001993986
-0.001535854
-0.0006117862
0.0007817012
0.002533095
0.005350435
0.008429707
0.01041914
0.0118468
0.01301162
0.01380156
0.01401758
0.01373396
0.01320758
0.01274699
0.01199963
0.01096995
0.009973776
0.00927662
0.008638169
0.007397778
0.005883439
0.004323284
0.003081122
0.002120972
0.001440459
0.001001652
0.0002937259
-0.0006579832
-0.001693046
-0.002960607
-0.004245624
-0.004940091
-0.005392839
-0.005850195
-0.006434626
-0.006697874
-0.006406071
-0.005813028
-0.005568352
-0.005629056
-0.005489022
-0.004816711
-0.003617916
-0.001622303
0.001153873
0.004151385
0.006922166
0.009419517
0.01163898
0.01283007
0.01331147
0.01378159
0.01358183
0.01241708
0.01089918
0.008604803
0.00560355
0.003127553
0.0009230286
-0.001519758
-0.003703129
-0.00540702
-0.007062843
-0.009091885
-0.01079883
-0.01205519
-0.01299805
-0.01404017
-0.01448163
-0.01437451
-0.01436192
-0.01492435
-0.01551501
-0.01493164
-0.01435517
-0.01434778
-0.01449083
-0.01426448
-0.01343045
-0.01263478
-0.01240672
-0.01224851
-0.01176678
-0.01123929
-0.01068383
-0.01040906
-0.01042313
-0.01075579
-0.01130862
-0.01132123
-0.01082078
-0.01035538
-0.009585009
-0.00828562
-0.006943206
-0.006491557
-0.006575866
-0.006554725
-0.006454306
-0.007099088
-0.008937974
-0.01099021
-0.01301145
-0.01466177
-0.01639735
-0.0181511
-0.01940703
-0.02015382
-0.02042385
-0.02023818
-0.01919674
-0.01719204
-0.01496211
-0.01299064
-0.01028336
-0.007297018
-0.00508134
-0.002856867
-0.0006657394
0.001075377
0.002218323
0.003325452
0.004826693
0.006580875
0.008370837
0.009553415
0.01078604
0.01195179
0.01290225
0.0138844
0.01516603
0.01646107
0.01693366
0.01694342
0.01694277
0.01647612
0.01515284
0.01381928
0.01302688
0.01281975
0.01287634
0.01316962
0.01369523
0.01392732
0.01393828
0.01398945
0.01383902
0.01286578
0.01102964
0.008980085
0.007280065
0.005863425
0.004113933
0.002335874
0.001284843
0.0008536884
0.0006792472
0.0009473475
0.001145666
0.00140695
0.002187765
0.002993991
0.003250226
0.003189987
0.003143955
0.00316217
0.003175449
0.00313597
0.003113706
0.003363538
0.003908053
0.004221007
0.004257879
0.003966111
0.003168533
0.002377056
0.001939
0.001505966
0.000826183
-0.0004290576
-0.001726038
-0.003038914
-0.004266301
-0.004696074
-0.004884581
-0.005414779
-0.005779274
-0.005538461
-0.004439617
-0.00313205
-0.002462558
-0.001754694
-0.0005124215
0.0008042829
0.001330368
0.001534648
0.001730293
0.001439395
0.001195282
0.001211347
0.001232662
0.0009708011
0.0006383638
0.0008620937
0.001366937
0.002181522
0.003155842
0.00406136
0.005037599
0.006558909
0.008419858
0.009265342
0.009270927
0.008478789
0.006653517
0.004638091
0.002578719
0.0008996116
-0.0005594922
-0.001749597
-0.002784074
-0.003741852
-0.004213319
-0.004220144
-0.00452514
-0.004327431
-0.003056728
-0.001507541
1.516641e-05
0.00142406
0.003095674
0.004872087
0.006661553
0.00840539
0.009266947
0.009980027
0.01121325
0.01251357
0.0130057
0.01322463
0.01369062
0.01372096
0.01325742
0.01278668
0.01197644
0.01066729
0.009446772
0.009085181
0.008453229
0.00644343
0.004297361
0.002742691
0.001596299
0.0009858772
0.0002709424
-0.0007487683
-0.001783465
-0.002498963
-0.002902978
-0.003625637
-0.00466114
-0.005661303
-0.00635989
-0.007029882
-0.00827165
-0.009558366
-0.01063235
-0.0114118
-0.01146038
-0.0106858
-0.009175119
-0.007127759
-0.005152726
-0.002938782
-0.0007985702
0.001370645
0.003906287
0.006499797
0.00856234
0.009153426
0.009015957
0.009226646
0.009809179
0.009814636
0.009242496
0.009015799
0.009105212
0.008643562
0.007287101
0.006209738
0.005975775
0.005888994
0.005493852
0.00477764
0.003260333
0.001262769
-0.0007764749
-0.002799216
-0.004571238
-0.00571783
-0.006314046
-0.006997797
-0.008571315
-0.01014741
-0.01067929
-0.01082529
-0.01099564
-0.01079639
-0.01065159
-0.0102099
-0.008706602
-0.006629599
-0.004603449
-0.002902803
-0.001424769
0.0001086198
0.001074593
0.001231312
0.001359457
0.002068078
0.003099055
0.004164918
0.005216769
0.005965958
0.005949568
0.005420158
0.004920464
0.00399988
0.002552057
0.0007817548
-0.001531078
-0.003714674
-0.005420344
-0.007096143
-0.009150785
-0.01067662
-0.01140201
-0.01155461
-0.01156547
-0.01141362
-0.01064332
-0.009104072
-0.007305395
-0.006165191
-0.004744536
-0.002739955
-0.0006366369
0.0008929362
0.001520978
0.001935865
0.002388482
0.002959127
0.003244436
0.003195257
0.002872445
0.002586412
0.002885671
0.003169649
0.003182849
0.003139875
0.003159395
0.003196264
0.002975256
0.002414664
0.001878568
0.00143692
0.001280413
0.0007797669
-0.0005169421
-0.001539434
-0.002010391
-0.002699476
-0.003638935
-0.004416853
-0.00517483
-0.006235827
-0.006732017
-0.006620528
-0.006476184
-0.006967457
-0.008322131
-0.009437178
-0.009929637
-0.01008512
-0.009803134
-0.009647438
-0.009403235
-0.00835138
-0.007010923
-0.00652367
-0.006561902
-0.006378605
-0.006132694
-0.006392892
-0.006401126
-0.005931477
-0.005681705
-0.005420965
-0.004678418
-0.003930936
-0.003632643
-0.003329779
-0.003082694
-0.003867151
-0.005138796
-0.005845069
-0.006777391
-0.008523366
-0.01038448
-0.0116412
-0.01233152
-0.01275254
-0.01321783
-0.01344849
-0.01370096
-0.01420616
-0.01448223
-0.01451601
-0.0144478
-0.01415952
-0.01388421
-0.01417498
-0.01445819
-0.01448024
-0.01442868
-0.01441853
-0.01447066
-0.01448526
-0.0142213
-0.01369681
-0.01344102
-0.01324328
-0.0127948
-0.01227458
-0.01146575
-0.0107304
-0.010497
-0.01029947
-0.009824901
-0.009523692
-0.009263582
-0.009047831
-0.009162746
-0.008915674
-0.008134406
-0.007023454
-0.006549758
-0.006575465
-0.006419961
-0.006155489
-0.006138588
-0.005860274
-0.005662986
-0.005693368
-0.005497212
-0.004751439
-0.003754945
-0.002745783
-0.001517962
-4.954052e-05
0.001183162
0.002421834
0.003887751
0.005073402
0.006078219
0.00733816
0.008598298
0.009030584
0.009225339
0.009949763
0.01071466
0.01098788
0.01124793
0.01171524
0.01166124
0.01135823
0.0118652
0.01268308
0.01298954
0.01296474
0.01291209
0.01269266
0.01222007
0.0117239
0.01093133
0.00998948
0.009275942
0.008526765
0.00719731
0.006327207
0.00660141
0.007492147
0.008640119
0.009104875
0.009013644
0.008922959
0.009170857
0.009719272
0.01016596
0.01066254
0.01141505
0.01248624
0.0129745
0.01296619
0.01295232
0.01276602
0.01200733
0.01073638
0.00942424
0.008478902
0.007347392
0.0061756
0.004605909
0.002500473
0.001218126
0.001034767
0.001174961
0.001216645
0.001173095
0.001152246
0.001191801
0.001236529
0.00101212
0.0004156487
-0.0001451551
-0.0002417194
0.0005599084
0.001630497
0.003006289
0.003985047
0.004156043
0.004095673
0.004344003
0.004663321
0.004379425
0.004025012
0.004117857
0.004920088
0.006519827
0.008401651
0.009352821
0.009755161
0.01014441
0.01090336
0.0116966
0.01221384
0.01270936
0.01291414
0.0128949
0.01289577
0.01295189
0.01276523
0.01200245
0.01089933
0.009846907
0.009223868
0.009063605
0.00831034
0.006726674
0.005973786
0.005797536
0.005157114
0.004154833
0.003146666
0.002146052
0.0009121451
-0.0003566631
-0.001081945
-0.00175752
-0.002468653
-0.003204662
-0.004208731
-0.004943213
-0.005729157
-0.006470188
-0.00671412
-0.006673112
-0.006630037
-0.006635733
-0.006651751
-0.006651257
-0.006636377
-0.006630817
-0.006675778
-0.006713987
-0.006468134
-0.005729573
-0.004961466
-0.004221698
-0.003161054
-0.002401447
-0.002122296
-0.002445915
-0.002901036
-0.003581206
-0.00479347
-0.006819796
-0.009142192
-0.01092777
-0.01243063
-0.01336697
-0.01355921
-0.01349355
-0.01349416
-0.01351826
-0.0132874
-0.01277628
-0.0123309
-0.01164886
-0.0104567
-0.008645163
-0.006593775
-0.004846647
-0.003642788
-0.002642512
-0.001857815
-0.001837215
-0.002646137
-0.003744659
-0.004760386
-0.005485536
-0.005954023
-0.006460259
-0.006694205
-0.006663378
-0.006623941
-0.006687284
-0.006767783
-0.006328954
-0.005041479
-0.003505885
-0.001940032
-0.0005215212
0.000694405
0.00165562
0.002911666
0.003896043
0.004388118
0.004892869
0.005163066
0.004948483
0.004146051
0.003114379
0.002139808
0.001191529
3.341829e-06
-0.001496227
-0.002998265
-0.004545754
-0.005797867
-0.006540207
-0.006712609
-0.006658473
-0.006660329
-0.006691135
-0.006496295
-0.005971203
-0.005386994
-0.004783855
-0.004815856
-0.005682573
-0.006537722
-0.006687393
-0.006534439
-0.007018989
-0.008422627
-0.00934703
-0.009060874
-0.008145818
-0.007002858
-0.006568547
-0.00665809
-0.006532594
-0.005838607
-0.004792444
-0.003281933
-0.001464091
-0.0002035489
0.0008126263
0.001223826
0.001191454
0.001138684
0.001137546
0.001153349
0.001151588
0.001148399
0.001157327
0.001166118
0.001131669
0.001082059
0.001293883
0.002045502
0.003067813
0.004118036
0.005135735
0.00587573
0.006091475
0.00608577
0.006067938
0.005811826
0.005271877
0.005002873
0.005009764
0.005064916
0.005096545
0.005063982
0.004826596
0.004554054
0.004551247
0.004295751
0.004266806
0.00465664
0.005171985
0.006481606
0.008297679
0.009280893
0.009951056
0.0108547
0.0118993
0.01291183
0.01364531
0.01412137
0.01464619
0.01487697
0.01464581
0.01415852
0.01367799
0.01266658
0.01118018
0.009964716
0.008748883
0.007008785
0.005233623
0.004002247
0.003045117
0.002066061
0.001306534
0.00107951
0.001098637
0.001106974
0.001321592
0.001874077
0.002428086
0.002744061
0.002427979
0.001865874
0.001314285
0.001131026
0.001136361
0.0008952754
0.0006076301
0.0008514222
0.001115286
0.001361791
0.001845938
0.002366058
0.00295048
0.003181699
0.002898529
0.002357227
0.002109167
0.001869418
0.001361797
0.001099119
0.001113428
0.001152876
0.001122837
0.001094639
0.001328219
0.001866629
0.002341203
0.002831421
0.003346971
0.004113425
0.004591253
0.004548446
0.004862995
0.005168909
0.004721024
0.003378474
0.002081255
0.001100626
0.0001435966
-0.0008728032
-0.001647085
-0.001855607
-0.001806989
-0.001812521
-0.001824583
-0.001568783
-0.00105707
-0.0008325892
-0.0006103648
-3.302923e-05
0.0004963954
0.0004861295
-0.0001702952
-0.0001764072
0.0003666823
0.0009435075
0.001117434
0.001309179
0.002089863
0.002954481
0.003232672
0.002903953
0.00230267
0.002055052
0.002089235
0.002103097
0.002073675
0.002279186
0.002830319
0.003389083
0.003746412
0.003450919
0.002632071
0.001517525
0.001029482
0.001074317
0.001142987
0.001159673
0.001165771
0.00113826
0.0008926341
0.0006297644
0.0006813058
0.0004326361
-3.782938e-05
-0.0005935157
-0.001067099
-0.001569469
-0.002014932
-0.002518682
-0.003026882
-0.003611158
-0.003843627
-0.003520293
-0.00296669
-0.002979677
-0.003272596
-0.00303293
-0.002819007
-0.002824137
-0.002411186
-0.001341399
-0.0002902056
0.0007039013
0.00128071
0.002165243
0.003954849
0.006321299
0.008400192
0.009320421
0.009954569
0.010624
0.01115153
0.01172213
0.01199947
0.01173003
0.01089965
0.009974612
0.009288997
0.008106247
0.005775679
0.003772058
0.00226247
0.000842086
-0.0006528922
-0.00162624
-0.002080021
-0.002752359
-0.003483918
-0.004038662
-0.004767354
-0.005253521
-0.005266362
-0.005534845
-0.0055032
-0.004942321
-0.004632339
-0.004895146
-0.005488638
-0.005779507
-0.005789822
-0.005702064
-0.005418176
-0.005184052
-0.005503139
-0.005544751
-0.004993851
-0.004450703
-0.004193241
-0.004263833
-0.00397532
-0.003714796
-0.003904778
-0.004425195
-0.004954527
-0.005746521
-0.006515059
-0.006758731
-0.006713318
-0.00667189
-0.006677668
-0.006676251
-0.006672452
-0.006714427
-0.006763267
-0.00651037
-0.005737607
-0.00496079
-0.004470493
-0.003789358
-0.003049191
-0.002305084
-0.001298997
-0.0005675794
0.0001744274
0.0008968828
0.001398051
0.001922049
0.002170473
0.002135142
0.001867854
0.001605417
0.001618893
0.001321923
0.001109254
0.001336821
0.001625093
0.001564885
0.001823659
0.002365037
0.002913945
0.002871953
0.00255461
0.002793343
0.003076474
0.00314736
0.003127899
0.00288885
0.002364131
0.001839044
0.001300675
0.001071471
0.001105776
0.001165211
0.001133936
0.0008883842
0.0006477708
0.0006787637
0.0001914257
-0.000537874
-0.001072881
-0.001834988
-0.002606091
-0.002887765
-0.002830007
-0.002543987
-0.002245261
-0.002258482
-0.002229199
-0.002526937
-0.002984467
-0.003489032
-0.003986111
-0.004768093
-0.005501847
-0.005735411
-0.005974168
-0.006474674
-0.0066723
-0.006628905
-0.007072468
-0.008150423
-0.008965058
-0.009486311
-0.009644605
-0.009596815
-0.009629037
-0.009736992
-0.00951449
-0.008430689
-0.0070617
-0.006546623
-0.006626701
-0.006717903
-0.006712793
-0.006685249
-0.00668231
-0.006687711
-0.006689708
-0.006690559
-0.006695255
-0.00669269
-0.006669668
-0.006664593
-0.006742805
-0.006811167
-0.006336533
-0.005031575
-0.003730836
-0.002695202
-0.001767247
-0.001067058
-0.0005818385
0.0001525443
0.0008665468
0.001326038
0.002079413
0.003113814
0.00390569
0.004117652
0.004098145
0.004108363
0.003873667
0.003117019
0.002316974
0.001794802
0.001294519
0.001093529
0.001140994
0.001143395
0.0008661067
0.0005799603
0.0008508066
0.001106626
0.001157019
0.001356849
0.001611249
0.001597998
0.001859058
0.002100951
0.002165846
0.002155007
0.001877053
0.001333393
0.001070345
0.001086815
0.00113047
0.00113788
0.001124896
0.001107134
0.001102748
0.001152306
0.001208305
0.0009503783
0.000149836
-0.0006277478
-0.0009041145
-0.001124574
-0.001352124
-0.001077632
-0.0008425014
-0.0008355636
-0.0006415521
-0.0001266878
0.0003825757
0.0009134203
0.001363072
0.001828668
0.002278482
0.003057363
0.00406541
0.004845024
0.005314287
0.005793437
0.00605642
0.006099747
0.00586089
0.005103491
0.004076429
0.003020536
0.002047628
0.00135734
0.0008961123
0.0001182413
-0.0006637657
-0.0008872267
-0.0008116966
-0.0009864255
-0.001540662
-0.002095928
-0.002582944
-0.002739126
-0.002963648
-0.003752453
-0.004572161
-0.004828195
-0.004748869
-0.004702888
-0.004770348
-0.004817659
-0.004380566
-0.00335057
-0.002291256
-0.0009630051
-1.279599e-05
0.000194012
0.0003797325
0.0008835418
0.001163795
0.001163799
0.001131825
0.001118029
0.001084129
0.001074069
0.001349154
0.001891216
0.002114331
0.002093931
0.002321489
0.002823192
0.003051164
0.003289076
0.004017741
0.004792683
0.00529499
0.005965611
0.006697704
0.007484854
0.008541181
0.009025533
0.008993641
0.008922355
0.008922579
0.008942306
0.008920341
0.008910047
0.00898795
0.009071162
0.008589845
0.007239427
0.005925151
0.00517428
0.004784002
0.004283165
0.003774283
0.003481449
0.003728454
0.004134493
0.004916465
0.00648767
0.008373529
0.009119111
0.009026668
0.008909632
0.008908415
0.008919165
0.008917524
0.009001618
0.009076726
0.008566895
0.007196833
0.006107501
0.005881241
0.006018684
0.006067319
0.005817064
0.005333911
0.004881802
0.003914925
0.002384033
0.0008468667
-0.0006151051
-0.001791796
-0.003037154
-0.004539337
-0.005560804
-0.006062867
-0.006497582
-0.006607709
-0.006599256
-0.007337344
-0.008692852
-0.00922007
-0.009493435
-0.009636541
-0.009392262
-0.008926086
-0.008687857
-0.00817725
-0.007117871
-0.006590909
-0.006611431
-0.006699627
-0.006710271
-0.006684828
-0.006664742
-0.006674061
-0.006724653
-0.006740907
-0.006460356
-0.005902434
-0.005680657
-0.005749067
-0.005549867
-0.004779589
-0.003957004
-0.003440638
-0.002986242
-0.002793467
-0.002576818
-0.002059959
-0.001532945
-0.0010344
-0.0008300813
-0.0005954556
-7.241642e-05
0.0002230202
0.0002226858
-4.741078e-05
-0.0005373323
-0.001009134
-0.001798967
-0.002804758
-0.003537284
-0.003957375
-0.004692938
-0.005738974
-0.00655143
-0.006769606
-0.006691556
-0.006644367
-0.006690195
-0.006757846
-0.006544707
-0.005776224
-0.004741697
-0.003731772
-0.002777119
-0.001819368
-0.0007982556
0.0002311945
0.0009668737
0.001171134
0.001337653
0.001790269
0.002304952
0.003118734
0.003920016
0.004171054
0.003904575
0.003369342
0.002854933
0.002071107
0.00132823
0.001087693
0.0009202996
0.0004766972
-4.680235e-05
-0.0008704685
-0.001632038
-0.001833681
-0.001795519
-0.002024275
-0.002355386
-0.002149157
-0.001648507
-0.0008084428
0.0001962991
0.0009137661
0.001345163
0.002093009
0.003100421
0.00384981
0.004295875
0.005023075
0.00597929
0.006753046
0.007500882
0.008541676
0.009042569
0.009012638
0.008902288
0.008892848
0.009038943
0.009130466
0.008380411
0.006509616
0.004961434
0.003994249
0.003083395
0.002070775
0.001269086
0.001040438
0.001142585
0.001231809
0.0009786955
0.0001912986
-0.0006091834
-0.001117634
-0.001596681
-0.001819681
-0.001843791
-0.001824754
-0.001590133
-0.0009697679
-0.000494418
0.0002388623
0.001216439
0.002258983
0.003288066
0.004030829
0.004240308
0.004212422
0.004184189
0.003972928
0.003488169
0.002953474
0.002143941
0.001421131
0.001218921
0.0009797628
0.0002409247
-0.0003166441
-0.0003322629
-0.0005348961
-0.000500227
-0.0002604162
-0.000475932
-0.0006963973
-0.0009785583
-0.001722977
-0.002488509
-0.002963777
-0.003471012
-0.00396985
-0.004271457
-0.003962745
-0.003445555
-0.002933628
-0.002511369
-0.001782207
-0.0007535863
0.0002650199
0.0009687516
0.001371043
0.002055631
0.003032517
0.004062838
0.00502676
0.005732606
0.006169048
0.006637112
0.006892588
0.00691226
0.006606745
0.005814185
0.0050584
0.004605809
0.00390945
0.002890248
0.001831443
0.001103647
0.0009234884
0.0007538136
0.000245878
-0.0002937908
-0.0007796211
-0.000938317
-0.001161821
-0.00192043
-0.002692988
-0.002928568
-0.002910937
-0.002921275
-0.002694547
-0.001914787
-0.001101426
-0.0008694809
-0.001158572
-0.001516266
-0.001514297
-0.001468227
-0.001110926
-0.001087991
-0.001825857
-0.002847951
-0.003615166
-0.004015141
-0.004227016
-0.004190005
-0.004214123
-0.003896621
-0.003443061
-0.003176453
-0.003176508
-0.002869688
-0.002830862
-0.003536296
-0.004504889
-0.00522279
-0.005640875
-0.006087907
-0.006227441
-0.006082402
-0.00609583
-0.006841454
-0.007599077
-0.006778256
-0.005956372
-0.005850656
-0.005957273
-0.00598546
-0.005723592
-0.005193388
-0.004682951
-0.004178994
-0.003950848
-0.003943436
-0.00394589
-0.003919648
-0.003871445
-0.003837698
-0.003843004
-0.003857276
-0.003626962
-0.002937317
-0.002051593
-0.001128061
1.58424e-05
0.001168291
0.001589381
0.001512876
0.001422019
0.001460112
0.001572919
0.001397705
0.0004641417
-0.0009022229
-0.001747901
-0.002088654
-0.002664456
-0.00334049
-0.003585304
-0.00330617
-0.002565458
-0.001855799
-0.0014437
-0.001071809
-0.0006969251
-8.445942e-06
0.0008841275
0.001512179
0.001644299
0.001791977
0.002395955
0.003057785
0.003468372
0.003836421
0.004001088
0.004127278
0.004297586
0.004485456
0.005082967
0.005370221
0.00552015
0.006291863
0.007328527
0.007692051
0.00755034
0.007420747
0.00744007
0.007440254
0.0069352
0.005949844
0.005541772
0.005956798
0.006346975
0.005825797
0.005723745
0.006472013
0.006889565
0.006824227
0.006651552
0.006554346
0.006665147
0.007009075
0.007358966
0.00769186
0.007590546
0.007090419
0.006652688
0.006242703
0.00566809
0.004625867
0.003603995
0.002983324
0.002815515
0.002825513
0.002810462
0.002751763
0.002663725
0.002616209
0.00278948
0.003129897
0.003175768
0.003072435
0.003533825
0.004633641
0.005179046
0.005086721
0.004575457
0.003773172
0.00322259
0.002673814
0.001987093
0.001262774
0.0005239801
-0.0001954537
-0.0006947948
-0.000819252
-0.0009626213
-0.001460731
-0.001997664
-0.00234231
-0.002664324
-0.00279359
-0.002755612
-0.002714312
-0.002851762
-0.003183834
-0.003484606
-0.003788982
-0.004050373
-0.004340628
-0.004592389
-0.0048755
-0.005141793
-0.005420695
-0.005512218
-0.005450378
-0.005384918
-0.005316405
-0.005238208
-0.005209871
-0.005426219
-0.005689637
-0.005655883
-0.005929299
-0.005832202
-0.005147715
-0.004740452
-0.004686112
-0.004711579
-0.004692428
-0.004499924
-0.004007482
-0.003388042
-0.002781399
-0.002190114
-0.00161848
-0.001193414
-0.0009447099
-0.0006763132
-0.0004041717
-0.0001144997
-2.633391e-06
-2.799376e-05
-3.64147e-05
-2.076658e-05
-0.0001389024
-0.0005434744
-0.00107
-0.001593758
-0.002121788
-0.002604219
-0.00279432
-0.002712662
-0.002922474
-0.003283122
-0.003401821
-0.003337904
-0.003144098
-0.002838037
-0.002559661
-0.002266981
-0.00201051
-0.001749911
-0.001517344
-0.001146549
-0.0006436719
-0.0001366423
0.0002096005
0.0002771288
0.0002552756
0.0003544798
0.000473797
0.000351627
0.0002317401
0.000118796
-0.0001808038
-0.0006162923
-0.00117777
-0.001806012
-0.002183229
-0.002344142
-0.002588228
-0.002739756
-0.002670099
-0.002710326
-0.002764047
-0.002727122
-0.00254918
-0.002252101
-0.002090978
-0.002150425
-0.002323921
-0.002366717
-0.002294817
-0.002218001
-0.002158102
-0.002102835
-0.002041867
-0.001986321
-0.001936286
-0.001870038
-0.001730654
-0.00158327
-0.001532114
-0.001385785
-0.00126722
-0.001231726
-0.001126812
-0.0008300924
-0.0004451319
-0.0001587067
-7.050532e-05
-8.564511e-05
-9.061856e-05
1.660425e-05
0.0002792725
0.0005040898
0.0005718194
0.0007101159
0.001009449
0.001148954
0.001124173
0.001094291
0.001143413
0.001209217
0.001194216
0.001244322
0.001273799
0.001261213
0.001311094
0.001414975
0.001388649
0.001293191
0.001328003
0.001371484
0.00135467
0.001311151
0.001278867
0.001313297
0.001406263
0.001432794
0.001396801
0.001354561
0.001324789
0.001305145
0.001277055
0.001197369
0.001073555
0.001001202
0.0009356316
0.000832816
0.0007716945
0.0007102302
0.0006133652
0.0005660086
0.0005540768
0.0005074244
0.0004577579
0.0004941579
0.0005250074
0.0005189119
0.0005405222
0.0006043678
0.0006568398
0.0007132853
0.0007971594
0.0009143478
0.0009524152
0.0009505103
0.0009743425
0.0009764789
0.0009787952
0.0009787072
0.0009106996
0.0008167446
0.000727979
0.0006785219
0.0006290605
0.0005513347
0.000502156
0.0004841104
0.0004735996
0.0004557417
0.0004121149
0.0003485545
0.00031172
0.0002765568
0.0002223187
0.0001941835
0.0001869271
0.0001616676
0.0001155109
9.015373e-05
6.915142e-05
3.298492e-05
1.210826e-05
-5.669627e-06
-2.106045e-05
-3.176678e-06
1.426724e-05
3.203155e-05
6.176451e-05
7.407872e-05
7.057231e-05
6.538309e-05
6.218968e-05
5.95109e-05
5.733838e-05
5.660327e-05
5.422465e-05
3.976735e-05
1.53038e-05
4.094511e-06
-5.70921e-06
-2.52625e-05
-3.325802e-05
-2.988465e-05
-2.531298e-05
-2.262243e-05
-2.003776e-05
-1.59137e-05
-1.252676e-05
-1.81461e-05
-3.203939e-05
-3.601268e-05
-3.035139e-05
-2.360172e-05
-2.007266e-05
-2.292035e-05
-2.464391e-05
-1.37349e-05
-8.932812e-06
-9.559017e-06
4.422614e-07
4.649358e-06
-1.615876e-06
-2.919833e-06
2.042413e-06
7.764939e-06
1.241106e-05
1.641131e-05
2.079114e-05
2.554584e-05
2.938851e-05
2.950393e-05
2.913125e-05
3.624931e-05
4.663756e-05
5.925996e-05
6.958219e-05
7.36473e-05
7.686095e-05
7.992995e-05
7.818694e-05
7.691595e-05
7.746035e-05
7.659854e-05
7.570869e-05
7.89194e-05
8.190708e-05
8.293116e-05
8.34803e-05
8.416275e-05
8.500518e-05
8.581091e-05
8.657293e-05
8.719016e-05
8.772749e-05
8.854308e-05
9.022345e-05
9.16555e-05
9.104672e-05
9.129705e-05
9.3275e-05
9.5172e-05
9.66793e-05
9.701396e-05
9.669709e-05
9.698191e-05
9.838915e-05
9.997133e-05
0.0001007273
0.000100686
0.0001006182
0.0001005353
0.0001004834
9.998677e-05
9.899237e-05
9.790316e-05
9.728133e-05
9.686224e-05
9.636744e-05
9.597847e-05
9.558727e-05
9.539439e-05
9.55778e-05
9.58695e-05
9.617838e-05
9.660374e-05
9.698305e-05
9.74825e-05
9.809669e-05
9.859637e-05
9.905136e-05
9.961262e-05
0.0001001571
0.0001006553
0.0001011841
0.0001017233
0.0001022694
0.0001028551
0.0001035084
0.0001041866
0.0001048668
0.0001055404
0.0001062236
0.00010692
0.0001076073
0.0001082829
0.0001089534
0.0001096215
0.0001102879
0.0001109527
0.0001116168
0.0001122807
0.0001129453
0.0001136114
0.000114279
0.0001149484
0.0001156197
0.0001162933
0.0001169694
0.0001176481
NaN
