4.903545e-05
4.921359e-05
4.932432e-05
4.94415e-05
4.963588e-05
4.956633e-05
4.982839e-05
5.020398e-05
4.981956e-05
5.023112e-05
5.022317e-05
4.958888e-05
5.019619e-05
5.092089e-05
4.957846e-05
5.008661e-05
5.28526e-05
5.132295e-05
5.051191e-05
5.206195e-05
4.926624e-05
4.871986e-05
5.175006e-05
4.974957e-05
5.08741e-05
5.347338e-05
4.936235e-05
4.879954e-05
5.303973e-05
4.921939e-05
4.546496e-05
5.304038e-05
4.946889e-05
4.647872e-05
5.523178e-05
5.240196e-05
4.890152e-05
5.3363e-05
5.112671e-05
4.377198e-05
5.401679e-05
5.228428e-05
3.96003e-05
5.359493e-05
4.999751e-05
4.274995e-05
5.656344e-05
5.532965e-05
4.109071e-05
4.685454e-05
5.272589e-05
3.341225e-05
5.031174e-05
5.740039e-05
4.086191e-05
6.032225e-05
5.834732e-05
4.15297e-05
4.470339e-05
5.308473e-05
3.399029e-05
3.410126e-05
5.601164e-05
3.364081e-05
5.108349e-05
6.680291e-05
3.628474e-05
4.079288e-05
4.416257e-05
2.66027e-05
3.108729e-05
6.669467e-05
5.466809e-05
3.476802e-05
6.572244e-05
3.55378e-05
2.787654e-05
5.508417e-05
2.154242e-05
2.736446e-05
4.630178e-05
5.550286e-05
4.841016e-05
5.731603e-05
5.074004e-05
-1.505177e-05
4.544077e-05
3.620246e-05
-6.780635e-07
6.574438e-05
3.298419e-05
3.551932e-05
4.935972e-05
5.95707e-05
2.061317e-05
1.930818e-05
7.933155e-05
-2.689382e-05
2.369436e-05
6.389169e-05
7.545371e-06
8.713516e-05
5.322692e-05
7.919692e-06
2.336868e-05
5.649994e-05
1.220974e-05
-1.617771e-05
6.591577e-05
-2.023365e-05
2.136327e-05
0.0001065483
-2.377333e-06
4.268077e-05
7.265687e-05
1.152278e-05
5.759401e-07
3.742056e-05
3.033449e-05
-1.856113e-05
7.404236e-05
2.560096e-05
4.040377e-06
0.0001038588
-3.15281e-05
-2.361082e-05
4.359553e-05
2.326855e-05
3.675519e-05
3.573981e-05
2.756851e-05
-7.658739e-05
3.988216e-05
4.979837e-05
-5.304628e-05
9.837878e-05
4.950959e-05
1.612119e-06
3.900378e-05
1.310704e-06
-3.308965e-05
3.744983e-05
9.926822e-05
-3.861624e-05
7.009091e-06
1.622317e-05
-5.566223e-05
6.585325e-05
3.092663e-05
-7.153986e-05
2.14156e-05
8.101446e-05
-6.176682e-05
-3.73596e-05
5.627945e-05
-1.817508e-05
4.804369e-05
9.625797e-05
-5.784497e-05
-4.091542e-05
9.969317e-05
-5.337993e-05
-4.938777e-05
0.0001145488
-3.875921e-05
-5.767358e-05
2.496228e-05
-3.344124e-05
1.041228e-06
6.332409e-05
-3.762143e-05
-4.141322e-05
0.0001203089
2.499217e-05
-6.336879e-05
6.131778e-05
-3.496592e-05
-9.758917e-05
6.818683e-05
-2.902603e-05
-6.948759e-05
6.56209e-05
1.362386e-06
-5.730827e-05
3.584973e-05
8.347418e-05
-9.966254e-05
2.486289e-05
5.249561e-05
-0.0001505993
6.060306e-05
-1.021512e-05
-7.324112e-05
8.734959e-05
6.625818e-05
-5.210385e-05
-5.667599e-05
7.899693e-05
-0.0001770087
-8.101945e-05
0.0001404848
-0.0001116964
4.936726e-05
0.0001081836
-6.633131e-05
-8.429837e-06
-4.007449e-05
-0.0001479247
-6.000244e-05
0.0001584318
1.585975e-05
-6.315049e-05
0.0001077695
-0.0001437962
-0.0001606499
8.902952e-05
-0.0001088568
-5.337886e-05
0.0001461858
3.078767e-05
5.026803e-05
8.586585e-05
-0.0001363647
-0.0002363716
4.598387e-05
9.754538e-06
-8.997539e-05
0.000211779
6.782135e-05
-0.0001394684
-7.501282e-06
-0.000185197
-0.0003220295
-2.923924e-05
5.597578e-05
1.459903e-05
0.0002683032
0.0001438073
-0.0001811128
-5.42882e-05
-6.093854e-05
-0.0002206672
3.683181e-05
0.0001153243
-5.27501e-05
0.0001477947
4.721349e-05
-0.0002633647
-0.0001062229
-2.300311e-05
-0.0001540254
9.370008e-05
0.0002493058
-0.0001294164
-7.84635e-05
6.456141e-05
-0.0001643661
-3.036447e-05
0.0001156817
-6.231182e-05
-5.119663e-05
5.734483e-05
-0.000190707
-9.101611e-05
0.0001853524
-4.511078e-05
-3.464506e-05
6.024807e-05
-0.0001261306
-8.730438e-05
5.669763e-05
-0.0001451111
-0.0001343132
0.0001284725
-2.874288e-05
-6.753579e-05
0.0001618595
4.073765e-05
-0.000110239
3.461717e-05
-0.0001997278
-0.0002873673
0.0001257611
7.767849e-05
-2.466113e-05
0.0001012626
-1.643706e-05
-0.000171703
4.927318e-05
7.831031e-05
-0.0002015876
-1.316621e-06
2.581695e-05
-0.0001573067
7.486661e-05
1.219918e-05
-0.0001388311
0.0001320258
5.88286e-05
-0.000243774
-9.428048e-05
9.047681e-05
-5.125297e-05
3.002679e-05
0.0001837213
-0.0001586808
-7.162347e-05
8.18102e-05
-0.0002992883
-8.958626e-05
0.0001151326
-3.741342e-05
5.008813e-05
8.303588e-05
-9.278222e-05
-0.0001630384
6.90751e-05
-0.0001023378
-0.0001329464
0.0002373919
-4.743146e-05
-0.0001489584
6.848306e-05
-0.0001132542
-4.629023e-05
0.0001725353
-2.995611e-06
-8.227609e-05
3.412225e-05
-6.99602e-05
-0.0001264954
0.0001229898
8.068257e-05
-0.0001436662
0.0001314239
-2.468887e-05
-0.0002487123
8.02902e-05
-3.519425e-05
-9.296758e-05
6.565593e-05
3.281896e-05
-8.141213e-05
5.312484e-05
3.880429e-05
-0.0003136383
2.609246e-05
0.0001256007
-0.0001346691
0.0001315189
0.0001053026
-0.000154913
-6.960426e-05
3.812016e-06
-0.0001801807
4.575863e-06
0.0001706309
-0.0001049075
6.994565e-05
0.000205786
-0.0001480871
-0.0001190798
4.258922e-05
-0.0001558128
-5.748419e-05
0.0001104206
-7.578039e-05
3.076185e-07
0.0001697953
-4.166506e-05
-9.050413e-05
0.0001109479
-0.0001720452
-0.000192924
0.0001112678
-9.3436e-05
1.377657e-05
0.0002490866
4.301796e-05
-8.025902e-05
-8.311104e-06
-0.0001882973
-0.0002662976
0.0001004916
8.131231e-06
-7.586354e-05
0.000259463
4.030651e-05
-0.0001400994
0.0001427739
6.799251e-06
-0.00020601
-2.032048e-05
8.158534e-06
-0.0001123395
6.797637e-05
9.376222e-05
-0.000133618
0.0001071829
4.951935e-05
-0.0002395872
6.833199e-05
0.0001038831
-7.580739e-05
5.907858e-05
3.563419e-05
-0.000202563
3.894474e-05
0.0001639002
-0.0001886563
-6.728022e-07
0.0001019896
-0.0001714553
6.268694e-05
0.0002413595
-0.0001113078
-0.0001225357
-1.965005e-05
-0.0001988785
4.989866e-05
0.0002138294
-5.236106e-05
-8.724289e-06
0.0001409135
-0.0001426453
-0.0001497036
7.166944e-05
-0.0001898936
-3.896661e-05
0.0002552862
-5.310792e-06
1.900876e-05
0.0002374567
5.027694e-05
-0.0001671516
-0.0001319733
-0.0003022271
-0.0002153887
0.0002864795
0.0002190549
8.31226e-05
0.0002372124
-4.661786e-05
-0.0002773505
-4.953076e-05
-0.0001174218
-0.0001928399
0.0001474774
9.187283e-05
-0.0001173889
0.0001734077
0.000182144
-7.20679e-05
9.299623e-05
-0.0001084148
-0.0003793551
-8.438862e-05
6.286553e-05
0.0001372254
0.0002957008
0.0002555475
-0.0001362481
-0.0001348734
-6.055331e-05
-0.0003594203
4.126656e-05
0.0001686453
-7.95159e-05
9.442474e-05
0.0001390173
-1.8307e-05
-7.055181e-05
2.681016e-05
-0.0002261901
-5.418539e-05
0.0002602564
-5.248008e-05
4.022173e-05
0.0001342414
-0.0001228987
-6.813099e-05
8.744222e-05
-0.0001102555
-7.594424e-05
0.0002006515
2.129299e-06
-5.094584e-05
0.000148828
-6.505856e-05
-0.0001473018
0.0001022412
-0.0001053007
-0.0001248824
0.0001720067
-4.791368e-05
-9.517491e-05
0.000148639
3.332354e-05
-9.866119e-05
9.737291e-05
-3.69472e-05
-0.0002001697
0.0001297401
5.945051e-05
-7.74508e-05
0.000192668
6.183012e-05
-0.0001553799
8.190172e-05
2.688613e-06
-0.0001957712
5.834143e-05
8.574026e-05
-9.103575e-05
7.231207e-05
0.0001517465
-0.0001076058
2.579927e-05
4.367626e-05
-0.0002356427
2.728541e-05
6.996319e-05
-9.609114e-05
7.024951e-05
0.0001575597
-6.615283e-05
-3.901731e-05
9.630061e-05
-0.0002183753
-2.606195e-05
0.0001777486
-7.257999e-05
2.549434e-05
0.0001264131
-5.944411e-05
-9.908663e-05
0.0001079811
-0.0001053575
-7.741812e-05
0.0002555152
-1.206442e-05
-5.927337e-05
8.285595e-05
-7.539394e-05
-9.372738e-05
0.0001214018
9.56541e-06
-0.0001475189
0.0001101787
-7.029426e-06
-0.0001111063
0.000111401
-1.199147e-06
-7.203258e-05
7.347261e-05
-5.585472e-05
-0.0001552957
0.0001553744
0.0001119852
-0.0001139654
0.0001266217
2.529962e-05
-0.0001871937
5.942544e-05
-3.073811e-05
-0.0001269584
0.0001414542
0.0001391708
-1.220006e-05
5.407585e-05
7.265189e-05
-0.0001474965
1.859874e-05
7.225428e-05
-0.0002285283
4.792617e-05
0.0001597327
-8.269821e-05
-5.41473e-06
6.584962e-05
-0.0001051556
-1.360708e-05
0.0001602011
-9.12923e-05
1.945925e-05
0.0001782612
-5.35504e-05
-1.489775e-05
0.0001141406
-5.625969e-05
-0.0001028925
0.0001099931
-0.000131899
-0.0001268661
0.0001747059
-2.391042e-06
5.006291e-06
0.0001082272
-2.496554e-05
-7.892177e-05
6.019902e-05
-9.250523e-05
-0.0001835291
0.0001446992
2.716684e-05
-6.394085e-05
0.0001569268
5.845173e-05
-6.636496e-05
9.199806e-05
1.325807e-05
-0.0001757201
8.991318e-05
4.305437e-05
-0.0001442939
0.0001292634
9.649437e-05
-0.0001547863
3.580081e-05
6.322624e-05
-0.0001704511
9.791708e-05
0.0001567211
-8.167902e-05
9.212978e-05
6.453822e-05
-0.0001849025
2.676706e-05
0.0001073729
-0.0001634959
-2.468792e-06
5.989198e-05
-9.78786e-05
0.0001287437
0.0001758277
-8.630029e-05
-6.812007e-05
4.326133e-05
-0.0001406868
-5.935675e-05
0.0001696321
-1.108538e-05
3.885909e-05
0.0001935276
-7.751328e-05
-7.721358e-05
8.412934e-05
-0.0001134006
-5.328437e-05
0.0001374682
-1.391874e-05
-7.407478e-05
0.0001285872
-2.148018e-05
-0.0001687831
0.0001145247
-5.366627e-05
-8.409713e-05
0.0001692319
-1.680388e-05
-3.584149e-05
0.000120534
7.068022e-05
-6.991908e-05
5.036818e-05
-8.569155e-05
-0.0002544773
0.0001375085
9.472242e-05
-2.333505e-05
0.0001463188
3.759415e-05
-0.0001120728
3.779738e-05
7.341506e-05
-0.0001942485
5.847727e-05
0.000175907
-8.768886e-05
8.874615e-05
7.441443e-05
-0.0001161445
6.069278e-05
7.884561e-05
-0.0001850902
-1.505081e-05
0.0001211048
-7.090678e-05
9.154271e-05
0.0001525305
-7.918501e-05
3.836256e-06
4.585829e-05
-0.0002314707
-6.231495e-05
0.0001950047
-1.84659e-05
1.887444e-05
0.0001193624
-0.000101316
-4.532898e-05
0.0001290762
-0.0001531338
-0.0001168655
0.000210067
-2.59277e-05
-9.155719e-05
0.0001071763
-2.753168e-05
-3.121614e-05
0.0001611689
-8.998178e-06
-0.0001491048
0.0001230132
6.151272e-05
-0.0001378998
0.0001469373
8.729711e-05
-0.0001240038
0.0001668229
-1.035653e-06
-0.0002054263
0.0001079125
7.210011e-05
-9.535811e-05
2.226852e-05
3.361099e-05
-0.0001833837
1.699683e-05
9.105022e-05
-0.0001801871
0.0001836378
0.0002190304
-0.0001397987
8.939237e-05
0.000104704
-0.0002085444
-5.070719e-05
5.740991e-05
-0.0001734864
5.019052e-05
0.0002222334
-2.539244e-05
5.748871e-05
0.0001348908
-0.0001359378
-3.347151e-05
0.0001509656
-0.0001380539
-8.055223e-05
0.0001346029
-1.535355e-05
-1.934912e-05
0.0001087705
-6.915501e-05
-0.00012158
0.0001522716
-4.732592e-05
-6.882282e-05
0.0001358473
-5.508068e-05
-4.580621e-05
0.0001199916
3.484792e-05
-0.0001377359
0.0001028894
3.791844e-07
-0.0001593519
0.0001949976
3.494477e-05
-8.137511e-05
0.0001218975
7.761911e-06
-0.0001212329
6.160204e-05
1.765548e-05
-0.0001693504
0.0001135369
0.0001529473
-0.0001190558
0.0001113681
8.028324e-05
-0.0002300339
6.374855e-05
8.757468e-05
-0.0001017517
5.675932e-06
-4.655785e-06
-0.00010386
4.474552e-05
0.0001829212
-9.238106e-05
9.959191e-05
7.790666e-05
-0.0002628037
0.0001024338
0.0001706725
-4.117307e-05
-9.718628e-05
0.0001328085
-7.934475e-06
-0.0001713788
0.0002540999
-0.0001735987
-0.000169776
0.0002083324
-8.558616e-05
7.869515e-05
8.853406e-05
-0.0001068786
-8.400014e-05
7.902231e-05
-8.147802e-06
-0.0001977377
0.0001823584
7.269994e-05
-0.0002227277
0.0001223615
0.0001309049
-5.996524e-05
3.124819e-05
-9.173022e-05
-0.000105236
0.0001729988
4.30097e-06
-6.66896e-05
0.0002809435
5.470517e-05
-0.0002616254
3.056497e-05
-8.754668e-06
-0.0002324916
8.977174e-05
0.0001290414
-0.0001270048
3.921791e-05
0.0001544471
-8.624651e-05
3.954215e-05
0.0001276009
-0.0001903363
6.996467e-06
0.0001064046
-8.496463e-05
6.645533e-05
0.0001314023
-9.840574e-05
-6.794537e-05
6.691582e-05
-0.0001865496
-7.95753e-05
0.0001006216
-3.710242e-05
6.395903e-05
0.0001190169
-0.0001687835
-5.284602e-05
0.0001646581
-0.0002217854
-5.9276e-05
0.0003179631
0.0001030271
-7.345157e-05
2.481349e-05
-2.01501e-05
-0.0001627654
-9.048136e-06
-8.16552e-05
-0.0001447801
0.0001585089
0.0001614017
7.104584e-07
0.00015627
-5.588981e-05
-0.0002658166
9.230008e-05
-6.942534e-05
-0.0001369303
0.0001708742
9.041721e-05
-4.657319e-05
8.339796e-05
0.0001302564
-0.0002576713
-7.311022e-05
0.0001418053
-0.0001180871
-3.117554e-05
-0.0001314371
-5.271622e-05
0.0002411263
0.0001016978
-0.0001887684
3.83297e-05
0.0002988108
-0.0002632768
-0.0001937611
0.0001803933
-9.612436e-05
1.457871e-05
6.603431e-05
-0.0001070359
-5.290259e-06
0.0001163972
-7.568922e-05
-0.0001585475
9.328543e-05
-5.735443e-05
-1.828637e-05
0.0001649637
-0.0001253203
-2.666441e-05
0.0001342301
-0.0001137014
-0.0001287091
0.0001284527
5.935604e-05
-9.447134e-05
0.0001616078
3.788406e-05
-4.293714e-05
0.0001131226
-0.000253567
-8.14593e-05
0.0001662968
-0.0001294456
-0.000100582
0.0001174196
0.0001899358
-8.062688e-05
1.916629e-05
0.0001013149
-0.0003201065
-5.974202e-05
2.810731e-05
-0.0001494806
0.0001506952
3.502094e-05
-0.0001306887
8.595527e-05
5.295508e-05
-0.0001946393
-3.211795e-05
0.0001144811
-0.0001451796
-3.859722e-06
0.0001738993
-0.0001350623
-6.431486e-05
0.0001409951
-0.0001370262
1.226391e-05
0.0002245764
-0.0002596197
-0.000113578
0.0003699043
-0.0001122804
-0.0002390563
0.0001459078
-8.963965e-05
-0.0001606023
0.0001205267
0.0001053148
5.040197e-05
0.0001851104
-0.0001135087
-0.0002249549
0.0001176765
-0.0001712014
-7.110514e-05
0.0001917446
-8.752521e-05
-9.213351e-05
1.619156e-05
3.929124e-05
-0.0001126201
7.204179e-05
5.012515e-05
-0.0002475306
7.570983e-05
-1.641738e-05
-0.0001505134
0.0002061032
0.0001059516
-0.0001492281
-1.005809e-05
-9.496976e-06
-0.0001902394
-9.118143e-05
5.983315e-05
8.221193e-05
4.512558e-05
-1.884903e-05
-0.0001786463
1.972456e-05
5.409565e-05
-0.0002719545
0.0001381588
0.0002277848
-6.878312e-05
5.289086e-05
7.13945e-05
-0.0001045919
-0.0001930661
2.871809e-05
-0.0001580768
-0.0001572642
0.0002067556
-6.34736e-05
4.206602e-05
0.0002377921
-0.0001356965
-0.0001304985
4.144279e-05
-0.0001835737
-0.000191726
4.886184e-05
-7.3986e-05
-9.189481e-05
9.250386e-05
-5.850858e-05
-9.671299e-05
0.0001217558
-0.0001460357
-0.0002141797
0.0001651659
-0.000131909
-0.000206276
0.0002682794
0.0001371196
-0.0002297929
-0.0001423336
-6.718466e-06
-2.756709e-05
0.0002066064
0.0001579185
-0.0002325289
-0.0001304834
2.986784e-05
-0.0002915961
-0.0003774668
-0.0001597681
6.578551e-05
0.0005085121
0.0004701393
-5.023195e-05
-0.000395273
-0.0004192062
-0.0002529038
-1.029595e-05
-1.405699e-05
-0.0001878055
0.0004766688
0.0005965735
-0.0002665064
-0.0004725952
-0.0004194609
-0.0006070954
-0.0002973218
0.0004351021
0.0003790489
0.0002687516
0.0003866074
-9.249949e-05
-0.0006399857
-0.0008571358
-0.0006038772
0.0001665648
0.0009369785
0.0006348797
0.0002782027
0.0003026551
-0.0003262521
-0.0004137322
0.0002202003
0.0006220711
0.0006756347
0.0003530417
-0.0006135988
-0.001200839
-0.0004903624
-9.395954e-05
-0.0002085814
8.483991e-05
0.0003007721
0.0001317628
-4.004633e-05
-7.665377e-05
1.369381e-06
0.0004722535
0.0004989982
-0.0001772894
-0.0004692763
-0.0003686525
-0.0002831665
-0.0001035352
-6.003789e-05
-0.0003293596
-2.379783e-05
8.393109e-05
-0.0007704917
-0.0007109302
0.000188547
0.000430728
0.0009660653
0.001882075
0.001015688
-0.0004641339
-0.0007048251
-0.0006220494
-0.0003647214
-0.0001588962
-0.0003211354
5.339241e-07
0.000511115
-5.094625e-05
-0.0003809557
0.0001247322
9.083057e-05
0.0003107117
0.0003300841
-0.001102968
-0.001739832
-0.0003800047
-0.0001819653
-0.0010849
-0.0002312778
0.001093706
0.001422988
0.0008997595
5.882256e-05
-0.0005774097
-0.0007004974
-0.0003309724
-0.0001459523
-0.000395981
-0.0005006329
0.0005762968
0.001543956
0.001116996
0.0004856385
0.0004566523
4.998574e-05
-0.000813583
-0.0008575016
-0.001125018
-0.001647135
-0.001021217
-0.0003017259
-0.0007124686
-0.00096993
0.0001131962
0.001278224
0.001614039
0.0009943882
-2.492808e-05
-0.000319524
-0.0002041681
-0.0008411595
-0.001269272
-0.0001667825
0.000768592
0.001096014
0.00110545
0.0004263109
0.0001552938
0.0001803054
-0.0004272354
-0.0009881326
-0.0005007287
8.272352e-05
-0.0001978107
-0.0008405914
-0.0008504891
-0.0001519336
0.0003030567
0.0001275372
-0.0006865019
-0.0009962861
-0.0003959209
0.0003454356
0.0006527506
0.0006117616
0.0004286956
-0.001216564
-0.002784518
-0.001373449
0.001134291
0.001384777
0.0005693974
0.0009145972
0.0009165098
-0.0001113077
-0.0007489603
-0.0007694007
-0.0005433825
0.0001155896
-0.0001400748
-0.001771658
-0.002653114
-0.002217744
-0.001014853
0.0005458336
0.002034801
0.002936314
0.002616137
0.0007299121
-0.001200053
-0.001554941
-0.001673688
-0.00158967
-0.000238948
0.0013399
0.001986299
0.001935515
0.001305956
-0.0001176987
-0.0008101502
-0.000387696
-1.880056e-05
0.0001221941
-0.0003258831
-0.001295903
-0.00161763
-0.001737263
-0.002264139
-0.0009541437
0.001320936
0.001641573
0.001968415
0.002787095
0.0008420491
-0.00257412
-0.003499305
-0.002360401
-0.001007025
1.97549e-05
0.0009002057
0.002646209
0.003935742
0.002369357
-0.0001788819
-0.001203993
-0.002430004
-0.00348352
-0.0023016
-0.001014079
-0.0005966821
0.0002148777
0.0002175597
-0.001296094
-0.001575211
0.0002162221
0.001524033
0.001761391
0.002299358
0.002544624
0.0006796434
-0.00105321
-0.0003032882
-0.0002860467
-0.001733591
-0.0008638412
0.0008701448
-0.0003515028
-0.001752312
-0.0003364278
0.0008154022
-0.0005546855
-0.001497033
-0.001771478
-0.003441555
-0.002857414
0.000289218
0.001298784
0.001245561
0.001820793
-0.0003030896
-0.003957599
-0.003155543
0.0002391291
0.0017215
0.003129682
0.004396431
0.0008551974
-0.005004977
-0.005294477
-0.003450948
-0.003725925
-2.27908e-05
0.006493772
0.006408153
-0.0003688239
-0.00343541
-0.001066298
-0.0006113006
0.0005015588
0.005235351
0.007479037
0.004269809
-0.0003855403
-0.002386369
-0.003626536
-0.002611039
0.003813508
0.007120722
0.003746167
0.0004789419
-0.001043932
-0.001842052
-0.00234934
-0.001932335
-0.0008702608
-0.001370557
-0.00152969
-0.0005069828
-0.002149857
-0.005392376
-0.004699182
-0.001891823
-0.00213578
-0.003267978
-0.000663779
0.003050046
0.003375544
0.002852924
0.003170398
0.003318758
0.002895266
0.002079194
0.00120551
-0.001824402
-0.003501365
0.0001109874
0.002191614
-0.001137246
-0.0030526
-0.001184365
-0.0007689193
-0.001735884
-0.001144806
0.0001545128
0.0007199666
0.0002145547
-0.001707899
-0.003951594
-0.003801757
-0.0008529448
0.002772633
0.004472016
0.003878617
0.003536003
0.003107168
-0.0004519224
-0.004134587
-0.003430013
-0.0008498755
0.002106246
0.005450039
0.004333189
-0.000702959
-0.00244403
-0.001488954
-0.00156596
-0.0004750149
0.001547726
0.0008364126
-0.002183789
-0.0051384
-0.007531186
-0.007686423
-0.004742893
-0.0016268
0.00155133
0.004751376
0.004672471
0.003378099
0.003245821
0.001856859
0.001010984
0.002378512
0.002112909
0.0001996688
-0.001471362
-0.004057297
-0.005080908
-0.002932551
-0.0007761788
0.001181144
0.001879118
0.0006424128
0.001509859
0.001480147
-0.001971471
-0.001867791
0.0006647867
-0.0006699988
-0.001767972
0.001331379
0.002575065
-1.630107e-05
-0.0005283497
-0.0001166259
-0.001188443
-0.0002376004
0.001419944
0.001694031
0.002392456
0.001448168
-0.001714192
-0.00380815
-0.005268321
-0.005235978
-0.001785688
0.0008676515
-0.0003555061
-0.0009086606
0.000484254
-0.00119859
-0.004301438
-0.004161866
-0.001782607
0.0005254332
0.001424059
0.0005167281
-0.0005286822
0.0002390059
0.001406963
0.001446493
0.0009221492
0.0007482122
0.002635031
0.002677299
-0.002815607
-0.004524857
0.001297556
0.003793431
0.001167351
0.0005269233
0.0005576
-0.001917002
-0.002020602
0.001085549
0.002273716
0.002489575
0.002490417
0.001751938
0.001567173
0.001188653
0.0008684295
0.001406356
0.003026261
0.004186756
0.00195942
-0.003375954
-0.007031521
-0.005374463
-0.002963472
-0.002986147
-0.001749847
0.000189146
-0.0005412439
-0.002699943
-0.004995954
-0.006842983
-0.006153945
-0.004883378
-0.003809191
0.001077966
0.005805043
0.005153396
0.003636667
0.001672472
-0.0007207383
0.0008789734
0.002991811
0.004192795
0.005359994
0.001971058
-0.004613253
-0.007837546
-0.006122716
-0.002675021
2.25962e-05
0.001462338
0.002723309
0.003042378
0.001701708
0.0007226554
0.0001020269
0.0005897486
0.001756164
0.002288721
0.002213324
0.0008933733
0.001866324
0.004934594
0.005282069
0.004726059
0.004934664
0.002728444
-0.0008429407
-0.002512941
-0.005120073
-0.008721944
-0.008748702
-0.007740791
-0.007577634
-0.004236572
-0.0007479107
-0.001384686
-0.002331672
-0.002046241
-0.002385969
-0.002727176
-0.002077651
9.787465e-05
0.00282886
0.002560849
0.0001505975
0.0006674719
0.002496579
0.001140656
-0.0004553071
0.002017058
0.004507786
0.003110796
0.0017576
0.001512687
-0.0004049778
-0.001169351
0.001723397
0.003876568
0.00331334
0.00311532
0.00421031
0.005041534
0.004516231
0.003433261
0.001254007
-0.00262544
-0.004316102
-0.002020334
0.0007085881
0.002872498
0.007139111
0.01124846
0.01053368
0.006474161
0.002729093
-8.786654e-05
-0.003298823
-0.007108572
-0.00946238
-0.009335503
-0.007941017
-0.004998009
-0.0009545818
0.0007426914
0.001653772
0.00608878
0.008535459
0.003629127
-0.001723001
-0.004326751
-0.007901218
-0.01052797
-0.009943577
-0.007805144
-0.003529623
0.00233762
0.005783549
0.006090449
0.004724936
0.004395274
0.004416461
0.0006080403
-0.004265773
-0.006401385
-0.007250335
-0.007579622
-0.003397442
0.00430436
0.007415316
0.005935923
0.002834232
-0.002590969
-0.006107522
-0.00457255
-0.001354196
0.001146914
0.002085085
0.001427325
0.0009803302
0.002294832
0.005256167
0.007570741
0.008467219
0.008371243
0.006220597
0.0022837
-0.001688108
-0.002420306
0.0002748982
0.001033004
-0.0002541459
-0.0007626984
-0.001812196
-0.003568899
-0.006300142
-0.008414179
-0.005806589
-0.0003687596
0.001136197
-0.00457766
-0.009100571
-0.005837014
-0.0008919953
0.002673715
0.004057903
0.005029259
0.006584535
0.002069348
-0.002698568
-0.002225878
-0.003239229
-0.002123804
0.003645897
0.004408254
-0.0006575487
-0.001897353
1.67324e-05
-0.0005511039
0.002163588
0.008279453
0.008577032
0.006082993
0.004229614
-0.0003948526
-0.005657014
-0.007908614
-0.004225626
0.002000993
0.004603399
0.005981441
0.009584566
0.01194017
0.008388398
0.002569193
-0.001286111
-0.006341578
-0.01233442
-0.01429276
-0.01392474
-0.01287513
-0.007694821
-0.0003115156
0.004964039
0.004825068
0.001236014
0.0004930721
0.002017436
0.004854849
0.00753103
0.005925568
0.0004587073
-0.003323176
0.00200556
0.0107113
0.01232808
0.01198695
0.01422557
0.01241916
0.004467729
-0.001701782
-0.0007770011
0.004459804
0.007484674
0.005456953
0.004166331
0.00639353
0.009295783
0.01168359
0.008414135
8.960879e-05
-0.002368052
-2.065758e-06
-0.002962982
-0.009218104
-0.01036386
-0.009462576
-0.01132625
-0.01236301
-0.01279882
-0.01518848
-0.01703779
-0.01375018
-0.007071653
-0.005087608
-0.005705833
-0.0004839968
0.006078227
0.005527598
0.003810615
0.007949641
0.01080512
0.01090438
0.01239441
0.01031303
0.005658572
0.002471594
0.002474282
0.007359003
0.01220807
0.01411186
0.01214523
0.006987814
0.001402663
-0.005198064
-0.0122572
-0.01800686
-0.01925782
-0.01866046
-0.02292317
-0.02582534
-0.02043878
-0.0144011
-0.01279486
-0.009274208
-0.002220895
0.002751617
0.005014002
0.01006883
0.01606632
0.01517828
0.01055649
0.009044448
0.009920136
0.009702247
0.007163138
0.002893824
-0.003670082
-0.009474052
-0.007881938
-0.002833774
-0.001968739
0.001382224
0.008501188
0.007514858
0.0003461924
-0.00300817
-0.001959287
0.002862651
0.01072606
0.01686819
0.01977751
0.02049226
0.01775786
0.0146771
0.01365316
0.01089565
0.00837001
0.00782552
0.006720027
0.006768958
0.007280262
0.006399346
0.005820856
0.005407215
0.003413107
-0.0009905249
-0.006293546
-0.01036441
-0.01274173
-0.01421401
-0.01503018
-0.009885962
0.0009276029
0.007996921
0.01316506
0.02167163
0.02486078
0.01455061
0.001413384
-0.005875173
-0.01631554
-0.02550222
-0.02336342
-0.01557054
-0.007881801
-0.005594943
-0.009483905
-0.01243944
-0.01109631
-0.007793818
-0.005059263
-0.0007775013
0.004972745
0.007358256
0.004404661
0.0008886642
0.003864245
0.008971557
0.009427893
0.01022953
0.01413098
0.01528343
0.01104321
0.007594273
0.006742869
0.003405456
0.0008971838
0.003423743
0.007153255
0.008916537
0.01046835
0.01327718
0.01398443
0.01019071
0.009875675
0.01709417
0.02027291
0.02065833
0.02518767
0.02520459
0.02065114
0.02099552
0.02568195
0.02642984
0.02391524
0.02395983
0.02418524
0.02302716
0.02288126
0.02324506
0.02175706
0.02036154
0.0203675
0.01937704
0.0156648
0.01011536
0.008721179
0.007715979
0.0005854937
-0.007166884
-0.01330836
-0.01548104
-0.01543792
-0.02132604
-0.03033822
-0.03697436
-0.04105857
-0.04367241
-0.04367925
-0.03871322
-0.03067495
-0.02204988
-0.01292859
-0.008568284
-0.01094343
-0.01024653
-0.004265444
0.003442246
0.01283907
0.02029114
0.02506346
0.02793725
0.02520364
0.01596328
0.005162294
-0.004229114
-0.01516532
-0.03024238
-0.04558711
-0.05526396
-0.05962608
-0.06114306
-0.06185192
-0.06073245
-0.05352444
-0.04170239
-0.0290174
-0.01923571
-0.01288458
-0.006239724
0.0002781668
0.008636898
0.02342412
0.04221581
0.05918857
0.07133746
0.07525395
0.06920371
0.06007569
0.05317493
0.04871404
0.04746464
0.04876236
0.05370155
0.06273984
0.07150778
0.07475432
0.07138517
0.06762078
0.06609421
0.06231659
0.05766939
0.05389272
0.04761122
0.03976228
0.03297209
0.02844811
0.02511223
0.0215603
0.02110356
0.01994898
0.01170217
-0.004093619
-0.02491191
-0.04179375
-0.05185647
-0.06010567
-0.07137719
-0.08153778
-0.08321462
-0.084404
-0.08979042
-0.09467468
-0.09545943
-0.09103868
-0.08545819
-0.07971472
-0.07577801
-0.07377405
-0.06829021
-0.06256292
-0.06125227
-0.06422457
-0.07059717
-0.07765149
-0.0870652
-0.09673823
-0.09998542
-0.1003745
-0.1007593
-0.1002868
-0.09972318
-0.09815603
-0.09652902
-0.0925334
-0.08311161
-0.07201112
-0.06397883
-0.05832967
-0.0507756
-0.04119973
-0.03151853
-0.02204782
-0.01283389
-0.002553399
0.009090409
0.02100903
0.03064044
0.03730935
0.04679365
0.05960763
0.06737761
0.06489838
0.05504947
0.04533518
0.03734837
0.02824645
0.02282019
0.02354835
0.02679488
0.03435285
0.04770596
0.06169436
0.06663796
0.06220766
0.05704898
0.0506209
0.03851423
0.02413048
0.0196185
0.02529216
0.02958758
0.03297754
0.03872925
0.04755579
0.05816816
0.06671155
0.07139308
0.0719453
0.07297963
0.07359454
0.0708134
0.06815873
0.06597022
0.06560129
0.06784981
0.07014918
0.06870763
0.06142443
0.05194837
0.04224587
0.03201704
0.01585418
-0.0003777698
-0.001117392
0.003974328
0.004953544
0.003586881
-0.004333859
-0.01674972
-0.03036778
-0.04523645
-0.05997844
-0.07450906
-0.08784636
-0.09922234
-0.1042799
-0.09874696
-0.08532535
-0.06777794
-0.05127518
-0.03390497
-0.01652833
-0.01049654
-0.01520878
-0.02162435
-0.02368782
-0.02259817
-0.02419465
-0.03032496
-0.0391519
-0.04885475
-0.05976673
-0.07067046
-0.08057369
-0.08810705
-0.09176359
-0.09169687
-0.08339147
-0.06728543
-0.04575737
-0.01741927
0.01214623
0.04068314
0.06646132
0.08369544
0.08977705
0.08469714
0.07538343
0.0692436
0.06870108
0.06930365
0.06646302
0.06281299
0.05761418
0.05153584
0.04592609
0.03818509
0.03039933
0.02460377
0.02354319
0.02754767
0.03239954
0.03974872
0.04855703
0.05409994
0.05540578
0.0535762
0.05028989
0.04672823
0.04140366
0.03224538
0.02352979
0.01349307
0.001073805
-0.008906301
-0.01881866
-0.02425039
-0.0239519
-0.02486236
-0.03003159
-0.03848766
-0.04045032
-0.03174321
-0.01796507
-0.004900321
0.005946866
0.01697601
0.02451304
0.02394373
0.01397296
0.000134419
-0.009087402
-0.01377335
-0.009535795
0.001049636
0.007788346
0.01279994
0.01183186
0.005359478
0.002412173
-2.363878e-05
0.0008695914
0.007582822
0.01382162
0.01764362
0.01770439
0.01498174
0.01222863
0.01138812
0.01043888
0.005028035
-0.003836952
-0.01534851
-0.02653808
-0.03786094
-0.05132834
-0.0575877
-0.05600095
-0.05633434
-0.06305511
-0.07307794
-0.07634383
-0.0732391
-0.06674018
-0.05171613
-0.03202656
-0.01319942
0.004890827
0.02054294
0.02890881
0.03033895
0.03111598
0.03106124
0.02586985
0.01635234
0.004896247
-0.009492284
-0.02184382
-0.02875903
-0.0343263
-0.03604485
-0.03186132
-0.02471376
-0.01596444
-0.007038872
-0.002202597
0.000504527
0.006977196
0.01580844
0.0257191
0.03483195
0.04486056
0.0549883
0.05754272
0.05773553
0.05854933
0.05424368
0.04710465
0.03745048
0.02169462
0.0001810655
-0.02556471
-0.04348627
-0.04316974
-0.03373658
-0.02321152
-0.01441383
-0.00880621
-0.004057397
-0.002969852
-0.004877358
-0.004681665
-0.002537406
0.002096299
0.004481929
0.0018008
0.001279302
0.001664708
-3.649731e-05
-0.002330227
-0.003627848
-0.0008337722
0.001463803
-0.001306381
-0.006554365
-0.0119063
-0.01726799
-0.02159962
-0.02223507
-0.02388263
-0.02543137
-0.01804577
-0.007789919
-0.0007400457
0.004599164
0.008850011
0.01553373
0.02065956
0.01962231
0.0200141
0.02663832
0.03699998
0.04770762
0.05567701
0.06081106
0.06380329
0.06313906
0.05907517
0.05441547
0.04766001
0.03326348
0.01241938
-0.006390314
-0.02003257
-0.03457788
-0.04914035
-0.05088545
-0.0407541
-0.0309958
-0.02404821
-0.02164746
-0.02462447
-0.02692751
-0.02695571
-0.02716217
-0.02578589
-0.02424615
-0.02245117
-0.01743168
-0.01399549
-0.01104167
-0.005426333
0.001109346
0.008036498
0.0125995
0.01558465
0.01821578
0.01988278
0.02040369
0.01643872
0.008017277
-0.002484984
-0.0131211
-0.02129991
-0.02711552
-0.02805343
-0.02516921
-0.02548181
-0.02834209
-0.03190466
-0.0358091
-0.03902619
-0.04544254
-0.05411021
-0.06015601
-0.06122478
-0.05391508
-0.04127778
-0.02705213
-0.007929493
0.01544426
0.03576989
0.0458913
0.05071755
0.05776069
0.06321241
0.06498582
0.06247596
0.05787201
0.05528187
0.05198351
0.04533377
0.02986241
0.009445917
-0.006138117
-0.02459752
-0.04919672
-0.0664189
-0.06622305
-0.05276213
-0.03195809
-0.007759713
0.01274493
0.03661092
0.06524856
0.08293513
0.09327526
0.1023754
0.1063457
0.1079226
0.1062168
0.1028645
0.09900385
0.09273516
0.09061532
0.09337958
0.09790883
0.1034054
0.1064854
0.1059222
0.0994786
0.08919159
0.08103303
0.07288361
0.06068211
0.04438444
0.02742897
0.01013857
-0.01193872
-0.03756023
-0.0637273
-0.08315451
-0.08874522
-0.09067357
-0.09384718
-0.09041921
-0.08181078
-0.06977152
-0.05156411
-0.03210888
-0.01777147
-0.009966464
-0.006938941
-0.005805798
-0.01108391
-0.02477374
-0.03653648
-0.04229851
-0.04786707
-0.05709856
-0.06821756
-0.07569571
-0.07894308
-0.08243985
-0.0870347
-0.09221476
-0.09945671
-0.1078769
-0.1159206
-0.1200644
-0.1182377
-0.1143004
-0.109282
-0.1023541
-0.09036037
-0.07379126
-0.05770964
-0.03889094
-0.01711332
0.006322686
0.02525474
0.03192621
0.03898037
0.0504173
0.06229059
0.06956064
0.06124381
0.04552023
0.03021811
0.01457893
-0.008401044
-0.03770608
-0.05450867
-0.05398706
-0.05537321
-0.07882514
-0.1018649
-0.1038771
-0.1004016
-0.09755146
-0.09476812
-0.08790904
-0.07383362
-0.05379133
-0.02874358
-0.0028948
0.02414025
0.05149643
0.07879339
0.1052783
0.1210364
0.1247533
0.1254095
0.1258137
0.1278941
0.1294158
0.1242956
0.1141849
0.09743523
0.06786951
0.03112107
-0.003514545
-0.03455506
-0.05532824
-0.0694231
-0.08282151
-0.07836123
-0.05958269
-0.04031441
-0.02137755
-0.00937626
0.001440143
0.01479134
0.02650777
0.03461479
0.03692797
0.04019396
0.04429021
0.04537291
0.04393621
0.03960047
0.03788706
0.04049182
0.04209637
0.03948884
0.03076796
0.01429727
-0.008421944
-0.03435785
-0.0611055
-0.08255583
-0.09621293
-0.1039522
-0.1034406
-0.100152
-0.1008867
-0.1005772
-0.0968333
-0.08876871
-0.06899797
-0.03421058
0.005164409
0.03616803
0.06002324
0.07966623
0.09152719
0.0946943
0.09188725
0.08825583
0.08501007
0.0809612
0.07545616
0.06561038
0.05152854
0.03614448
0.02604154
0.02237007
0.01653887
0.01209834
0.01313203
0.01149245
0.0062724
0.002486468
0.002547514
0.003129807
0.001792684
0.000554407
-0.001237926
-0.005983311
-0.01504247
-0.02047438
-0.0168233
-0.01050087
-0.005184448
-0.001738064
0.001092452
0.005043758
0.009412681
0.01539343
0.02225578
0.02657793
0.02716836
0.02518063
0.02353449
0.0233533
0.02221432
0.01775391
0.01043967
0.003505482
-0.002989906
-0.01083264
-0.01766664
-0.02077854
-0.02263674
-0.02627761
-0.03030342
-0.03419179
-0.03631899
-0.03399937
-0.02977498
-0.02593252
-0.02014915
-0.01188861
-0.002207668
0.009238638
0.02035501
0.02976471
0.03313371
0.02813945
0.02147523
0.01432276
0.007788884
0.003423985
-0.0005250204
-0.002485505
-0.005456516
-0.01046309
-0.01241489
-0.01226407
-0.01690668
-0.0232459
-0.02356893
-0.0238846
-0.02855139
-0.03324696
-0.03050297
-0.01733545
-0.002126213
0.01069913
0.02238379
0.03431807
0.04450572
0.05176381
0.05624302
0.05265191
0.04643046
0.0425425
0.03504304
0.02394617
0.0132446
0.005484071
0.001911876
0.002894737
0.004354347
0.005384168
0.00969405
0.0130802
0.01013668
0.002042691
-0.006685747
-0.01368531
-0.02246256
-0.03370414
-0.03983518
-0.03975755
-0.03872046
-0.03784826
-0.03515965
-0.02781162
-0.01940969
-0.01295299
-0.005655394
0.003724741
0.01286382
0.01572672
0.01603403
0.01900672
0.01788101
0.01373434
0.01040483
0.007688962
0.009459987
0.0126441
0.01373997
0.01444978
0.01348914
0.01080882
0.005932387
-0.002374985
-0.01263305
-0.02403244
-0.03379743
-0.03836528
-0.03952727
-0.0385608
-0.03404557
-0.02711188
-0.01839476
-0.007099106
0.005739606
0.0188346
0.02973947
0.03689203
0.04082048
0.04133843
0.04155671
0.04436799
0.04835409
0.05018171
0.04714365
0.03957285
0.02834432
0.01483913
-0.0005262247
-0.01739206
-0.03265573
-0.04148544
-0.04212063
-0.04214698
-0.0440567
-0.04100897
-0.03379997
-0.02668527
-0.02160454
-0.01995227
-0.02011913
-0.01994213
-0.0185279
-0.01762989
-0.01610361
-0.01127164
-0.005837247
-0.0006919287
0.00280894
0.003871982
0.006109053
0.008494843
0.007046951
0.002289179
-0.002366739
-0.007103343
-0.01595068
-0.03067317
-0.04665067
-0.05790746
-0.06471505
-0.06870321
-0.06751912
-0.06176987
-0.05461537
-0.04575673
-0.03777158
-0.03046543
-0.01964999
-0.009205646
-0.002727558
-0.001705432
-0.004742382
-0.007260783
-0.01144681
-0.01799013
-0.02400681
-0.02807667
-0.0300966
-0.03081471
-0.02716407
-0.01575901
0.000908851
0.01780833
0.03322778
0.0431975
0.0444876
0.04292847
0.04126285
0.03759809
0.03226874
0.02755776
0.02545833
0.02544048
0.02781591
0.02926093
0.02807855
0.02765105
0.02624971
0.02010714
0.009312837
-0.0002316807
-0.005103172
-0.007168239
-0.009775299
-0.01318596
-0.01062347
-0.004752001
-0.0002193921
0.006822488
0.01527761
0.02192753
0.02488623
0.02550528
0.02458632
0.02063898
0.01615393
0.01287325
0.01211069
0.01248017
0.01044485
0.008893258
0.009956259
0.01146496
0.0111524
0.005973936
-0.003810256
-0.01526
-0.02723972
-0.03723361
-0.04340552
-0.04701885
-0.04738435
-0.04539156
-0.04328916
-0.04089627
-0.03887414
-0.03675759
-0.03383142
-0.03130351
-0.03043018
-0.03008624
-0.027765
-0.02343332
-0.01879524
-0.01423019
-0.008133705
-0.003580944
-0.004581343
-0.006830013
-0.007509671
-0.01016838
-0.01602553
-0.0230937
-0.02936719
-0.03525653
-0.04131238
-0.0455326
-0.04854427
-0.05030028
-0.04763191
-0.03871037
-0.0260824
-0.01438404
-0.003002407
0.008012374
0.01640875
0.02299916
0.03020669
0.03944748
0.04842509
0.05558128
0.06048029
0.06203073
0.06205504
0.06242803
0.06007163
0.05466239
0.0502712
0.04809102
0.04945029
0.05237694
0.05474407
0.05626153
0.05694787
0.05972247
0.06198927
0.0637855
0.06729985
0.07075952
0.07269116
0.07155992
0.0696366
0.06738951
0.06673369
0.0663443
0.06269215
0.05971678
0.05534144
0.05050268
0.04813299
0.04491738
0.04219636
0.04257628
0.0465237
0.05171633
0.0560491
0.06041308
0.06381131
0.0639417
0.06204067
0.06092636
0.06039259
0.05763896
0.05283628
0.04746528
0.04034381
0.03374048
0.02878235
0.02345857
0.01669494
0.008686782
0.002587512
-0.002018164
-0.006102858
-0.008719637
-0.01210869
-0.01633865
-0.01807915
-0.01719391
-0.01668254
-0.01658233
-0.0148755
-0.01207417
-0.01169588
-0.01438632
-0.01623817
-0.01722637
-0.01992521
-0.02419142
-0.0290548
-0.03439517
-0.0404716
-0.04656953
-0.05090449
-0.05148604
-0.04961838
-0.04881103
-0.04998083
-0.05048172
-0.04926459
-0.05034684
-0.05372832
-0.0557509
-0.05449091
-0.05128076
-0.04851779
-0.043013
-0.03415687
-0.02551409
-0.01935239
-0.01555121
-0.009637149
-0.0004097677
0.00955805
0.01969309
0.02971014
0.04005209
0.05057613
0.05858444
0.06315264
0.06478325
0.06356557
0.06116877
0.05741965
0.04888597
0.03520868
0.02229533
0.01465438
0.01152026
0.01291613
0.01829794
0.02576512
0.0339547
0.03908066
0.03779937
0.02915106
0.01408487
-0.002344966
-0.01612225
-0.02794481
-0.03822513
-0.04550856
-0.04853442
-0.04773886
-0.04653556
-0.04741232
-0.04752806
-0.04524132
-0.04398158
-0.0468308
-0.05194123
-0.05537875
-0.05744267
-0.05894229
-0.06055376
-0.06125269
-0.0562863
-0.04556148
-0.0286735
-0.007011551
0.01168477
0.02709006
0.04103748
0.0487813
0.0465361
0.0374472
0.02770713
0.01805253
0.007998491
-0.002281396
-0.01387439
-0.02529879
-0.0345063
-0.04192545
-0.04872593
-0.05158007
-0.04891846
-0.04498322
-0.04060815
-0.03661016
-0.03323171
-0.02723064
-0.02081699
-0.01598928
-0.01125953
-0.007310877
-0.002895937
0.001595376
0.00301264
0.00211811
0.001480621
0.003052408
0.005467735
0.004461584
-0.001294891
-0.01014312
-0.02009887
-0.03080325
-0.04234456
-0.05282743
-0.06037128
-0.06424451
-0.06558544
-0.06607909
-0.06630794
-0.06586307
-0.06433234
-0.06207318
-0.05737008
-0.05154132
-0.04709201
-0.04223924
-0.03734342
-0.03197096
-0.02374067
-0.01185396
0.001947766
0.01347589
0.02179096
0.02772547
0.03079324
0.03097211
0.02836249
0.0245813
0.0223557
0.02162656
0.02164538
0.02167923
0.02132129
0.02183815
0.02104676
0.01810679
0.01530454
0.01281307
0.01127989
0.009655953
0.006639813
0.002643178
-0.001949226
-0.004167915
-0.002539131
0.0009878917
0.005248156
0.0100148
0.0150353
0.02021248
0.02484057
0.02692142
0.02729652
0.02792708
0.02786288
0.02649216
0.02403231
0.02144492
0.01946233
0.01794819
0.01619109
0.01566039
0.01837313
0.02027787
0.01959967
0.01867021
0.01767196
0.01565524
0.01217041
0.008882985
0.005606014
0.003544125
0.004100908
0.003040481
-0.0007572545
-0.005843678
-0.01114737
-0.01666528
-0.02478757
-0.03359929
-0.04062805
-0.04420751
-0.04296945
-0.03815528
-0.03066453
-0.02232448
-0.01130549
0.002921871
0.01612593
0.02605158
0.03303802
0.03979442
0.04108161
0.03464483
0.02865612
0.0236381
0.01701156
0.00909237
0.001730205
-0.00157752
-0.0008199338
0.0009864349
0.004080624
0.01049941
0.01581754
0.01521027
0.0115878
0.009239245
0.008337186
0.008018234
0.008521448
0.008913121
0.008603812
0.008431534
0.00941737
0.01232951
0.01652682
0.02073692
0.02489888
0.02947294
0.03337676
0.03594937
0.03834432
0.04132546
0.04346214
0.04268454
0.03990228
0.0382312
0.03747751
0.03280221
0.02418927
0.01503634
0.003755207
-0.009917708
-0.02362204
-0.03535765
-0.04314688
-0.04709139
-0.04800852
-0.04735042
-0.04578325
-0.04202781
-0.03725325
-0.03336505
-0.03113724
-0.03079453
-0.03125427
-0.03310083
-0.03699187
-0.04288694
-0.04948421
-0.05348864
-0.05710028
-0.06146163
-0.0631287
-0.0632877
-0.06319203
-0.06286092
-0.06308274
-0.06332072
-0.06257058
-0.06131759
-0.06134097
-0.06218251
-0.06177995
-0.06102504
-0.06296127
-0.06610859
-0.0684642
-0.07046978
-0.07228788
-0.07530387
-0.07773921
-0.07724931
-0.07503519
-0.07199372
-0.06775995
-0.06148885
-0.05363194
-0.04563563
-0.03743578
-0.02820691
-0.01788891
-0.007544634
0.0001671059
0.006445467
0.01378555
0.02080256
0.02857872
0.03694586
0.04610317
0.0559456
0.06242589
0.06750866
0.0708075
0.07408432
0.08201955
0.08986789
0.09535059
0.0968862
0.09782109
0.1020862
0.1050939
0.107235
0.1073963
0.1043395
0.09982823
0.09487324
0.09133434
0.08875918
0.08696453
0.08504855
0.08324873
0.08295268
0.08280711
0.08212529
0.08169855
0.08106684
0.07893017
0.07443996
0.0664193
0.05553801
0.0430838
0.02842044
0.01309754
0.0003647209
-0.01036749
-0.02106574
-0.0310155
-0.03914672
-0.0450774
-0.05039544
-0.05567946
-0.05775643
-0.0571258
-0.05412594
-0.04683611
-0.03813079
-0.02700926
-0.01398792
-0.003207134
0.00725566
0.01511463
0.01955981
0.02262084
0.02417313
0.0225886
0.01422609
0.004390895
-0.005596526
-0.0179127
-0.02827301
-0.03620623
-0.04048919
-0.04145687
-0.0419382
-0.04065858
-0.03716198
-0.03208391
-0.02494186
-0.01587756
-0.004407575
0.008776013
0.02114244
0.03169985
0.03915434
0.042103
0.04234584
0.04272666
0.04310997
0.04340539
0.04409604
0.04321081
0.03959167
0.03465212
0.02849333
0.01898628
0.007339979
-0.004711207
-0.01699664
-0.02750151
-0.03456819
-0.03749711
-0.03879142
-0.04007667
-0.0383153
-0.03270284
-0.02520818
-0.01704058
-0.007683246
0.001350225
0.006731217
0.008528574
0.007650573
0.004752647
0.0005302538
-0.004415426
-0.006865759
-0.004455022
0.001696223
0.009429589
0.01755196
0.02500825
0.03036897
0.03512689
0.03910759
0.03848574
0.03475091
0.0310239
0.02629356
0.02094422
0.01569369
0.01066689
0.007392184
0.004508975
-0.00022418
-0.00555748
-0.009918742
-0.01317937
-0.01631583
-0.02070347
-0.02603816
-0.03151069
-0.03776422
-0.04436186
-0.04978634
-0.0541651
-0.05735803
-0.05827069
-0.05694604
-0.053988
-0.05108773
-0.05047154
-0.05112647
-0.05113602
-0.05039151
-0.04951219
-0.04923969
-0.04919321
-0.04950724
-0.05083824
-0.05265896
-0.05310987
-0.0517883
-0.04922014
-0.04374445
-0.03723047
-0.03087131
-0.02288429
-0.01475468
-0.00690044
-0.000394968
0.004208687
0.008889081
0.0135438
0.01779502
0.0212302
0.02442932
0.02803793
0.03033869
0.02962877
0.0260374
0.02061947
0.01380195
0.005775103
-0.002525541
-0.009478625
-0.01449097
-0.01683415
-0.01590868
-0.01292226
-0.009965815
-0.008262391
-0.006652242
-0.004670114
-0.002993892
-0.002454283
-0.002583792
-0.001560912
-0.0009308016
-0.0005885029
0.001239445
0.002629519
0.004168028
0.007301363
0.01100584
0.01451046
0.01778638
0.02235998
0.02793205
0.03262964
0.035732
0.03786801
0.04059318
0.04387749
0.04740225
0.05038453
0.05317328
0.05578253
0.05647025
0.05731381
0.05781364
0.05680666
0.057268
0.05936469
0.06127706
0.06096223
0.05918183
0.05663996
0.05215769
0.04681008
0.04080571
0.03466815
0.02879503
0.02309856
0.01790071
0.01333307
0.01083242
0.008843741
0.006118865
0.00412421
0.003237923
0.003825949
0.003833778
0.002065391
7.261176e-05
-0.001740824
-0.004190577
-0.008162391
-0.01154461
-0.01255764
-0.0125643
-0.01348253
-0.0155399
-0.01652479
-0.01590501
-0.01509879
-0.01549287
-0.01720913
-0.01868509
-0.01905846
-0.01891265
-0.01968724
-0.02104758
-0.02314782
-0.02670932
-0.03003402
-0.03291726
-0.03463254
-0.03452359
-0.03278126
-0.02881134
-0.02493232
-0.02233643
-0.02033368
-0.01833904
-0.016848
-0.01696576
-0.01628871
-0.01440137
-0.01280222
-0.0112668
-0.009397425
-0.006761928
-0.005011648
-0.003783801
-0.001227997
0.001339819
0.003105884
0.004624866
0.006902977
0.009583186
0.0119078
0.01416338
0.01599588
0.01806581
0.01940142
0.01876637
0.01772975
0.01698787
0.01683892
0.01632688
0.01405366
0.01110613
0.008855512
0.008256456
0.009589368
0.01295936
0.01835122
0.02405937
0.02920147
0.03307889
0.03422886
0.03386138
0.0329468
0.03039718
0.02688879
0.02320563
0.01878632
0.01428534
0.01059186
0.006949725
0.003767866
0.002543212
0.001134463
-0.001001982
-0.001049135
-0.0004231402
-0.001326096
-0.002661279
-0.003111514
-0.003205759
-0.002782829
-0.001421011
-0.0009942549
-0.001759735
-0.003878355
-0.007583245
-0.01213636
-0.01886478
-0.02679779
-0.03294253
-0.03716545
-0.04098593
-0.04419187
-0.04603132
-0.04658256
-0.04597841
-0.04571259
-0.04613516
-0.04655191
-0.04717754
-0.04754198
-0.04684753
-0.04557062
-0.04413112
-0.04176244
-0.03860467
-0.03531632
-0.03224664
-0.0291838
-0.02580663
-0.02208715
-0.01965131
-0.01934775
-0.01993697
-0.02182602
-0.02317068
-0.02364317
-0.02485438
-0.02504777
-0.02312303
-0.01954459
-0.0164181
-0.01357073
-0.01014131
-0.006718546
-0.003018834
-0.0003744401
0.001525806
0.003417211
0.004564702
0.004709204
0.003364719
0.0001645118
-0.005503886
-0.01250119
-0.01843782
-0.0226582
-0.02620228
-0.02849387
-0.02698525
-0.02289314
-0.01824014
-0.01223029
-0.006342534
-0.001964451
0.002144063
0.005201831
0.00627534
0.00620968
0.006019994
0.006161792
0.0059298
0.005149661
0.003530442
0.001798508
0.0005260628
-0.001893992
-0.004110699
-0.005356307
-0.007762484
-0.01123955
-0.01458092
-0.01660304
-0.0178725
-0.01964622
-0.0215464
-0.0227824
-0.02259247
-0.02231009
-0.0223248
-0.02153611
-0.02054322
-0.01911555
-0.01736927
-0.01690866
-0.01774633
-0.0185591
-0.01946316
-0.02184553
-0.02600367
-0.0309165
-0.03472506
-0.03639756
-0.03838943
-0.04105025
-0.04193734
-0.04123722
-0.03914529
-0.03646642
-0.03206164
-0.02398746
-0.01479851
-0.005908701
0.002069978
0.008525678
0.01391766
0.01778706
0.02089475
0.02367522
0.02568614
0.02754337
0.02912103
0.03056165
0.03285978
0.03404896
0.0328063
0.03140362
0.03015754
0.02879407
0.02748379
0.02688387
0.0284993
0.03100896
0.03400706
0.03738077
0.04017693
0.0433411
0.04569318
0.04640448
0.04650704
0.04513664
0.04255731
0.03944729
0.03356131
0.02583795
0.01916666
0.01297613
0.007836719
0.003707404
-4.481852e-05
-0.002161099
-0.00379587
-0.005856804
-0.006637831
-0.005643966
-0.003346389
0.0004113743
0.004753095
0.008688824
0.01248022
0.01586478
0.01825809
0.01979042
0.02017552
0.01933002
0.01937875
0.02127597
0.02318201
0.02472535
0.02618437
0.02791647
0.03016293
0.03096105
0.03077186
0.03149648
0.03240491
0.03304523
0.03394606
0.03521069
0.0369482
0.03906923
0.04082057
0.04288566
0.04479899
0.04434359
0.04277395
0.04112011
0.03785142
0.03379026
0.03002461
0.02654489
0.02389539
0.0221734
0.0219505
0.0222709
0.02227429
0.02325152
0.02515681
0.02723223
0.02890093
0.03054615
0.03226333
0.03294749
0.0320884
0.03015968
0.02831596
0.02666295
0.02512721
0.02374861
0.02214727
0.01990172
0.01697065
0.01424495
0.01124836
0.00699185
0.00260119
-0.0009289982
-0.004808397
-0.00958496
-0.014658
-0.01876365
-0.02002823
-0.01929149
-0.01755948
-0.01428259
-0.009984577
-0.005377913
-0.001039794
0.001735858
0.002631708
0.002619633
0.001021307
-0.002631934
-0.00729599
-0.01260737
-0.01789158
-0.02313935
-0.0289154
-0.03383317
-0.03678002
-0.039079
-0.04118053
-0.04169793
-0.04140134
-0.0421896
-0.04347321
-0.04374442
-0.04224154
-0.03866507
-0.0343714
-0.0295315
-0.02402656
-0.01913517
-0.01411056
-0.009233138
-0.004474947
0.0006231437
0.005183809
0.008290242
0.00900809
0.008362441
0.006776133
0.004042454
0.0004431025
-0.003086706
-0.006152552
-0.009732395
-0.01335856
-0.01662502
-0.01928376
-0.02061878
-0.02016322
-0.01828793
-0.01596045
-0.01300394
-0.009335175
-0.005926564
-0.003478372
-0.001837124
0.000242178
0.004556553
0.01054956
0.01562921
0.01953021
0.02406946
0.02907091
0.03260636
0.03366982
0.03253211
0.03018033
0.02735113
0.02352586
0.01885634
0.01570206
0.01377661
0.01197052
0.01101144
0.009360725
0.008269799
0.008706232
0.008916413
0.0100685
0.0108683
0.01085055
0.01203473
0.01401079
0.01604209
0.01719828
0.01762156
0.01712217
0.01507369
0.0119653
0.008024924
0.004909092
0.003117755
0.001633312
0.0007210791
0.0001466296
-0.0004833871
-0.001628929
-0.003499775
-0.006565917
-0.01111174
-0.0161433
-0.0221377
-0.02842179
-0.03424607
-0.04030034
-0.0444183
-0.04527425
-0.04425059
-0.04227328
-0.03976206
-0.03710214
-0.0344108
-0.03145162
-0.02802271
-0.02431573
-0.02087513
-0.01783233
-0.01456315
-0.01154554
-0.009159203
-0.00676161
-0.005138097
-0.003574906
-0.002003843
-0.001855339
-0.001696825
-0.0009135632
0.0004257599
0.002491838
0.004550291
0.005457872
0.005472729
0.005883394
0.005903832
0.00579355
0.006941968
0.00986074
0.01359972
0.01667219
0.01960486
0.02254327
0.02481055
0.02642458
0.02793125
0.02883686
0.02885109
0.02921636
0.0285205
0.02629401
0.0242756
0.02135486
0.01680282
0.01111274
0.005179433
-9.450559e-05
-0.004853618
-0.009266787
-0.01223702
-0.01292889
-0.0135495
-0.01445588
-0.01517734
-0.01604963
-0.01609491
-0.01655189
-0.01740971
-0.0178907
-0.01885761
-0.02025685
-0.02240222
-0.02452013
-0.02560645
-0.02600804
-0.02570596
-0.02463873
-0.02320947
-0.02202125
-0.02126557
-0.02161032
-0.0226778
-0.02315236
-0.02389762
-0.02502133
-0.02583333
-0.02675569
-0.02752782
-0.02785403
-0.02789982
-0.02770579
-0.0268498
-0.02580806
-0.02504032
-0.02473483
-0.02502827
-0.02446102
-0.02355299
-0.02262712
-0.02162674
-0.02086479
-0.01914088
-0.01651171
-0.01321152
-0.01094827
-0.009404721
-0.006670774
-0.004338779
-0.003550621
-0.003882636
-0.003991175
-0.004095497
-0.004730484
-0.005496351
-0.006391591
-0.006477353
-0.005399218
-0.003263617
-0.001165849
0.0005869442
0.002754731
0.004856968
0.007103717
0.009655172
0.01296895
0.01719313
0.02159363
0.02572857
0.0294002
0.03347505
0.0368972
0.03896408
0.04126015
0.04323937
0.04465875
0.04470873
0.04298755
0.04175108
0.04021837
0.03726707
0.033953
0.03047566
0.0261473
0.02244449
0.02096048
0.02040095
0.02143022
0.02288711
0.0237814
0.02625628
0.02839495
0.02964367
0.03105483
0.03217857
0.03285868
0.03257805
0.03233599
0.03236826
0.03211863
0.0311039
0.02872038
0.02609743
0.02354761
0.02015717
0.01533016
0.009629675
0.003923457
-0.001803037
-0.00665177
-0.01063972
-0.01386925
-0.01563257
-0.01723289
-0.0188705
-0.01916219
-0.01828914
-0.01685583
-0.01514447
-0.01398056
-0.01296506
-0.01192422
-0.01191752
-0.01187259
-0.01114539
-0.01049896
-0.01027869
-0.01050256
-0.01067381
-0.01102518
-0.011572
-0.01203779
-0.01216786
-0.01231195
-0.01372295
-0.01620252
-0.01928752
-0.02290201
-0.0270153
-0.03107885
-0.03421949
-0.03705335
-0.03954465
-0.04152054
-0.04313054
-0.04398293
-0.04477259
-0.04590662
-0.04709282
-0.04779605
-0.04755581
-0.04708358
-0.04690998
-0.04649172
-0.04559215
-0.04426476
-0.04233355
-0.04013481
-0.03790416
-0.03586565
-0.03347108
-0.03036676
-0.02729946
-0.02405968
-0.02075139
-0.01730051
-0.01393499
-0.01129742
-0.009053405
-0.007460859
-0.006038347
-0.004083722
-0.002273165
-0.0009114704
0.0004175338
0.001562882
0.002135657
0.002332018
0.002308804
0.002493166
0.003233988
0.003894285
0.005077829
0.008805294
0.01446269
0.02021793
0.02623191
0.03228856
0.03785028
0.0421378
0.04466712
0.04671603
0.04850292
0.04958067
0.04942045
0.04765682
0.04506912
0.04282692
0.04167283
0.04087246
0.03977411
0.0390007
0.03891017
0.03843219
0.03745623
0.03626227
0.03456798
0.03329392
0.03263755
0.03222601
0.03208202
0.03251317
0.03324694
0.03396016
0.03468914
0.03408475
0.03162591
0.02813549
0.02422661
0.02015943
0.01619007
0.01324952
0.01153771
0.009722787
0.007175017
0.004219233
0.0008142756
-0.002581717
-0.006237943
-0.01087075
-0.01580635
-0.02050602
-0.02495558
-0.02891144
-0.03181272
-0.03419945
-0.03595374
-0.03597232
-0.03526612
-0.03414816
-0.0328945
-0.0319148
-0.03078474
-0.0308687
-0.03216851
-0.03386412
-0.03580697
-0.03763669
-0.03944543
-0.04081716
-0.04210253
-0.04332256
-0.0439052
-0.04437889
-0.04495042
-0.0461707
-0.04764596
-0.04817162
-0.04873535
-0.049055
-0.04883434
-0.04858017
-0.04702063
-0.04505697
-0.04288815
-0.04008952
-0.03686633
-0.0318134
-0.02551642
-0.01772975
-0.008363495
0.001176904
0.01126566
0.02073209
0.02851662
0.03544345
0.04200565
0.04867605
0.0547581
0.05874608
0.06085149
0.06252414
0.06393537
0.06489141
0.06455207
0.06313728
0.06239758
0.06100289
0.05928096
0.05733031
0.05347259
0.04925835
0.04490722
0.03963973
0.03430738
0.02946321
0.02465846
0.02030673
0.01689659
0.01399184
0.01099291
0.007604497
0.004723613
0.002508862
0.001030391
0.0007273854
0.001280529
0.001879804
0.001660665
0.0006125988
-0.0007370663
-0.002155808
-0.004122636
-0.006543077
-0.008731735
-0.01025967
-0.01139826
-0.01209029
-0.01168241
-0.01076995
-0.008816929
-0.006093342
-0.004388093
-0.002525505
0.0001179491
0.003159615
0.007016518
0.009850158
0.01184152
0.01395162
0.01459697
0.01419141
0.0126301
0.01063881
0.008558724
0.005922485
0.004091387
0.00249269
0.002016689
0.002406574
0.002374046
0.001849741
0.0003299856
-0.0004035812
-0.001311544
-0.003108882
-0.003874631
-0.004421792
-0.004537668
-0.003712799
-0.00274798
-0.001482589
-0.0001670668
0.0009943791
0.002246827
0.003597505
0.005430856
0.007769832
0.009980058
0.01206955
0.01418379
0.01622374
0.01816706
0.01956533
0.02076916
0.02168966
0.02176361
0.02203619
0.02222106
0.02151992
0.02071139
0.0196773
0.01865216
0.01821162
0.01739772
0.0158543
0.01387247
0.01152047
0.008520189
0.004776126
0.001156572
-0.001712274
-0.003431141
-0.004349147
-0.004978789
-0.004871443
-0.003891193
-0.002401315
-0.001218883
-0.001003217
-0.00121521
-0.0008756817
-0.0008556585
-0.002302436
-0.004589303
-0.007228203
-0.009102076
-0.01036752
-0.01222221
-0.01385924
-0.01456538
-0.01417348
-0.01345013
-0.01256246
-0.01100342
-0.009654791
-0.009085893
-0.009504658
-0.01010618
-0.01020592
-0.01063378
-0.01136718
-0.01293721
-0.01554527
-0.0174252
-0.01926371
-0.02185796
-0.0239652
-0.02575474
-0.02697498
-0.02812679
-0.03013229
-0.03192793
-0.03302856
-0.03373561
-0.03466892
-0.03549132
-0.03592446
-0.03639722
-0.03632303
-0.03602299
-0.03597293
-0.03614994
-0.03650947
-0.03649371
-0.03620462
-0.03583425
-0.03563903
-0.03551695
-0.03510143
-0.0345522
-0.0334272
-0.03206942
-0.0308364
-0.02929959
-0.02767034
-0.02577719
-0.023658
-0.02142806
-0.01875653
-0.01587313
-0.01322064
-0.01118253
-0.009399238
-0.007703346
-0.00641834
-0.005110219
-0.004144
-0.003932303
-0.00367347
-0.002984668
-0.002472727
-0.00215114
-0.00187931
-0.002171637
-0.002484024
-0.003227657
-0.004567494
-0.005531563
-0.006594357
-0.007002427
-0.006298529
-0.004842572
-0.002419686
0.0007582869
0.004485705
0.007548168
0.01001478
0.01237885
0.0144991
0.01686698
0.01908103
0.02098561
0.02210718
0.02233117
0.02222085
0.02196733
0.02134916
0.01962034
0.01757662
0.01565505
0.01330525
0.01062767
0.007467755
0.003960382
0.0009489601
-0.001652115
-0.004485813
-0.006895765
-0.008347045
-0.009076746
-0.009413451
-0.00919249
-0.008291052
-0.006184256
-0.002634957
0.0008895499
0.004680995
0.007981061
0.009907269
0.01156917
0.0123749
0.01305993
0.01402589
0.01477439
0.01620606
0.01837312
0.02057215
0.02249259
0.02420558
0.02580278
0.0277962
0.03003705
0.03190107
0.03323621
0.03415888
0.03510578
0.03612716
0.03701456
0.03743555
0.03764062
0.03803032
0.03821406
0.03800174
0.037828
0.0380167
0.03835519
0.03901757
0.03956899
0.03976173
0.04031089
0.04077071
0.0405323
0.03992147
0.03934794
0.0379572
0.0360139
0.03379106
0.03060014
0.02800033
0.02558112
0.02263144
0.01990003
0.01703902
0.01461461
0.01256955
0.01047425
0.008215015
0.006015574
0.004323789
0.002720915
0.001350759
0.0001688983
-0.0008505373
-0.001216944
-0.001409671
-0.002400345
-0.003912493
-0.005260433
-0.006953553
-0.009020934
-0.01079892
-0.01193075
-0.01238605
-0.01241686
-0.0122355
-0.01148463
-0.01035973
-0.009530767
-0.008469101
-0.007301054
-0.006441341
-0.005596438
-0.004550441
-0.003255985
-0.002071723
-0.0006316817
0.001401833
0.003472117
0.005106128
0.006076362
0.006213575
0.005828826
0.005777599
0.006433385
0.007641947
0.009242241
0.01120175
0.01342629
0.01538214
0.01652659
0.01710655
0.01784128
0.01854442
0.01854062
0.01813332
0.0177277
0.0172445
0.01629361
0.01432826
0.01206074
0.009982933
0.007035861
0.003618348
0.001147089
-0.001130671
-0.004213476
-0.006875031
-0.008705393
-0.01087571
-0.01338369
-0.01648381
-0.01983309
-0.02194569
-0.02353895
-0.02490153
-0.02531378
-0.02531097
-0.02516121
-0.02480054
-0.02418427
-0.02355538
-0.02271257
-0.02145302
-0.02029203
-0.01892693
-0.01731071
-0.0155465
-0.01355233
-0.01231155
-0.01216621
-0.01226903
-0.01257229
-0.0133463
-0.01458554
-0.01649123
-0.01862725
-0.02078809
-0.02279462
-0.02436982
-0.02573358
-0.02661408
-0.02730714
-0.0277451
-0.02810045
-0.02906312
-0.02957747
-0.02963892
-0.02967835
-0.02911459
-0.02843744
-0.02789454
-0.02747731
-0.02716671
-0.02648099
-0.02613712
-0.02653733
-0.02755049
-0.02878586
-0.02949131
-0.03037219
-0.0313703
-0.03221235
-0.03257756
-0.03178226
-0.03083052
-0.02981549
-0.0283272
-0.0263882
-0.02398487
-0.02192679
-0.02004779
-0.01779266
-0.0155606
-0.0131383
-0.01030046
-0.007793124
-0.005461157
-0.003168979
-0.00175589
-0.0008394196
-4.263894e-05
0.000403081
0.0003606664
8.225385e-05
0.0005526936
0.001469895
0.002473706
0.003804482
0.005130392
0.006700174
0.008681355
0.01046846
0.01163005
0.0129433
0.01426568
0.01432734
0.01412736
0.01397314
0.01303599
0.01250562
0.01203232
0.01081196
0.009595429
0.007871492
0.006084998
0.004554286
0.002655596
0.001034092
-0.0004277688
-0.001799696
-0.003337946
-0.005173358
-0.007065433
-0.009642046
-0.01222295
-0.01439264
-0.01560871
-0.01533822
-0.01425769
-0.0117951
-0.008744625
-0.006290349
-0.003927903
-0.001635168
0.000563219
0.002221406
0.003104371
0.003622841
0.003532313
0.003029067
0.002678936
0.002236568
0.001842814
0.001975808
0.00260599
0.003430108
0.004123569
0.004887026
0.005552858
0.005923475
0.006063405
0.00568547
0.005246795
0.005170337
0.005572533
0.006199113
0.006514004
0.007060734
0.008167213
0.009442763
0.01020904
0.01029068
0.01042061
0.0101984
0.009215091
0.007879526
0.00587329
0.004016955
0.003053103
0.002051989
0.00121417
0.001068429
0.001468068
0.001905929
0.001994516
0.001901662
0.00116455
0.0002159968
-0.0004498437
-0.001087766
-0.000381398
0.001645933
0.003607251
0.006192417
0.009120075
0.01123823
0.01328965
0.01493837
0.0156334
0.01654571
0.01740713
0.01730793
0.01692368
0.0166789
0.01637748
0.01619324
0.01614514
0.01607162
0.01634291
0.01710786
0.01767903
0.01799027
0.01785709
0.01708605
0.01620136
0.01514294
0.0139219
0.01228932
0.01075959
0.009788692
0.008524536
0.007242094
0.005756838
0.004359663
0.003277762
0.001523325
-0.0002396055
-0.002498917
-0.005100185
-0.007143752
-0.009500663
-0.01166042
-0.01397736
-0.01611752
-0.01772742
-0.02006754
-0.02223717
-0.02431889
-0.02652962
-0.0284148
-0.03004955
-0.03132897
-0.03257814
-0.03309505
-0.03310676
-0.03326804
-0.03333173
-0.03349816
-0.03355863
-0.03345658
-0.03366802
-0.03397394
-0.03401132
-0.03434263
-0.03415086
-0.03257366
-0.03100287
-0.03012416
-0.02911677
-0.02755786
-0.02552867
-0.0230339
-0.02098214
-0.01941482
-0.01798521
-0.01675769
-0.01531699
-0.01367022
-0.01107897
-0.007988282
-0.004923565
-0.00189183
0.0001235219
0.001406838
0.002054909
0.002214107
0.002263175
0.002404127
0.002624169
0.002579957
0.003285638
0.00433966
0.005380655
0.007386829
0.009193737
0.01122043
0.01457438
0.01739362
0.01921908
0.02126887
0.02295606
0.0241624
0.02567779
0.02654811
0.02801474
0.03085817
0.03220203
0.03303421
0.0346633
0.03548233
0.03635209
0.03726595
0.03775483
0.03864307
0.03918975
0.04011109
0.04108578
0.04121584
0.04175445
0.04207041
0.04239215
0.04295246
0.04300667
0.04298975
0.04263204
0.04222718
0.04174913
0.04048212
0.03897347
0.03764905
0.03663238
0.03557948
0.03407501
0.03257591
0.03074504
0.028288
0.02546181
0.0226979
0.02026075
0.01788746
0.016397
0.01556028
0.01486548
0.01458126
0.01423441
0.01402257
0.01357439
0.01255449
0.01128339
0.009755898
0.008263997
0.00688835
0.005736288
0.004646453
0.00343741
0.002463672
0.001461505
0.0002335988
-0.001150779
-0.003133363
-0.004955268
-0.006206457
-0.007685441
-0.00869275
-0.009188067
-0.009748952
-0.00982653
-0.009814537
-0.01028837
-0.01121657
-0.01248876
-0.01358384
-0.01434076
-0.01475568
-0.01529346
-0.01556435
-0.01415128
-0.0121983
-0.01013884
-0.007406573
-0.004980362
-0.002746422
-0.0005261224
0.00122177
0.002286211
0.003012258
0.003191346
0.002586388
0.001918733
0.001039079
0.0003010004
0.0001858047
0.0003921889
0.001099343
0.002286087
0.003588046
0.005081168
0.006761765
0.008014426
0.008589159
0.009030536
0.009540754
0.009628041
0.0100391
0.01051583
0.01015665
0.01028584
0.01057407
0.01077117
0.0118239
0.01308723
0.01408986
0.01502589
0.01603661
0.01682571
0.01729945
0.01756766
0.01802193
0.01876562
0.01898995
0.01880698
0.01873134
0.01879393
0.01887591
0.0189017
0.01881614
0.01870783
0.01855215
0.01777671
0.01674973
0.01567429
0.0143704
0.0131285
0.01143114
0.00949448
0.007637851
0.005545004
0.00333192
0.001352291
-0.0003087744
-0.00204244
-0.003448909
-0.004698627
-0.006123075
-0.007529586
-0.009189771
-0.01071249
-0.0118968
-0.01281451
-0.01348153
-0.01406707
-0.01467201
-0.01534155
-0.01578296
-0.01641125
-0.01773721
-0.01907517
-0.02016102
-0.02096492
-0.02101169
-0.02090866
-0.02099772
-0.0205243
-0.01980044
-0.01964522
-0.01953916
-0.01949706
-0.0199833
-0.0197256
-0.0191672
-0.01890834
-0.01802009
-0.01746399
-0.01708222
-0.01633394
-0.01573542
-0.01520733
-0.01431239
-0.01307277
-0.0123906
-0.01170098
-0.0111435
-0.01092808
-0.01021993
-0.01014922
-0.01085486
-0.01166827
-0.01261719
-0.01351333
-0.01469568
-0.01607118
-0.01763137
-0.01930001
-0.02079934
-0.02244186
-0.02379821
-0.02506467
-0.0264449
-0.02746361
-0.02838855
-0.02924405
-0.02971882
-0.0295943
-0.02943019
-0.02952478
-0.02968408
-0.02994938
-0.02984071
-0.02968545
-0.02985419
-0.02985853
-0.02964346
-0.02895104
-0.02777278
-0.02676644
-0.02593743
-0.02505818
-0.02442415
-0.02435248
-0.02473364
-0.02515423
-0.02536097
-0.02537384
-0.02565938
-0.02614028
-0.02612641
-0.02596022
-0.02549664
-0.02448122
-0.02372236
-0.02281864
-0.02157888
-0.02039508
-0.01909448
-0.01802318
-0.01709815
-0.01610963
-0.01501281
-0.01405287
-0.01330984
-0.01198241
-0.01027188
-0.008274845
-0.006164
-0.004390746
-0.002715637
-0.001290973
-0.0005021533
-0.0006485711
-0.0006876135
-0.00063786
-0.0007376687
-0.0003428989
-0.000722569
-0.001109091
-0.001143362
-0.001670278
-0.001744312
-0.001585924
-0.0009946965
0.0001542813
0.001174156
0.001996578
0.002577782
0.003272068
0.004026792
0.004460057
0.004679419
0.00471484
0.004515252
0.003955806
0.002924411
0.001742694
0.0003053972
-0.00104554
-0.00203412
-0.003289338
-0.004451199
-0.005198701
-0.005788981
-0.00658765
-0.007405403
-0.008141359
-0.008977131
-0.009852327
-0.01098943
-0.01188604
-0.01244448
-0.01267006
-0.01268149
-0.01234215
-0.01132725
-0.01065353
-0.01014688
-0.009685837
-0.00943933
-0.009137818
-0.009141455
-0.009046632
-0.009056424
-0.009166837
-0.00915151
-0.009468585
-0.009483894
-0.009290437
-0.009259314
-0.009403426
-0.009669924
-0.009916862
-0.01045605
-0.01064337
-0.0108483
-0.01135862
-0.01140924
-0.01123339
-0.01080431
-0.0101915
-0.009078773
-0.007263809
-0.005123128
-0.002861631
-0.001126243
0.000507121
0.002293494
0.003336605
0.004071638
0.005285917
0.006584179
0.007866398
0.009574228
0.01098656
0.01209622
0.01374227
0.01485577
0.01535466
0.01635503
0.01720027
0.01764801
0.01846665
0.01903264
0.01887749
0.01893816
0.0189445
0.01860273
0.01872282
0.01892035
0.01900164
0.01959259
0.02063888
0.02171678
0.0227499
0.02349765
0.02394863
0.02489853
0.02558109
0.02621874
0.02771481
0.02898404
0.03026835
0.03150604
0.03223153
0.03274071
0.03314663
0.03323007
0.03253804
0.03175624
0.03076064
0.02937163
0.02808167
0.02682519
0.02560858
0.02435022
0.02335004
0.02260427
0.02222359
0.02199321
0.02158961
0.02157476
0.02161764
0.02122795
0.02047997
0.01996328
0.01956319
0.01906992
0.01889399
0.01843151
0.01788167
0.01758588
0.0170856
0.0162535
0.01522943
0.01393346
0.0120042
0.01007813
0.008397274
0.006500454
0.004900653
0.004191706
0.003907939
0.003565207
0.003556759
0.003668525
0.003847766
0.004280809
0.004113489
0.003656472
0.003675023
0.003540823
0.003291104
0.003060519
0.002142604
0.000896767
-0.00015184
-0.001285878
-0.00256915
-0.003294884
-0.003813527
-0.004432053
-0.004355697
-0.00444052
-0.004340137
-0.003738816
-0.003481008
-0.003242252
-0.003250501
-0.003247095
-0.003237214
-0.003293005
-0.003297407
-0.003272987
-0.002825125
-0.002696432
-0.002725446
-0.002693582
-0.003202734
-0.003649496
-0.004149827
-0.005051046
-0.005675734
-0.005720233
-0.005532994
-0.005121382
-0.004370233
-0.003675105
-0.003028629
-0.00238272
-0.002218199
-0.002382447
-0.002361687
-0.002472679
-0.002605239
-0.002490068
-0.00216275
-0.001392545
-0.0005453593
0.0001875535
0.0008912686
0.001833563
0.002962629
0.003891461
0.004758595
0.005477476
0.006461189
0.007685219
0.008731634
0.009956115
0.01144566
0.01318108
0.01473685
0.01592381
0.01693835
0.0176696
0.01796394
0.01776492
0.01740081
0.01694418
0.01625313
0.01555175
0.01517796
0.0148481
0.01455605
0.01454149
0.01447046
0.01475596
0.01521924
0.01535473
0.01576227
0.01623136
0.01638805
0.01671268
0.01689964
0.01678213
0.01714113
0.01757524
0.0176485
0.01783506
0.01798665
0.01776597
0.01720896
0.01638675
0.01507021
0.01385945
0.01314392
0.01190812
0.01060223
0.00970455
0.008561287
0.007428794
0.006292665
0.005023608
0.003813745
0.002730541
0.001212946
-0.0007320123
-0.002183697
-0.003750789
-0.005250098
-0.006340051
-0.007757384
-0.008832776
-0.009666192
-0.01063987
-0.01121073
-0.01173298
-0.01214231
-0.01221749
-0.01226552
-0.01194049
-0.01123885
-0.01037873
-0.0094137
-0.00817931
-0.00688136
-0.006140359
-0.005396954
-0.004648675
-0.004028967
-0.003207416
-0.002614927
-0.002124755
-0.001491375
-0.001104995
-0.00105186
-0.000999638
-0.001009913
-0.001039612
-0.0009299892
-0.0009491612
-0.0009585442
-0.000852523
-0.0008848942
-0.0008059387
-0.000376222
0.0001530774
0.0007491066
0.001270925
0.001548284
0.001762996
0.001765108
0.001438782
0.0009121597
0.0002772429
-0.0003073135
-0.000736473
-0.001026967
-0.001266688
-0.001251564
-0.0007734697
-0.0002913465
0.0001172944
0.001044619
0.002249202
0.003549451
0.005176623
0.006450932
0.00724542
0.008135558
0.008425294
0.007748798
0.006923148
0.005954335
0.004782891
0.003994355
0.003468463
0.002873779
0.002842152
0.002904815
0.002757094
0.003462241
0.003993365
0.004147904
0.0047257
0.004804645
0.00444182
0.004195104
0.004029282
0.00391122
0.00374828
0.003490881
0.003334351
0.003237948
0.002970181
0.002752588
0.00256023
0.001937777
0.001117709
0.0006861002
6.023033e-06
-0.0009512635
-0.001807209
-0.002894126
-0.003716329
-0.004185396
-0.004402242
-0.004255297
-0.003794259
-0.003279114
-0.0032736
-0.003692993
-0.004302557
-0.004992932
-0.00587671
-0.006788176
-0.007280092
-0.007492375
-0.007665094
-0.007928879
-0.008333855
-0.009025816
-0.009959709
-0.01107909
-0.01209226
-0.01278263
-0.01387449
-0.01511422
-0.01609474
-0.01703874
-0.01765207
-0.0178667
-0.01778705
-0.01748148
-0.01677383
-0.01599903
-0.01553262
-0.01486162
-0.01431206
-0.01395759
-0.01331943
-0.01285405
-0.01250779
-0.01242742
-0.01264354
-0.01275805
-0.01292894
-0.01288269
-0.01275025
-0.01220195
-0.01134894
-0.01058746
-0.00940743
-0.008344774
-0.007139375
-0.005395374
-0.003733795
-0.002303217
-0.000808077
0.0003950902
0.001048688
0.001938178
0.002391673
0.002295905
0.002576648
0.002595136
0.002200492
0.001982998
0.001620896
0.0009448241
0.0007121318
0.0004220899
1.674017e-05
0.000213729
0.0002452705
0.0003610888
0.0009659955
0.001475809
0.001858544
0.002546868
0.003423638
0.00400047
0.004523227
0.004711803
0.004587934
0.004459539
0.003997845
0.003629552
0.003371204
0.003096397
0.003061607
0.003125205
0.0030239
0.002836454
0.002959631
0.003018972
0.002989365
0.00320803
0.003522237
0.004090551
0.004882072
0.00568815
0.005633357
0.006112059
0.006469347
0.007014957
0.007569425
0.007778594
0.00808984
0.008412626
0.008273449
0.00789236
0.007144853
0.006133793
0.005146637
0.003869427
0.002310133
0.001025352
0.0001285452
-0.001044323
-0.002233026
-0.003431113
-0.004759395
-0.005570575
-0.00661444
-0.007626182
-0.008043201
-0.008509324
-0.008980096
-0.009530202
-0.01020878
-0.01139854
-0.01282714
-0.01396807
-0.0153789
-0.01661142
-0.01767723
-0.01876467
-0.01964709
-0.02071464
-0.02152117
-0.02186633
-0.02185718
-0.0214836
-0.02078894
-0.02014895
-0.01978274
-0.01922662
-0.01893205
-0.01886695
-0.01877767
-0.01890306
-0.01922531
-0.01962533
-0.0200236
-0.02088037
-0.02183126
-0.02266052
-0.02347505
-0.02396524
-0.02452265
-0.0251047
-0.02539679
-0.02567298
-0.02609139
-0.02627819
-0.02640302
-0.02655086
-0.02608382
-0.02563001
-0.0254583
-0.0250488
-0.02454606
-0.0240958
-0.02380302
-0.02353514
-0.02332268
-0.02273545
-0.0217714
-0.0210127
-0.01980746
-0.01834719
-0.01699254
-0.01556231
-0.01448726
-0.01353117
-0.0123834
-0.0112127
-0.01017305
-0.009182208
-0.008137317
-0.00692713
-0.005707735
-0.004851287
-0.003949651
-0.002869808
-0.002026377
-0.001430814
-0.0008756355
-0.0004622332
7.408757e-06
0.000659519
0.0009476127
0.001216259
0.001644165
0.001798386
0.001890061
0.001975024
0.001850779
0.001618558
0.001202717
0.0003631616
-0.0003811265
-0.001075141
-0.002003129
-0.002678125
-0.003398794
-0.004123844
-0.004675212
-0.005396931
-0.006047687
-0.006659232
-0.007220839
-0.007680151
-0.008154624
-0.008484801
-0.008641006
-0.008443822
-0.008117786
-0.008088035
-0.007960363
-0.00752673
-0.007243502
-0.007036958
-0.006566835
-0.005834659
-0.004850246
-0.004003708
-0.003355562
-0.00253129
-0.001649492
-0.0009350717
-0.0001922858
0.0008512127
0.002022094
0.003468455
0.005365776
0.007327383
0.009361565
0.01148023
0.01318167
0.01453322
0.01581607
0.01666221
0.01733371
0.01786135
0.01797996
0.01834487
0.01877181
0.01889424
0.01906086
0.0192122
0.01903597
0.01883265
0.01863794
0.01827482
0.01822254
0.01828886
0.01833615
0.01865534
0.01917164
0.01965279
0.02021096
0.02084932
0.0213969
0.02203055
0.02250567
0.02298167
0.0235943
0.02407921
0.02429557
0.02431074
0.02422314
0.02390667
0.02374819
0.02348629
0.02309948
0.0227677
0.0222379
0.02181473
0.02126046
0.02056523
0.01974172
0.01874757
0.01773357
0.01660364
0.01569534
0.01480486
0.013843
0.01307033
0.01221186
0.01133593
0.01065809
0.01001568
0.009531285
0.009406345
0.009339002
0.009371823
0.009484867
0.009453508
0.009547801
0.00965989
0.009639308
0.009518126
0.009252574
0.008953296
0.00874973
0.008625761
0.008345219
0.008294386
0.00856138
0.00868585
0.0088247
0.008983598
0.009179546
0.009665454
0.01027699
0.01075589
0.01134082
0.01207417
0.01266222
0.0130773
0.01345368
0.01363955
0.01363402
0.01377912
0.01359589
0.0132705
0.01325541
0.01307275
0.01288376
0.01269914
0.01225897
0.01179021
0.01135345
0.01069716
0.01000298
0.009460758
0.008860419
0.008340904
0.008028469
0.007761107
0.007670969
0.007890505
0.007986581
0.007981658
0.008002275
0.007833016
0.007600297
0.007196095
0.006652042
0.006197656
0.005795286
0.005153882
0.004477099
0.004182086
0.004015717
0.003794361
0.00345681
0.003087126
0.002604458
0.001999227
0.001313874
0.0006584368
0.0002749778
-0.0001591265
-0.0006264796
-0.00115698
-0.001704732
-0.002148378
-0.002649406
-0.003215987
-0.003862431
-0.004390521
-0.004856791
-0.005318626
-0.005760801
-0.006041907
-0.006040947
-0.006161384
-0.006369405
-0.006420407
-0.006554458
-0.006698407
-0.006878524
-0.007377146
-0.007816479
-0.008147973
-0.008465727
-0.008598912
-0.008646399
-0.008728032
-0.008855745
-0.008886782
-0.00911142
-0.009299089
-0.009220004
-0.009473232
-0.00974004
-0.009938489
-0.0103293
-0.01056246
-0.01063356
-0.01070955
-0.01076519
-0.01062593
-0.01053977
-0.01055735
-0.01039425
-0.01031001
-0.01031593
-0.0102838
-0.01023085
-0.01010829
-0.009931823
-0.009816084
-0.009810314
-0.009828602
-0.009951136
-0.01004146
-0.0100481
-0.01011754
-0.009972708
-0.009652104
-0.009542832
-0.00952879
-0.009434127
-0.00940208
-0.00940619
-0.009409975
-0.009473609
-0.009463699
-0.009247741
-0.008937781
-0.00865806
-0.008313809
-0.007929392
-0.007496872
-0.007030467
-0.006648984
-0.006235331
-0.005805611
-0.005350993
-0.00491099
-0.00458737
-0.004181236
-0.003722803
-0.003349619
-0.002970627
-0.002544515
-0.002167357
-0.001868929
-0.001625947
-0.001523207
-0.00147194
-0.00134294
-0.001318142
-0.001377068
-0.001326644
-0.001299793
-0.001329272
-0.001297589
-0.001264139
-0.001238567
-0.001126394
-0.001057198
-0.001112682
-0.001093009
-0.001126321
-0.001218637
-0.00116435
-0.001147504
-0.001108364
-0.000920653
-0.0007468047
-0.0006086479
-0.0003959379
-0.0001722977
-1.646745e-05
0.000215122
0.0004010719
0.0004970954
0.0007014056
0.000896629
0.001071323
0.001337771
0.001545984
0.001618383
0.001748874
0.001872256
0.00189426
0.001932904
0.001855698
0.001706525
0.001627001
0.001531041
0.001386507
0.001308217
0.001296351
0.001248424
0.001253741
0.001254077
0.001256867
0.001317308
0.001304585
0.001301484
0.001335688
0.001334529
0.00132203
0.001324278
0.001305338
0.001259205
0.001197855
0.001056418
0.0009137817
0.0007919176
0.0006369901
0.0004911006
0.000349571
0.0002412101
0.0001928902
0.0001705064
0.000130333
0.0001093372
0.0001163545
9.29737e-05
8.31671e-05
7.665013e-05
4.876683e-05
5.1972e-05
6.012605e-05
6.272431e-05
9.479813e-05
0.0001326036
0.0001579667
0.0001800476
0.0001902682
0.000172934
0.0001587625
0.0001475603
0.0001064292
7.047986e-05
2.588282e-05
-3.391093e-05
-7.013806e-05
-0.0001006127
-0.000124397
-0.0001140057
-8.279478e-05
-5.566456e-05
-6.36587e-06
4.087198e-05
6.467343e-05
9.939338e-05
0.0001147929
0.0001138183
0.0001189725
0.0001238875
0.0001280841
0.000138918
0.0001576235
0.0001673064
0.0001915177
0.0002084141
0.0001980691
0.0001948294
0.0001879871
0.000177922
0.0001713217
0.0001649727
0.0001620586
0.000163385
0.0001721456
0.0001841993
0.000204539
0.0002331833
0.0002668
0.0003032988
0.000331395
0.0003542083
0.0003783254
0.0003997861
0.0004180362
0.0004370066
0.0004530077
0.0004650473
0.0004766443
0.000484162
0.0004904652
0.0004980093
0.000505562
0.0005128217
0.0005195049
0.0005247418
0.0005282857
0.0005352763
0.0005417154
0.0005458969
0.0005517593
0.0005556426
0.0005602607
0.0005641296
0.0005633695
0.0005632764
0.0005612464
0.0005545614
0.0005467083
0.0005401067
0.0005330228
0.0005235141
0.0005134533
0.0005014993
0.000489084
0.0004761917
0.0004612878
0.000447705
0.0004355637
0.0004239925
0.00041358
0.0004042078
0.0003943104
0.0003845361
0.0003749447
0.0003627681
0.0003503588
0.0003393341
0.0003269999
0.0003144259
0.0003032756
0.0002917216
0.0002798749
0.0002683535
0.0002563358
0.0002450215
0.0002341906
0.0002233961
0.0002133269
0.0002030758
0.0001927566
0.0001829528
0.0001736426
0.0001643418
0.0001553827
0.0001474021
0.0001396918
0.0001325608
0.0001260677
0.0001198217
0.0001141309
0.0001088236
0.0001035997
9.853402e-05
9.381084e-05
8.928953e-05
8.488221e-05
8.049477e-05
7.609147e-05
7.188426e-05
6.778051e-05
6.369972e-05
5.973128e-05
5.586957e-05
5.206565e-05
4.832413e-05
4.465805e-05
4.104956e-05
3.754261e-05
3.413834e-05
3.080545e-05
2.756032e-05
2.4401e-05
2.131711e-05
1.829733e-05
1.533147e-05
1.241905e-05
9.558629e-06
6.741393e-06
3.960527e-06
1.213996e-06
-1.503202e-06
-4.192315e-06
-6.854096e-06
-9.490749e-06
-1.210253e-05
-1.468959e-05
-1.725244e-05
-1.979176e-05
-2.230777e-05
-2.480052e-05
-2.726999e-05
-2.97161e-05
-3.21388e-05
