0.00303822
0.007611264
0.007347063
0.004091812
0.00688067
0.01133171
0.008023195
-0.002259484
0.004381251
0.004076376
0.00315703
0.005084067
0.000491845
0.003763381
0.003348191
0.0004570114
-0.007366319
-0.004313847
0.003346527
-0.002659521
-0.0004846141
0.005572963
-0.00254385
-0.008108081
-0.007690487
-0.003552415
0.007231492
0.003865472
-0.01506318
0.01975351
0.02770393
-0.00220141
-6.395608e-05
-0.0003729679
0.002825291
-0.006834063
-0.006245992
-0.0026423
-0.007944748
-0.01337624
-0.007347545
-0.002790215
-0.01176066
-0.02225552
-0.02689714
-0.01373623
-0.007587336
-0.01187359
-0.01773426
-0.0113412
-0.01356566
-0.007595998
0.008792401
-0.002303665
-0.01381441
-0.002062604
0.009923236
-0.00129956
0.007378285
0.005836167
-0.001076835
-0.006865365
0.004474374
-0.006968181
-0.03690699
-0.001093119
-0.03394421
-0.02615706
0.01532008
-0.01329779
-0.02044834
-0.01224238
0.03146815
0.02411482
0.01215964
0.02141474
-0.01133745
-0.001235995
0.01203499
-0.03312434
-0.0310583
-0.01423351
-0.03992704
-0.02817396
-0.02226103
-0.00399246
0.01889095
0.008769567
0.002435803
-0.01130076
-0.02364364
-0.03241923
-0.04682794
-0.06274385
-0.06147751
-0.06144707
-0.04063378
-0.005183156
0.004941206
0.01490984
-0.003810725
-0.002788863
0.03460551
0.04027719
0.04788106
0.02766069
-0.02742399
-0.03021499
-0.01872058
-0.03885401
-0.01828914
0.02276784
0.02258754
0.04017086
0.03316635
0.02085916
0.04671761
0.01671197
0.004140474
0.04807725
0.02361926
-0.02252468
-0.02383934
-0.003747992
-0.008888106
-0.01030392
0.03679378
0.03904439
0.009307053
0.006221567
0.004451128
0.004490434
-0.03106188
-0.08809513
-0.1090405
-0.1233617
-0.1436702
-0.1489201
-0.1479263
-0.1596261
-0.1655087
-0.1466142
-0.1407795
-0.1019578
0.09403697
0.2009309
0.27564
0.4256702
0.5847673
0.4707976
0.1587573
0.1729315
0.2566924
0.2588658
0.2986988
0.3012582
0.1869411
0.1442517
0.1448737
0.131983
0.1300279
0.08650288
-0.020216
-0.211665
-0.2555954
-0.1165753
-0.06133671
-0.1684545
-0.2867695
-0.3501594
-0.4617207
-0.5907891
-0.5797735
-0.3595527
-0.1901358
-0.1700958
-0.1884596
-0.1383393
-0.04871533
0.07069996
0.1896187
0.3011854
0.364845
0.083961
0.07576598
0.2926862
0.3520298
0.4501397
0.3433939
0.1889328
0.2554282
0.3136159
0.2680607
0.1726632
0.05513702
-0.02895035
-0.1707869
-0.2897865
-0.392566
-0.12976
0.1605067
-0.06769867
-0.1298611
-0.01437312
-0.01630738
-0.07461382
-0.1581264
-0.1880817
-0.1911812
-0.2046785
-0.1737016
-0.1797589
-0.2011995
-0.1518062
-0.1593226
-0.174343
-0.05429901
0.007514347
0.001773222
0.06012188
0.07633649
0.1979621
0.2929148
0.4246478
0.3284253
-0.1248788
-0.01396063
0.08891703
-0.02418102
-0.05137967
-0.08599463
-0.07745942
0.02085528
0.1146035
0.1075218
0.1240573
0.08353003
-0.02547488
-0.1537974
-0.1808472
-0.1252361
-0.1584577
-0.1659905
-0.1349019
-0.1899472
-0.2308807
-0.2288537
-0.02690862
0.06831389
0.001291211
0.07022951
0.1375848
0.08157841
0.06386998
0.1077706
0.0862894
0.09618853
0.1235389
0.1617635
0.1453326
0.08284264
0.06886187
0.01084472
0.008266682
-0.009560296
-0.1131365
-0.07509495
-0.02556298
-0.0846538
-0.1198133
-0.127494
-0.1337191
-0.0296596
-0.003635206
-0.01365959
0.04564751
0.08867751
0.1103243
0.1224117
0.1081556
0.0815657
0.001622722
-0.08452181
-0.08564215
0.003610583
0.05462458
-0.04312124
-0.07328181
-0.07093596
-0.04924782
-0.03013206
-0.0391652
0.01267733
0.02942987
0.009887778
0.04158645
0.111579
0.1068811
0.109004
0.07637648
-0.06705153
-0.09467278
-0.06644186
0.0502598
0.183921
0.1419822
0.04393619
-0.0006168892
0.09061961
0.1352054
0.05580717
0.06890766
0.1160588
0.1173202
0.1042864
0.0730496
0.07145812
0.06616101
-0.01998944
-0.08788595
-0.1148345
-0.1657225
-0.2290239
-0.2575391
-0.2349728
-0.1572305
-0.1205809
-0.09542785
0.1032538
0.1539355
0.1704503
0.2877523
0.3313807
0.2317299
0.07162348
0.01643537
-0.05732692
-0.07644984
-0.1375458
-0.187285
-0.1219498
-0.0940773
-0.05227967
0.01903982
0.09034912
0.1183992
0.05783677
0.01396563
0.05098559
-0.01723193
-0.1108046
-0.1272602
-0.07943229
0.08802221
0.0961262
0.04697757
-0.02307799
-0.08419529
-0.09481446
-0.1302553
-0.1441375
-0.1550473
-0.1452522
-0.1226652
-0.07850229
-0.06909581
-0.0834472
-0.1253702
-0.1510457
-0.1438301
-0.06900194
-0.03995236
-0.03926491
0.0009811807
0.07185888
0.09586554
0.113235
0.1339797
0.2073115
0.1029368
-0.1279352
-0.0600115
-0.06095414
-0.09993157
-0.0975419
-0.112329
-0.0816395
-0.02543773
0.03098535
-0.04036596
-0.1495879
-0.1236322
-0.1167425
-0.0314881
0.02419537
0.01677143
0.04374391
0.02996533
0.03238229
0.06933337
0.09415052
0.131178
0.08528875
-0.02006148
0.05239773
0.123433
0.1392781
0.1466011
0.1747279
0.1952466
0.1725335
0.1683202
0.1376144
0.09135045
0.05571186
0.00957541
-0.00756757
-0.002656137
-0.007766229
-0.03668417
-0.09155095
-0.138784
-0.1817474
-0.05819999
0.002138043
-0.1176621
-0.1471462
-0.1436427
-0.1592938
-0.2042189
-0.1637068
0.01830996
0.05033767
-0.01143385
-0.01620167
-0.03291985
-0.01077913
0.01330876
0.03925096
0.05338562
0.1173758
0.1840118
0.2758877
0.1297701
-0.103274
-0.01835569
0.02770066
-0.01124778
-0.04004317
-0.02953187
-0.03997039
-0.05004991
-0.06375453
-0.07119435
0.05060897
0.1489268
0.1749459
0.250488
0.2269841
0.05744157
0.01292654
0.004473591
0.006681642
0.05711934
0.02289904
-0.0444713
-0.03909221
-0.05478126
-0.08351411
-0.1082537
-0.124054
-0.1468648
-0.168928
-0.239887
-0.1942346
0.1155653
0.05887086
0.0336465
0.07205582
-0.1311402
-0.1112063
-0.0139696
0.02995981
0.005871502
0.01901928
0.07019975
0.1318689
0.04123662
-0.03219336
0.04581195
0.04505078
0.005248051
-0.03682829
-0.02839019
-0.007512217
-0.008584674
-0.06330611
-0.08863731
-0.09086961
-0.1054725
-0.03350602
0.0211704
0.01034036
0.03524496
0.06145002
0.05740898
0.05807828
0.04164415
0.00672761
0.02272228
0.06021239
0.05941983
0.06286328
0.09347032
0.1148269
0.08809154
0.03061332
0.03531015
0.04808843
0.01908847
0.01070473
0.02014136
0.01938204
-0.00790752
-0.03536032
-0.07651074
-0.1052254
-0.1278496
-0.07126984
0.03773889
0.01120081
0.001719121
0.02907368
0.004201138
-0.0172065
0.003582205
0.03852439
0.04791656
0.05188637
0.04709231
0.02124439
0.01747739
0.002374066
-0.01024559
0.0125022
0.01792831
0.03049948
0.05102355
0.04031213
-0.005896338
-0.02594695
-0.02154922
-0.01859177
-0.01530082
-0.02121437
-0.02334888
-0.01055978
-0.004988257
-0.01183628
-0.01011838
0.007930697
-0.01412768
-0.06040701
-0.06480618
-0.07245616
-0.07733787
-0.05820271
-0.04314859
-0.03624023
-0.01310269
0.01470437
0.01742042
0.01900933
0.03321357
0.04301547
0.04485009
0.03657343
0.03250219
0.02931731
0.02341509
0.01762811
0.01446964
0.009135473
0.01209693
0.001171056
-0.02910221
-0.04101858
-0.02057038
0.0126482
0.01225774
0.01413674
0.01855041
0.008394373
-0.001337381
0.001707354
-0.0130092
-0.03346431
-0.03088072
-0.02667841
0.02252626
0.06363618
0.06695915
0.07376131
0.07719234
0.06867302
0.0506697
0.03932798
0.002552527
-0.0269116
-0.03681216
-0.05159956
-0.0590481
-0.03632099
0.002768936
0.01679844
0.02748437
0.02756227
0.01592543
0.008990769
-0.01094382
-0.04151705
-0.05570195
-0.06128625
-0.0613993
-0.05104105
-0.04621429
-0.04665995
-0.04568987
-0.04057862
-0.02949426
-0.01507557
-0.006554536
-0.006918751
-0.006163033
0.002163099
0.02033526
0.02933352
0.0316936
0.01687582
-0.01003306
-0.01774454
0.002296112
0.01909823
0.02324315
0.03085095
0.03126365
0.01988613
-0.01239937
-0.03392287
-0.04250872
-0.04823247
-0.04307794
-0.01730414
0.0130423
0.02022655
0.03099813
0.04651573
0.04953118
0.03858587
0.01410105
0.002044912
0.00144029
-0.0003659134
0.006207161
0.02623299
0.03290905
0.03586922
0.04580617
0.04782178
0.02584493
-0.00397472
-0.01806599
-0.03546514
-0.04548257
-0.03515714
-0.02274583
-0.01567424
-0.008963749
0.0004874644
0.01049762
0.01624925
0.02342887
0.02701909
0.02587445
0.00569966
-0.003872253
0.002650397
-0.004217531
-0.01140474
-0.01258008
-0.01369015
-0.02357939
-0.03211714
-0.02839961
0.001049452
0.02897767
0.03974641
0.04655347
0.0481126
0.04486855
0.0228983
0.009041108
0.004579126
-0.01372937
-0.02482342
-0.02330314
0.006524157
0.03390447
0.02893037
0.01426318
0.0008638557
0.001016233
0.001685738
0.0005528913
-0.004429448
-0.021713
-0.02646586
-0.02114623
-0.01551552
-0.01544484
-0.02764884
-0.02801474
-0.01631303
0.0009129905
0.009758682
0.01133687
0.01710621
0.020807
-0.009587771
-0.03342293
-0.03230991
-0.03252189
-0.02999721
-0.02859046
-0.03958998
-0.02718867
0.01541688
0.02568433
0.02066504
-0.001345418
-0.005081563
0.004336205
-0.02330671
-0.04094242
-0.03697453
-0.02841257
-0.002982872
0.009701917
0.009914142
0.01499482
0.02020402
0.01905758
0.01883221
0.01689425
0.01181672
0.0141291
0.02168834
0.01452694
0.008468164
0.00800612
-0.004493968
-0.01425434
-0.02342821
-0.02771221
-0.02746435
-0.002000052
0.01059389
-0.006021922
-0.0110944
-0.000391541
0.01595497
0.01182906
-0.01994702
-0.02395665
-0.003453652
-0.002298009
0.0004610739
-0.0001815437
-0.0005701815
0.001057721
-0.000617137
-0.01579781
-0.008829192
0.01272237
0.005775138
0.007720264
0.01797023
0.009082961
-0.01193313
-0.01384768
-0.009583064
-0.009595309
-0.00431375
-0.003633408
-0.008292766
0.000397641
0.01147076
0.008050723
0.007751878
0.01463894
0.01574668
0.007395966
-0.006290363
-0.01073345
-0.00325171
0.007433853
0.01906496
0.02180371
0.02343985
0.02531366
0.02481494
0.02706819
0.03255791
0.04242854
0.04186763
0.04386693
0.02272038
0.004930675
0.01262873
0.004684071
0.00156198
0.003460336
0.00906844
0.02005399
0.01034783
0.006197613
0.02594295
0.04241816
0.05599966
0.05884666
0.04650691
0.05099513
0.07340475
0.08262986
0.0683603
-0.005528249
-0.04547629
-0.06858106
-0.1552471
-0.2009499
-0.2516019
-0.2868344
-0.3040803
-0.1419192
-0.0009631189
-0.08679066
-0.05169823
-0.01542565
-0.01254784
0.01741402
0.02265722
0.007968616
-0.00346924
0.02293695
0.05285197
0.1088269
0.169802
0.1811419
0.1553373
0.1108302
0.09553782
0.1015982
0.09092135
0.05955588
0.0254293
-0.001687841
-0.02070005
-0.02825049
-0.03742784
-0.04459575
-0.06369562
-0.09409097
-0.1335827
-0.1702235
-0.1797036
-0.1555911
-0.1361787
-0.1314085
-0.08741717
-0.05164909
-0.04034362
-0.01460516
0.009547226
0.0359732
0.07753804
0.1035499
0.119522
0.1372372
0.1383153
0.1275929
0.1156088
0.11552
0.08244039
0.04905983
0.04648228
0.02467876
0.002103125
-0.006552557
-0.01851608
-0.04019407
-0.06827763
-0.08328379
-0.09314809
-0.1033816
-0.1104265
-0.07566278
-0.02368544
-0.009674507
0.01527389
0.04027127
0.06133249
0.0903375
0.1148229
0.1289267
0.1517006
0.1743408
0.1790342
0.1039004
0.04488362
0.04348358
-0.008265686
-0.05356445
-0.08039303
-0.12769
-0.1581548
-0.112495
-0.08226369
-0.08809444
-0.09047556
-0.1158168
-0.1121615
-0.056523
-0.03421187
-0.02867566
-0.01555266
-0.01264697
-0.003369335
0.02214162
0.0599589
0.1013911
0.1203445
0.08165573
0.08298871
0.1047502
0.06292401
-0.003446477
-0.04095604
-0.06216598
-0.06838395
-0.07510272
-0.1037117
-0.1100571
-0.1100234
-0.09166335
-0.02776334
0.02717293
0.04752613
0.05552816
0.04766514
0.04056305
0.02358738
0.01335495
0.02059821
0.05021519
0.0747026
0.082358
0.08435751
0.03219913
0.03175681
0.05835267
0.06675073
0.06284965
0.041987
0.02597959
-0.01959864
-0.07101225
-0.1080571
-0.1122396
-0.1061945
-0.1187705
-0.1220523
-0.06308544
-0.02240924
-0.03443642
-0.01884095
0.0139599
0.05885082
0.09035632
0.09781023
0.0832597
0.03961267
0.05356813
0.1019649
0.09594983
0.02052173
-0.01028442
0.01568775
-0.02985632
-0.05989129
-0.08199777
-0.0838042
-0.09654703
-0.09449067
-0.1522022
-0.1075986
0.1032937
0.09746247
0.08552863
-0.001483332
-0.02786646
0.09291501
0.133348
0.1330198
0.1312453
0.1427767
0.08770617
-0.0057612
-0.02008063
-0.015528
-0.02906505
-0.01550068
-0.02450583
-0.07134378
-0.1196159
-0.08103794
-0.04472031
-0.10374
-0.09009189
0.008270337
-0.008889551
-0.07045614
-0.05415285
-0.02579518
0.008988508
0.1063105
0.133687
0.0895278
0.08533328
0.03027037
0.01382366
0.07853225
0.1328695
0.1223021
0.1269827
0.06321424
-0.02225472
-0.03913378
-0.08381905
-0.09276145
-0.0484027
-0.03384324
-0.05718288
-0.08712496
-0.1118527
-0.1243947
-0.1277596
-0.1210194
-0.08514173
-0.02634573
-0.008791392
-0.009612327
0.0299047
0.08603549
0.1679305
0.233836
0.2534324
0.1901958
-0.04554935
-0.05169046
-0.02531702
-0.1234651
-0.09277707
0.02640011
-0.002965294
-0.07793998
-0.04217631
-0.03259602
-0.020276
0.01340284
0.01958046
-0.05992599
-0.02980078
0.02695155
-0.01871839
-0.06953217
-0.0516326
-0.02068825
0.01069369
0.06840389
0.0763279
0.03766244
0.001787689
0.01901823
0.02369565
0.01419102
0.002698412
-0.01057918
-0.03888645
-0.07086162
-0.08302025
-0.08325197
-0.05830702
-0.04952091
-0.03591425
-0.00485233
0.01100549
0.01972639
0.02603091
0.02714162
0.02383064
0.01402533
0.009309832
0.00537873
0.008211263
0.0183776
0.03268108
0.02702317
-0.01373394
-0.02132167
-0.01330847
-0.01150707
-0.0112989
-0.03240973
-0.04342765
-0.04351423
-0.0401338
-0.01654615
0.007715738
0.02482029
0.03537136
0.03480138
0.03027177
0.02385722
0.01442347
0.004976476
0.0002469905
-0.007055944
-0.01177929
-0.003426222
0.004315874
0.002750479
0.005990315
0.009042481
0.007743335
0.0100754
-0.01227142
-0.02765878
-0.02168631
-0.02245501
-0.02474656
-0.0264057
-0.01495375
-0.0028235
0.002161664
0.002484415
-0.001352386
0.008503301
0.02443615
0.03336366
0.03698819
0.0329923
0.02041109
0.01462716
0.01452157
0.009255818
0.001494129
-0.009603975
-0.01866105
-0.02485396
-0.02528183
-0.01788017
-0.009817545
-0.002672913
0.008659843
0.01138789
0.005279668
0.005875921
0.009099696
0.003206716
-0.009634499
-0.009610451
-0.0012989
0.0127828
0.02672884
0.03361647
0.01343945
-0.0191316
-0.0224919
-0.02175586
-0.01663076
-0.01645674
-0.01883578
-0.00250291
0.01099639
0.01398461
0.01582735
0.00839525
-0.0002241368
0.01544778
0.02549644
0.01407205
0.003826788
-0.004177533
-0.01156883
-0.005951056
0.01298792
0.0138984
-0.0004554195
-0.001125941
0.005405756
-0.0009849274
-0.01265718
-0.01903664
-0.02308132
-0.02635999
-0.02702236
-0.01631887
-0.003230627
-0.0006585829
0.008762759
0.02946631
0.02888962
0.00859223
0.00599286
0.01397803
0.01397659
0.01339273
0.01383703
0.01335924
0.007216374
0.003607179
0.003754639
-0.001275424
-0.007396893
-0.008647867
-0.0004169244
0.003818672
-0.002063117
-0.006589332
-0.01460905
-0.01350488
0.01187529
0.00798859
-0.005946135
0.002535673
-0.001086866
-0.007565411
-0.007127344
-0.01050511
-0.01182349
-0.004196488
-0.0005536107
-0.004540342
-0.007166402
-0.004664929
-0.004258546
-0.01384307
-0.02146309
-0.0195614
-0.02031786
-0.01988296
-0.01437766
-0.01000558
-0.001714666
0.01118969
0.02173886
0.02629246
0.0271924
0.009945525
-0.008736512
-0.008346596
-0.0008789138
0.005313757
0.003210758
0.004165706
0.006795482
0.006071486
0.006052298
0.004652016
0.0003171824
0.001487276
0.005427676
0.002297423
-0.001480543
0.0006962366
0.005170042
0.004874315
0.004400074
0.01123208
0.01608016
0.01760814
0.01829358
0.01552631
0.01688798
0.02430639
0.02512437
0.01578008
0.004733386
-0.0003891612
-0.003194284
-0.006834804
-0.005542621
-0.004965473
-0.003645783
-0.00207723
-0.004238833
-0.007682594
-0.009316892
-0.006622327
-0.003045481
-0.003248772
-0.006828282
-0.005273129
-0.002554175
-0.002323019
0.002598078
0.008062816
0.009455695
0.005888296
-0.0003372434
-0.004869602
-0.00815044
-0.01262878
-0.01368809
-0.01288185
-0.01377393
-0.01380311
-0.007419569
0.005424631
0.006355211
0.00244281
0.002184028
-0.001198016
-0.007171901
-0.006813648
-0.000595516
0.005055474
0.005642142
0.006780608
0.01337911
0.02001737
0.0207488
0.01879657
0.01449526
0.008054991
0.0009935181
-0.009839941
-0.01615788
-0.01989932
-0.02094595
-0.01726388
-0.01305653
-0.007456908
-0.0004078912
0.002754902
0.001876432
0.002412675
0.003944416
0.006905152
0.009593522
0.009937906
0.01057602
0.01100095
0.00694803
0.001164154
0.002513113
0.003690685
-0.0001440481
-0.003045508
-0.003631593
-0.003807664
-0.003571682
-0.004305747
-0.006179177
-0.009369455
-0.0107513
-0.006778169
-0.005550908
-0.005078473
-0.001569526
0.001621155
0.004398709
0.005040354
0.007932093
0.0110227
0.01244966
0.01300348
0.01071045
0.005233967
-0.002273362
-0.00417174
-0.006045665
-0.007020999
-0.006730541
-0.006163692
-0.008503871
-0.006369339
0.003435563
0.006130018
0.004706704
0.004155459
0.003585826
-0.001184195
-0.004970966
-0.006626986
-0.004926216
-0.0005479754
-0.002216324
-0.003104402
-0.003333589
-0.006744187
-0.01058015
-0.01219357
-0.01154568
-0.009392293
-0.009657356
-0.008474057
0.005597937
0.0151564
0.004016994
-0.008209762
-0.0008525499
0.007830633
0.001626886
-0.004032212
-0.007051579
-0.01072582
-0.01114425
-0.004643026
-0.0004827357
0.006324424
0.01714321
0.008862473
-0.005042579
-0.002628682
0.01289524
0.02068754
0.01477407
0.004827484
-0.001879612
0.003427843
0.01895056
0.01928138
0.005465781
0.001109633
-0.003358746
-0.008947116
-0.004533395
0.006700013
0.008757472
0.004738761
-0.001156782
-0.006055815
0.002740661
0.009579727
0.006612482
0.008064867
0.0103169
0.008021747
0.00716884
0.007978504
0.008817717
0.0059237
-0.002304947
-0.01133637
-0.01654179
-0.01943185
-0.02179153
-0.02226936
-0.01460556
-0.008888977
-0.006139604
-0.0040604
-0.008535746
-0.01230222
-0.009587647
-0.004931022
-0.003027406
0.0001736203
-0.0003157421
-0.003636653
-0.001202754
0.002136876
0.0006579977
-0.00230909
-0.008480025
-0.01374625
-0.009944703
-0.003590124
-0.002532433
-0.0009525309
0.005601884
0.006868588
0.004876369
0.00974872
0.01525039
0.005499958
-0.007129952
-0.006464191
-0.009466377
-0.00786227
0.002867752
0.004548306
-0.001295706
-0.004805985
-0.00401597
-0.007247841
-0.009679038
-0.00639316
-0.004396589
0.0002335979
0.004607739
0.006499175
0.0105999
0.01455271
0.01075248
0.005082553
0.003242706
0.003381636
-0.0002483584
-0.006148896
-0.006650597
-0.001931962
0.003138551
0.00385772
0.007330867
0.01271445
0.01512165
0.01274402
0.01151284
0.01305807
0.01319263
0.008120063
0.001503198
0.004371292
0.005490066
0.003704879
0.009372812
0.01652279
0.0139858
0.008782517
0.003430295
0.001044213
-9.748644e-05
-0.003454644
-0.001182439
-0.002374172
-0.008076363
-0.01062269
-0.009024772
-0.004345452
0.0001992122
-0.002902059
-0.001912126
-6.247444e-06
-0.002484344
-0.001218035
0.0003675202
-0.001725058
-8.970848e-06
0.003972523
0.0005783856
-0.009054085
-0.01240132
-0.007910902
-0.005581868
-0.004416665
-0.002718013
0.0009828886
0.006526921
0.008464222
0.009154056
0.01675132
0.0162712
0.0110705
0.008791082
0.002978375
0.0010947
0.002661679
-0.001216108
-0.002921301
-0.001014679
-0.001852882
-0.005108489
-0.004704341
-0.003781017
-0.009324496
-0.0103606
-0.00255024
-0.001560626
-0.005825033
-0.003392121
-0.003369469
-0.005040017
-0.003047746
-6.301311e-05
0.001620201
0.004818117
0.006812435
0.004701256
0.00187608
-0.003845891
-0.005826499
-0.004925602
-0.0069215
-0.008427791
-0.006114176
-0.004316674
-0.004807026
-0.006436709
-0.005695903
-0.00335267
-0.001943746
-1.461189e-05
5.405266e-05
-0.004339771
-0.003522404
0.002433736
0.001239688
-0.001129385
-0.0007421641
-0.002421633
-0.004482526
0.0003751653
0.002822276
-0.001154834
-0.0009218922
0.0040018
0.003029045
-0.001155547
-0.002259748
-0.002127385
-0.002906878
-0.005548225
-0.00796233
-0.007152641
-0.004595969
-0.002467694
0.001397387
0.005245144
0.006293183
0.002981233
-0.00247353
-0.003785969
-0.0033367
-0.005487739
-0.004811588
-0.004296432
-0.002716945
0.0008362931
-0.001030248
-0.004869646
-0.005447701
-0.002820916
-0.003341384
-0.002431402
0.001744493
0.0007429981
0.0007977516
0.002586501
0.003533296
0.004166414
0.001874982
0.0005380988
0.0001336663
-0.001841791
-0.005219972
-0.006805724
-0.006190264
-0.004709062
-0.003128705
0.0006970644
0.003434407
0.0044474
0.005778412
0.004756062
0.004127197
0.002526033
4.024159e-05
-0.001412834
0.0003684069
0.00301156
0.002721749
0.002618028
0.001780739
0.0007789066
0.001621033
0.002825219
0.003429014
0.00220816
0.0003338038
-0.0003713559
-0.0006581881
-0.0005959241
0.0002393134
0.001273947
0.001656502
0.002135553
0.002476948
0.002645526
0.002459532
0.002560049
0.003389711
0.003090073
0.00250016
0.002330366
0.001673688
0.0004889141
0.0002465904
-0.0002787908
-0.001065083
-0.001796777
-0.001810116
-0.001321389
-0.001275012
-0.0002799245
-5.977124e-05
-0.0004917843
6.54819e-05
0.0004501443
9.26949e-05
-2.138603e-05
-1.244807e-05
0.0002379808
0.0001861121
0.000470128
0.001202933
0.001402138
0.001247767
0.001157845
0.001190126
0.0009914651
0.0005792655
0.0004751928
0.0004988501
0.0001165225
-0.0002845534
-0.0006283326
-0.0006490562
-0.0005563742
-0.0004217838
-0.0002941766
-0.0002551564
-0.000324531
-0.0002895328
-0.0001673359
-0.0002434535
-0.0004289143
-0.0005625535
-0.0006845455
-0.0007689921
-0.0006826586
-0.0005901567
-0.0004825635
-0.0003940643
-0.0003020912
-0.0001864262
-0.0001541486
-9.818439e-05
4.347323e-06
9.759453e-05
0.0001301817
0.0001542443
0.0002050432
0.0002218878
0.0002209774
0.000209561
0.0002273281
0.0002574686
0.0002573704
0.0002694431
0.0002812782
0.0002810272
0.0002875297
0.0002888987
0.0002785733
0.000285067
0.0002939082
0.0002962887
0.0002955567
0.0002925764
0.000289329
0.0002842289
0.0002764256
0.0002673401
0.0002578902
0.0002462369
0.0002328438
0.000220326
0.0002077622
0.0001933853
0.0001775119
0.0001604581
0.0001421272
0.0001225133
0.0001017091
7.976979e-05
5.675819e-05
3.273942e-05
7.759292e-06
