0.001462899
0.002106806
-0.0004103137
0.0006955599
0.001514766
-0.0001375321
-0.001551197
-0.002869028
0.001657695
0.002223713
-0.001052654
-0.003188706
-0.001512043
0.001325334
0.001707528
-0.002039282
-0.001664318
0.003249603
0.00413754
0.002749814
-0.003050475
-0.005452168
0.000538656
0.001546737
-0.002039304
-0.002872408
0.0006263852
0.005027836
0.0003298259
-0.007286445
-0.00551774
0.002846244
-0.0001862724
-0.0009595301
-0.0004537489
-0.001288288
0.002451832
0.002647411
0.001938211
-0.00057541
0.0004176895
0.001806509
-0.00185065
-0.006641069
-0.003926368
0.001910514
0.0008847985
0.0005128636
0.00263887
0.003931499
0.004540688
0.0003599208
-0.0006384849
0.001488352
0.002614531
0.0005001325
-0.004670222
-0.002051895
0.003406076
0.005489848
0.003336507
0.001369788
0.000527073
-0.000214698
-0.0009534451
0.0002559724
0.001188934
0.001365021
0.002698771
0.003333788
0.004162569
0.005924615
0.006225987
0.002522805
0.0008759076
0.001187376
0.0006981116
-0.001265087
0.00506632
0.005313394
0.003163435
0.0006452223
-0.001119244
0.001991858
-0.001214953
0.0004466631
-0.001841193
-0.002429762
0.003754437
0.0009809652
-0.0017089
0.004367084
0.003078636
0.0004488573
0.002467187
0.005242325
0.002830733
-0.00576413
-0.005552344
0.0003418315
0.002540517
0.002875632
0.007971057
0.005730611
-0.008718243
-0.008193528
0.001615198
0.002020515
0.003308103
0.003446121
-0.003861889
-0.006487109
-0.0003128168
0.003022787
0.001373622
0.0008749888
0.002321468
0.003003938
-0.002070499
-0.005480323
-0.0007485357
-0.0008321953
-0.004518522
-0.003266036
-0.001621897
-0.007585965
-0.00714956
-0.004156041
-0.006453289
-0.004684844
0.0003271761
0.002668809
-0.004096143
-0.00439738
-0.003588885
-0.007842673
-0.009029349
-0.002462009
0.007988446
0.002414675
-0.00814488
-0.009083821
0.002543616
0.004808446
-0.003297087
-0.002496005
-0.001991767
-0.002273973
0.008064037
0.009689183
0.002231207
0.003757365
0.003592341
-0.002072546
-0.005480196
-0.002908631
-0.001147987
-0.006161185
-0.009540368
0.001625628
0.00586172
-0.003018389
-0.00903028
-0.0009366134
-0.002561529
-0.007525946
-0.006451985
-0.002516946
0.001707753
-0.00424921
-0.004697175
0.001654159
0.01237311
0.009460765
0.001556516
0.005872867
0.01245767
0.007296147
-0.004440322
-0.001703012
0.005083676
0.009844627
0.01059492
0.004192946
-0.000798384
-0.002657313
-0.002350801
-0.00591011
-0.0137361
-0.008730504
-0.005025429
-0.006680473
0.003032364
0.005117622
0.002438443
0.006261744
0.004874867
0.005079172
0.008077239
0.01014505
0.005543058
-0.00987605
-0.009958448
0.001841105
0.002162586
-0.001199172
0.004805714
0.01305764
0.009982455
-0.004762571
-0.001922814
0.001207626
-0.004804209
-0.0008812617
-0.00471747
-0.008728116
-0.003935157
0.007380685
-0.002343029
-0.01664247
-0.006290584
0.004369334
0.009922098
0.001749725
-0.008504483
-0.01267746
-0.01300506
-0.006124339
-0.0006930483
0.004008927
0.009348389
0.01971032
0.01384403
-0.0005708963
-0.0005191739
0.009962035
0.01846341
0.003762828
-0.004718827
0.003622363
0.0139811
0.009766064
0.001932054
-0.00106411
-0.009959969
0.000353821
0.007237336
0.001054638
-0.009235613
-0.01166474
-0.001300014
-0.005272425
-0.01408373
-0.01423218
-0.008609493
-0.003021495
0.003062211
-0.0003737554
-0.003416014
-0.003052505
0.002616011
0.003433396
0.003121629
0.009573469
0.008811857
0.001800694
-0.00408338
0.002312313
0.001185496
-0.005927714
-0.002722614
0.001904353
0.00153229
0.001865036
0.00494769
0.004013574
0.003173287
0.006579249
0.00505146
-0.0005634791
-0.003579469
-0.0008192095
0.0014647
0.002002358
-0.001793973
-0.002946474
-0.004511066
-0.008493069
-0.004758779
0.0008186392
0.002030448
0.002343627
-5.946363e-05
-0.01145387
-0.01537983
-0.005614353
0.003461599
0.003985861
-0.002656406
-0.005596082
-0.002779907
0.005603419
0.006424456
0.001325405
-0.005357716
-0.007125465
0.003380437
0.007514391
0.005468156
0.002158133
0.004790621
0.002932041
-0.002134446
-0.002859823
0.002705133
0.009700121
0.005830061
-0.001385606
-0.003600222
-0.003049626
-0.003241597
-0.002286076
-0.001294861
0.003030725
0.005405044
0.002799715
-0.00282176
0.000695957
0.004563527
-0.003138769
-0.001951774
0.002025936
0.006381037
0.007391553
-0.0008952371
-0.01059575
-0.01470974
-0.008088231
0.003594511
0.009979367
0.001366137
-0.006924779
-0.008169542
-0.00699691
-0.003148826
-0.004681247
-0.005397674
-0.005985587
-0.003441086
-0.001224011
-0.005454362
-0.003414777
-0.003504959
-0.008444227
-0.01364258
-0.01077988
-0.003207841
0.002807669
0.006025315
-0.000845865
-0.00223659
0.00361672
0.008420446
0.008825925
0.004415979
0.00750711
0.006206115
0.004334935
0.004984171
0.009411484
0.01439571
0.00736637
0.005218748
0.002287762
0.00103059
0.004370554
0.006285573
0.00367587
-0.002440599
-0.006044811
-0.0003976288
0.00740175
0.003550685
-0.0004727635
-0.003215096
-0.002230353
-0.001051813
-0.01300985
-0.01340111
0.003609863
0.01176314
0.00541509
-0.002175333
-0.002892998
-0.005638427
-0.003591899
0.0009403651
-0.006259414
-0.007097456
0.0003224189
0.0007726305
-0.00946574
-0.01623407
-0.008440892
-0.01201664
-0.01779864
-0.005586823
0.003748589
0.002554537
0.0003659826
0.007652206
0.006921226
-0.005047096
-0.00717446
-0.001601848
0.001757362
-0.00104321
-0.003208325
-0.006716781
-0.005857599
-0.005674681
-0.005236764
0.0001930297
0.005270922
0.005621112
-0.007696699
-0.02385623
-0.02369271
-0.007803846
0.001459094
-0.000256227
-0.00669619
-0.01105842
-0.0107062
-0.00243471
0.001756781
-0.00149875
-0.005287743
-0.005598538
-0.01164072
-0.01887425
-0.001748149
0.007529051
-0.00244013
-0.003783173
0.003138843
0.0119244
0.01147793
0.001256805
-0.003486923
-0.003347913
-0.01227976
-0.01731318
0.0009451124
0.02092924
0.02583776
0.01679677
0.0001465739
-0.005128582
0.0005796197
-0.004293658
-0.009062897
-0.01137801
-0.007305896
0.002328283
0.004344081
0.001933079
-0.003638902
-0.005087024
-0.008938267
-0.01084437
-0.007861615
-0.005749939
-0.008346583
-0.01245283
-0.01483629
-0.0103725
-0.004338923
0.003943751
0.006116625
-0.003289539
0.002354395
0.01361037
0.01025994
-0.003300682
-0.01386863
-0.01133875
0.001130002
0.0007324772
-0.009246927
-0.01061244
-0.005987476
0.01227895
0.03315863
0.03708795
0.02630683
0.01643554
0.02052602
0.0284466
0.024424
0.01076138
0.005053738
-0.002416461
-0.01553134
-0.02336772
-0.01577251
-0.01684018
-0.01288127
0.008364592
0.007822237
-0.003916657
-0.004424332
0.01927464
0.02908426
0.005583751
-0.01988026
-0.01743605
-0.01217562
-0.01220185
0.006418548
0.0218596
0.02230869
0.02427454
0.02876487
0.009471869
-0.01460901
-0.008982391
0.01712685
0.03315952
0.02496106
0.003022182
0.005054329
0.02644505
0.03838854
0.02733001
-0.009291753
-0.0342896
-0.03783481
-0.01691429
0.005050706
0.0102979
0.006702724
-0.001634435
-0.004259591
0.004975812
-0.0002401422
-0.03169458
-0.05646087
-0.05814864
-0.0391355
-0.00476831
0.04351678
0.05670367
0.02694959
-0.01438862
-0.02701996
-0.003724856
0.004593589
0.003126156
0.008055145
-0.002255685
-0.01587335
-0.02136264
-0.02740782
-0.01756447
0.0001624739
0.001520455
0.004104478
-0.0004392566
-0.003032749
0.01050914
0.00147945
-0.007832777
-0.003868682
-0.002401545
-0.0143984
-0.03879234
-0.05134001
-0.0324992
-0.0002178512
0.01659112
0.000810069
-0.01338079
0.0009852775
-0.001195085
-0.01897023
-0.02878936
-0.00889794
0.02486854
0.04526691
0.04358432
0.04024118
0.05232757
0.04966171
0.02639695
0.01067101
0.005507173
-0.003135879
-0.01264797
-0.01871756
-0.01318771
0.001183509
0.002739447
-0.009725534
-0.01243115
-0.01324467
0.004019282
0.04670571
0.08009484
0.06885388
0.04733743
0.03792738
0.01817757
0.01111148
0.02872735
0.05091078
0.07005767
0.06773356
0.05024716
0.05906248
0.06729946
0.04056167
0.009029871
-0.01373298
-0.04604711
-0.07042563
-0.04187432
-0.007515116
-0.006027454
-0.01734078
-0.04258936
-0.04862827
-0.04397962
-0.03101796
-0.01376108
-0.01130032
-0.0264213
-0.02005495
0.01701135
0.0007020817
-0.03622138
-0.04831601
-0.03580822
0.0001656726
0.03339781
0.03779762
0.003005974
-0.02217319
-0.02917494
0.01259768
0.07449388
0.0916182
0.08668198
0.05336322
0.01130307
-0.003843354
0.003150342
0.002451203
-0.01248204
-0.02663497
-0.0453881
-0.03684195
-0.007642837
-0.005725659
0.00531542
0.03671162
0.04161026
0.03045106
0.009335626
-0.03189624
-0.06212332
-0.05408409
-0.03485238
-0.03140926
-0.02975419
-0.03691396
-0.02820865
-0.007203152
-0.02524937
-0.05606292
-0.06108068
-0.02352261
0.02478523
0.01846902
-0.02065752
-0.03757765
-0.02524416
-0.0004615768
0.01613857
0.02859242
0.03899199
0.02702602
0.02317111
0.03170613
0.02064185
0.001166661
-0.004365128
0.01575812
0.02230416
0.001106198
-0.02877706
-0.02725043
-0.008117589
-0.02455825
-0.0254327
-0.0213326
-0.01790265
-0.01489803
-0.03285338
-0.03712645
-0.003670747
0.018873
0.007922001
0.005461481
0.01204122
0.01659932
-0.002896205
-0.03775803
-0.05143956
-0.02673848
5.767237e-05
-0.003933846
-0.0331877
-0.03470673
0.003945916
0.03399181
0.03111822
0.005473144
-0.007020054
0.007275009
0.02455052
0.01975119
-0.019619
-0.03981523
-0.007286626
0.01416274
0.01520292
0.01781085
0.02107362
0.03025544
0.0431154
0.0438394
0.05161875
0.05423382
0.01921703
-0.01599559
-0.02110598
0.003898113
0.04080255
0.05220087
0.03952618
0.01042948
-0.005241969
0.0140022
0.03365642
0.03174273
0.003745615
-0.02919544
-0.03655489
-0.005601108
0.0369511
0.03926941
0.01540536
-0.005844445
0.01105987
0.04888746
0.07090606
0.06552544
0.03696123
0.01538913
-0.001755153
-0.005160032
-0.004975527
-0.02285114
-0.0404942
-0.05337384
-0.04538123
-0.02093703
-0.003622628
0.003415274
-0.00020072
0.004263727
0.02875588
0.03563161
-0.002478732
-0.02528398
-0.03079511
-0.02437735
-0.009204923
0.002142507
0.01932434
0.04087381
0.04987321
0.0262326
-0.01341179
-0.03435754
-0.01978077
0.02497677
0.04001357
0.02121186
0.01847822
0.008156796
-0.02481372
-0.002380896
0.04763885
0.05123126
0.03766115
-0.01185069
-0.07010597
-0.08680849
-0.08571303
-0.07215316
-0.06233874
-0.06185629
-0.05460614
-0.04678988
-0.02669385
-0.006103106
0.01121854
0.0215695
0.02021188
0.008461497
-0.02366748
-0.04336977
-0.03065342
-0.01003002
0.005119037
0.0249346
0.04100472
0.04695339
0.03071605
-0.008688561
-0.03520444
-0.05512603
-0.05711907
-0.04945985
-0.0376737
-0.01348741
0.01214217
0.03464444
0.04227103
0.0238142
0.009248652
0.01390399
0.02067991
0.01526582
-0.02540967
-0.07294467
-0.08244692
-0.04948962
-0.003448787
0.04324485
0.07580945
0.09091879
0.07187445
0.03197929
0.007505491
-0.003809277
-0.01932135
-0.05191126
-0.06012523
-0.05737011
-0.05584511
-0.06353173
-0.07747094
-0.06362535
-0.01995089
0.02432436
0.03721422
0.02064851
0.001353287
-0.001989133
-0.01510213
-0.008815749
0.009682076
0.02133264
0.02489257
0.001659143
-0.02323382
-0.02094379
0.01618333
0.05314928
0.05108494
0.01811461
-0.01225881
-0.02372448
-0.0336724
-0.04738104
-0.02512755
-0.004099078
-0.009906803
-0.009393586
0.0006352138
0.008097695
0.006945257
0.0127278
0.02619095
0.04397992
0.05694224
0.05417617
0.03425167
-0.0148326
-0.03744174
-0.03169182
-0.03160698
-0.01321008
-0.03031835
-0.07334789
-0.0960682
-0.09940546
-0.06749253
-0.05220968
-0.07339896
-0.07497875
-0.05346879
-0.01837141
0.0122145
0.02931806
0.04844429
0.05080988
0.04527454
0.05687316
0.05154693
0.04392366
0.0594809
0.06162618
0.05009121
0.04299631
0.0470908
0.04880463
0.03534391
0.03144671
0.0340918
0.02368189
-0.0155889
-0.05325114
-0.05294491
-0.03549555
-0.0139876
-0.01196267
-0.02885975
-0.0344379
-0.02224356
-0.01747992
-0.03340597
-0.02529877
-0.01370622
-0.01527576
-0.02006646
-0.04552235
-0.06614345
-0.05584936
-0.00755007
0.05015158
0.05229281
0.01424196
-0.0003121631
0.005101232
0.009900587
0.0007575641
0.005228482
0.0171097
0.0230127
0.02735918
0.01868026
-0.001471612
-0.02186216
-0.008054162
0.0311651
0.02413962
-0.02925202
-0.04155703
-0.0009852385
0.05503751
0.08131911
0.04643741
0.001327174
-0.001334751
-0.005209454
-0.02423218
-0.02838228
-0.02990078
-0.0498976
-0.06921307
-0.04274072
0.01575656
0.04654555
0.03884585
0.01856139
0.01081886
-0.005889469
-0.0218736
-0.03467635
-0.03886622
-0.02840175
-0.02095037
0.001173726
0.03068874
0.05087585
0.0477682
0.02686054
0.005223574
-0.006757051
0.01853006
0.05621018
0.0691604
0.06023671
0.01298143
-0.01085363
-0.007700504
-0.01331326
-0.01755922
-0.01754362
0.01659608
0.04254723
0.03981291
0.02712747
0.02624548
0.04688752
0.04779767
0.01880039
-0.007642801
-0.02595557
-0.04298416
-0.04147324
-0.01986831
0.005982878
0.03028978
0.01881
-0.009515093
-0.007488042
-0.0002477718
0.01958542
0.04597925
0.0575892
0.0395549
0.01349625
-0.005046019
-0.02010703
-0.03913787
-0.05741493
-0.03273573
0.01351037
0.02856792
0.02737178
0.04124613
0.04526525
0.03887424
0.02647034
-0.005222784
-0.02691073
-0.02970215
0.005307625
0.05177506
0.05334414
0.04420526
0.04180551
0.02350703
0.008708167
-0.005138015
-0.024074
-0.01810769
0.001471517
0.01685548
0.02788607
0.04656259
0.03907509
-0.002363113
-0.02689583
-0.02251462
-0.01101686
-0.02120532
-0.05729261
-0.0722261
-0.04251727
-0.01777073
-0.02485023
-0.0389402
-0.03293717
-0.01018269
0.01029922
-0.004932124
-0.03103564
-0.02445429
0.004045847
0.02638926
-0.00699196
-0.05866484
-0.06441427
-0.05292569
-0.0473827
-0.0256931
-0.003856623
0.001691472
0.003157527
0.002806962
0.006703677
0.01684075
0.0454694
0.06860535
0.08056619
0.04399236
0.01150058
0.03304125
0.05125877
0.06256169
0.07371571
0.09097646
0.08778519
0.03066142
-0.03734574
-0.04576758
-0.02701967
-0.005803359
0.01866369
0.02993704
0.02768008
0.01609625
0.0016248
0.0003113468
-0.01027085
-0.04971292
-0.09534131
-0.1149719
-0.09666668
-0.0590753
-0.04523666
-0.06342091
-0.07271486
-0.05370583
-0.008634792
0.01724801
-0.006474851
-0.02461933
-0.01756472
-0.02029087
-0.0135953
0.003368621
0.0109057
-0.001223847
-0.009950672
-0.006011136
-0.01282751
-0.01376255
-0.005823595
-0.002467504
0.003794568
0.0305872
0.05362418
0.04980355
0.04217628
0.01089318
-0.01727078
-0.01125555
0.009076395
0.01964898
0.01210841
0.01327659
0.02402155
0.05002571
0.07844524
0.08496434
0.05618532
0.02657499
0.01680878
-0.001138869
-0.03123471
-0.06590627
-0.01887278
0.05619847
0.07051342
0.05318695
-0.01334023
-0.04875742
-0.03127639
-0.01778968
-0.01401235
-0.008957985
0.01633726
0.02802367
0.01229349
-0.01059402
-0.02800312
-0.03553148
-0.03617892
-0.02755149
-0.02567852
-0.02207154
0.007191495
0.03861081
0.04601524
0.02752188
0.009468134
-0.007962393
-0.02246858
-0.01418287
-0.01301677
-0.0322221
-0.05091743
-0.06921291
-0.08621709
-0.1004427
-0.09488457
-0.04387616
-0.01145522
-0.0311114
-0.05513013
-0.02053353
0.03037694
0.05211032
0.04629655
0.006084307
-0.01849644
-0.02590854
-0.0333941
-0.03140894
-0.01099852
0.01721388
0.03801497
0.05417403
0.04664155
0.0216273
0.001235679
-0.01618469
-0.01659553
0.008059114
0.01116727
-0.004229415
-0.0104818
-0.02458717
-0.03874252
-0.03534877
-0.004716939
0.01459595
0.01368427
0.03362242
0.05645532
0.05441042
0.03169828
0.01271323
-0.01029268
-0.02031193
-0.001488659
0.01205612
-0.00244095
-0.04627424
-0.07368042
-0.07739711
-0.004114007
0.06311132
0.06538815
0.05507918
0.02571154
0.02905936
0.04793361
0.05720151
0.06550348
0.07397271
0.07172787
0.06349154
0.04812541
0.01610677
-0.01535292
-0.0459956
-0.05707466
-0.0319213
-0.02209445
-0.00376285
0.0280858
0.03350215
0.03051167
0.02530982
0.0209811
0.02391988
0.0123461
-0.02276623
-0.05890264
-0.05770194
-0.03424997
-0.01108052
0.03343447
0.07713753
0.09026814
0.06644821
0.04699696
0.01359108
-0.03943451
-0.07838511
-0.0759125
-0.01264789
0.03427531
0.03900211
0.04239273
0.04967259
0.0623299
0.06162928
0.0542344
0.04711289
0.02187209
-0.002750596
-0.005753359
0.02120025
0.04473585
0.02458382
0.009357374
0.02145672
0.02619983
0.01752585
-0.006936697
-0.02249669
-0.003663312
0.02784153
0.03179004
0.02386781
0.0212771
0.005365196
0.006709649
0.01651909
0.01985253
0.008429641
-0.04905849
-0.08774395
-0.09734207
-0.09971349
-0.09563951
-0.09246826
-0.07395518
-0.04796856
-0.01438295
0.001202725
-0.0105068
-0.02346379
-0.02572302
-0.0127659
0.008179871
0.03412568
0.04637186
0.0270164
-0.007942001
-0.007925621
0.01081489
0.01989703
0.03190146
0.03414246
0.01728395
0.004758398
0.003403885
-0.007201008
-0.03173196
-0.06396596
-0.08486675
-0.07906289
-0.06461762
-0.06460738
-0.05938188
-0.02446521
0.02643792
0.03611265
0.0231699
0.00895317
2.695512e-06
-0.00748
-0.02569412
-0.03155297
-0.01620195
0.001595026
-0.02233517
-0.04317478
-0.03831752
-0.02310218
-0.01049394
-0.01801847
-0.03646925
-0.06133276
-0.05914383
-0.01864473
0.03137301
0.06567765
0.06558075
0.04047039
0.02201756
-0.001530159
-0.0263641
-0.03614897
-0.05309424
-0.0732617
-0.09392384
-0.09631678
-0.05810658
-0.001206916
0.04266122
0.0534681
0.04338232
0.03023246
0.02291393
0.02463669
0.009460079
-0.00261981
0.01198554
0.02653683
0.03990594
0.04878295
0.0406219
0.005828642
-0.03711748
-0.05465234
-0.02805792
0.01958011
0.04983021
0.05407541
0.04203527
0.01509804
-0.004165729
0.006371837
0.01083734
-0.01756869
-0.04381437
-0.05304134
-0.05721729
-0.04388187
-0.0201241
0.01313804
0.03921427
0.04553719
0.03905706
0.0434797
0.04117035
-0.002761118
-0.02738603
-0.01947295
0.007509033
0.02987551
0.03267941
0.01502619
-0.01687134
-0.01709071
0.002660478
0.01264415
0.03539516
0.06727109
0.0667457
0.04289801
0.007658952
-0.02266472
-0.03101148
-0.01388068
0.005049401
0.01853982
0.02931704
0.02209839
0.001172988
-0.01920671
-0.02610305
-0.0228514
-0.01108376
-0.008373739
-0.02096474
-0.04586815
-0.08044117
-0.08346355
-0.0555024
-0.05021076
-0.05579844
-0.05708274
-0.04903201
-0.03752143
-0.04587535
-0.0669089
-0.07020057
-0.05008733
-0.03187127
-0.01357159
0.005493096
0.01849082
0.02251968
0.02484923
0.01062825
-0.004123133
0.003710326
0.006423383
0.0001298386
-0.01000503
-0.002574473
0.00878716
0.01958473
0.02586676
0.007025168
-0.01696946
-0.024996
-0.01030203
0.007616151
0.0136136
0.01158262
0.0118752
0.01152518
0.01783473
0.00714701
-0.01667118
-0.02525362
-0.007755686
0.0131623
0.02035619
0.04129255
0.06218299
0.07343546
0.07764687
0.07762731
0.07119094
0.05429038
0.03728477
0.02594321
0.006584449
-0.005811791
-0.006448453
0.003668743
0.02668486
0.03739773
0.03283917
0.01090389
-0.002618446
0.005001785
0.01961921
0.0336685
0.03329499
0.0339476
0.04010412
0.03116975
0.01990161
0.01423328
0.005076538
-0.007953141
-0.01504438
-0.01231711
-0.007971084
-0.007267487
-0.002787849
0.009063326
0.009740402
0.004770754
0.005255047
0.003485139
-0.009467029
-0.02201425
-0.02913407
-0.03573878
-0.02957616
-0.01309929
0.02049317
0.05614094
0.07330223
0.06917508
0.03443775
-0.006337985
-0.02549074
-0.02824598
-0.02838798
-0.0259861
-0.01400846
-0.004378871
-0.006305874
0.002087481
0.02164881
0.03258298
0.03854977
0.03169004
0.006154108
-0.004474521
0.01651277
0.0557295
0.07984206
0.06905636
0.02282666
-0.01629464
-0.03661736
-0.04637798
-0.04520929
-0.03687001
-0.02244847
-0.01423056
-0.01096986
-0.01442789
-0.01342752
-0.000693053
0.005672527
-0.003016073
0.002721186
0.008015764
0.001442642
0.01745538
0.0406887
0.04486331
0.02205484
-0.008826917
-0.01108034
0.005474014
0.01465887
0.00975752
-0.002882567
-0.02004126
-0.0338727
-0.04212169
-0.04850918
-0.05150619
-0.04694704
-0.03566303
-0.02350794
-0.007648211
-0.001073542
0.001219166
0.008875033
0.01295478
0.008169708
0.001845455
0.01316618
0.01948279
0.004204974
-0.01446842
-0.02881497
-0.03435281
-0.02856762
-0.02798138
-0.02140264
-0.007855255
-0.001446851
-0.004753948
-0.01307638
-0.0142425
-0.02068916
-0.03442984
-0.05239434
-0.06702547
-0.07226446
-0.06820715
-0.06194562
-0.04905411
-0.02453152
-0.009298088
-0.008986228
-0.02183441
-0.027717
-0.01577714
-0.006972765
-0.002473805
0.0004206948
0.0008590347
0.005533435
0.001592914
-0.007775026
0.001023233
0.01233273
0.005841192
-0.001880467
0.003864932
0.02302537
0.03966335
0.04591365
0.02972905
0.00106985
-0.01181913
-0.00647561
0.01696679
0.03148725
0.02681335
0.01387643
0.001526009
0.003951309
0.00145511
-0.00683673
-0.01284989
-0.01832959
-0.01597059
0.006612973
0.03692099
0.0489547
0.05023556
0.0385818
0.03855196
0.04968908
0.04503762
0.02779222
0.008506832
-0.002902125
-0.005727781
-0.008230098
-0.0165148
-0.02321951
-0.02829528
-0.01549148
0.01004907
0.01914619
0.01336967
0.006398742
0.01584675
0.03032132
0.03207444
0.02492807
0.01023982
-0.001928013
-0.005708385
-0.006185995
0.005776314
0.01887491
0.02277105
0.02796872
0.03832148
0.04889659
0.03488256
0.0232431
0.04700681
0.07924774
0.09295017
0.08282541
0.05152442
0.03834782
0.0543728
0.06213883
0.04634083
0.01661881
-0.01459649
-0.03436944
-0.03718385
-0.03152207
-0.03477917
-0.04714487
-0.06319583
-0.0766009
-0.05682028
-0.0287083
-0.002561849
0.02575312
0.0353623
0.04157693
0.04514874
0.02416507
-0.0008588244
-0.008489675
-0.01355012
-0.02490295
-0.03776538
-0.04961801
-0.04674489
-0.0356669
-0.0256497
-0.003254806
0.01345053
0.01228853
-0.002089613
-0.01666665
-0.01791535
-0.01128149
-0.01766691
-0.03627295
-0.0416404
-0.02821843
-0.01328177
-0.01243131
-0.02106888
-0.02959628
-0.023196
-0.01473429
-0.007532277
0.002946995
-0.001010811
-0.01209128
-0.01165595
-0.001990626
-0.003862528
-0.01042235
-0.00695251
0.003885809
0.01630004
0.02315526
0.01581616
0.006063742
0.0006126679
-0.001535645
0.002031103
0.0004927517
-0.003054998
-0.006085606
-0.008792874
-0.00543828
0.009488213
0.02084369
0.01965928
0.01982128
0.02221198
0.01035226
-0.01809061
-0.03857341
-0.04208034
-0.03450192
-0.02817299
-0.02738981
-0.02579368
-0.02359473
-0.0231002
-0.01837266
-0.01199477
-0.01115343
-0.01025497
-0.01335083
-0.02206384
-0.01880102
-0.0005462366
0.01049511
0.001264971
-0.01697381
-0.02815316
-0.02598376
-0.006936436
0.01546159
0.02081849
0.01941074
0.02184738
0.02441458
0.02200417
0.01873799
0.02122971
0.02073488
0.01563883
0.01299995
0.009561396
0.01201334
0.01949288
0.01253022
0.002182198
-0.01206325
-0.02549575
-0.02405359
-0.01596307
-0.003289694
0.002853648
0.003062632
0.002426037
-0.0003474559
0.001147753
0.005061383
0.006102694
0.008138508
0.01078632
0.01146656
0.008341177
0.005380015
0.004791376
0.002428959
-0.008366816
-0.02506227
-0.0292515
-0.01660563
0.0001253379
0.01537323
0.02147989
0.01504564
0.004755798
-0.001675382
0.002839059
0.01346024
0.02170381
0.01960968
0.02056534
0.02584785
0.01722674
0.004013594
-0.0002439513
0.001357385
0.004565224
0.005170024
0.006554105
0.00878071
0.009573194
0.007400541
-0.0003861897
1.360099e-05
0.009141535
0.01657015
0.01737488
0.01298986
0.002791862
-0.007984477
-0.01456046
-0.02055605
-0.02379254
-0.01894145
-0.0188099
-0.02037155
-0.01784503
-0.0167965
-0.01901196
-0.02761262
-0.02986479
-0.02744028
-0.02401411
-0.0157103
-0.003705932
0.005924899
0.005738233
0.0001363881
-0.005826535
-0.01194245
-0.01742802
-0.02328384
-0.02522896
-0.01629376
-0.01223721
-0.02491274
-0.03968845
-0.05047902
-0.05438764
-0.05231906
-0.04273002
-0.02261662
-0.004102573
0.006924673
0.005398781
-0.01201973
-0.02209525
-0.02004808
-0.01203186
0.003668011
0.01737991
0.02065517
0.01469638
0.01402016
0.01925689
0.01984446
0.007444373
-0.004042813
-0.0003268966
0.002388401
0.004946622
0.009845743
0.01048229
0.01012331
0.009298201
0.01639135
0.02128232
0.01128742
0.003068334
-0.003773747
-0.01079229
-0.0114603
-0.009734381
0.0004330651
0.0155312
0.02117596
0.02159833
0.02037545
0.01364049
0.009727867
0.01150787
0.01962513
0.02459161
0.02451624
0.02722547
0.02845059
0.02955843
0.03271239
0.03853671
0.03951092
0.03577071
0.03663476
0.0357373
0.03160234
0.02832316
0.02422698
0.02927815
0.03903663
0.042976
0.04113708
0.03156861
0.01721123
0.0008719955
-0.01619347
-0.03219814
-0.03989288
-0.04027522
-0.03301165
-0.02172417
-0.01457177
-0.01237452
-0.01277216
-0.008619577
-0.00170585
0.0007861799
-0.002143089
-0.005486474
-0.002647639
0.002991099
0.00211612
-0.005367438
-0.0140087
-0.01517539
-0.009287761
-0.007211871
-0.008821239
-0.004197385
0.00535205
0.01209139
0.01519646
0.01070969
0.0004038143
-0.01089146
-0.01620443
-0.01440902
-0.009075231
-0.003992357
-0.0003425814
0.007759496
0.01509964
0.01951033
0.02265828
0.0264682
0.03018633
0.02750906
0.0188903
0.004491185
-0.008894039
-0.01997304
-0.02278189
-0.01562124
-0.008435101
-0.002489276
0.0007331497
-0.002463282
-0.006826592
-0.00333794
-0.0008162468
-0.003832131
-0.006520594
-0.007851435
-0.008060274
-0.009442111
-0.01171441
-0.01326046
-0.01309087
-0.009974501
-0.00385525
0.001276643
0.002603938
0.003702756
0.006892574
0.006820435
0.004204418
0.004242442
0.001729448
-0.001202765
-0.002674336
-0.006879504
-0.01190781
-0.01225228
-0.008298463
-0.002406644
0.001816455
0.004756396
0.006150018
0.008039362
0.009879749
0.01016667
0.008210625
0.006497335
0.005353207
-0.0002432185
-0.004058723
-0.007276505
-0.01056365
-0.009551488
-0.006398346
-0.003548143
-0.002482939
-0.001319813
-0.004777286
-0.007748216
-0.007166486
-0.006746934
-0.002220861
-0.0004406267
0.00138449
0.006744927
0.01372309
0.02168147
0.02463062
0.02243083
0.02212416
0.0177181
0.01125266
0.002588116
-0.002719615
0.001698356
0.003013488
-0.002568619
-0.01284272
-0.01948664
-0.01811439
-0.01763361
-0.02196928
-0.02605911
-0.02724501
-0.02805045
-0.02847747
-0.026228
-0.02596549
-0.02825808
-0.03025794
-0.03135101
-0.0271207
-0.01876448
-0.01410373
-0.008808545
-0.004757751
-0.004393235
-0.003322879
-0.001899602
0.004267696
0.01153864
0.01640237
0.01944745
0.01877464
0.0155355
0.01224536
0.01144301
0.01467168
0.01839099
0.01935936
0.01960148
0.01877976
0.01669322
0.01206383
0.008025018
0.004686948
0.001494739
0.002667109
0.001554681
0.000819653
0.001269865
0.002237218
-0.000860128
-0.008209854
-0.01112258
-0.01256855
-0.01090453
-0.009474095
-0.0115647
-0.01686728
-0.01876306
-0.01531711
-0.008053291
-0.002246034
-0.002050817
-0.001600599
-0.001750141
-0.005730802
-0.01357216
-0.01781599
-0.02041965
-0.02381687
-0.02576569
-0.02292357
-0.01445819
-0.005480774
-1.01163e-05
0.0005931021
0.00212044
0.004012938
0.006455216
0.009984815
0.01457113
0.02027639
0.02339492
0.02188471
0.01985326
0.01872146
0.01812413
0.01688523
0.01445292
0.01120666
0.007151531
0.006297166
0.005859979
0.001982331
-0.001465896
0.0008335755
0.008183066
0.0124593
0.01070732
0.009328675
0.007368623
0.002973831
0.0006710574
-0.0002200368
0.0003495082
0.003238533
0.005966395
0.007567158
0.009704438
0.00899082
0.004454239
0.002028037
0.002178354
0.00487255
0.01080728
0.01578628
0.01737989
0.0179229
0.01957261
0.02221579
0.02490591
0.02595993
0.02598274
0.0270133
0.02612627
0.02045746
0.0146479
0.01315804
0.01284729
0.01195923
0.009713541
0.00873979
0.0100131
0.01029497
0.008182891
0.006017774
0.002985656
-0.003190104
-0.009534167
-0.01483579
-0.01934182
-0.02107752
-0.01889644
-0.01824841
-0.02010143
-0.02114151
-0.0189849
-0.01814002
-0.01804485
-0.01820467
-0.017268
-0.01558877
-0.01428082
-0.01572995
-0.01925272
-0.01842623
-0.01970806
-0.02367659
-0.0295974
-0.03228889
-0.03044853
-0.02683948
-0.02629249
-0.02888403
-0.03387336
-0.03730169
-0.03992787
-0.04033821
-0.04088651
-0.04264314
-0.03892578
-0.03327889
-0.02865626
-0.02213106
-0.01495389
-0.009461295
-0.006964251
-0.004948898
-0.001145016
0.002238637
0.004357764
0.003388595
0.002057576
0.0006531473
0.0007281148
0.002399567
0.0005362329
-0.002493214
-0.00371581
-0.00184407
0.002250741
0.003669016
0.001905248
-0.00330199
-0.004270666
-0.001528135
0.001546994
0.006014941
0.009569118
0.01333439
0.01565557
0.01621638
0.01843356
0.02083982
0.02239973
0.02346762
0.02336049
0.02307092
0.02394153
0.02506455
0.0244085
0.02483305
0.02819972
0.03410418
0.04133339
0.04337685
0.04228772
0.04162203
0.03955801
0.03672398
0.0343439
0.03335101
0.03146906
0.02713834
0.02187942
0.01649779
0.01293686
0.01351123
0.01484306
0.01481834
0.01429807
0.0145806
0.01424825
0.01088503
0.008471326
0.007598112
0.0056787
0.003903887
0.0002872094
-0.00321156
-0.004467225
-0.003781283
-0.001870998
-0.001064985
0.001203051
0.00324202
0.002756533
0.002338357
0.001149204
-3.094656e-05
-0.002702653
-0.0065514
-0.009705849
-0.01183777
-0.01274987
-0.01336561
-0.01290619
-0.01305983
-0.01377036
-0.01479783
-0.01636182
-0.01732163
-0.01827355
-0.01860376
-0.01818489
-0.01756906
-0.01645785
-0.01572733
-0.0157834
-0.014478
-0.01197055
-0.0114926
-0.01300913
-0.01382428
-0.01307765
-0.01237097
-0.01224079
-0.01169237
-0.01080303
-0.009954694
-0.009683182
-0.009506093
-0.008387295
-0.006688117
-0.005322811
-0.004543149
-0.004101626
-0.003442935
-0.002899802
-0.002813491
-0.002847236
-0.002848948
-0.002636661
-0.002127723
-0.001840324
-0.0015123
-0.001201772
-0.001327059
-0.001786511
-0.002133154
-0.002157445
-0.001879527
-0.001062866
-0.0003759274
0.0001932315
0.001249249
0.002169332
0.002523295
0.002770315
0.002862785
0.002886845
0.002869884
0.002634488
0.002604115
0.002649879
0.002622246
0.002577302
0.002856117
0.003215066
0.003469712
0.003674798
0.003475328
0.003236416
0.002976293
0.002918497
0.003009717
0.002937667
0.003010078
0.002974602
0.002878118
0.002669732
0.002313831
0.002113062
0.002046547
0.002084713
0.002188284
0.002262115
0.002200198
0.001974965
0.001734531
0.001570862
0.00150993
0.001452727
0.001266632
0.001063523
0.0008823326
0.0007335896
0.0006699888
0.0006137053
0.0005692654
0.0004637618
0.0003048092
0.000215941
0.000143078
7.188977e-05
-1.54911e-05
-0.0001017254
-0.0001536129
-0.0001491301
-0.0001169533
-0.0001048371
-0.0001271657
-0.0001850935
-0.0002616411
-0.0003396454
-0.0004007098
-0.0004326685
-0.0004490565
-0.0004483601
-0.0004122541
-0.0003772539
-0.0003771709
-0.0003843233
-0.0003852477
-0.0003738882
-0.0003547476
-0.0003435016
-0.0003319102
-0.0003163483
-0.0002976571
-0.0002813602
-0.0002738363
-0.0002648659
-0.0002524097
-0.0002336519
-0.0002123819
-0.0001938481
-0.0001776057
-0.0001630349
-0.0001493245
-0.0001372387
-0.0001261182
-0.0001158223
-0.000106636
-9.755051e-05
-8.837214e-05
-7.986593e-05
-7.212269e-05
-6.516229e-05
-5.874797e-05
-5.311517e-05
-4.811649e-05
-4.347605e-05
-3.921158e-05
-3.53447e-05
-3.184339e-05
-2.866644e-05
-2.577598e-05
-2.312862e-05
-2.066526e-05
-1.832352e-05
-1.604173e-05
-1.376088e-05
-1.142559e-05
