5.812491e-06
-3.577507e-05
-7.947346e-05
-0.0002989651
-0.0003948976
4.032644e-05
-3.09291e-05
-0.002612064
-0.007202377
-0.01030289
-0.009513127
-0.005885818
-0.001803175
0.001897967
0.005044448
0.006582017
0.005721972
0.003523256
0.001378284
-0.0004780584
-0.001916657
-0.002298219
-0.001816329
-0.001799461
-0.002970539
-0.00444847
-0.004963929
-0.004292053
-0.003101719
-0.00180798
-0.0004333298
0.0005802147
0.0002490926
-0.001210114
-0.001557002
0.001280895
0.006313572
0.01027364
0.01090176
0.008516129
0.004648847
0.0006828689
-0.002329855
-0.003784023
-0.004012411
-0.00374967
-0.003079322
-0.001571833
0.0004814846
0.00183413
0.00160819
0.0004183715
-8.691711e-05
0.001281076
0.004147734
0.006745168
0.007304667
0.005670815
0.003386953
0.002172945
0.002455471
0.003606343
0.004758643
0.005054426
0.003661142
0.0005810126
-0.002919533
-0.005266722
-0.005887928
-0.00527285
-0.004459117
-0.004682403
-0.00665421
-0.009417268
-0.01079821
-0.00960624
-0.006944965
-0.004867312
-0.004456597
-0.005322346
-0.006124969
-0.00503569
-0.0009953101
0.004838667
0.009463843
0.01064623
0.00861446
0.005194562
0.001960468
-0.0005914308
-0.002744921
-0.005086804
-0.00800915
-0.01126935
-0.01399426
-0.01519971
-0.01439311
-0.01193242
-0.009085642
-0.007339212
-0.00715764
-0.007410293
-0.006273286
-0.003030731
0.001334096
0.005196069
0.007819208
0.009488135
0.0107776
0.01206044
0.01357375
0.0150636
0.01537866
0.0133421
0.009472992
0.005836189
0.003520312
0.001336599
-0.00193604
-0.005053263
-0.005724431
-0.004045611
-0.002545152
-0.002767921
-0.003654468
-0.003774445
-0.003210451
-0.002431998
-0.001018524
0.001385363
0.003976688
0.005755244
0.006506776
0.006357533
0.005269376
0.003804714
0.003292531
0.004528359
0.006787948
0.008606583
0.009157524
0.008551725
0.007350984
0.005866029
0.003832838
0.0008971194
-0.002211107
-0.003768975
-0.002985012
-0.001306087
-0.0009950183
-0.002730105
-0.005383322
-0.007732135
-0.009369444
-0.009742221
-0.007820791
-0.00361433
0.0006729071
0.002482865
0.001559915
-0.000111617
-0.0007480586
0.0002355998
0.002921247
0.006680431
0.009306738
0.008551542
0.004796756
0.0006287316
-0.002203029
-0.003648004
-0.003735955
-0.002512972
-0.001152319
-0.0007994362
-0.00047266
0.001388442
0.003683625
0.003379176
-0.0003286278
-0.004618566
-0.006068945
-0.003482002
0.001797886
0.007050953
0.009897638
0.01015571
0.009551845
0.009571891
0.01021187
0.01076556
0.0104912
0.008971985
0.006980306
0.006453647
0.007765659
0.007935003
0.004118522
-0.001929348
-0.00561856
-0.004988273
-0.001496065
0.003184701
0.007995593
0.01128609
0.01199378
0.01140532
0.01095657
0.00925227
0.004319739
-0.002138287
-0.006026457
-0.005924519
-0.004183177
-0.003690662
-0.005477873
-0.008918663
-0.01278848
-0.01622315
-0.01899394
-0.02038599
-0.01846373
-0.01232468
-0.004575071
0.0006410735
0.002077104
0.001801315
0.001804438
0.00229828
0.003061855
0.004139728
0.004974178
0.004574486
0.002739142
7.453929e-05
-0.002993853
-0.006159606
-0.008513713
-0.008737186
-0.006201226
-0.001634162
0.002999392
0.005582161
0.005446491
0.003989184
0.002889818
0.002146869
0.0007733967
-0.0009302507
-0.001309699
0.0004448129
0.003297815
0.005691109
0.007172818
0.00857376
0.01090679
0.01363059
0.0140609
0.009462662
0.0004006125
-0.008767983
-0.01348564
-0.01262498
-0.008728218
-0.005677163
-0.005990272
-0.008961244
-0.01125967
-0.01010786
-0.005917295
-0.001382556
0.001441904
0.00247746
0.002685053
0.002886833
0.00309932
0.002476912
0.0005180463
-0.001471555
-0.001316889
0.001436289
0.005215369
0.008714519
0.01159415
0.01272403
0.01002943
0.003401004
-0.004089853
-0.009015033
-0.01064652
-0.0102162
-0.009124353
-0.008723611
-0.01015685
-0.01278211
-0.01417721
-0.01267102
-0.00890336
-0.004439289
-0.0001039971
0.003841901
0.007003096
0.00885132
0.008774396
0.006510852
0.003275555
0.001637036
0.002666986
0.004124531
0.003023336
-0.0006391569
-0.004153659
-0.005368662
-0.00450157
-0.003241659
-0.002990926
-0.003790162
-0.004454379
-0.003775336
-0.001399882
0.00231057
0.006326856
0.008417484
0.006186371
-0.0002674029
-0.00767286
-0.01256796
-0.01377745
-0.01150948
-0.006150035
0.0005412361
0.005274135
0.006518854
0.006716968
0.008736518
0.01126514
0.01036158
0.005183501
-0.0007907379
-0.003898753
-0.003133638
0.00106356
0.007695489
0.01449355
0.0186216
0.01889284
0.01615163
0.01215608
0.009072228
0.00815827
0.007297647
0.002019114
-0.008622766
-0.01941659
-0.02436869
-0.02271769
-0.01794208
-0.01375384
-0.01244345
-0.01425564
-0.01621263
-0.01367135
-0.004599182
0.008584147
0.02141422
0.02990186
0.03161507
0.02724628
0.02104699
0.01749812
0.01726354
0.01747461
0.01547785
0.01131914
0.00688693
0.003611664
0.001295402
-0.001104992
-0.003939507
-0.006401903
-0.007601704
-0.007842298
-0.008627455
-0.01129177
-0.01556061
-0.01990186
-0.02325085
-0.02540058
-0.02519563
-0.02016099
-0.009899026
0.00167264
0.009543715
0.01232311
0.01179688
0.009823468
0.007239208
0.004298739
0.0004495911
-0.005159806
-0.01209375
-0.01882843
-0.02447601
-0.02886927
-0.0310965
-0.03040918
-0.02817283
-0.02664929
-0.02626588
-0.02590694
-0.02507177
-0.02384804
-0.02202877
-0.01977508
-0.01818424
-0.01759074
-0.01670356
-0.01423774
-0.00997262
-0.003862303
0.003769634
0.01104771
0.01568464
0.01759467
0.0184992
0.01913042
0.01864804
0.01671961
0.013906
0.01039588
0.006203426
0.002494348
0.0006856671
0.000785441
0.00163083
0.00242114
0.002825667
0.002659726
0.00186519
0.0002237651
-0.003426512
-0.009868813
-0.01720995
-0.02164297
-0.02143291
-0.01837563
-0.01484618
-0.01151355
-0.008346018
-0.005859704
-0.004188911
-0.002842716
-0.001672229
-0.0007995697
0.0008151761
0.004429688
0.009091303
0.01199838
0.01196368
0.01050741
0.0095025
0.009240904
0.009035806
0.008017328
0.005557283
0.002124671
-0.0004078086
-0.00068471
0.0004866755
0.001177621
0.0004494446
-0.001459682
-0.003622459
-0.004739345
-0.003917113
-0.001732449
0.0006385287
0.002897636
0.005458499
0.00825697
0.01097712
0.01362038
0.01598524
0.01765869
0.01924749
0.02185405
0.0244555
0.02416586
0.0201948
0.01530492
0.01207116
0.01009073
0.007965683
0.006031543
0.005750778
0.007713334
0.01102578
0.01379754
0.01429925
0.01261761
0.01121946
0.01274403
0.01745439
0.0232702
0.02761038
0.02868624
0.02647635
0.02340474
0.02257564
0.02438064
0.02591846
0.02440406
0.01979156
0.01370038
0.007291325
0.001169137
-0.00413355
-0.008735444
-0.01353507
-0.01851775
-0.02205539
-0.02279986
-0.02160469
-0.02043195
-0.01984865
-0.01817725
-0.01317318
-0.004265792
0.006380635
0.01472092
0.01730606
0.01386937
0.007504781
0.001935624
-0.001197983
-0.002010765
-0.0008613115
0.00130758
0.002231285
0.0003194198
-0.003128831
-0.005618954
-0.007072773
-0.009772971
-0.01500499
-0.0215051
-0.02713331
-0.03034972
-0.03034668
-0.02727816
-0.02250661
-0.01782989
-0.01471854
-0.01382421
-0.01435349
-0.0140955
-0.01164191
-0.007847822
-0.004176614
-0.0006609437
0.002643469
0.004189345
0.003160573
0.001691969
0.002369296
0.004693675
0.006200597
0.005814799
0.004466224
0.003457643
0.003646902
0.005016153
0.005896927
0.004055592
-0.0003993567
-0.004457181
-0.005694803
-0.004993001
-0.004942535
-0.006841794
-0.009914414
-0.01229184
-0.01200836
-0.008325833
-0.002852155
0.001686991
0.004419694
0.00702676
0.01097443
0.01555427
0.01949266
0.02287221
0.02596113
0.02722361
0.02455177
0.01805674
0.01054908
0.005182768
0.003651959
0.00586855
0.01034407
0.01457615
0.01636586
0.01508296
0.01182882
0.008456488
0.006770265
0.00783348
0.01114757
0.01445063
0.01510328
0.01215303
0.006716151
0.0008568594
-0.003168228
-0.002986309
0.002407215
0.01061412
0.01696328
0.01894165
0.01843277
0.01835934
0.01842562
0.01571808
0.008898567
-3.103368e-05
-0.008001108
-0.01342127
-0.01587895
-0.01455223
-0.008582118
0.0004463541
0.007575112
0.008006472
0.001690329
-0.00647713
-0.01128185
-0.01095145
-0.00727983
-0.004064462
-0.005007056
-0.01050176
-0.01607387
-0.01589236
-0.008136301
0.003826877
0.01471439
0.02046596
0.01954611
0.01357526
0.006523752
0.001731984
-0.0002335055
-0.0006960168
-0.001452929
-0.004411739
-0.01023675
-0.01666242
-0.02025615
-0.02033264
-0.01900285
-0.01742423
-0.01454131
-0.01008068
-0.006085483
-0.004630667
-0.005871752
-0.008965988
-0.01297497
-0.01642593
-0.01794746
-0.0179291
-0.01798928
-0.01827177
-0.01676964
-0.01197155
-0.0051126
0.0005492731
0.002086345
-0.001224391
-0.007042978
-0.01102524
-0.009862389
-0.003812427
0.003693787
0.008619438
0.00868796
0.00470274
-0.0001597694
-0.003333476
-0.005356631
-0.008414052
-0.01298228
-0.01712975
-0.01846262
-0.01560212
-0.008729199
-0.0003543123
0.005251107
0.004970252
-0.0009145191
-0.009525478
-0.01725422
-0.02138334
-0.02190547
-0.02170254
-0.02329748
-0.02616309
-0.02837908
-0.02928567
-0.02886247
-0.02660977
-0.02305991
-0.02015659
-0.01844234
-0.01626205
-0.01296611
-0.01008462
-0.008207711
-0.006084017
-0.003644189
-0.002631752
-0.002894964
-0.001623095
0.002764418
0.008728313
0.01452415
0.01984129
0.02429469
0.02738972
0.03036444
0.0346414
0.03823002
0.03714394
0.03119452
0.02514617
0.02281087
0.02262729
0.02069786
0.01600481
0.01115675
0.009289118
0.01114859
0.01465358
0.01697256
0.01719895
0.01639943
0.01532866
0.01362867
0.01162989
0.01086098
0.011636
0.01228051
0.01166762
0.01084668
0.01093846
0.01151871
0.01158601
0.01061518
0.008317498
0.00556367
0.004808312
0.007135659
0.008869492
0.004290455
-0.007208528
-0.01903914
-0.02358024
-0.01923087
-0.01057495
-0.00369702
-0.001700594
-0.003766373
-0.006850508
-0.008181839
-0.00729616
-0.006432302
-0.008615051
-0.01426354
-0.02070347
-0.0251997
-0.02748708
-0.02817952
-0.02695577
-0.02403409
-0.02166923
-0.02162742
-0.02255032
-0.02228212
-0.02107164
-0.0200488
-0.01831109
-0.01457868
-0.009983642
-0.006329554
-0.0031926
7.77659e-05
0.001085492
-0.0026923
-0.008501704
-0.009693731
-0.003118371
0.007980954
0.01829912
0.02458915
0.0248288
0.01767705
0.005521126
-0.005141227
-0.009445123
-0.008682225
-0.006947166
-0.005902297
-0.004704256
-0.002839889
-0.0001590824
0.00398644
0.009178566
0.01309005
0.01412411
0.01307271
0.01128299
0.01004487
0.0116185
0.01666847
0.02001233
0.01428828
-0.0002884548
-0.01451551
-0.02054957
-0.01934929
-0.01619
-0.01388835
-0.01215879
-0.01007537
-0.006910069
-0.003009601
-0.0003932342
-0.0007587352
-0.00299298
-0.0048084
-0.005988494
-0.007826654
-0.01031299
-0.01204663
-0.01192833
-0.009620149
-0.005529898
-0.001406709
0.0004660326
-0.0007391377
-0.004274953
-0.0090454
-0.01332442
-0.01397198
-0.008538872
0.001427781
0.01045592
0.01332866
0.009068818
0.001585543
-0.003122084
-0.001771993
0.003273694
0.006667841
0.006024256
0.004006003
0.004508961
0.008338249
0.01312369
0.01597602
0.01530297
0.01129522
0.00581388
0.001291548
-0.0009524144
-0.0007429601
0.003002645
0.01229869
0.02624526
0.03850408
0.04195299
0.03629522
0.02869478
0.02627177
0.02984305
0.03555997
0.03962993
0.04041924
0.03791669
0.03327056
0.02811555
0.02360505
0.02008272
0.01754142
0.01528464
0.01141864
0.00447065
-0.003889128
-0.009315498
-0.008909521
-0.004394222
-0.0008376733
-0.002281431
-0.008438169
-0.01522727
-0.01856197
-0.01756564
-0.01478469
-0.01334679
-0.01414119
-0.01521095
-0.01386993
-0.009127934
-0.002986589
0.0009166051
0.0009570315
-2.006964e-06
0.00246651
0.00866486
0.01356941
0.0122029
0.004662114
-0.005195012
-0.01418603
-0.02100125
-0.02477547
-0.02498656
-0.02233002
-0.01857415
-0.01557599
-0.01431961
-0.01394942
-0.01239221
-0.008801041
-0.004782988
-0.002042214
-0.000289142
0.001060892
0.001029995
-0.00108432
-0.003660699
-0.004596858
-0.003288064
0.000624034
0.008258037
0.0189468
0.02879689
0.03385706
0.03278732
0.02591194
0.01497578
0.005320164
0.003380538
0.009302019
0.01473717
0.01165946
0.001291525
-0.008364806
-0.01203419
-0.0108808
-0.008773422
-0.008882229
-0.01311922
-0.02100623
-0.02823955
-0.02904721
-0.02132031
-0.008683961
0.002409863
0.006788207
0.002704283
-0.007176093
-0.01676288
-0.02060439
-0.01835679
-0.01392276
-0.01089706
-0.01039941
-0.01277753
-0.0182038
-0.02490071
-0.02913078
-0.02849647
-0.02419807
-0.01935206
-0.01638652
-0.01626414
-0.01868103
-0.02190558
-0.02321804
-0.02054518
-0.01405323
-0.00600917
0.0009138615
0.005197039
0.00688805
0.007219993
0.00822265
0.01173407
0.01765495
0.02323622
0.02538084
0.02374103
0.02088768
0.01982303
0.02218588
0.02799253
0.0353258
0.04069395
0.04161686
0.03939781
0.03809453
0.04041454
0.0450719
0.04801704
0.04585
0.03830055
0.02788346
0.01742151
0.008482393
0.001972404
-0.001265405
-0.001729096
-0.00169452
-0.002556537
-0.002456491
0.001299479
0.008251146
0.01503016
0.01885538
0.01872893
0.01475178
0.008962269
0.006058337
0.00979116
0.01829555
0.02526067
0.02596638
0.02048709
0.01148444
0.001380628
-0.008424385
-0.0176008
-0.02614761
-0.03253144
-0.03373581
-0.02917737
-0.02336255
-0.02211433
-0.02632501
-0.03157384
-0.03393667
-0.03372352
-0.03340943
-0.03390911
-0.03378062
-0.03033782
-0.02155748
-0.008312618
0.004784879
0.01246457
0.01320392
0.0101051
0.007260938
0.006190986
0.005209655
0.001263607
-0.007090048
-0.01758637
-0.02588944
-0.02964531
-0.02998285
-0.02940768
-0.0296718
-0.03088125
-0.03037135
-0.02367545
-0.009956495
0.004627439
0.01293583
0.01480816
0.01481836
0.01455934
0.0124637
0.00955385
0.009041212
0.01065156
0.01065564
0.007875413
0.00477385
0.002689929
0.0004966349
-0.002142814
-0.004556533
-0.007401112
-0.01117889
-0.01276465
-0.007596585
0.00447134
0.01823781
0.02843158
0.03353969
0.0346125
0.03295333
0.0298899
0.02725376
0.02688461
0.02911183
0.03152668
0.03022748
0.0237896
0.01536517
0.009551898
0.007683967
0.007219361
0.004708048
-0.001602775
-0.01111653
-0.02128683
-0.02907594
-0.03299598
-0.03444508
-0.03618687
-0.03926763
-0.04108079
-0.03724129
-0.02643873
-0.01341608
-0.005451454
-0.005337742
-0.009366391
-0.01189453
-0.01062183
-0.00765354
-0.007533707
-0.01365974
-0.02455409
-0.0333436
-0.03269501
-0.02166502
-0.00719387
0.001419333
0.0005276624
-0.005552302
-0.009213013
-0.006903501
-0.001497007
0.001709304
0.0006642672
-0.002410914
-0.004505746
-0.004918955
-0.005251805
-0.00700919
-0.009644101
-0.01088272
-0.009415143
-0.006323253
-0.003234829
-2.45862e-05
0.003984643
0.007322098
0.007413886
0.004181995
0.0001220194
-0.00344332
-0.006915677
-0.008851831
-0.005808686
0.002707945
0.01260098
0.0203901
0.02666994
0.03281312
0.03793244
0.04086433
0.04126206
0.03733692
0.0272074
0.01422149
0.005688454
0.00407751
0.003321348
-0.003972444
-0.01912439
-0.03688697
-0.04788737
-0.04286289
-0.02085492
0.005943473
0.0219189
0.0223768
0.01495788
0.008410771
0.006204886
0.008105465
0.01119491
0.01014362
0.002546342
-0.006938965
-0.01185116
-0.01110976
-0.007346342
-0.001954432
0.004336215
0.009570163
0.01346707
0.0180612
0.02247586
0.02100738
0.01050361
-0.004483937
-0.01693671
-0.02502665
-0.03153797
-0.03913943
-0.04831033
-0.05788099
-0.06580266
-0.07048856
-0.07117385
-0.06637066
-0.05427398
-0.03649811
-0.01874877
-0.004785367
0.007696898
0.02265041
0.03935039
0.05324393
0.06029473
0.05850808
0.04814199
0.03352237
0.02165006
0.01612182
0.01433618
0.01194684
0.007407996
0.0008627464
-0.007855805
-0.01796746
-0.026501
-0.03030172
-0.02814589
-0.02040166
-0.008632317
0.004181174
0.01492981
0.02265978
0.02831959
0.03256903
0.03504304
0.03516645
0.03272406
0.02828801
0.02387338
0.02217953
0.02426806
0.02866537
0.03314937
0.03664826
0.03892239
0.03981267
0.03964645
0.0397933
0.04176456
0.04562241
0.04873072
0.04629141
0.03444255
0.01418659
-0.008577115
-0.02758985
-0.04019131
-0.04649662
-0.04691474
-0.04257044
-0.0367699
-0.03328427
-0.0331058
-0.03436115
-0.03475987
-0.03294873
-0.02882777
-0.02463135
-0.02464052
-0.03115285
-0.04062052
-0.04571025
-0.04180141
-0.03081221
-0.01924581
-0.01308835
-0.01381748
-0.01768653
-0.01846972
-0.01230001
-0.0009281703
0.01038306
0.01847811
0.02391153
0.02735637
0.02824665
0.02835985
0.03183834
0.03803048
0.038624
0.02768275
0.01089712
-0.0009901013
-0.004792845
-0.004416331
-0.002742449
-0.0005599594
0.0002507272
-0.0004325083
0.001992853
0.01137957
0.02468368
0.03523131
0.03920134
0.03604613
0.02682933
0.01521299
0.006056258
0.001028937
-0.001684087
-0.003797374
-0.006969913
-0.01425565
-0.02660828
-0.03965538
-0.04809306
-0.05058439
-0.04721909
-0.03707223
-0.02242303
-0.01067817
-0.007195292
-0.009611761
-0.01229449
-0.01269424
-0.01096467
-0.007983537
-0.006009021
-0.007311785
-0.01037317
-0.01118287
-0.009118915
-0.007970935
-0.01057913
-0.01547306
-0.01899946
-0.01837636
-0.0129817
-0.004709914
0.002988444
0.007628367
0.009391889
0.01055088
0.01355314
0.01876526
0.0235348
0.02499106
0.02394478
0.02403657
0.0274967
0.03431499
0.0437123
0.05174108
0.04940272
0.03080187
0.002686233
-0.02088075
-0.03329253
-0.03732781
-0.03533514
-0.0264365
-0.01353317
-0.003242313
0.002659185
0.009045489
0.01921111
0.03020031
0.03706143
0.03697679
0.02978325
0.01843408
0.008870971
0.005790825
0.00889006
0.01428156
0.01867174
0.02154244
0.02476497
0.03070828
0.03991796
0.05048293
0.05887066
0.06076747
0.05193411
0.03165776
0.005502864
-0.01744379
-0.0312486
-0.03589064
-0.03495855
-0.03211028
-0.02949963
-0.02866849
-0.03183185
-0.03953835
-0.04557342
-0.03958116
-0.01959645
0.002013904
0.01158143
0.008883901
0.003420318
0.001997116
0.006350787
0.01645604
0.02777871
0.02988458
0.01646117
-0.006027402
-0.02512967
-0.03461875
-0.03471256
-0.02730688
-0.01674803
-0.01027749
-0.01100561
-0.01434539
-0.01466457
-0.01150119
-0.006205959
0.00237543
0.01487554
0.02794102
0.03734139
0.04160104
0.04038751
0.03274016
0.01937386
0.004659213
-0.005276327
-0.005680152
0.00523593
0.02495111
0.04615447
0.05970843
0.06069252
0.05203457
0.04204784
0.03686429
0.03443925
0.02692957
0.009890832
-0.01271247
-0.03349463
-0.04797147
-0.05453275
-0.05198736
-0.04186599
-0.03000794
-0.02212092
-0.01860469
-0.0173014
-0.01837828
-0.02313863
-0.02975191
-0.03440415
-0.03601337
-0.03719936
-0.04046878
-0.04483549
-0.04657726
-0.04311407
-0.03604288
-0.02951421
-0.02567268
-0.02343628
-0.02181584
-0.02197593
-0.0251913
-0.03086027
-0.03661694
-0.03839747
-0.0319718
-0.0180905
-0.00487929
-0.0005996862
-0.004946067
-0.01106414
-0.01389607
-0.01202782
-0.004269096
0.009199913
0.02407868
0.03585616
0.04533812
0.05544011
0.06448662
0.06742973
0.06246237
0.05288253
0.04344852
0.03779281
0.03718095
0.03931741
0.03965088
0.0358573
0.02950712
0.02324769
0.01867295
0.01696278
0.01886979
0.02345985
0.02826508
0.03063711
0.02792041
0.01770933
6.417147e-05
-0.02085684
-0.03901
-0.04999816
-0.05240892
-0.04785455
-0.04048457
-0.03484617
-0.0325649
-0.03150024
-0.02814208
-0.02088835
-0.01136968
-0.003332656
0.0005562998
0.001653393
0.004191542
0.009871239
0.01459509
0.01205787
-1.683478e-06
-0.01810119
-0.03608915
-0.04835816
-0.05096165
-0.04255149
-0.02599223
-0.008284999
0.002823312
0.00314129
-0.005962718
-0.01899136
-0.02987041
-0.03528035
-0.03553121
-0.03310003
-0.03007229
-0.02667843
-0.02228928
-0.01772471
-0.01522012
-0.01538226
-0.01505082
-0.009906302
0.001436763
0.01690618
0.03334102
0.04702347
0.05341753
0.04919767
0.03521849
0.01583852
-0.00358478
-0.0178235
-0.02195362
-0.01415532
0.001578729
0.01627199
0.02049697
0.009899276
-0.01115915
-0.03217179
-0.04502616
-0.04898086
-0.04611628
-0.03614686
-0.01986703
-0.002935955
0.01002
0.02136388
0.03496475
0.04916117
0.06051545
0.06855646
0.07083467
0.05924789
0.03004128
-0.007262498
-0.03772639
-0.05496787
-0.06097235
-0.05823421
-0.04790176
-0.03149036
-0.009668816
0.01664957
0.04251742
0.06139771
0.0714793
0.07414094
0.06774486
0.05054622
0.02846995
0.01077263
-0.001137315
-0.01320145
-0.02802502
-0.0423336
-0.05252224
-0.05547247
-0.04633418
-0.02431397
0.001069469
0.0168649
0.01850371
0.01028732
-0.001985869
-0.01388868
-0.02139937
-0.02185623
-0.0157212
-0.005242809
0.007219061
0.01905753
0.02762373
0.03149993
0.03034453
0.02430742
0.01446346
0.002644985
-0.009009401
-0.01604233
-0.01146043
0.00765165
0.03400154
0.05582594
0.06779822
0.07167341
0.06925245
0.06112886
0.05006728
0.03942177
0.02997348
0.02234244
0.01957169
0.02307976
0.02909038
0.0323435
0.03120339
0.02721808
0.02281671
0.02061805
0.0218265
0.02452384
0.0256395
0.02384673
0.01885387
0.010303
-0.00108992
-0.01357216
-0.0255689
-0.03355889
-0.03050667
-0.01262985
0.0122488
0.02920476
0.02956373
0.01549378
-0.005802457
-0.02646827
-0.03999467
-0.04609807
-0.05253697
-0.06597873
-0.08296832
-0.09437461
-0.09700461
-0.0947468
-0.08972538
-0.07833642
-0.05703517
-0.02923381
-0.003398197
0.01441397
0.02515536
0.03263548
0.03751822
0.03686659
0.0290785
0.01574687
-0.0003647819
-0.01666388
-0.02985477
-0.03726349
-0.03887168
-0.03692185
-0.03413171
-0.03328528
-0.03684024
-0.04493833
-0.05482411
-0.06314758
-0.06882573
-0.07290893
-0.07643942
-0.07889504
-0.07947121
-0.07935903
-0.08062458
-0.08101514
-0.07390112
-0.05624967
-0.03343099
-0.01194924
0.00839536
0.03011075
0.05020458
0.06270408
0.06753378
0.07038612
0.07578181
0.0830437
0.08810592
0.08613672
0.07533517
0.05968966
0.04600315
0.03680777
0.02879023
0.01863625
0.007850416
0.0006664952
-0.0009095217
0.001054804
0.002957524
0.003206054
0.002464781
0.0007485539
-0.0034938
-0.01045402
-0.01732022
-0.02123414
-0.02132183
-0.01713052
-0.008327018
0.002386328
0.01012313
0.01281343
0.01256257
0.01154585
0.01045572
0.01064337
0.01370374
0.01859871
0.0230103
0.02677944
0.03086061
0.03411781
0.03497342
0.03460631
0.03533647
0.03717617
0.03824186
0.03648682
0.02958289
0.01685089
0.002621652
-0.005842852
-0.005683044
-0.0003287537
0.005619133
0.009528992
0.009088351
0.003115892
-0.004872373
-0.007965676
-0.002209499
0.01029275
0.02457075
0.03689281
0.04608515
0.05284836
0.05851735
0.06361729
0.06720388
0.06690611
0.0598329
0.04560794
0.02895589
0.0166002
0.01052128
0.007165381
0.00298244
-0.00280401
-0.01038018
-0.0188862
-0.02349153
-0.01892187
-0.007145296
0.003011146
0.005345132
0.001130577
-0.00549536
-0.01251963
-0.019859
-0.02792854
-0.0367772
-0.04412576
-0.0455463
-0.03940211
-0.03042392
-0.02569721
-0.02767559
-0.03291013
-0.03610307
-0.0338677
-0.02624174
-0.01647017
-0.008583664
-0.004545211
-0.004812999
-0.01035755
-0.02126108
-0.03367796
-0.04214215
-0.04516174
-0.0452637
-0.04365142
-0.03924289
-0.03328224
-0.03029019
-0.03272645
-0.03825163
-0.04324652
-0.04600198
-0.04599075
-0.04318939
-0.03868093
-0.03282022
-0.02346471
-0.009329998
0.005944738
0.01687693
0.02194628
0.02257856
0.01876559
0.01032994
0.001194624
-0.002908674
-0.0008398112
0.003735843
0.008148047
0.01345256
0.02139771
0.03103568
0.03842097
0.03914707
0.03175261
0.0192827
0.006977384
-0.001025057
-0.002291826
0.004497697
0.01764598
0.03134781
0.03957236
0.04126929
0.04000476
0.03914714
0.03898704
0.03877288
0.03974576
0.04426239
0.05213921
0.06050043
0.06811923
0.07658957
0.08478761
0.08568911
0.07389226
0.05445518
0.03817434
0.02928692
0.02371381
0.01805606
0.01273177
0.007081566
-0.001973497
-0.01492373
-0.0280769
-0.03771078
-0.04284743
-0.04446072
-0.04472382
-0.04615661
-0.04900486
-0.05104953
-0.0510077
-0.04941377
-0.04518575
-0.03570991
-0.02245068
-0.01219776
-0.01028771
-0.01583838
-0.02479004
-0.03387019
-0.04096481
-0.04508882
-0.04686731
-0.04681837
-0.04371719
-0.03689892
-0.02848875
-0.01968904
-0.007223086
0.01251269
0.03622267
0.05537117
0.06334282
0.05915661
0.0457077
0.02910461
0.01705995
0.01386089
0.01648786
0.01848562
0.01683663
0.0129686
0.008398953
0.002735793
-0.004021392
-0.01019475
-0.01439626
-0.0174454
-0.02124206
-0.02653472
-0.0327034
-0.03940234
-0.0465031
-0.05192324
-0.05189876
-0.04532421
-0.03602072
-0.02788794
-0.01949817
-0.006440754
0.01145533
0.02850409
0.03849083
0.03923937
0.03197035
0.0190344
0.003490138
-0.01086771
-0.02041797
-0.02309898
-0.01887503
-0.009971189
-0.0009746213
0.002363921
-0.003808622
-0.01770736
-0.03229229
-0.0404577
-0.0400355
-0.0321179
-0.01756559
0.002834996
0.02501346
0.04206222
0.04888865
0.04633104
0.0389835
0.03020928
0.0199523
0.007398358
-0.006480079
-0.01934098
-0.028827
-0.03262467
-0.02973359
-0.02355674
-0.02068605
-0.02441743
-0.03158549
-0.03731769
-0.0394266
-0.03764198
-0.03269296
-0.02697911
-0.02154365
-0.0129071
0.002102692
0.01942516
0.0312934
0.0349167
0.03238356
0.02511964
0.01497382
0.007289441
0.007074067
0.01381229
0.02522368
0.04114455
0.06003604
0.07543784
0.08140053
0.07680233
0.06304749
0.04258858
0.02190941
0.009597971
0.008377498
0.01293328
0.01772322
0.02232346
0.02701039
0.02771303
0.01930593
0.002408116
-0.01605099
-0.02858719
-0.03210237
-0.02723801
-0.01650988
-0.004520887
0.002098024
-0.001279395
-0.01290288
-0.02590309
-0.03400527
-0.03461305
-0.02829447
-0.01763365
-0.006141396
0.004016674
0.01230925
0.01704819
0.0144141
0.003404919
-0.009959652
-0.01721245
-0.01551247
-0.008566617
-0.000717063
0.006502021
0.01237149
0.01473229
0.01148837
0.002512638
-0.01028402
-0.02304864
-0.03000153
-0.02648837
-0.01372271
0.000534723
0.007879883
0.006062018
-0.0006098333
-0.006483765
-0.008462958
-0.006398608
-0.001355876
0.006378372
0.0182404
0.03489347
0.05324449
0.06753981
0.07432546
0.07448353
0.06977315
0.06029222
0.04628345
0.02979254
0.01275399
-0.003753559
-0.01818319
-0.02882872
-0.03620481
-0.0422613
-0.04703899
-0.04797005
-0.04285175
-0.0321277
-0.01876241
-0.006661041
0.001504064
0.00568926
0.007046084
0.005554142
0.0005506157
-0.006463292
-0.01201754
-0.01405711
-0.01346155
-0.01210728
-0.01109055
-0.01067652
-0.01064898
-0.01070507
-0.01090189
-0.01164938
-0.0135472
-0.01761206
-0.02497387
-0.03509115
-0.04528184
-0.05314233
-0.0587848
-0.06314845
-0.06594368
-0.06641482
-0.06518291
-0.06386433
-0.06332793
-0.06252841
-0.05869199
-0.04976378
-0.03724388
-0.02542459
-0.01624654
-0.007618857
0.002465888
0.01289991
0.02261743
0.03228397
0.04131925
0.04661499
0.0471983
0.04592154
0.04392174
0.03767454
0.02428275
0.006555746
-0.01026548
-0.02255592
-0.02826263
-0.02597219
-0.01755184
-0.008318507
-0.002296478
0.001144681
0.004526081
0.008705768
0.01348733
0.0187127
0.0231457
0.02420424
0.02082162
0.01522403
0.01085629
0.009673245
0.01163847
0.014913
0.01631112
0.01413491
0.01084712
0.01049632
0.01313552
0.01479369
0.01328135
0.01060339
0.008649084
0.005596362
-0.001521729
-0.01224485
-0.02217653
-0.02617
-0.02184
-0.01107006
0.0007064821
0.007714967
0.007000813
-2.318005e-05
-0.008544261
-0.01350225
-0.01385101
-0.01287916
-0.01353692
-0.0145924
-0.01316878
-0.008893737
-0.003286661
0.003360188
0.01113573
0.01813043
0.02238905
0.02590526
0.03234315
0.04107047
0.04685162
0.04653957
0.04208821
0.03699541
0.03303559
0.03178942
0.0346907
0.03881776
0.03583592
0.02023322
-0.002031816
-0.01784347
-0.02072028
-0.01697869
-0.01674618
-0.02303417
-0.03170743
-0.03845737
-0.0411496
-0.03815858
-0.02978616
-0.02068458
-0.01601193
-0.01527361
-0.0134176
-0.007074448
0.0032321
0.01542392
0.02694544
0.03531175
0.04020365
0.04313553
0.04304681
0.03618773
0.0224747
0.007893322
-0.002233438
-0.007487161
-0.007723343
0.0003703435
0.01777757
0.03825993
0.05306413
0.05872597
0.05835783
0.05645798
0.05391361
0.04746857
0.03447245
0.01775717
0.003625208
-0.004630249
-0.008155948
-0.007817586
-0.003790868
-0.0002149559
-0.003993807
-0.01619552
-0.02976273
-0.03806683
-0.04078354
-0.03899075
-0.03026344
-0.01378068
0.003219522
0.009526986
-0.0001071475
-0.02073969
-0.0410028
-0.04958632
-0.04160651
-0.02142804
0.0003214695
0.01460397
0.01868922
0.01461008
0.005928255
-0.002986084
-0.007791512
-0.007066447
-0.002033917
0.005512787
0.01395945
0.02027599
0.02228395
0.02147117
0.02186889
0.02494761
0.02809568
0.02830576
0.02605917
0.02477424
0.02667002
0.02861373
0.02315176
0.005816556
-0.0182219
-0.03846664
-0.04927941
-0.05327594
-0.05452722
-0.05406221
-0.0523347
-0.05153723
-0.05276403
-0.05476077
-0.05701857
-0.06023395
-0.06170652
-0.05469448
-0.03555315
-0.0100557
0.009708627
0.01425411
0.003094202
-0.0156633
-0.0312099
-0.03711547
-0.03394905
-0.02487196
-0.01190337
0.002630591
0.01446518
0.02093367
0.02350046
0.02484759
0.02535442
0.02416841
0.02165464
0.01889307
0.01645067
0.01474763
0.01381351
0.01175967
0.005459844
-0.005904935
-0.01892054
-0.02790076
-0.02881143
-0.02211349
-0.0123715
-0.004386393
0.0003390791
0.002915866
0.004542519
0.006185694
0.009214959
0.01403476
0.01904801
0.02288036
0.02618649
0.02975777
0.03317711
0.03732253
0.04471086
0.05463947
0.06101618
0.05849016
0.04879304
0.03853299
0.03243467
0.03113445
0.03327396
0.0365495
0.03834329
0.03817503
0.03848401
0.04147504
0.04640976
0.05076934
0.05240303
0.05046034
0.04596411
0.04223068
0.04267326
0.04684723
0.04964756
0.04491983
0.02973525
0.006557493
-0.01704021
-0.03279382
-0.03835982
-0.03866167
-0.03938164
-0.04106735
-0.04110407
-0.03820789
-0.03224011
-0.02288768
-0.01246958
-0.007230744
-0.01144062
-0.02166702
-0.03075737
-0.03567478
-0.0380264
-0.03851081
-0.03564929
-0.02949083
-0.02307027
-0.018881
-0.01610618
-0.0120097
-0.004998186
0.004322941
0.01408757
0.02249874
0.02826256
0.03051525
0.02910183
0.02537757
0.02180221
0.02005021
0.01906204
0.01556111
0.006893359
-0.00589188
-0.01821006
-0.02575544
-0.02867611
-0.03096858
-0.03626841
-0.04498042
-0.05483767
-0.06207099
-0.06220153
-0.05261454
-0.0361787
-0.02083401
-0.01328762
-0.01348648
-0.01639185
-0.01792153
-0.01756054
-0.01590135
-0.0124035
-0.006829464
-0.001178235
0.002173484
0.004062934
0.007693053
0.01393851
0.01983388
0.02292483
0.02370803
0.02209982
0.01496541
0.0007277504
-0.0161686
-0.0292249
-0.03627875
-0.03906888
-0.03854268
-0.035363
-0.03238117
-0.03276664
-0.03632162
-0.04045786
-0.04276768
-0.04057107
-0.03115236
-0.01543137
0.0007141771
0.01178766
0.01684987
0.01737811
0.01487352
0.0125382
0.01491226
0.02305522
0.03274826
0.03891183
0.03942273
0.03403012
0.02343863
0.01081065
0.001054674
-0.003434319
-0.004349173
-0.004378446
-0.004712738
-0.005364589
-0.005649727
-0.004110267
0.0002668837
0.00655462
0.01250138
0.01666209
0.01944304
0.0219262
0.02405449
0.02402083
0.02034756
0.01457762
0.01047808
0.009696716
0.009709662
0.006864559
-0.0001024264
-0.01016085
-0.02136573
-0.03104858
-0.03693886
-0.03930171
-0.0402807
-0.04121483
-0.04240697
-0.0447178
-0.04839719
-0.05113226
-0.04969538
-0.04347675
-0.03415084
-0.0234839
-0.01382656
-0.008860625
-0.01040519
-0.01567239
-0.01987085
-0.01908663
-0.01049598
0.006739375
0.02765514
0.04309262
0.04760413
0.04482419
0.04198002
0.04203711
0.04288352
0.04227063
0.04006075
0.03580722
0.02708399
0.0125592
-0.003995573
-0.01598151
-0.020079
-0.01774983
-0.01104578
-0.001927486
0.004485416
0.001797157
-0.009626569
-0.0220299
-0.02917146
-0.03132219
-0.03003523
-0.02497812
-0.01774073
-0.01317822
-0.0134444
-0.01531774
-0.01525248
-0.01351988
-0.01147115
-0.008512248
-0.003483803
0.00351874
0.01202464
0.02211132
0.03305666
0.04229487
0.04634951
0.04334115
0.03461995
0.02432522
0.01618938
0.01107413
0.007521815
0.004322644
0.001470709
-0.0005658895
-0.001545726
-0.0008278573
0.002498007
0.008242135
0.01437816
0.01899166
0.02188886
0.02386723
0.02517254
0.02605567
0.02740687
0.02888352
0.02778214
0.02212947
0.01387737
0.006332084
-0.0003246444
-0.007903196
-0.0157535
-0.02104211
-0.02315205
-0.02410046
-0.02525689
-0.02657956
-0.02807866
-0.02902503
-0.02640725
-0.0178319
-0.005592052
0.004433742
0.008528471
0.00740517
0.003802775
-7.524024e-06
-0.002412824
-0.002035921
0.001905433
0.008561451
0.01459102
0.01541499
0.009103237
-0.001088696
-0.009635411
-0.01491546
-0.01958505
-0.02499501
-0.02784532
-0.02386409
-0.01267707
0.001649965
0.01320502
0.01704756
0.01146729
-0.0001374671
-0.01090678
-0.01563246
-0.01422109
-0.009870402
-0.005847771
-0.004220104
-0.005249177
-0.006884206
-0.006424394
-0.003551978
-0.0006450936
-1.299909e-05
-0.001930754
-0.005642673
-0.01016634
-0.0137001
-0.01403766
-0.01046639
-0.003931524
0.004253455
0.01290295
0.020793
0.02758985
0.03413583
0.0408562
0.04642523
0.04899099
0.04776827
0.04298241
0.03603461
0.02981087
0.02659752
0.02521774
0.02255202
0.01774169
0.01237354
0.00704801
0.0007339476
-0.006843199
-0.01483739
-0.02225225
-0.02678928
-0.02436832
-0.01389209
-0.0008409735
0.00732775
0.00916019
0.008747779
0.009578383
0.01197058
0.01547353
0.01942212
0.02159221
0.01984429
0.01515838
0.01089771
0.009233412
0.01072331
0.01588544
0.02403147
0.03140143
0.03342774
0.02909568
0.02069877
0.01054478
0.0003740695
-0.006805035
-0.008269353
-0.005175748
-0.001952833
-0.001968549
-0.005263582
-0.009842219
-0.01318569
-0.01377412
-0.01301133
-0.01473885
-0.02088408
-0.02889551
-0.03464303
-0.03635423
-0.03454617
-0.03039973
-0.02594329
-0.02366306
-0.02337041
-0.02107182
-0.01326233
-0.001242348
0.01051697
0.01841417
0.02106458
0.01831625
0.01157649
0.003952978
-0.00154275
-0.004351144
-0.005661985
-0.006557467
-0.007517706
-0.008772868
-0.009691805
-0.00883989
-0.005491543
-0.0005564626
0.004255325
0.007589701
0.008775699
0.008131898
0.007293217
0.008637791
0.01366174
0.02165582
0.02997419
0.03560542
0.03724623
0.03606532
0.03406143
0.03184135
0.02883196
0.02504141
0.02124373
0.01789474
0.01495469
0.01211152
0.007956302
-2.108795e-05
-0.01250303
-0.02594583
-0.03498929
-0.03715838
-0.03369929
-0.02730117
-0.02111925
-0.01836585
-0.01977419
-0.02235119
-0.02284682
-0.02119885
-0.01906344
-0.01688519
-0.01423785
-0.01092662
-0.00597242
0.002043171
0.01173294
0.01845025
0.01905598
0.01467294
0.007984067
0.0007331874
-0.005463949
-0.009188722
-0.01092063
-0.01218008
-0.01261349
-0.01023843
-0.004511849
0.002737069
0.009084497
0.01266383
0.01286369
0.01148901
0.01150735
0.01350612
0.01487364
0.01355912
0.01027948
0.006783959
0.004067243
0.002978815
0.003880801
0.00517826
0.004437375
0.001295204
-0.002567239
-0.005983833
-0.008654354
-0.01002597
-0.01009605
-0.01062013
-0.01304416
-0.01619225
-0.01818391
-0.01956776
-0.02221717
-0.02610664
-0.02955251
-0.0313147
-0.03059984
-0.02591599
-0.01658906
-0.004875427
0.004739899
0.008642089
0.005746604
-0.002037316
-0.01033276
-0.01426709
-0.01190326
-0.004987807
0.00354512
0.0120861
0.01983645
0.02572671
0.02914399
0.03077257
0.03165059
0.03176887
0.03056755
0.02769583
0.02286612
0.01604375
0.008987348
0.004737487
0.003834864
0.002609683
-0.003102651
-0.01364835
-0.02599387
-0.03583173
-0.03820784
-0.02986603
-0.01429088
-0.001487405
0.001028491
-0.00483171
-0.01150386
-0.01372599
-0.01060444
-0.003868475
0.002951826
0.005960174
0.00449565
0.001617807
0.0001056474
0.0001238677
0.001165391
0.002871679
0.003575521
0.001273039
-0.003239518
-0.006942061
-0.00843106
-0.008755774
-0.008625662
-0.007706137
-0.006617735
-0.006843529
-0.008428796
-0.0100159
-0.01115134
-0.0128544
-0.01593823
-0.02015404
-0.02465843
-0.02816548
-0.02876819
-0.02493483
-0.01678473
-0.005997374
0.005197595
0.01470308
0.02117156
0.02448993
0.02505079
0.02288782
0.01845991
0.01358736
0.009909803
0.006865632
0.002952607
-0.001586771
-0.005449318
-0.009070891
-0.01398463
-0.0196628
-0.02387554
-0.02614764
-0.02806382
-0.03058169
-0.03324333
-0.03546953
-0.03566025
-0.03060111
-0.01855137
-0.003144382
0.009295947
0.01521465
0.01484752
0.00920912
-8.08522e-05
-0.008854543
-0.01195042
-0.0074076
0.001910559
0.01108544
0.01666976
0.01837891
0.01817289
0.01760486
0.01637294
0.01406414
0.012047
0.01162275
0.01134638
0.00853869
0.002838797
-0.003700275
-0.009465332
-0.01419317
-0.01785318
-0.02058622
-0.02329988
-0.02660603
-0.02958994
-0.03084428
-0.03001624
-0.02746781
-0.02346824
-0.01851006
-0.01353455
-0.009603294
-0.007762803
-0.008313093
-0.009000443
-0.005727664
0.002692472
0.01138989
0.01391384
0.008744947
-0.0005043854
-0.009718066
-0.01578334
-0.01609032
-0.01052027
-0.003087694
0.002159894
0.005846704
0.01105422
0.01780007
0.02319675
0.02598278
0.02757465
0.02872699
0.02826604
0.0252495
0.02045752
0.01559619
0.01259802
0.01318438
0.01752661
0.02344643
0.02782028
0.02903889
0.027756
0.02569703
0.02395829
0.0226764
0.02149446
0.02001882
0.01790072
0.01538693
0.01366348
0.01422231
0.01736017
0.0217391
0.02531445
0.02654327
0.02469439
0.0203144
0.01512164
0.0106611
0.006473547
0.0009714396
-0.006053408
-0.01221169
-0.01404324
-0.009497467
0.0002043627
0.01045294
0.01607499
0.01509904
0.01000755
0.004512434
0.0004638356
-0.002149947
-0.00364313
-0.004906964
-0.007352931
-0.01085662
-0.01271161
-0.01059966
-0.005920911
-0.002353008
-0.001710968
-0.002574231
-0.002608409
-0.0006991243
0.002566452
0.005260298
0.005266911
0.00230636
-0.001823983
-0.005463404
-0.008124036
-0.009074081
-0.007038405
-0.002265424
0.002925667
0.0064024
0.008028634
0.008755929
0.009236026
0.009631584
0.009724981
0.009028555
0.007367108
0.005100724
0.002736543
0.001039301
0.0008163909
0.001439024
0.0003246091
-0.004316362
-0.01095201
-0.01586025
-0.01667099
-0.01291412
-0.005707324
0.002123682
0.00662489
0.006720428
0.005298119
0.005892637
0.008587603
0.01070292
0.009669561
0.005015762
-0.001530451
-0.006557491
-0.006999787
-0.002635128
0.003724329
0.008937856
0.01171339
0.01216207
0.0104784
0.007064245
0.002932166
-0.001243354
-0.005961197
-0.01176011
-0.01789923
-0.02315011
-0.027422
-0.03134615
-0.03497558
-0.03816343
-0.04117589
-0.0430778
-0.04105559
-0.03352553
-0.02290652
-0.01336851
-0.007121124
-0.004219854
-0.004079854
-0.005203367
-0.005458737
-0.00450393
-0.00404484
-0.003993255
-0.001177547
0.005946749
0.01429091
0.02063904
0.02563088
0.0302566
0.03193922
0.02794982
0.0199241
0.01156899
0.003823004
-0.004424209
-0.01252346
-0.01833215
-0.0210295
-0.02072562
-0.01679335
-0.009390247
-0.00121272
0.004670295
0.007769707
0.00978356
0.01236217
0.0161792
0.02072539
0.02378676
0.02263642
0.01741308
0.01215097
0.01060292
0.01186642
0.01177564
0.008058412
0.00271432
-0.0005086214
0.0002553738
0.003570583
0.005801649
0.00380255
-0.002548171
-0.0101418
-0.01527021
-0.0161248
-0.01335611
-0.009391105
-0.007580802
-0.009759791
-0.01373452
-0.01451875
-0.009267694
7.720456e-05
0.009316303
0.01570758
0.01884441
0.01929616
0.01777565
0.01492738
0.01155085
0.00862212
0.006867973
0.005874381
0.004488987
0.00226992
-0.000135654
-0.002205333
-0.004211979
-0.006607671
-0.009689474
-0.01355233
-0.0176172
-0.02051035
-0.02127826
-0.02014326
-0.01769682
-0.01430708
-0.01105194
-0.009765296
-0.01100507
-0.01280602
-0.01263369
-0.00991619
-0.006157283
-0.003284467
-0.00219352
-0.002331309
-0.002341831
-0.00139712
0.0003827021
0.002802316
0.00598433
0.009851232
0.01403447
0.01870914
0.02412927
0.02967994
0.03418227
0.03740069
0.03931073
0.03820629
0.03150731
0.01916994
0.004631586
-0.00773535
-0.01512339
-0.01703857
-0.01536001
-0.01365496
-0.01525604
-0.02080266
-0.02808393
-0.03391201
-0.03606888
-0.03366323
-0.02729162
-0.01890392
-0.01123721
-0.0064938
-0.004957819
-0.004670971
-0.003225547
1.251208e-05
0.003767281
0.00703353
0.01022503
0.01379527
0.01672713
0.01764594
0.01649561
0.01422351
0.01130079
0.007649952
0.003555911
-0.0003335823
-0.003727113
-0.006494111
-0.008006264
-0.007627737
-0.005762468
-0.003884451
-0.003341229
-0.004409063
-0.006308121
-0.008028922
-0.008763592
-0.007641439
-0.004171336
0.000297503
0.002817616
0.002154842
0.0008071899
0.002136144
0.006805615
0.01321249
0.01975337
0.02427813
0.02359588
0.01631052
0.005327946
-0.004713984
-0.01134097
-0.01399752
-0.01240055
-0.00728656
-0.001059064
0.004446324
0.00945171
0.01423815
0.017324
0.01703233
0.01385262
0.01005085
0.007492602
0.006491566
0.006371417
0.006531914
0.006625817
0.00589278
0.003439774
2.067075e-05
-0.001322752
0.001971641
0.009002116
0.01640899
0.02199841
0.02560333
0.02700551
0.02507504
0.01943664
0.01135892
0.002953434
-0.003795308
-0.00745686
-0.008180414
-0.007995239
-0.008740005
-0.00982446
-0.009555458
-0.008119213
-0.007259654
-0.007625059
-0.008468949
-0.009399926
-0.01025769
-0.009782686
-0.00644587
-0.0003661598
0.007132721
0.01492477
0.02166043
0.02542341
0.0257487
0.0245178
0.02352452
0.02262709
0.02129931
0.0200154
0.01900477
0.01735168
0.01438817
0.01040284
0.005644817
0.0001803789
-0.005116181
-0.009157296
-0.01186321
-0.0136917
-0.01454834
-0.01451265
-0.01467686
-0.01563344
-0.01591186
-0.01354087
-0.008645012
-0.003381721
0.0002364235
0.001510759
0.001103949
0.0009897874
0.003496327
0.008910445
0.01463764
0.01787849
0.01812118
0.0162978
0.01279788
0.008056168
0.003557782
0.0002938346
-0.002721775
-0.006146533
-0.00833368
-0.008007367
-0.007353091
-0.009524943
-0.01449988
-0.01974056
-0.02373915
-0.02629169
-0.02698924
-0.02599292
-0.02487322
-0.02470905
-0.02464789
-0.02382187
-0.02301116
-0.02341196
-0.02500896
-0.0270363
-0.02881176
-0.02975814
-0.02963579
-0.02807451
-0.02356403
-0.01463788
-0.003960756
0.002132231
-0.000176873
-0.007847714
-0.01550477
-0.02120335
-0.02591171
-0.02918727
-0.02927091
-0.02627276
-0.02268008
-0.02077719
-0.02110149
-0.02283922
-0.02455758
-0.02491146
-0.02360513
-0.02153703
-0.01956886
-0.01772919
-0.01598945
-0.01500844
-0.01523995
-0.01601194
-0.01626894
-0.01577335
-0.01469342
-0.01244378
-0.008146333
-0.002299217
0.002967134
0.005522593
0.004710216
0.001391108
-0.002583822
-0.005244863
-0.005580288
-0.004112735
-0.002286523
-0.001453377
-0.002277379
-0.00435643
-0.006286999
-0.006668519
-0.005139166
-0.002005183
0.002413727
0.007166208
0.01066925
0.01252218
0.01410487
0.01591802
0.01572527
0.01137792
0.004132537
-0.002539416
-0.006354649
-0.006471126
-0.002496535
0.004680992
0.01239554
0.01843672
0.0228544
0.02661842
0.02964716
0.03088005
0.02947681
0.02585045
0.02195281
0.02007741
0.02024567
0.01997031
0.01741471
0.01357928
0.01028537
0.007833278
0.005979498
0.005449194
0.007121111
0.01061671
0.0143491
0.01641109
0.01572476
0.01328847
0.01140594
0.01094498
0.01014259
0.007183981
0.00255853
-0.001834716
-0.004816172
-0.006135586
-0.005926649
-0.004788281
-0.003613609
-0.002760271
-0.001885416
-0.0007522078
0.0005859662
0.002194078
0.004250251
0.006708321
0.009400125
0.0120287
0.01388469
0.01415594
0.01268743
0.01017773
0.007720644
0.006384302
0.006955058
0.009300238
0.01226514
0.01448622
0.01552842
0.01577722
0.01584043
0.015922
0.01581694
0.01501334
0.01306146
0.009767437
0.005438846
0.0009894206
-0.002243933
-0.003477073
-0.003071724
-0.001790893
0.0001074689
0.002428123
0.004642261
0.006832842
0.01016875
0.01515078
0.0197663
0.02091966
0.01796533
0.01391065
0.01261857
0.01501199
0.01831199
0.01904418
0.01651306
0.01275106
0.009752879
0.007878194
0.006817501
0.006631578
0.00724129
0.007797973
0.007043316
0.004413992
0.0008278034
-0.00128908
0.0001086292
0.004512641
0.008958781
0.01081222
0.009751527
0.007584675
0.006759143
0.008564042
0.01149029
0.01218985
0.008812208
0.002735708
-0.00354271
-0.008516212
-0.01144373
-0.01216472
-0.01214537
-0.01336096
-0.01509359
-0.01407179
-0.009167253
-0.00332197
0.000402886
0.002257847
0.003378675
0.002752715
-0.001140836
-0.0071691
-0.01238725
-0.01511519
-0.01569953
-0.01488577
-0.01291556
-0.009972174
-0.006730705
-0.004031251
-0.002351479
-0.001341807
-0.0004359905
0.0002630349
0.000181528
-0.0008027221
-0.002622838
-0.005593892
-0.009221993
-0.01129533
-0.009805953
-0.005590999
-0.001639964
-0.000215515
-0.001494166
-0.003768708
-0.003972273
0.000186084
0.007281009
0.013214
0.01593272
0.01674038
0.01670875
0.01494144
0.01096427
0.005998726
0.001161876
-0.003169264
-0.006237605
-0.007286978
-0.006991869
-0.006521866
-0.005798039
-0.004462342
-0.00343778
-0.003848157
-0.005618619
-0.008383473
-0.01221155
-0.01656706
-0.02005984
-0.02150999
-0.02002112
-0.01490896
-0.007672384
-0.003017187
-0.00483405
-0.01155087
-0.01802141
-0.02122151
-0.02179668
-0.02114404
-0.01974797
-0.01764927
-0.01491015
-0.01152448
-0.00802062
-0.005540113
-0.004775086
-0.005159763
-0.005598693
-0.005351614
-0.004348163
-0.003544181
-0.004444665
-0.007512291
-0.01139412
-0.01421995
-0.01488181
-0.01305844
-0.009178183
-0.004567042
-0.000486198
0.003000744
0.006373868
0.009336937
0.01130204
0.01257676
0.01399118
0.01569319
0.01743292
0.01935622
0.02145288
0.02285099
0.02264498
0.02097456
0.01847302
0.01550543
0.01240222
0.009955739
0.00885344
0.009135192
0.0100642
0.01032892
0.008514202
0.004085878
-0.002160109
-0.008853577
-0.01492406
-0.01932953
-0.0206155
-0.01798141
-0.01262961
-0.007212423
-0.003835525
-0.003058567
-0.004445079
-0.007142931
-0.009623571
-0.01003252
-0.007732613
-0.004015923
-0.0005954296
0.001746745
0.002794151
0.002137804
-7.50988e-05
-0.002762695
-0.004934338
-0.006692664
-0.008716439
-0.01163355
-0.01567496
-0.01989077
-0.02188037
-0.0197317
-0.01412393
-0.007817393
-0.003351366
-0.002075936
-0.003899426
-0.00749489
-0.01148073
-0.01526721
-0.01703144
-0.01292682
-0.001942848
0.009719284
0.01374762
0.009168675
0.00222842
-0.002226315
-0.00472643
-0.00640511
-0.005830374
-0.001825288
0.003757096
0.008031303
0.009728515
0.009331806
0.007930202
0.006636185
0.006020937
0.005865202
0.005796047
0.006046186
0.00711093
0.00868536
0.009405621
0.007770587
0.003589257
-0.001639188
-0.005814706
-0.007699993
-0.007082324
-0.00446547
-0.001114371
0.001353289
0.002425578
0.003033867
0.003848049
0.00398173
0.002362096
-0.0002989306
-0.002170869
-0.002578796
-0.002408607
-0.002496524
-0.002851116
-0.003114641
-0.002911513
-0.00171899
0.0008671177
0.004607519
0.008602816
0.01183695
0.01378166
0.0145577
0.01482488
0.01487993
0.0140957
0.01149626
0.007305958
0.003167356
0.001032019
0.001737391
0.004752573
0.008712891
0.01224163
0.0143434
0.01448412
0.01265971
0.009753214
0.007585753
0.00771403
0.009953258
0.01288809
0.01548749
0.01705795
0.01606059
0.01103713
0.002914231
-0.005107401
-0.01050381
-0.01302982
-0.01311039
-0.01090767
-0.007586351
-0.005631437
-0.006499896
-0.009081389
-0.01091997
-0.0101271
-0.006176162
-4.434757e-05
0.005866033
0.009037651
0.00859077
0.005499489
0.001322238
-0.00245597
-0.004218984
-0.002946917
0.0001952806
0.002010637
-0.0002537836
-0.00656536
-0.01417939
-0.0196536
-0.02067135
-0.01720206
-0.01146986
-0.006520352
-0.003825381
-0.002808055
-0.002064032
-0.0006380184
0.001518855
0.003247173
0.002687403
-0.0009430797
-0.006221961
-0.01092542
-0.01418771
-0.0163823
-0.01752651
-0.01693607
-0.01423365
-0.01005755
-0.005878788
-0.00335881
-0.003263166
-0.005149062
-0.008191904
-0.01168019
-0.01419906
-0.01410729
-0.01159557
-0.00892049
-0.007718175
-0.007642212
-0.007973345
-0.008572785
-0.00854781
-0.006369767
-0.002110037
0.002380979
0.006178031
0.009876369
0.01335434
0.01519606
0.01484626
0.01319522
0.01096902
0.008300641
0.005918314
0.004768295
0.004638058
0.004418386
0.003715134
0.002920407
0.002120377
0.0007262818
-0.001895857
-0.005823564
-0.01016683
-0.01319387
-0.01363136
-0.0119008
-0.009451085
-0.007148218
-0.005053081
-0.003316195
-0.002093382
-0.001235243
-0.0008765129
-0.001669894
-0.003255667
-0.003515924
-0.0005828315
0.00481457
0.01035586
0.01477458
0.01794711
0.01899646
0.01703948
0.01355283
0.01169683
0.01268805
0.01480103
0.01596867
0.01585343
0.01495805
0.01375877
0.01324785
0.01447261
0.01688745
0.01860067
0.01868429
0.01791026
0.01741056
0.01748296
0.01760941
0.01668955
0.01392083
0.0101674
0.007426827
0.006218171
0.004920896
0.002628414
0.0008194622
0.001216812
0.003538444
0.006435438
0.009206184
0.01152118
0.0128214
0.01298864
0.01273573
0.01262048
0.01243895
0.01195863
0.01144363
0.01124986
0.0112937
0.01123455
0.01072975
0.009750037
0.00847795
0.006870254
0.004510977
0.001399201
-0.001867174
-0.005012908
-0.008551565
-0.01272025
-0.01665764
-0.01909493
-0.01946512
-0.01805579
-0.01558077
-0.01297727
-0.01105397
-0.01020296
-0.01020134
-0.01029527
-0.009350446
-0.006741642
-0.003077054
0.0003223776
0.002756503
0.004137896
0.004214781
0.002966967
0.001472161
0.0009021266
0.001051692
0.0009360829
0.0002048406
-0.0009277376
-0.00262649
-0.004967818
-0.007140677
-0.008106011
-0.008178421
-0.008742163
-0.01058196
-0.01321709
-0.01557075
-0.01675983
-0.0162938
-0.01434397
-0.011716
-0.009415165
-0.007796673
-0.006587214
-0.00548565
-0.004514616
-0.003468018
-0.001769268
0.00068605
0.002779977
0.003219091
0.002042152
0.0005127163
-0.0002497812
-0.0001110122
0.0003131394
0.0002195691
-0.0007652923
-0.002388334
-0.004244856
-0.006421692
-0.009212437
-0.0124014
-0.01555357
-0.01866391
-0.02197923
-0.0253486
-0.0283172
-0.03046997
-0.03153871
-0.0316417
-0.03126949
-0.03028438
-0.02706595
-0.02031295
-0.01136536
-0.003462454
0.001559977
0.00422681
0.005627173
0.006149299
0.006190697
0.006323061
0.006525485
0.006050975
0.004477343
0.002302752
0.0007650263
0.001143964
0.003828848
0.007639674
0.01063232
0.0119662
0.01213752
0.01133087
0.00883729
0.004619053
0.0001072609
-0.003228394
-0.005225644
-0.006500275
-0.007253184
-0.007322125
-0.006693533
-0.005320704
-0.003051484
-0.0001828244
0.002442188
0.004333986
0.005789929
0.007285133
0.008820006
0.01008658
0.01088823
0.01106464
0.01047113
0.009191094
0.007838042
0.007141426
0.007201896
0.007117659
0.005971523
0.00397458
0.002132439
0.0007274915
-0.0008366958
-0.00261619
-0.003413051
-0.002036753
0.001456005
0.005958043
0.01026408
0.01353249
0.01540786
0.01583719
0.01467464
0.01174174
0.007664945
0.003862782
0.001181565
-0.0007695787
-0.002484765
-0.003863412
-0.004870449
-0.005679649
-0.005636207
-0.003210346
0.001958427
0.00778078
0.01134502
0.01174988
0.01018023
0.008058157
0.005658911
0.002866742
-8.049177e-05
-0.002725447
-0.004852004
-0.00587709
-0.004586453
-0.0006436831
0.003963618
0.006201432
0.004932107
0.001564577
-0.001782967
-0.003863122
-0.004329571
-0.003473871
-0.00199651
-0.0002640596
0.002055398
0.005161456
0.008252625
0.01026711
0.01085757
0.01023856
0.008703983
0.006877346
0.005629642
0.005445571
0.006105576
0.007249265
0.008571314
0.009544697
0.009508394
0.008508599
0.007464239
0.007206541
0.007795263
0.00878527
0.009787923
0.01054348
0.01091468
0.01109009
0.01166728
0.01314088
0.01508663
0.01610233
0.0148582
0.01138991
0.007423262
0.0049921
0.004613252
0.004715131
0.003526371
0.001047992
-0.001285679
-0.002560305
-0.002870011
-0.002227954
-0.0006205475
0.0008685738
0.0001409705
-0.003689499
-0.009000428
-0.01322763
-0.01535286
-0.01612178
-0.01620642
-0.01513359
-0.01198858
-0.007011729
-0.002011521
0.001113609
0.002217426
0.002773313
0.004065995
0.006055596
0.007946787
0.009210813
0.009598743
0.008635356
0.0061117
0.002812601
-5.482659e-05
-0.002222575
-0.004112638
-0.005337088
-0.00440276
-0.0007376419
0.003879627
0.006610306
0.006091954
0.002961731
-0.001201022
-0.004740687
-0.006038052
-0.004416796
-0.001078937
0.001610034
0.002145322
0.0008034346
-0.001112062
-0.002238103
-0.001813561
-0.000212588
0.001245289
0.001470564
0.000499144
-0.001119778
-0.002931113
-0.004452218
-0.005054804
-0.004713781
-0.003939455
-0.002901412
-0.001549172
-0.000615759
-0.001155015
-0.002870796
-0.004281151
-0.004481431
-0.003781038
-0.002872099
-0.002538114
-0.003651508
-0.006184849
-0.008766324
-0.01029956
-0.01119391
-0.01203624
-0.01215555
-0.01098279
-0.009326963
-0.008075886
-0.006800333
-0.005194474
-0.004188552
-0.004231274
-0.003836611
-0.00144256
0.002330545
0.005656169
0.007766415
0.008944068
0.009182093
0.008349854
0.006843641
0.004913605
0.001959401
-0.002262598
-0.006382824
-0.008274515
-0.007428494
-0.005489878
-0.004521177
-0.00507277
-0.006373497
-0.00746323
-0.007834118
-0.007331661
-0.006270568
-0.00563136
-0.006489296
-0.008994693
-0.01198907
-0.01395827
-0.01413163
-0.01296295
-0.01169942
-0.01153931
-0.01287623
-0.01526864
-0.0177722
-0.01934266
-0.01945585
-0.01848704
-0.01711849
-0.01556228
-0.01404382
-0.0133218
-0.01371542
-0.01409376
-0.01333095
-0.01197055
-0.01111698
-0.01044493
-0.009287773
-0.008574016
-0.009477026
-0.01073043
-0.009946003
-0.007169326
-0.004768541
-0.004178178
-0.004767909
-0.005509587
-0.006114716
-0.006748603
-0.00759532
-0.008444483
-0.008427339
-0.006688597
-0.003746511
-0.001204586
6.501812e-05
0.0005904187
0.001043356
0.001459338
0.001715519
0.001851161
0.002052988
0.002670886
0.003956744
0.005475621
0.006692337
0.007993287
0.01010486
0.01242406
0.01350505
0.01307982
0.01213347
0.01120547
0.01028768
0.01001042
0.01084145
0.01148902
0.01016872
0.007226658
0.004456427
0.002485096
0.0009438275
0.0005579031
0.002592007
0.006523185
0.01033169
0.01309531
0.01538372
0.01712246
0.01705415
0.01451694
0.01041743
0.006050112
0.002112638
-0.001160344
-0.003610361
-0.005281774
-0.006212313
-0.00615101
-0.004964477
-0.003267441
-0.001919579
-0.001059988
-0.0003958396
-1.077956e-05
0.0001218519
0.001079474
0.003896234
0.007570122
0.009815802
0.009846104
0.008841836
0.007680623
0.006297506
0.005273658
0.005828639
0.007767671
0.009311538
0.009563643
0.00950237
0.0101578
0.01132445
0.01255433
0.0137842
0.01451642
0.01385357
0.01185685
0.00971247
0.00824726
0.007302651
0.006662447
0.006542231
0.006827888
0.006942529
0.006775913
0.00691819
0.007601257
0.00828871
0.008524704
0.008403979
0.007828532
0.006261039
0.003548126
0.0002463892
-0.002957143
-0.005387576
-0.006289455
-0.005742528
-0.005218545
-0.00616458
-0.008030155
-0.008699422
-0.006818923
-0.002891615
0.001548134
0.004978908
0.006334118
0.005631709
0.004092975
0.003153875
0.003369068
0.004291787
0.005142714
0.005527496
0.005760536
0.006182032
0.006109544
0.004416314
0.001317719
-0.001498903
-0.003076592
-0.004021505
-0.004893094
-0.005317101
-0.005363991
-0.006033969
-0.007560057
-0.008786735
-0.008849533
-0.007959853
-0.006208865
-0.00347562
-0.0008153305
2.654486e-05
-0.00121011
-0.003114637
-0.004689469
-0.005890244
-0.006588264
-0.006628627
-0.0067623
-0.00793085
-0.01002322
-0.01215272
-0.0135345
-0.01369764
-0.01271863
-0.01131538
-0.009525949
-0.005534493
0.00198878
0.01073141
0.01641877
0.01798008
0.01805862
0.01866439
0.01901319
0.0180954
0.01663101
0.01574076
0.01529923
0.01463231
0.01363906
0.01278756
0.01236948
0.01230219
0.01203605
0.01120698
0.01013247
0.00935633
0.008647808
0.007442141
0.006011
0.005147572
0.004929566
0.004624368
0.003868324
0.002842445
0.001591297
5.218572e-05
-0.001329622
-0.001993069
-0.002426759
-0.003863712
-0.006910189
-0.0108862
-0.01459411
-0.01695999
-0.01733524
-0.01581064
-0.01338047
-0.01131946
-0.01033942
-0.01039345
-0.0110267
-0.0115376
-0.01121837
-0.009875904
-0.007986423
-0.006097146
-0.004491165
-0.003515104
-0.003649077
-0.004680359
-0.005430281
-0.005016528
-0.003882299
-0.002767444
-0.001362156
0.0009422866
0.00365809
0.005591831
0.006479986
0.007045382
0.007859808
0.008800587
0.009679464
0.01025067
0.01007009
0.008651808
0.006188751
0.003729875
0.002747648
0.003724833
0.005204465
0.004860826
0.002066034
-0.001423842
-0.00353038
-0.003665678
-0.002337584
-0.0003799178
0.001201225
0.00183974
0.002081967
0.002806756
0.004018798
0.005173019
0.005879045
0.005621069
0.003852181
0.00127073
-0.0004058978
-0.0007003818
-0.0008164136
-0.001552525
-0.002499466
-0.003581426
-0.005298509
-0.007239943
-0.008402059
-0.0089315
-0.009841728
-0.0110016
-0.01180414
-0.01284735
-0.01489504
-0.01691521
-0.01766982
-0.01795125
-0.01899649
-0.01972662
-0.018098
-0.01420749
-0.009955061
-0.006302164
-0.003210862
-0.001255802
-0.001312266
-0.002971831
-0.004888074
-0.006206827
-0.006734328
-0.006380532
-0.005288617
-0.004073819
-0.003315067
-0.003352052
-0.004462767
-0.006406647
-0.00765024
-0.006396791
-0.002673425
0.001258895
0.003153483
0.002694307
0.001068602
-0.0006427756
-0.002078485
-0.003195319
-0.00384346
-0.00359266
-0.002305352
-0.0008470582
-0.0006825429
-0.002175227
-0.004172541
-0.005587457
-0.00649146
-0.006929219
-0.006008217
-0.00332513
-6.844918e-05
0.002690848
0.005502734
0.009095162
0.01267851
0.01499652
0.01579198
0.01544224
0.01411962
0.01220653
0.01049028
0.009402812
0.008642906
0.007851487
0.00697655
0.00605103
0.00509451
0.004017043
0.002551855
0.0006446106
-0.0008806327
-0.000917583
0.0007275797
0.003022671
0.004647735
0.004704778
0.003153011
0.001145094
0.0001963964
0.0004820556
0.0007982674
0.0004142958
-0.0003389292
-0.00139353
-0.003259187
-0.005733551
-0.007766554
-0.008822298
-0.009190809
-0.008770313
-0.007204292
-0.00489118
-0.002634869
-0.0002394086
0.002702962
0.005413588
0.006728128
0.006990048
0.007396677
0.008121476
0.008541464
0.008580358
0.00846088
0.007797449
0.006421393
0.005213602
0.005142155
0.006091003
0.007385048
0.00850012
0.008826187
0.007954415
0.006684111
0.006611341
0.008179198
0.01018454
0.01133684
0.01139602
0.01070466
0.009697661
0.008856994
0.008502151
0.008518714
0.008670908
0.008717148
0.008395142
0.007720292
0.007160882
0.006718542
0.005435493
0.002691809
-0.0005109016
-0.002702252
-0.003958684
-0.005334124
-0.007060676
-0.008516375
-0.00957813
-0.01058859
-0.01154816
-0.01213143
-0.01217626
-0.01151437
-0.01001984
-0.008239453
-0.007177814
-0.006886722
-0.006383516
-0.005395811
-0.005023136
-0.005887969
-0.006966345
-0.007254695
-0.007462684
-0.008865248
-0.01115279
-0.01274258
-0.01272111
-0.01159727
-0.01031331
-0.0095829
-0.009887564
-0.01145323
-0.01365433
-0.01580369
-0.01710054
-0.01658665
-0.01362474
-0.00890472
-0.004299445
-0.001217535
0.0001821108
0.0002142497
-0.0008076342
-0.002005654
-0.002072049
-0.0006002926
0.001432794
0.002770846
0.003041404
0.002609569
0.001815647
0.00063516
-0.0009580145
-0.002502044
-0.003076027
-0.002153655
-0.0001991629
0.001839273
0.003400305
0.004278892
0.004556702
0.00463428
0.004713716
0.004162552
0.002417376
0.000142141
-0.001620983
-0.003075374
-0.005054335
-0.007013967
-0.007505799
-0.0065346
-0.005776006
-0.006184979
-0.007041768
-0.007635867
-0.008275177
-0.009124061
-0.009355104
-0.008427029
-0.006958432
-0.005638194
-0.003986243
-0.001461424
0.001114093
0.002464638
0.003015101
0.004305905
0.006566341
0.008465954
0.009164901
0.008850844
0.007476618
0.004786924
0.00168453
-0.0002323144
-0.0008526685
-0.001685381
-0.00348861
-0.005370112
-0.006277243
-0.00597791
-0.004588264
-0.002475041
-0.0005672552
0.0003317148
0.0004983015
0.0006856383
0.0009269976
0.001018902
0.001745073
0.004018211
0.007213579
0.009618751
0.01063118
0.01107255
0.01157071
0.01186574
0.01210527
0.01328568
0.01576859
0.01847922
0.02024227
0.02099764
0.02113205
0.02054025
0.01890133
0.01639204
0.01356868
0.01083471
0.008379975
0.006485094
0.005459549
0.005339947
0.005778525
0.006228845
0.006283046
0.005782812
0.004751217
0.003494546
0.002808415
0.003449365
0.005065807
0.00636542
0.006497931
0.005914436
0.005264567
0.004556366
0.003496434
0.002108014
0.0005010801
-0.001126835
-0.002254312
-0.002370501
-0.001644629
-0.0007848496
-0.0002659198
-5.250855e-05
0.0001405972
0.0008903912
0.002843218
0.005665192
0.007694734
0.007404146
0.005005841
0.002026026
-0.0001562947
-0.001186734
-0.001308928
-0.0008483869
8.103846e-06
0.000883112
0.001284379
0.001192498
0.001529192
0.003220552
0.005810147
0.007722461
0.007978292
0.006982152
0.005561838
0.004150248
0.002980855
0.0023581
0.002298174
0.002401774
0.002196118
0.00133196
-0.0003009616
-0.00225072
-0.003694912
-0.004445199
-0.005234579
-0.006659485
-0.008251997
-0.00912368
-0.008982967
-0.008200083
-0.007289531
-0.006718087
-0.006717781
-0.007114864
-0.007665343
-0.008397378
-0.009093113
-0.008942425
-0.007450172
-0.005312522
-0.003491289
-0.001992031
-0.0004308984
0.0007754408
0.0009978138
0.0005712992
0.0003321993
0.0004400244
0.000466123
0.0001180195
-0.0007350901
-0.002128768
-0.003672816
-0.00473326
-0.005329366
-0.005967769
-0.006629611
-0.006832456
-0.006776544
-0.007125605
-0.00785369
-0.008298305
-0.008311352
-0.008251367
-0.008093827
-0.007546409
-0.006903821
-0.00680614
-0.007253409
-0.007646509
-0.007637991
-0.00733337
-0.006823759
-0.006233104
-0.005922777
-0.006147404
-0.006524863
-0.006452143
-0.005903238
-0.005472562
-0.005497919
-0.005713934
-0.00580319
-0.005715043
-0.005097166
-0.003241551
-0.0001363158
0.002914019
0.004556326
0.004776462
0.004435798
0.003900021
0.003059462
0.002231016
0.002058762
0.002566221
0.003059931
0.003113042
0.003059973
0.003400306
0.003989371
0.004164404
0.003550963
0.002584869
0.002007013
0.002022543
0.002160777
0.001942353
0.001326894
0.0005710377
1.261722e-05
2.690903e-05
0.0007918697
0.001971757
0.002896746
0.003175395
0.003025619
0.002912916
0.003041281
0.003346631
0.003753593
0.004129123
0.004092845
0.003250268
0.001691574
3.902926e-05
-0.001126962
-0.001676536
-0.001679003
-0.001190463
-0.0004645148
-2.171599e-05
-0.0001514483
-0.0005649058
-0.0007908205
-0.0008039094
-0.0009000133
-0.001064099
-0.0009520118
-0.0005205587
-0.0002487281
-0.0005027957
-0.001032151
-0.001360086
-0.001412723
-0.001482669
-0.001745646
-0.002071143
-0.002105825
-0.001503659
-0.0002857694
0.0009784698
0.00162569
0.001592054
0.001347901
0.001262287
0.001366457
0.001630556
0.002004126
0.002211795
0.001990492
0.001510625
0.001265629
0.001455981
0.001818414
0.002007401
0.001901421
0.001547828
0.001089848
0.000769301
0.00075503
0.0009503277
0.001050827
0.0008627347
0.0004286416
-6.278789e-05
-0.0004346017
-0.0005168227
-0.0002044856
0.0004382318
0.001127137
0.001544977
0.00155022
0.001194879
0.0006215364
1.498165e-05
-0.0003981121
-0.0004861388
-0.0002973601
-2.517109e-05
0.0001020877
-9.501863e-05
-0.0005960565
-0.001088543
-0.001194516
-0.0008689259
-0.0004206168
-9.2682e-05
0.000141268
0.0002663926
0.0001131044
-0.0003393833
-0.000782221
-0.00095089
-0.0009048004
-0.000851602
-0.0008267259
-0.0007130685
-0.0004079047
0.0001170641
0.0007893984
0.001372173
0.001552208
0.001205201
0.0005464458
-3.21947e-05
-0.0002739935
-0.0002302195
-0.0001261343
-0.000111261
-0.0001637553
-0.0001929866
-0.0001534671
-8.142054e-05
-8.209559e-05
-0.000215998
-0.0003952332
-0.0004311979
-0.0002520447
4.685407e-05
0.0003502586
0.0005982403
0.0007007588
0.0005810405
0.0003339593
0.0001560076
0.0001179015
0.0001388845
0.0001447219
0.0001044036
3.835755e-06
-0.0001006029
-6.232969e-05
0.000152985
0.0003367827
0.0001979211
-0.0003489127
-0.001160028
-0.001973397
-0.002518183
-0.00261926
-0.002320541
-0.001853289
-0.001465669
-0.001261719
-0.001171944
-0.001060348
-0.0008629224
-0.0006248279
-0.000426198
-0.0002898609
-0.0001818341
-5.602739e-05
9.825794e-05
0.0002572486
0.0003805224
0.0004775461
0.0005960804
0.0007289877
0.0007683518
0.00065871
0.0004970563
0.0003963264
0.0003301292
0.0002342108
0.0001511044
0.0001473308
0.0001984447
0.0002604042
0.0003672526
0.0005291579
0.0006395796
0.00059875
0.0004470891
0.000264516
5.349187e-05
-0.0001661827
-0.0002662859
-0.0001568875
7.631429e-05
0.0002700124
0.0003602942
0.0003654044
0.0002898359
0.0001351156
-3.948664e-05
-0.0001531449
-0.0001815285
-0.0001516403
-9.400942e-05
-2.420415e-05
4.641948e-05
0.0001084509
0.0001551824
0.0001793895
0.0001849143
0.000193391
0.0002278107
0.0002831736
0.0003316916
0.000352065
0.0003533792
0.0003660887
0.000414887
0.0004926872
0.0005614649
0.0005838975
0.0005570022
0.0005100494
0.0004775686
0.0004765968
0.0005009196
0.0005251482
0.0005168029
0.0004515082
0.0003326388
0.0001944284
8.082454e-05
1.584044e-05
-7.066881e-06
-1.222781e-05
-1.579482e-05
-1.614102e-05
-8.828555e-06
1.018581e-06
8.222712e-06
1.604867e-05
2.499718e-05
2.370516e-05
4.375146e-06
-2.048306e-05
-3.072322e-05
-2.577147e-05
-2.300135e-05
-3.203587e-05
-4.076735e-05
-3.222632e-05
-4.498675e-06
2.760123e-05
4.865144e-05
5.419691e-05
4.869457e-05
3.612549e-05
1.886248e-05
2.098741e-06
-7.976813e-06
-1.215621e-05
-1.735231e-05
-2.755926e-05
-3.972027e-05
-4.987271e-05
-5.804945e-05
-6.641244e-05
-7.494914e-05
-8.204556e-05
-8.670128e-05
-8.913474e-05
-8.932017e-05
-8.68789e-05
-8.217501e-05
-7.675093e-05
-7.158825e-05
-6.626053e-05
-6.027672e-05
-5.418128e-05
-4.852605e-05
-4.289993e-05
-3.662643e-05
-2.959174e-05
-2.213701e-05
-1.488074e-05
-8.586745e-06
-3.550406e-06
6.326076e-07
4.438337e-06
