-0.0001134587
-0.0001131476
-0.0001128919
-0.0001125503
-0.0001120283
-0.000111108
-0.0001099035
-0.0001086665
-0.000108031
-0.0001076765
-0.0001074933
-0.0001070248
-0.000105806
-0.0001031774
-9.918066e-05
-9.441263e-05
-8.929406e-05
-8.643057e-05
-8.723351e-05
-9.228955e-05
-0.0001013836
-0.0001105935
-0.0001122906
-0.0001016005
-8.413273e-05
-6.773284e-05
-5.429949e-05
-4.469533e-05
-4.477682e-05
-5.158603e-05
-5.851661e-05
-5.909416e-05
-5.650254e-05
-5.156353e-05
-4.460468e-05
-3.78517e-05
-3.254704e-05
-1.61536e-05
3.146956e-06
1.377246e-05
1.870498e-05
2.30969e-05
3.069653e-05
4.542358e-05
6.954785e-05
0.0001007376
0.0001272684
0.000130585
0.0001194814
0.000102585
9.061223e-05
7.86495e-05
5.412768e-05
1.578577e-05
-2.771429e-05
-6.803193e-05
-0.0001072477
-0.0001285974
-0.0001434561
-0.0001572995
-0.000165302
-0.0001580634
-0.0001235242
-5.376482e-05
4.196411e-05
0.0001257204
0.0001647028
0.0001909609
0.0002112023
0.0002168038
0.0002042979
0.0002253369
0.0002646953
0.0002975429
0.0003039936
0.0003100905
0.0002781786
0.0002559832
0.0002717337
0.0002932105
0.0002976662
0.0002633869
0.0002559631
0.0002524198
0.0002411452
0.0002271473
0.0002172731
0.0002296845
0.0002869825
0.0004082452
0.0005890656
0.0007699885
0.0008438867
0.0008838251
0.0009174186
0.0009389801
0.0009448135
0.0009150064
0.0008322933
0.0006916012
0.0005260878
0.0003647611
0.0002135076
3.856527e-05
-0.0001555723
-0.0003159506
-0.0004615066
-0.0006160842
-0.0008132408
-0.001033679
-0.001330028
-0.001627984
-0.001707993
-0.001601614
-0.001385313
-0.001147633
-0.000899432
-0.0007253592
-0.0006658758
-0.0007265061
-0.0008728081
-0.001059004
-0.00119956
-0.001211099
-0.001126034
-0.0009675633
-0.0008037954
-0.0007596976
-0.000805873
-0.0009534959
-0.001215214
-0.001532872
-0.001782568
-0.001960727
-0.002039516
-0.002084187
-0.002132903
-0.002192755
-0.002271179
-0.002350143
-0.002392675
-0.002361532
-0.00239605
-0.002474865
-0.002555444
-0.00259517
-0.00254413
-0.002519017
-0.002526638
-0.002545139
-0.002583348
-0.002639616
-0.002705135
-0.00275037
-0.00273077
-0.002590176
-0.002294338
-0.001879706
-0.001499653
-0.001189133
-0.0007988128
-0.000369343
-9.29841e-05
5.96051e-05
0.0002478492
0.0005089353
0.000788326
0.001042656
0.00133003
0.001561859
0.001544957
0.00135036
0.001017467
0.0006240894
0.0001903654
-0.0002794736
-0.0009003921
-0.0015812
-0.002083202
-0.00232905
-0.002201101
-0.001752376
-0.001125831
-0.0004931101
0.0001808876
0.0009041143
0.001691767
0.002701551
0.003791963
0.004870338
0.005847101
0.006611077
0.00710896
0.007381728
0.007322005
0.007010797
0.006540904
0.006066758
0.005564977
0.005128809
0.004720856
0.004280106
0.003772276
0.00332066
0.002853096
0.002389516
0.001842552
0.001065854
5.266222e-05
-0.0008862691
-0.001522505
-0.001746701
-0.001416629
-0.0005968636
0.0004525725
0.001616783
0.002589533
0.00328903
0.003767999
0.004038607
0.003918619
0.003532498
0.003004458
0.00229182
0.00140354
0.0006150613
5.997951e-05
-0.000384755
-0.000860375
-0.001316882
-0.001838229
-0.002419376
-0.002857644
-0.00318266
-0.003430651
-0.003730227
-0.004061982
-0.004277488
-0.004212301
-0.00399923
-0.003737555
-0.003542457
-0.003176253
-0.00247804
-0.001491574
-0.0004923052
0.0004735523
0.00128425
0.001821563
0.001726699
0.001020645
8.945922e-06
-0.001158717
-0.002136737
-0.003085469
-0.003863692
-0.004470727
-0.004827985
-0.004586057
-0.004209058
-0.003640516
-0.002933687
-0.002169496
-0.001413152
-0.0006621437
-0.0001420881
6.59718e-05
-0.0001270268
-0.0006632282
-0.001416592
-0.00213251
-0.002771226
-0.003196528
-0.003596998
-0.004204695
-0.004966564
-0.005632251
-0.006123652
-0.006261726
-0.005946842
-0.005445269
-0.005091737
-0.004452227
-0.003763605
-0.003241791
-0.00265348
-0.001935938
-0.001283129
-0.0009072257
-0.0004385559
0.000200785
0.000882658
0.001706432
0.002456945
0.002723206
0.002444417
0.001661851
0.0004895341
-0.000688884
-0.001679846
-0.002449645
-0.003086999
-0.003575072
-0.004017415
-0.004301484
-0.004216975
-0.00381509
-0.003116367
-0.002239817
-0.001091727
4.592762e-05
0.0008370637
0.001471581
0.001990701
0.002559907
0.003168707
0.003665113
0.004072525
0.004470456
0.004937176
0.005353472
0.005532878
0.005568786
0.005478973
0.005553186
0.005831264
0.006204951
0.006514264
0.00664243
0.00667894
0.006607655
0.006407333
0.006087834
0.005748076
0.00556877
0.005520855
0.005460019
0.005312099
0.005016258
0.004591399
0.004142656
0.00358613
0.002891564
0.002247264
0.001599848
0.000992646
0.0004869871
0.000399099
0.000730707
0.001104109
0.001576776
0.002067666
0.002615884
0.003257241
0.003787934
0.004285999
0.004744323
0.005232682
0.005576253
0.005419923
0.004883449
0.004412536
0.003933981
0.003305004
0.002666721
0.002277627
0.001684493
0.0009617813
7.162461e-05
-0.001120486
-0.002492868
-0.004000031
-0.005608207
-0.007228193
-0.008657535
-0.009598911
-0.00972069
-0.008966836
-0.007903845
-0.006625194
-0.005310372
-0.004206801
-0.002940718
-0.001561063
-4.023881e-05
0.001690503
0.003585604
0.005431435
0.00684529
0.007761552
0.008051752
0.007709529
0.006759293
0.005283011
0.003625252
0.001879439
6.183679e-05
-0.00170445
-0.003316944
-0.004559805
-0.00563522
-0.006738022
-0.00783277
-0.008788639
-0.009607991
-0.01040221
-0.01096112
-0.01114178
-0.01083938
-0.01002735
-0.008764912
-0.007316375
-0.005784691
-0.004237601
-0.002802601
-0.001577034
-0.0002020655
0.001174377
0.002413834
0.003456775
0.004262607
0.004973715
0.005869248
0.00685418
0.007695958
0.008372274
0.008653995
0.00850746
0.007882739
0.007152208
0.00654937
0.005941854
0.005341553
0.004514399
0.003509203
0.002525505
0.001842285
0.001324646
0.001053923
0.001260461
0.001853244
0.002729762
0.00361993
0.004466443
0.005371659
0.006237725
0.007189969
0.008225246
0.009300355
0.01003902
0.01023479
0.009987442
0.009493727
0.008955044
0.008215984
0.007371651
0.006568287
0.005645512
0.004556736
0.003228814
0.001914013
0.0006266499
-0.0008012558
-0.002246033
-0.003631491
-0.004874908
-0.005902118
-0.006707595
-0.007409981
-0.007958581
-0.008454447
-0.008842016
-0.009255632
-0.009608003
-0.009636583
-0.009416538
-0.009018305
-0.008537797
-0.007978333
-0.007245879
-0.006454278
-0.005493536
-0.004461227
-0.003252139
-0.001866546
-0.0004700894
0.0008454486
0.001989999
0.002930242
0.003719204
0.004257062
0.00455966
0.004983678
0.005636986
0.006422729
0.007298093
0.008040511
0.008130999
0.007801325
0.007153964
0.006348296
0.005755774
0.005078744
0.00419291
0.003135039
0.001865147
0.0004666057
-0.001060499
-0.0027386
-0.004525294
-0.00626885
-0.007684372
-0.0087399
-0.009495229
-0.01000898
-0.01009648
-0.009724187
-0.009080653
-0.008166961
-0.007152725
-0.006316119
-0.005472663
-0.004561799
-0.00368746
-0.002800798
-0.00173942
-0.0006192673
0.000327076
0.0007820836
0.0006475921
0.0002227693
-0.000116588
-0.0006601931
-0.001483827
-0.002432623
-0.003579568
-0.004646854
-0.005299482
-0.005359277
-0.004781675
-0.003926768
-0.003214547
-0.002681748
-0.002058471
-0.001115501
6.191577e-05
0.001079695
0.001880149
0.002663768
0.003201114
0.003425903
0.00366364
0.004042635
0.004560512
0.005113805
0.005776123
0.00653262
0.007566003
0.008716339
0.009654563
0.0102599
0.01053281
0.01027693
0.009620921
0.008721529
0.007577075
0.006355429
0.005103429
0.003730073
0.002102463
0.0003705462
-0.001427152
-0.003219027
-0.004807779
-0.006094094
-0.006757471
-0.006428305
-0.005410121
-0.004462089
-0.003485014
-0.00243414
-0.001405364
-0.0002993456
0.0005720812
0.0009273129
0.0005208151
-0.0004876368
-0.001834038
-0.00299344
-0.004057107
-0.005211724
-0.006424026
-0.007576849
-0.008564865
-0.008935972
-0.008734408
-0.008048196
-0.007190744
-0.006286695
-0.00519343
-0.004248251
-0.003772858
-0.003836735
-0.004381238
-0.005276281
-0.006283762
-0.007267691
-0.007942209
-0.008196816
-0.007779359
-0.006795418
-0.005446298
-0.003973359
-0.002503335
-0.001129915
0.0001076524
0.001582696
0.003265159
0.005086323
0.006886332
0.008334168
0.009477251
0.01028826
0.01078214
0.01085104
0.01057302
0.009976073
0.00910665
0.0079762
0.0066277
0.00509972
0.003340336
0.001336913
-0.0008123203
-0.003086588
-0.005369287
-0.007633018
-0.009547762
-0.01081239
-0.01118417
-0.01062616
-0.009439797
-0.007917046
-0.006099932
-0.004023979
-0.001830699
0.0005383995
0.002895063
0.005043846
0.00640111
0.006733816
0.006184393
0.005163694
0.00405408
0.002956421
0.002098922
0.001336827
0.0006799918
-7.511639e-06
-0.0007629889
-0.001584524
-0.002234828
-0.003092249
-0.004273629
-0.005635541
-0.007235208
-0.009045997
-0.01045125
-0.01070752
-0.009620671
-0.007394919
-0.004801766
-0.002418166
-9.421181e-05
0.001991234
0.003912668
0.005760588
0.00733696
0.008747646
0.009953178
0.01085432
0.01145666
0.01192854
0.01223254
0.01218124
0.01192324
0.01156256
0.01121685
0.01069851
0.009924295
0.009060084
0.008277912
0.007507927
0.006826418
0.006160751
0.005607968
0.005148422
0.004673372
0.004129162
0.003608054
0.002926352
0.002134412
0.001300219
0.0001830561
-0.001117584
-0.002092245
-0.002355375
-0.001751449
-0.0005502548
0.0006625741
0.00156888
0.002472676
0.003582518
0.004658471
0.00549043
0.00601566
0.006255346
0.006136126
0.005776477
0.005304893
0.004908393
0.004432717
0.003891507
0.003210461
0.002292961
0.001324723
0.0002264979
-0.001107393
-0.002566615
-0.004138258
-0.005802941
-0.007456117
-0.008869683
-0.009751822
-0.01014085
-0.009935407
-0.009296441
-0.008396983
-0.00731336
-0.006226017
-0.005240005
-0.00429689
-0.003341539
-0.002506007
-0.001743359
-0.001241519
-0.001048155
-0.001292153
-0.001848547
-0.002556204
-0.003518274
-0.004550711
-0.005236156
-0.005434121
-0.00530519
-0.005015273
-0.004741719
-0.004601538
-0.00446688
-0.004616842
-0.005104816
-0.005813117
-0.006491711
-0.006868692
-0.007032689
-0.007018934
-0.006737589
-0.0060959
-0.005108521
-0.004002031
-0.002914849
-0.001792319
-0.0005926602
0.0004579894
0.001274459
0.001966376
0.002803542
0.003682697
0.004367869
0.004893487
0.005164622
0.005329787
0.005374714
0.005157225
0.004571335
0.003951733
0.003370471
0.002613153
0.001801604
0.001030375
0.0001286066
-0.000764793
-0.001189581
-0.0008127013
0.0002875021
0.001515976
0.00251408
0.003480088
0.00430576
0.005091254
0.00578615
0.00602431
0.006203806
0.006487138
0.006868326
0.007250817
0.007401981
0.007465363
0.007460551
0.007347492
0.007108401
0.006753824
0.006372903
0.005981032
0.005386893
0.004602919
0.003845352
0.002992643
0.001832856
0.0005188914
-0.001056942
-0.002770218
-0.004363577
-0.005685689
-0.006857836
-0.007952177
-0.008636908
-0.008694366
-0.008214925
-0.007518676
-0.006690636
-0.005844295
-0.004917769
-0.003947349
-0.002736681
-0.001224021
0.0005222263
0.002315672
0.003925684
0.005216976
0.005899965
0.00599649
0.005765734
0.005339695
0.00487312
0.004381592
0.00381059
0.003284206
0.002631553
0.001933699
0.001275398
0.0003748255
-0.0008585626
-0.002179503
-0.003523598
-0.004894215
-0.00628989
-0.007733322
-0.009164214
-0.009982051
-0.009858695
-0.00901171
-0.007765898
-0.006618815
-0.005383373
-0.003976634
-0.002606017
-0.001391673
-0.0004606378
1.351007e-05
-0.0002276858
-0.0009911707
-0.002054666
-0.003050839
-0.004221045
-0.005499797
-0.00668387
-0.007767796
-0.008564717
-0.00940371
-0.01013653
-0.01045669
-0.01039395
-0.009915797
-0.008950028
-0.007600216
-0.006085698
-0.004489418
-0.002898944
-0.00140767
0.0002474522
0.002000625
0.003708159
0.005268336
0.006517505
0.007209757
0.007158382
0.006465481
0.005431073
0.004480363
0.003407818
0.002465248
0.001879455
0.00168659
0.001857077
0.00245675
0.003551842
0.004993534
0.006609265
0.008277236
0.009874684
0.01153617
0.01312248
0.01461575
0.01555396
0.01582056
0.01552215
0.01490395
0.01427274
0.01365193
0.01275664
0.01157442
0.01029979
0.00897641
0.007953356
0.007233407
0.007042938
0.007009366
0.006915075
0.006650191
0.006116302
0.005376965
0.004682023
0.004082497
0.003308535
0.00242835
0.001715709
0.0007184085
-0.0006350196
-0.002270352
-0.004259295
-0.006558232
-0.009001829
-0.01153111
-0.01389421
-0.01564618
-0.01691768
-0.01811408
-0.01902152
-0.01927558
-0.01879666
-0.01762631
-0.01592112
-0.01411356
-0.01243249
-0.01086725
-0.009188319
-0.007651588
-0.006490325
-0.005489951
-0.004460665
-0.003447981
-0.002421442
-0.001232824
-4.204706e-05
0.001148645
0.002465014
0.004046394
0.005528139
0.006539165
0.006943992
0.006666249
0.00580091
0.004575741
0.003332993
0.002010086
0.0004496961
-0.001288293
-0.003104115
-0.004838758
-0.006332197
-0.006921683
-0.006327064
-0.004773143
-0.003029713
-0.00152209
-9.883685e-05
0.001170119
0.002127622
0.003163978
0.004264203
0.005262606
0.005885105
0.006029935
0.005909335
0.005563894
0.005087234
0.004675734
0.004287425
0.003945424
0.003750018
0.003488382
0.003097197
0.002675825
0.002424627
0.002200436
0.002016644
0.001968371
0.001873098
0.001832553
0.001606156
0.001324472
0.0008462469
0.0001346943
-0.0005519118
-0.0007658016
-0.0004230585
0.0002565616
0.001012421
0.001420305
0.001799247
0.002302771
0.00308574
0.004437661
0.006261951
0.008307198
0.009770734
0.0102869
0.009854613
0.008724376
0.007373588
0.006028122
0.004810201
0.003743727
0.002712769
0.001474721
0.0001632493
-0.001211908
-0.002703869
-0.004347672
-0.006137019
-0.007952316
-0.009501027
-0.01030802
-0.0098712
-0.008415495
-0.006792217
-0.005065227
-0.00312396
-0.00101677
0.001273692
0.003608126
0.005983427
0.008174832
0.01012038
0.01162889
0.01271018
0.01330251
0.0133866
0.01298894
0.01234193
0.01141366
0.01026816
0.00892295
0.007547074
0.00626026
0.005121205
0.00416692
0.003331555
0.002666931
0.00227375
0.002383924
0.002908416
0.00377505
0.004763467
0.005680525
0.006591336
0.007680681
0.008815361
0.009757438
0.01013293
0.009774378
0.008892019
0.007704366
0.006473459
0.005263495
0.003999786
0.00250437
0.0006880012
-0.001097246
-0.0026826
-0.00393201
-0.004558354
-0.004360516
-0.003450989
-0.002227903
-0.0009203283
0.0004037935
0.001736409
0.003115187
0.00456153
0.005660229
0.005906248
0.005467143
0.00466778
0.003580776
0.002327315
0.0009530498
-0.0006233867
-0.002343434
-0.004002178
-0.005540863
-0.00673882
-0.007372755
-0.007592526
-0.007180333
-0.006155611
-0.004846926
-0.00340036
-0.002235526
-0.001554849
-0.001405543
-0.001786323
-0.002297422
-0.002494713
-0.002080498
-0.00135069
-0.0009333858
-0.001125254
-0.001869812
-0.003049746
-0.004249178
-0.004946581
-0.004812414
-0.003839
-0.002498824
-0.001252827
-5.183898e-05
0.001385197
0.002882047
0.004323786
0.005609995
0.006856494
0.00797675
0.008786872
0.009220669
0.009220568
0.008741275
0.00787371
0.006368643
0.004273284
0.001925061
-0.0005877765
-0.003095566
-0.005217111
-0.007150057
-0.008820669
-0.01024313
-0.01128913
-0.01172895
-0.01149045
-0.01073434
-0.00961578
-0.008208028
-0.006458632
-0.004671904
-0.002782694
-0.0008421028
0.001088057
0.003021052
0.004707147
0.006188633
0.00731521
0.008064277
0.008455304
0.008094001
0.006932076
0.005443503
0.003779775
0.002009082
-2.857887e-05
-0.002090157
-0.00416281
-0.006141266
-0.007978817
-0.009731881
-0.01136461
-0.01272272
-0.01390511
-0.01477028
-0.01523109
-0.01519145
-0.01443337
-0.01327989
-0.012071
-0.01091783
-0.009882004
-0.009318841
-0.008971932
-0.008747023
-0.008421441
-0.007890848
-0.007274015
-0.006835712
-0.00657709
-0.006467188
-0.006314305
-0.005976942
-0.005419016
-0.004739916
-0.004253536
-0.003951161
-0.00356505
-0.003032122
-0.002462302
-0.002003215
-0.001659476
-0.001328491
-0.0009326146
-0.0005625361
-0.0004852295
-0.0008502687
-0.00125962
-0.001478098
-0.001775995
-0.002282402
-0.002993945
-0.003747032
-0.004491793
-0.005447267
-0.006505596
-0.007407979
-0.008264977
-0.008715042
-0.008444976
-0.007579303
-0.006261404
-0.004779109
-0.003502916
-0.002327435
-0.001198555
-6.797232e-05
0.00112985
0.002344983
0.003600617
0.00474034
0.005666798
0.006276704
0.006205992
0.005443549
0.00421863
0.002938591
0.001833497
0.0006649275
-0.0004907806
-0.00162953
-0.002519701
-0.003355475
-0.003896048
-0.003698367
-0.003054172
-0.002317282
-0.001441086
-0.0006309422
-1.251277e-05
0.0001622279
-0.0003699359
-0.001550574
-0.003152568
-0.005172094
-0.007606253
-0.01023785
-0.01290407
-0.01558634
-0.01834584
-0.02114157
-0.02378889
-0.02613564
-0.02827487
-0.03005348
-0.03149808
-0.03260867
-0.03339821
-0.03408486
-0.03474928
-0.03519523
-0.0354593
-0.03560742
-0.03584341
-0.03629439
-0.03696925
-0.03771658
-0.03834398
-0.03900563
-0.03978141
-0.0404851
-0.04124832
-0.04234512
-0.04366063
-0.04499365
-0.04626296
-0.04742703
-0.04852499
-0.04969087
-0.05089765
-0.05200024
-0.05298857
-0.05397192
-0.05504492
-0.05609976
-0.05716319
-0.05797996
-0.05835437
-0.05825559
-0.0576124
-0.05671139
-0.05594135
-0.05504229
-0.05393137
-0.05243985
-0.05052865
-0.04816013
-0.04538212
-0.04207271
-0.03801006
-0.03320124
-0.02812792
-0.02355588
-0.01952376
-0.01612245
-0.01314243
-0.01039893
-0.007662778
-0.005107661
-0.002443954
0.0005658296
0.003750852
0.006962077
0.00996844
0.01290656
0.015811
0.01864214
0.02134553
0.02385271
0.02613609
0.0282943
0.03059523
0.03302443
0.0351952
0.03694107
0.03827572
0.03891143
0.0385178
0.03703063
0.03457155
0.03122825
0.02728732
0.02290093
0.01797384
0.01277277
0.007529022
0.002728802
-0.001364737
-0.004825898
-0.007660935
-0.009910962
-0.01166178
-0.01315891
-0.01462133
-0.01584117
-0.01695605
-0.01786318
-0.01851174
-0.01910717
-0.01985375
-0.02062226
-0.02097139
-0.02071413
-0.01997434
-0.01886948
-0.01744054
-0.0156012
-0.013662
-0.0115646
-0.009432378
-0.007422541
-0.005319772
-0.003097484
-0.0009867819
0.001102435
0.003323905
0.005483337
0.007542908
0.009752508
0.01206605
0.01449972
0.01741049
0.02064983
0.02400743
0.02763208
0.03126086
0.03508568
0.03898488
0.04282757
0.04669104
0.05038365
0.05412156
0.05773462
0.06141784
0.06526671
0.0690231
0.07267681
0.07616015
0.07939101
0.08261129
0.0858832
0.08905435
0.09201727
0.09478264
0.09723216
0.09923007
0.1007762
0.1019406
0.1026073
0.1026734
0.1022238
0.1011749
0.09931021
0.096142
0.09159246
0.08591427
0.07934049
0.07234157
0.06515806
0.05795476
0.05101556
0.04436147
0.03838675
0.03304783
0.02853179
0.0249996
0.0221254
0.01946725
0.01711335
0.01490449
0.0128209
0.01101759
0.009402123
0.007959166
0.00632013
0.004468378
0.002702927
0.0009865227
-0.0006006984
-0.001938276
-0.003025175
-0.003832556
-0.004231112
-0.004161459
-0.003448764
-0.002272919
-0.0007081494
0.001429007
0.004257617
0.00773231
0.01172398
0.01581586
0.01978172
0.02351805
0.02697098
0.03014459
0.03284079
0.03494314
0.03618629
0.03602308
0.03438394
0.03155097
0.02792753
0.02363285
0.01886259
0.01429265
0.01015427
0.006592839
0.003531921
0.001090151
-0.000863074
-0.002028122
-0.002408573
-0.002129771
-0.001397135
-0.0006804884
-0.0005379851
-0.0008818908
-0.001797392
-0.003328041
-0.005175139
-0.007157916
-0.009543518
-0.01240349
-0.01576193
-0.01975146
-0.02427321
-0.02888214
-0.0333098
-0.03754168
-0.04143699
-0.04487001
-0.04786153
-0.05056613
-0.05294518
-0.05495055
-0.05664555
-0.05782352
-0.05821649
-0.05787639
-0.05686793
-0.05551743
-0.05400872
-0.05238596
-0.05072743
-0.0491149
-0.04737968
-0.04526473
-0.04273219
-0.04014288
-0.03800554
-0.03601501
-0.03401366
-0.03172338
-0.02949277
-0.02736768
-0.02509142
-0.02262322
-0.02025923
-0.01813568
-0.01615873
-0.01428195
-0.01270822
-0.01142219
-0.01041469
-0.009688556
-0.009088164
-0.008516819
-0.00777922
-0.00687268
-0.006024432
-0.005193466
-0.004425543
-0.004105155
-0.003987302
-0.003937977
-0.003978636
-0.004135292
-0.004462029
-0.004960645
-0.005531815
-0.006022454
-0.006507188
-0.007144572
-0.008062883
-0.009149107
-0.01042445
-0.0116228
-0.0125466
-0.01313206
-0.01342557
-0.01320104
-0.01221774
-0.01067461
-0.00868284
-0.006307493
-0.003762248
-0.0009674631
0.002079811
0.005123836
0.008222537
0.01097482
0.01333886
0.01528965
0.01686248
0.01804396
0.0186279
0.01848943
0.01776138
0.01665188
0.01525665
0.01366852
0.01190798
0.01006209
0.008332965
0.006804388
0.005519987
0.004664408
0.004413117
0.004961408
0.006422777
0.008556316
0.01117469
0.01445074
0.01824722
0.02259949
0.02750545
0.03275302
0.0379523
0.04285095
0.04722496
0.05115864
0.05461571
0.05764541
0.06051074
0.06326764
0.06591648
0.06848184
0.07105154
0.07373081
0.07624202
0.07841473
0.08024177
0.0818989
0.08337747
0.08449837
0.08505446
0.08495003
0.08440986
0.08373502
0.08337382
0.08361693
0.08415405
0.08461493
0.08447323
0.08358097
0.08215757
0.08028068
0.07821495
0.07591725
0.07340383
0.07053712
0.06741788
0.06415662
0.06097486
0.05829154
0.05615186
0.05466672
0.0539861
0.05406936
0.05497403
0.05686695
0.05960346
0.06281494
0.06633884
0.0699774
0.07373134
0.07741551
0.08106784
0.08468763
0.08789958
0.09093504
0.09390268
0.09675381
0.09940576
0.1017477
0.1037873
0.1060813
0.1083349
0.1103648
0.1115859
0.111046
0.1079522
0.1020874
0.09394544
0.0841151
0.0729395
0.06109391
0.04963645
0.03929484
0.02977346
0.02082325
0.01248504
0.004864586
-0.002326179
-0.009203359
-0.01608877
-0.02306961
-0.03017268
-0.03760027
-0.04555396
-0.05413136
-0.06307142
-0.07202451
-0.08092233
-0.0890538
-0.09599155
-0.101701
-0.106113
-0.109419
-0.1117119
-0.1134955
-0.1149165
-0.1161194
-0.1172145
-0.1183394
-0.1196247
-0.1208872
-0.1219908
-0.1225238
-0.1224883
-0.1217211
-0.120353
-0.1184442
-0.1157475
-0.1116996
-0.1061057
-0.0993687
-0.09172553
-0.08335908
-0.07439147
-0.06534681
-0.05634319
-0.04771901
-0.03981909
-0.03280448
-0.02675188
-0.02179005
-0.01789333
-0.01487566
-0.01231046
-0.00988655
-0.007823926
-0.00616704
-0.004882155
-0.004097104
-0.003542919
-0.003099143
-0.002904226
-0.002812668
-0.002863676
-0.003210686
-0.004005534
-0.00529709
-0.006982327
-0.009122269
-0.0117663
-0.01507335
-0.01890856
-0.02307273
-0.02755536
-0.03210303
-0.03689965
-0.04265077
-0.049365
-0.0567633
-0.0649607
-0.07394702
-0.08327392
-0.09230233
-0.1007367
-0.1084683
-0.1153212
-0.12136
-0.1267645
-0.1314269
-0.1352578
-0.1384733
-0.1412994
-0.1436059
-0.145208
-0.1460657
-0.1461933
-0.1453224
-0.1436037
-0.1410963
-0.1377183
-0.1331867
-0.1273218
-0.1202109
-0.112448
-0.1040829
-0.09536644
-0.0869436
-0.0794033
-0.07294371
-0.06726274
-0.06208151
-0.05804631
-0.05482212
-0.05214317
-0.04988109
-0.04824054
-0.04731753
-0.04707218
-0.04775139
-0.04905982
-0.0504194
-0.05181641
-0.05286291
-0.05336805
-0.0533188
-0.05277001
-0.05173704
-0.05035302
-0.04877749
-0.04694406
-0.04505809
-0.04295963
-0.04056894
-0.03790381
-0.0346077
-0.0301923
-0.024661
-0.01806723
-0.01018397
-0.0009178341
0.009639379
0.02125945
0.03256066
0.04157008
0.04895535
0.05571934
0.06191299
0.06754725
0.0728033
0.07729686
0.0809922
0.08402055
0.08676696
0.08910364
0.09080056
0.09180312
0.09180025
0.09063768
0.0882732
0.08481513
0.07989237
0.07330725
0.06565605
0.05786199
0.04994604
0.04257036
0.03609429
0.03066238
0.02625591
0.02237152
0.01912084
0.01614906
0.01335844
0.01054547
0.007378454
0.003913743
-0.0001837648
-0.004960996
-0.01003525
-0.01529483
-0.02008159
-0.02441559
-0.02840944
-0.03197257
-0.03515596
-0.03805973
-0.04051234
-0.04220212
-0.04292489
-0.04239219
-0.04097478
-0.03902663
-0.03676641
-0.03426151
-0.03135653
-0.02787646
-0.0243659
-0.02088705
-0.01748708
-0.0141147
-0.01090682
-0.008078353
-0.00560705
-0.003527153
-0.001721624
9.652399e-05
0.001669566
0.003216722
0.004879716
0.006889468
0.009051205
0.01147186
0.0142396
0.01728275
0.02049207
0.02371484
0.026863
0.0301082
0.03347835
0.03685255
0.04044229
0.04415162
0.04758812
0.05065139
0.05339053
0.05566437
0.05737518
0.05862965
0.05964691
0.06055453
0.06110994
0.06124716
0.06104211
0.06036764
0.05915673
0.0575369
0.05545273
0.05268067
0.04916721
0.04527495
0.04144015
0.03743207
0.03349676
0.0298596
0.0265793
0.0236262
0.02060757
0.01741481
0.01416133
0.01077419
0.007305815
0.003575165
-1.721469e-05
-0.003428478
-0.006992758
-0.01086314
-0.0148977
-0.01884032
-0.02276698
-0.02651752
-0.02971579
-0.03264693
-0.03532866
-0.03762627
-0.03949832
-0.04099947
-0.0419606
-0.0420763
-0.04124527
-0.03978172
-0.03792319
-0.03576227
-0.03336161
-0.03041636
-0.02712492
-0.02396258
-0.02095959
-0.01828049
-0.01590182
-0.01342368
-0.01073352
-0.007659558
-0.004398057
-0.0009152109
0.002993393
0.007231044
0.01138323
0.01536591
0.01957048
0.02404713
0.02831314
0.03235116
0.03613471
0.03965022
0.04278862
0.04554339
0.04790519
0.05019117
0.05245222
0.05460678
0.05665151
0.05833326
0.05964539
0.06065011
0.06132617
0.06163385
0.06176078
0.06164714
0.0611009
0.05996612
0.05828748
0.05641491
0.05417938
0.05156356
0.0485566
0.0453734
0.04223594
0.03891213
0.0353397
0.03160704
0.02762507
0.02354739
0.01938033
0.01522214
0.01111676
0.00728705
0.003973496
0.001197693
-0.001101269
-0.002958217
-0.00454728
-0.005863076
-0.006901669
-0.00783948
-0.008671057
-0.009574519
-0.01046643
-0.01136878
-0.01220947
-0.01313988
-0.01416933
-0.01546524
-0.01726564
-0.01944484
-0.02183427
-0.02441548
-0.02688359
-0.02911446
-0.03116319
-0.0329565
-0.03453552
-0.03578996
-0.03661792
-0.03708722
-0.03685312
-0.03616247
-0.03546901
-0.03470973
-0.03374038
-0.03269713
-0.03131726
-0.02953312
-0.02773985
-0.02590152
-0.02413095
-0.02235819
-0.02047684
-0.01854975
-0.01663393
-0.01460155
-0.01251102
-0.01024161
-0.007791208
-0.005008453
-0.001931312
0.001443433
0.005066836
0.008623214
0.01163044
0.01395021
0.01567949
0.01698337
0.01794114
0.01856673
0.01884161
0.01862218
0.0178613
0.01654757
0.01489378
0.01297959
0.01092036
0.008689648
0.006345538
0.004257117
0.002465247
0.000689269
-0.001161174
-0.003219597
-0.005655311
-0.008892368
-0.01295081
-0.01769564
-0.02292923
-0.02864196
-0.03460014
-0.04062351
-0.0464745
-0.05178313
-0.05657872
-0.06098094
-0.06486822
-0.06818078
-0.07095707
-0.07329031
-0.07518925
-0.07668104
-0.07767625
-0.07802594
-0.07785071
-0.07723998
-0.07624211
-0.0748909
-0.07295344
-0.07049557
-0.06783745
-0.06501177
-0.06190563
-0.05837544
-0.05436376
-0.05001444
-0.045468
-0.0413887
-0.03725092
-0.03286611
-0.02866499
-0.02452426
-0.02035275
-0.01624174
-0.01224974
-0.008179745
-0.004285397
-0.0007967892
0.002025753
0.003808093
0.004399489
0.00399083
0.002954551
0.001517298
-0.0001698774
-0.002030233
-0.003708683
-0.005177493
-0.006650049
-0.007977079
-0.00899492
-0.00971618
-0.009848642
-0.009371777
-0.008543351
-0.007368448
-0.005913786
-0.004177171
-0.002093289
0.0003328297
0.003135318
0.006213942
0.009397538
0.01249817
0.01541221
0.01833102
0.021396
0.02471743
0.02832793
0.03206519
0.03574987
0.03947307
0.04308974
0.04619759
0.0491345
0.0520398
0.05493565
0.05787374
0.0608503
0.06384467
0.06676289
0.06952807
0.07239157
0.07523854
0.07790646
0.08028336
0.0822783
0.08394562
0.08516061
0.08605324
0.08625813
0.08560405
0.08433701
0.0824377
0.07967503
0.0759469
0.07136009
0.06618326
0.06040372
0.05419994
0.04770971
0.04120747
0.03494121
0.02890483
0.02336857
0.01869567
0.01487762
0.01224821
0.01092366
0.01087482
0.01212824
0.01406594
0.01637563
0.01898322
0.02197599
0.02552026
0.02928657
0.03297866
0.03626116
0.03930299
0.04210271
0.04446429
0.04622297
0.04732483
0.04765924
0.04718821
0.04618781
0.0450446
0.04417057
0.04388194
0.04471781
0.04632718
0.04835494
0.0505473
0.05241701
0.05378262
0.05475116
0.05516588
0.05491514
0.05406369
0.05256602
0.0504009
0.04711365
0.04255141
0.03658242
0.02918388
0.02086983
0.01233131
0.00416835
-0.003296511
-0.01055605
-0.01785143
-0.02479156
-0.03123147
-0.03726071
-0.04268434
-0.04753232
-0.05141001
-0.05425577
-0.05637809
-0.05805649
-0.05963786
-0.06086578
-0.06176215
-0.06231212
-0.062159
-0.06118236
-0.0592282
-0.05642459
-0.05288233
-0.0485664
-0.04403898
-0.03915372
-0.03379379
-0.02811471
-0.02223709
-0.01673099
-0.01165345
-0.007033561
-0.003075915
-0.000103332
0.002201724
0.004322601
0.006158129
0.007671267
0.009201593
0.01058352
0.01201087
0.01349396
0.01500256
0.01631141
0.01720237
0.01794547
0.01849032
0.01876964
0.01886432
0.01876434
0.0183613
0.01758484
0.01648733
0.01507147
0.0136195
0.01202068
0.01066815
0.01002895
0.01013646
0.01116031
0.01290148
0.01528502
0.01790665
0.02046825
0.02291622
0.02531609
0.02771015
0.02996156
0.03207989
0.03380279
0.03500482
0.03536969
0.03462011
0.03291607
0.03071581
0.0283863
0.02603806
0.02385444
0.02170031
0.01915593
0.01614585
0.0129081
0.009635956
0.006298546
0.00291259
-0.0003664906
-0.003659465
-0.006843529
-0.009601318
-0.01194642
-0.01392206
-0.01555677
-0.01683105
-0.01784713
-0.01870747
-0.0195327
-0.01999928
-0.01988724
-0.01930554
-0.01826142
-0.01687642
-0.01498622
-0.01232889
-0.00882455
-0.004854909
-0.0009972695
0.002792061
0.006224571
0.00911835
0.0111915
0.01195697
0.01106443
0.008241812
0.003736119
-0.001996576
-0.008544122
-0.01558051
-0.02251954
-0.02877162
-0.03416354
-0.03875472
-0.04257206
-0.04541747
-0.04729885
-0.0479587
-0.0469609
-0.0445833
-0.04154735
-0.03776878
-0.03274932
-0.02633928
-0.01869657
-0.01048714
-0.001940132
0.006553772
0.01460473
0.02183259
0.02757387
0.03208538
0.0357261
0.03848402
0.04077345
0.04304124
0.04530036
0.04761038
0.04994402
0.05209433
0.05400964
0.05570836
0.05670639
0.05701106
0.05664122
0.05577588
0.05465943
0.05326834
0.05153241
0.0493808
0.04695478
0.04409501
0.04089929
0.03735994
0.03317925
0.02818187
0.02265012
0.01654431
0.01012665
0.003789474
-0.002226164
-0.007530128
-0.01210084
-0.01599098
-0.01934461
-0.02232954
-0.02496692
-0.02757569
-0.02998489
-0.03210775
-0.03403083
-0.03562066
-0.03699072
-0.03802771
-0.03830771
-0.0374987
-0.03541957
-0.03201035
-0.02720825
-0.02121766
-0.01457858
-0.007405037
-0.0004117416
0.006212553
0.01237461
0.01780474
0.02239624
0.02621699
0.02965938
0.03296453
0.03604857
0.03895778
0.04181131
0.04463449
0.04747806
0.05035103
0.05297242
0.0552554
0.0572651
0.05866626
0.05930459
0.05922427
0.05850165
0.05710871
0.05514972
0.05258185
0.04948392
0.04597807
0.04213041
0.03778492
0.0333561
0.02878092
0.02392896
0.01846418
0.01262935
0.006473904
-1.380099e-05
-0.006618478
-0.01331024
-0.02022117
-0.02701638
-0.03317889
-0.03842895
-0.04250919
-0.0454042
-0.04747149
-0.04880609
-0.04938757
-0.04913713
-0.04824863
-0.04736464
-0.04635032
-0.04523194
-0.04393062
-0.04262023
-0.04153952
-0.04083051
-0.04056359
-0.04081583
-0.04143224
-0.04211952
-0.04293789
-0.04382204
-0.04472209
-0.04564431
-0.04679498
-0.04806733
-0.04935186
-0.05056569
-0.05198624
-0.05392615
-0.05614298
-0.05844514
-0.06094624
-0.06334245
-0.06555953
-0.06781597
-0.06988336
-0.07159579
-0.07313229
-0.07440934
-0.07523025
-0.07546299
-0.07517586
-0.07460695
-0.07397538
-0.07324067
-0.07249168
-0.07166309
-0.07094327
-0.07017567
-0.06916124
-0.06804917
-0.06670533
-0.06508353
-0.06332851
-0.06123101
-0.0590652
-0.05673035
-0.05398339
-0.05105556
-0.04826397
-0.04584068
-0.04353963
-0.04143911
-0.03932676
-0.03671045
-0.03376398
-0.0305962
-0.02727468
-0.02398516
-0.02070354
-0.01741665
-0.01424317
-0.01097651
-0.007602097
-0.004361039
-0.001660257
0.0004637568
0.002355024
0.003870645
0.004944636
0.005614465
0.005494258
0.00452427
0.003147232
0.002060735
0.001723958
0.002281088
0.003584069
0.005356389
0.007203151
0.009134627
0.01163011
0.0145247
0.01792145
0.02168575
0.02522329
0.02851647
0.03144678
0.03415133
0.03673409
0.0393004
0.04203236
0.04465092
0.04697715
0.04895384
0.05068632
0.05223955
0.05393475
0.05544593
0.0563388
0.05649297
0.0561442
0.05548695
0.05468257
0.05370918
0.05280922
0.05188929
0.05085986
0.04958526
0.04819394
0.04673284
0.04517613
0.04355284
0.04190775
0.04023996
0.03849019
0.03701484
0.03584423
0.03494212
0.03423674
0.03364216
0.03312679
0.03266705
0.03199153
0.03104105
0.02986342
0.02850831
0.02712175
0.02575034
0.02438716
0.02297506
0.02141176
0.01958042
0.01743019
0.01508405
0.01277658
0.01047103
0.008301417
0.006712968
0.005397671
0.004230334
0.003156505
0.002048221
0.001144365
0.0006904737
0.001109986
0.002220026
0.003791747
0.005668628
0.007732336
0.01014575
0.01258578
0.01503807
0.01769233
0.02036034
0.02295828
0.02550165
0.02805841
0.03043794
0.03245213
0.03415206
0.03573555
0.03724719
0.03895712
0.04080604
0.04255939
0.04437286
0.04619401
0.04782269
0.04934088
0.05082341
0.05225705
0.0535929
0.05475503
0.05567389
0.05637011
0.05695508
0.057158
0.0567317
0.05593602
0.05486844
0.05378528
0.05277275
0.05193055
0.05122407
0.0505964
0.050346
0.0504388
0.05075106
0.05132061
0.05216066
0.05323914
0.05465447
0.05600346
0.05677724
0.05684007
0.05619014
0.05476161
0.05265176
0.05002329
0.0468456
0.0431295
0.03896611
0.03466929
0.03043439
0.02646371
0.02298009
0.02009033
0.01769345
0.01581802
0.01438377
0.01330215
0.01256394
0.01201579
0.01134649
0.0102947
0.008576655
0.00632662
0.003789472
0.0008354718
-0.00262095
-0.006284196
-0.009720148
-0.01271373
-0.01542504
-0.01816672
-0.02083982
-0.02338382
-0.0258276
-0.02820386
-0.03018601
-0.03169349
-0.03296849
-0.03394643
-0.03492662
-0.03582313
-0.0365056
-0.03670273
-0.03613921
-0.03534311
-0.03448576
-0.03354849
-0.03273336
-0.0323074
-0.03241477
-0.03279988
-0.0332876
-0.03382923
-0.03448123
-0.03511107
-0.03582415
-0.03657615
-0.03745759
-0.03850991
-0.03963575
-0.04080404
-0.04211043
-0.04358764
-0.04513809
-0.04657285
-0.04742237
-0.04725865
-0.04627542
-0.04476011
-0.04294598
-0.04079732
-0.03840627
-0.03602403
-0.033614
-0.03123562
-0.02902218
-0.02694399
-0.02525466
-0.0239156
-0.02291341
-0.02228601
-0.02214131
-0.02241581
-0.02315587
-0.02431318
-0.02550791
-0.02633236
-0.02650642
-0.02589027
-0.02440362
-0.02252936
-0.02086959
-0.01957381
-0.01843603
-0.01775791
-0.01770398
-0.01812865
-0.01888722
-0.019784
-0.02088937
-0.02213147
-0.02358228
-0.02507878
-0.02679245
-0.02848635
-0.0302347
-0.03206325
-0.03409846
-0.03603893
-0.0377559
-0.0390939
-0.04005571
-0.04069156
-0.04111332
-0.04126194
-0.04132462
-0.04139025
-0.04142105
-0.04139181
-0.04121857
-0.04086236
-0.04034207
-0.03982195
-0.03927072
-0.03877154
-0.03854623
-0.03837418
-0.03804909
-0.0377633
-0.03733792
-0.03667152
-0.03586648
-0.03506057
-0.03437204
-0.03383327
-0.03317386
-0.03240549
-0.03165809
-0.03101477
-0.03057108
-0.03055309
-0.03088061
-0.03154125
-0.03246917
-0.03367097
-0.03500834
-0.03641093
-0.03790868
-0.0395435
-0.04134587
-0.04325429
-0.04511867
-0.04712152
-0.04925163
-0.05151464
-0.05394831
-0.05665518
-0.05944055
-0.06222085
-0.06500273
-0.0677924
-0.07064764
-0.07362025
-0.0766193
-0.0792928
-0.08156636
-0.08340001
-0.0848858
-0.08597572
-0.08675225
-0.08702704
-0.08679911
-0.08605032
-0.08476529
-0.08311813
-0.08138908
-0.07988614
-0.07884933
-0.07859148
-0.0792371
-0.08043739
-0.08164433
-0.08246889
-0.08253885
-0.08151736
-0.07884424
-0.07395792
-0.06666624
-0.05753316
-0.04748307
-0.0373517
-0.02762791
-0.01884204
-0.01135178
-0.004568894
0.001985412
0.008017505
0.01314518
0.0173902
0.0209446
0.02387445
0.02646213
0.02889442
0.0310484
0.03246387
0.03291107
0.03253576
0.03148853
0.0299395
0.02799379
0.02575158
0.02339507
0.02106972
0.01938597
0.01895215
0.01994424
0.02227463
0.02544959
0.02942973
0.03445085
0.04031224
0.04666931
0.05320871
0.05937703
0.06488661
0.06949537
0.07281603
0.07460893
0.0745264
0.07234966
0.06796484
0.06133818
0.0527245
0.04272869
0.03202434
0.02132236
0.01112637
0.002174477
-0.005108655
-0.01056112
-0.01423641
-0.01661606
-0.01819708
-0.01888447
-0.01881923
-0.01835035
-0.01785404
-0.01735067
-0.01694396
-0.01649963
-0.01574413
-0.01438664
-0.01237931
-0.009672535
-0.006477749
-0.002619574
0.002139703
0.007883895
0.01465428
0.02261835
0.03162899
0.04130426
0.0512925
0.06135067
0.07129624
0.08090014
0.08994167
0.09830288
0.1061529
0.1135269
0.1201533
0.1259127
0.1304686
0.1337654
0.1361659
0.1380031
0.1394301
0.1400364
0.1391789
0.1356933
0.1277655
0.1138198
0.09327062
0.06769504
0.04149486
0.01784293
-0.001050014
-0.01429366
-0.02158403
-0.02204076
-0.01631822
-0.006318212
0.006115175
0.02034223
0.03561374
0.05111152
0.06580781
0.07889977
0.09013551
0.09894819
0.1054341
0.1098752
0.1128393
0.1149777
0.1157355
0.1135581
0.1057286
0.08994606
0.06533417
0.0340517
0.002245765
-0.02546108
-0.04689088
-0.06297452
-0.07613229
-0.08730434
-0.09635407
-0.1029538
-0.1063906
-0.1062623
-0.1025419
-0.09524614
-0.08448764
-0.07044266
-0.05389319
-0.03652755
-0.02091362
-0.007880749
0.002044505
0.008320104
0.01112388
0.01118745
0.009207211
0.005847299
0.001637956
-0.002848665
-0.007214803
-0.01112287
-0.01469855
-0.01822373
-0.02216373
-0.02669446
-0.03178211
-0.03787538
-0.04467778
-0.05189487
-0.05927744
-0.06693421
-0.07463051
-0.082376
-0.08997225
-0.09714167
-0.1037746
-0.1100492
-0.1159376
-0.121972
-0.1280924
-0.1340153
-0.1397099
-0.1449473
-0.1493273
-0.1521906
-0.1525399
-0.1496512
-0.1434903
-0.1334877
-0.1190603
-0.1002117
-0.07832392
-0.05592914
-0.03496493
-0.01710746
-0.003365168
0.00697913
0.01464158
0.02003703
0.02327405
0.024437
0.02358361
0.02114837
0.01775763
0.0139198
0.009843292
0.005753606
0.001733648
-0.002219593
-0.006017185
-0.009430212
-0.01193952
-0.01293983
-0.01237417
-0.01004437
-0.005843728
0.0002429
0.008267072
0.01829817
0.02976588
0.04161216
0.05315969
0.06426821
0.07476141
0.08435902
0.09265492
0.0994811
0.1046379
0.1077094
0.1081617
0.1057446
0.1001228
0.09113789
0.07941971
0.06526215
0.04938454
0.03312013
0.01794786
0.004757037
-0.005552245
-0.0124276
-0.01605751
-0.01655919
-0.01443109
-0.009977206
-0.00369162
0.003897662
0.01245346
0.02196283
0.03198768
0.04194321
0.05132742
0.05959289
0.06642219
0.07192544
0.07609193
0.07908275
0.08109753
0.08205857
0.08156222
0.07970718
0.07690344
0.07327804
0.06879033
0.0635418
0.05758753
0.05105983
0.04450754
0.03848736
0.03371457
0.03014271
0.0278014
0.02695075
0.02727504
0.02830409
0.0295184
0.03082535
0.03198551
0.03280071
0.03314717
0.03275541
0.03193183
0.03097083
0.02991111
0.02861392
0.02725599
0.02589006
0.02450246
0.02309272
0.02166497
0.02039598
0.01959576
0.01924377
0.01952576
0.02032589
0.02146635
0.02275535
0.02386341
0.02487099
0.02597939
0.02701119
0.02790112
0.02837555
0.02814821
0.02727047
0.02573186
0.02354331
0.02068052
0.01733671
0.01367335
0.009961006
0.006488263
0.003209776
0.0001981415
-0.002430699
-0.005386497
-0.008953806
-0.01303262
-0.01757611
-0.02219808
-0.02682078
-0.03106821
-0.03467126
-0.03736073
-0.03897307
-0.03926437
-0.03811191
-0.03568626
-0.03215009
-0.02788322
-0.0232374
-0.01843891
-0.0138651
-0.0100808
-0.007265924
-0.005506922
-0.004691276
-0.004750228
-0.00556622
-0.007070547
-0.009144491
-0.01173379
-0.01459945
-0.01749331
-0.02021627
-0.02251914
-0.02420424
-0.02523732
-0.02555296
-0.02514643
-0.02412019
-0.02246078
-0.02046361
-0.01835379
-0.01599044
-0.01340394
-0.0106189
-0.007767446
-0.004923433
-0.002117072
0.0006303622
0.003364189
0.006194501
0.009326373
0.01291241
0.01669045
0.02079976
0.0252479
0.0295063
0.03352261
0.03719418
0.04040305
0.04284829
0.04392559
0.04319537
0.04115236
0.03812944
0.03412352
0.02921225
0.02329734
0.01674941
0.0098698
0.003182622
-0.002847963
-0.008512591
-0.01383386
-0.01880407
-0.02361608
-0.02859678
-0.0333422
-0.03766774
-0.04142158
-0.04464067
-0.04750818
-0.04999801
-0.05199266
-0.05323572
-0.0534204
-0.05247426
-0.05074847
-0.04868173
-0.04624968
-0.0436723
-0.04121389
-0.03892891
-0.03676639
-0.03482324
-0.03369577
-0.03326663
-0.03345368
-0.03403827
-0.03494103
-0.03634418
-0.03804208
-0.03978493
-0.0417923
-0.04411236
-0.04649692
-0.04866095
-0.0504612
-0.05151997
-0.0517045
-0.050921
-0.04911797
-0.04605224
-0.04147679
-0.0357161
-0.02927716
-0.02227319
-0.01511818
-0.008465291
-0.002400371
0.002717187
0.007078626
0.01068617
0.01364178
0.01586099
0.01742149
0.01808247
0.0177184
0.01642386
0.01432329
0.0113687
0.007472195
0.00252793
-0.003293316
-0.00979176
-0.01584773
-0.02090003
-0.02505278
-0.02811976
-0.03028697
-0.03166001
-0.03234232
-0.03230137
-0.03169927
-0.03083302
-0.03005302
-0.02899492
-0.0276704
-0.02601986
-0.02397243
-0.02174366
-0.01965532
-0.01768009
-0.01567423
-0.01341686
-0.01075995
-0.007867188
-0.004730505
-0.00132441
0.002240413
0.00569716
0.009061805
0.01259878
0.01624001
0.01963019
0.02252041
0.02499992
0.02705282
0.02873655
0.03009483
0.03094393
0.03106976
0.03046771
0.02943551
0.02812586
0.02647482
0.02473872
0.02283018
0.02111579
0.01954275
0.01814882
0.0169018
0.01561007
0.01419043
0.01271342
0.01117374
0.009441311
0.007789701
0.006073107
0.004258447
0.002504887
0.001067786
-0.0001015923
-0.0009968071
-0.001424653
-0.001262625
-0.0005101023
0.001412497
0.004946024
0.01012378
0.01698105
0.0251279
0.03419413
0.04361216
0.05290861
0.06194923
0.07048941
0.07801472
0.08439727
0.08920875
0.0922667
0.09347587
0.09294497
0.09016084
0.08478801
0.07644442
0.06467689
0.0490872
0.030214
0.009033955
-0.01236354
-0.03154876
-0.04679518
-0.0582802
-0.0661562
-0.06997158
-0.06938491
-0.06463944
-0.05653707
-0.04554432
-0.03232372
-0.01783218
-0.003405211
0.01009257
0.02140406
0.03066379
0.03817606
0.0440164
0.04820217
0.05043954
0.0507581
0.04958524
0.04755322
0.04512169
0.04242556
0.03979141
0.037159
0.03475279
0.03275653
0.03121891
0.03045111
0.03039726
0.03105068
0.03221857
0.03370607
0.03505367
0.03613195
0.03645174
0.03589626
0.03451055
0.03226917
0.02894863
0.02428079
0.01832421
0.0111048
0.003053675
-0.005521493
-0.01422596
-0.02270642
-0.03054172
-0.03728451
-0.04270002
-0.04678455
-0.04937584
-0.05039231
-0.049806
-0.04800974
-0.04534975
-0.04215837
-0.03851325
-0.03445593
-0.02978944
-0.02462592
-0.01916581
-0.01352177
-0.007675858
-0.001643459
0.004106794
0.009378443
0.01387918
0.01734137
0.01931697
0.01920151
0.01747222
0.0148734
0.01166028
0.007818446
0.003410413
-0.00119882
-0.005690125
-0.009901529
-0.01399432
-0.01795157
-0.02145706
-0.02403796
-0.02503798
-0.02448029
-0.02285006
-0.02055929
-0.01796103
-0.01499445
-0.01147364
-0.007797216
-0.004395407
-0.001422402
0.0008483679
0.001991515
0.001802554
0.0005590919
-0.001213234
-0.003052922
-0.004914614
-0.006671477
-0.008169185
-0.009527752
-0.0107419
-0.01177102
-0.01261258
-0.01323237
-0.01337511
-0.01281995
-0.01168253
-0.01027838
-0.008650138
-0.006778188
-0.004719365
-0.002633794
-0.0004297586
0.001770732
0.003879315
0.005720075
0.00691368
0.006883564
0.00560923
0.003298139
-7.930857e-05
-0.004194155
-0.008852656
-0.01369526
-0.01869081
-0.02333975
-0.02735369
-0.03099777
-0.03393258
-0.03587439
-0.03667853
-0.03633241
-0.03499837
-0.03329203
-0.03133032
-0.02967416
-0.02877394
-0.02888628
-0.02969048
-0.0309772
-0.03257967
-0.03413875
-0.03561262
-0.03700648
-0.03830258
-0.0394897
-0.04059382
-0.04171062
-0.04298243
-0.04411058
-0.04489291
-0.04522071
-0.04480379
-0.04365692
-0.04192285
-0.03990176
-0.0376457
-0.03509378
-0.03211375
-0.02892298
-0.02575786
-0.02273565
-0.01991078
-0.01748439
-0.01571798
-0.01482798
-0.01505819
-0.01614145
-0.01756931
-0.01855762
-0.01887864
-0.01846028
-0.01733166
-0.01560506
-0.01328894
-0.01042911
-0.007216459
-0.003730231
-0.0001641589
0.003117514
0.006469375
0.01002622
0.0136363
0.01719404
0.02084936
0.0245182
0.02778082
0.03055066
0.03289288
0.03481926
0.03647147
0.03783995
0.03914924
0.04032299
0.04132221
0.04197811
0.04226941
0.04242794
0.04243499
0.0421972
0.04162161
0.04072402
0.03976333
0.03923381
0.0393496
0.03995111
0.0407406
0.04170198
0.04260156
0.0434385
0.04415863
0.04435427
0.04422491
0.04393155
0.04355875
0.04308006
0.04230795
0.04132654
0.04050422
0.03998085
0.03983519
0.0401618
0.04089019
0.04185605
0.0427095
0.04340266
0.04415111
0.04507257
0.04597124
0.04683282
0.04774263
0.04856905
0.04939552
0.05017088
0.05090024
0.05135374
0.05141518
0.05101768
0.05025787
0.04930784
0.04806563
0.04669478
0.04519855
0.04349769
0.04155069
0.03942209
0.03728456
0.03514235
0.03306961
0.031203
0.02950702
0.02812469
0.02718886
0.02667036
0.02632841
0.02588659
0.02529997
0.02470899
0.02425282
0.0239913
0.02376591
0.02345728
0.02306194
0.02265476
0.02214457
0.02142496
0.02059012
0.01950887
0.01839051
0.01731506
0.01632929
0.01547874
0.01468968
0.01410166
0.01355524
0.01294472
0.01240606
0.01178035
0.0109902
0.009891085
0.00863779
0.007359636
0.006012933
0.004517072
0.002946383
0.001324646
-0.00050276
-0.002565736
-0.004747456
-0.006902361
-0.008906782
-0.01076934
-0.01278628
-0.01459667
-0.01606621
-0.01721684
-0.01819448
-0.01918645
-0.0200117
-0.02070649
-0.02129575
-0.02180473
-0.02219914
-0.02272801
-0.02343912
-0.02414343
-0.02481957
-0.02574503
-0.02693562
-0.02817039
-0.02945089
-0.03088508
-0.0325866
-0.03420496
-0.03585966
-0.03757865
-0.03921576
-0.04060616
-0.04194242
-0.04299083
-0.04378161
-0.04449018
-0.0452694
-0.04593134
-0.04614559
-0.04624434
-0.04634308
-0.04646935
-0.04664097
-0.04680264
-0.04685495
-0.04686843
-0.04683363
-0.04696256
-0.04702338
-0.04691527
-0.04691893
-0.04689455
-0.04659406
-0.04628137
-0.04576464
-0.04497337
-0.04409055
-0.04308667
-0.04174419
-0.04017605
-0.03846708
-0.03699168
-0.0360151
-0.03519831
-0.03461727
-0.03407626
-0.03333053
-0.03249574
-0.03191865
-0.03124494
-0.03048308
-0.02996753
-0.0298301
-0.02983181
-0.02983916
-0.02976165
-0.0294907
-0.02897444
-0.02828126
-0.02767054
-0.02724316
-0.02666936
-0.02589172
-0.02506576
-0.02410027
-0.02310851
-0.02222987
-0.02122951
-0.02001298
-0.01843454
-0.01667256
-0.01494832
-0.01352992
-0.01232759
-0.01123413
-0.01011946
-0.009000858
-0.008011941
-0.00711273
-0.006213637
-0.005439386
-0.004679496
-0.003900527
-0.002969322
-0.001959247
-0.0009169118
1.554381e-05
0.0008868841
0.001954699
0.003136284
0.004386584
0.005721802
0.007065454
0.008249043
0.009163024
0.009800672
0.01033061
0.01077398
0.01091115
0.01083859
0.01052586
0.00990684
0.009075002
0.008295348
0.007519787
0.0066153
0.005783062
0.004783007
0.003528062
0.002317589
0.001287066
0.0004490313
-0.0002863478
-0.0007774663
-0.001074256
-0.001201401
-0.001329676
-0.001552564
-0.001851783
-0.002153991
-0.002418074
-0.002556615
-0.00250811
-0.002308115
-0.001978927
-0.001642652
-0.001500574
-0.001486595
-0.001470867
-0.001383562
-0.001146149
-0.0007402993
-0.0002527806
0.0001063339
0.0004741901
0.0008202636
0.001257831
0.002002641
0.00303356
0.004147912
0.005366186
0.006602079
0.007986613
0.009394937
0.01069721
0.01181944
0.01270778
0.01345742
0.01432028
0.01521693
0.01600843
0.01693224
0.01779589
0.01846028
0.01902837
0.01932833
0.01914791
0.01846174
0.01767015
0.01682536
0.01576317
0.01471818
0.01377041
0.01291512
0.01211571
0.01118811
0.01034906
0.009720012
0.009244803
0.009192607
0.0095242
0.01026267
0.01135204
0.01243946
0.01328984
0.01432661
0.01559272
0.01703441
0.01883612
0.02084919
0.02284822
0.02489728
0.02679017
0.02833355
0.02975251
0.03092683
0.03209658
0.03318128
0.03430328
0.03512523
0.03554221
0.03537028
0.03463299
0.03341065
0.03193254
0.03013661
0.02780594
0.02536125
0.02285084
0.02037007
0.01817562
0.01630486
0.01456538
0.01292995
0.01133375
0.009830077
0.00835362
0.006896537
0.005503431
0.004217478
0.003078512
0.002050388
0.001047674
0.0002598353
-0.0006288374
-0.001543172
-0.002347387
-0.003182575
-0.003891941
-0.004630426
-0.005614075
-0.00669709
-0.007774942
-0.008891797
-0.009799781
-0.01069196
-0.01159453
-0.0123682
-0.01302589
-0.01377707
-0.01466004
-0.01572289
-0.01671667
-0.01778688
-0.01886535
-0.02000231
-0.02123566
-0.02237171
-0.02337893
-0.0243406
-0.02540504
-0.02646346
-0.02757361
-0.0286361
-0.0299613
-0.03145661
-0.03275924
-0.03398062
-0.03517759
-0.03608992
-0.03698684
-0.03781684
-0.03871108
-0.03973363
-0.04055631
-0.04143851
-0.04225118
-0.04282999
-0.04338992
-0.04375818
-0.04359935
-0.04339706
-0.04307803
-0.04260364
-0.04209451
-0.04134832
-0.04034675
-0.0392442
-0.03798749
-0.03670493
-0.03569594
-0.03514206
-0.03507166
-0.0353636
-0.03600936
-0.03687195
-0.03759848
-0.03809707
-0.03841161
-0.03830182
-0.03773587
-0.03687455
-0.03598509
-0.03510175
-0.03418215
-0.03295816
-0.03155939
-0.03009657
-0.0286001
-0.02710007
-0.02536868
-0.02336205
-0.02126632
-0.01893897
-0.01654638
-0.01437224
-0.01239065
-0.01032816
-0.008132152
-0.005909142
-0.003636287
-0.001364098
0.0007172145
0.002612037
0.004554932
0.006532881
0.008589429
0.01077776
0.01287654
0.01488098
0.01666627
0.01844123
0.02019896
0.02198596
0.02380382
0.02545848
0.02683939
0.02803629
0.02913298
0.03023521
0.03119313
0.03224498
0.03323668
0.0342638
0.0353801
0.03671591
0.03843569
0.04032154
0.04216196
0.04400764
0.04580308
0.04742167
0.04902379
0.05061235
0.05208585
0.05326409
0.05404272
0.05464823
0.0551566
0.05554595
0.05562177
0.05550631
0.05525096
0.0548953
0.05458805
0.05415105
0.05351312
0.05282422
0.05244362
0.05231788
0.05221394
0.05203167
0.05172059
0.0513062
0.05092151
0.05044228
0.0498353
0.04915975
0.0482942
0.04741229
0.04661267
0.04573962
0.04491368
0.04398974
0.04284738
0.04145814
0.04013431
0.03906509
0.03811182
0.03738118
0.03679913
0.03643008
0.03604355
0.0353054
0.0342415
0.03292279
0.03179392
0.03071963
0.02961577
0.0286655
0.02780912
0.02683231
0.02582411
0.02465781
0.02325907
0.02174924
0.02017393
0.01859434
0.01698555
0.0152337
0.01359109
0.01199111
0.01036798
0.008779721
0.007149629
0.005464897
0.00368133
0.002223457
0.001011022
-0.0002169834
-0.001363523
-0.00247735
-0.003663306
-0.004621461
-0.005386232
-0.006221169
-0.006958131
-0.007619102
-0.008433666
-0.009268385
-0.009950456
-0.01059643
-0.01115361
-0.01179561
-0.01260542
-0.01370097
-0.01486112
-0.01588054
-0.01673621
-0.01754045
-0.01839531
-0.01935228
-0.02029448
-0.02125814
-0.02234752
-0.02345208
-0.02467557
-0.02622336
-0.02785199
-0.02946141
-0.03109809
-0.03270928
-0.03437166
-0.03607089
-0.03779709
-0.03963197
-0.04148801
-0.0432981
-0.04485542
-0.0462928
-0.04765066
-0.048904
-0.05008075
-0.05123872
-0.05242542
-0.05350069
-0.05450092
-0.05535021
-0.05609011
-0.05649228
-0.05661894
-0.05668812
-0.05673643
-0.05675044
-0.05665914
-0.05636258
-0.05576595
-0.05489696
-0.05396499
-0.0529521
-0.05170591
-0.05030979
-0.04873305
-0.04724162
-0.04575956
-0.04418587
-0.04248864
-0.04065736
-0.03882003
-0.03720416
-0.03568902
-0.03427308
-0.03304036
-0.03203827
-0.03125442
-0.03055685
-0.03009214
-0.02987811
-0.02982038
-0.02975737
-0.02957883
-0.02921056
-0.02864569
-0.02803342
-0.02769838
-0.02763327
-0.02742822
-0.02694193
-0.02617658
-0.02502562
-0.02367643
-0.02217708
-0.02046654
-0.01849817
-0.01631363
-0.01410695
-0.01184216
-0.009683733
-0.007524051
-0.005277972
-0.003205017
-0.001309826
0.0006281318
0.002581449
0.004604818
0.006774533
0.008921018
0.01111936
0.01329726
0.01541495
0.01753924
0.01995568
0.02221569
0.02414054
0.02587023
0.02748192
0.0288951
0.02998117
0.03100343
0.03187393
0.03263642
0.03320067
0.03358664
0.03370339
0.03370503
0.03369501
0.03373503
0.03393435
0.0343659
0.03503424
0.03579448
0.03661368
0.03735289
0.03805256
0.03859828
0.03921185
0.04015344
0.04131826
0.04232867
0.043381
0.04441807
0.04548547
0.04646533
0.04726106
0.04792109
0.04828103
0.04854294
0.0489402
0.04952704
0.05018325
0.05071303
0.05103745
0.05116958
0.05111489
0.05080258
0.05015349
0.04923091
0.04825273
0.04698399
0.04539893
0.04384799
0.04217645
0.04033241
0.03842103
0.03666161
0.03496624
0.03342968
0.03208531
0.0310303
0.03018102
0.02969632
0.02914558
0.02839703
0.0276922
0.02743126
0.02735133
0.02731618
0.02733152
0.02735074
0.02737572
0.02738765
0.02739761
0.02739591
0.02739371
0.027387
0.02739273
0.02741595
0.02747369
0.02755387
0.02762723
0.02760982
0.02739689
0.02687642
0.02604724
0.02509087
0.02411339
0.0230131
0.02202778
0.02121472
0.02063705
0.02007411
0.01924307
0.01819813
0.01719601
0.01630184
0.01567649
0.01509706
0.01442239
0.01383302
0.01354878
0.01341624
0.01322561
0.01290299
0.01245441
0.01201147
0.01162664
0.01127737
0.01108336
0.01078509
0.01024489
0.009509881
0.008803437
0.008210748
0.007515417
0.006810666
0.006272904
0.005717881
0.005014686
0.004350701
0.004029521
0.00366802
0.003128388
0.002521527
0.002080571
0.001793586
0.001716989
0.001665314
0.001487285
0.001108462
0.0004964781
-0.0001978392
-0.0008201451
-0.001558311
-0.002540424
-0.003564239
-0.00466035
-0.00586606
-0.006981495
-0.007951694
-0.0089033
-0.01006235
-0.01137959
-0.01291747
-0.01453027
-0.01625418
-0.01818257
-0.02022158
-0.02212922
-0.02375787
-0.02540454
-0.02723374
-0.02887983
-0.03031825
-0.03168487
-0.03289259
-0.03420808
-0.03544971
-0.03649785
-0.03735804
-0.03812175
-0.03865078
-0.03906745
-0.03970061
-0.04058343
-0.04148125
-0.04229664
-0.04308505
-0.04350385
-0.04337474
-0.04292725
-0.04233192
-0.04185202
-0.04143776
-0.04101456
-0.04039007
-0.03957116
-0.03879418
-0.03796073
-0.03693644
-0.03594021
-0.03479491
-0.03352546
-0.03249263
-0.03160388
-0.03069881
-0.02960225
-0.02851581
-0.02752638
-0.02668455
-0.02600785
-0.02535418
-0.02489794
-0.02455624
-0.02431363
-0.02395757
-0.02340964
-0.02278519
-0.022345
-0.02207273
-0.02192507
-0.02170782
-0.02130447
-0.02072723
-0.02013341
-0.01971463
-0.01953754
-0.01946908
-0.01935329
-0.01909007
-0.0186275
-0.01804335
-0.0175626
-0.01716921
-0.01692671
-0.01661542
-0.0161321
-0.01555738
-0.01508821
-0.01464509
-0.01420467
-0.01358509
-0.01279704
-0.01210259
-0.01145848
-0.01066551
-0.009843635
-0.009084112
-0.008181672
-0.00723917
-0.006492942
-0.005714751
-0.005053092
-0.004584589
-0.004018488
-0.00335378
-0.002821209
-0.002574133
-0.002356558
-0.001954746
-0.001283202
-0.0004335175
0.0002867387
0.0009759056
0.001681292
0.002169497
0.002441239
0.002520176
0.002536073
0.002545379
0.002571861
0.002627832
0.002698778
0.002739153
0.00267807
0.002436978
0.001979744
0.001393562
0.000924259
0.0006305299
0.0006547404
0.0009157137
0.001528463
0.002195133
0.002488309
0.002828281
0.003419107
0.004262471
0.005189248
0.006127327
0.007216598
0.008279894
0.009322104
0.01028721
0.01141378
0.01272873
0.01392039
0.01506166
0.01594435
0.01650059
0.0168928
0.01709563
0.01736064
0.01780348
0.01835685
0.01883144
0.01930398
0.0196294
0.01969829
0.01956853
0.01920894
0.0186609
0.0180958
0.01764851
0.01741083
0.01764475
0.01817323
0.0187631
0.01903557
0.0187509
0.01820939
0.01778978
0.0175075
0.01734873
0.01712569
0.0167163
0.01611907
0.01548917
0.01500112
0.01446192
0.01374286
0.01300654
0.01257521
0.01242739
0.01245492
0.01269779
0.01318585
0.0138531
0.01446219
0.01485152
0.01523364
0.01572861
0.01624552
0.01669065
0.01708078
0.01724498
0.01729428
0.01731444
0.0173133
0.01731729
0.01732591
0.01734456
0.01735813
0.01735983
0.01733359
0.01728522
0.01723068
0.01722477
0.01733701
0.01764726
0.01817522
0.01881016
0.01928313
0.01959787
0.01976829
0.01991964
0.0200703
0.02013853
0.01999606
0.01970028
0.01927584
0.01866468
0.01801419
0.01754758
0.01709622
0.0164721
0.01576298
0.01525571
0.01501091
0.01509241
0.01541939
0.01589164
0.01628753
0.01622126
0.01569814
0.01527129
0.01510608
0.01493561
0.01465644
0.01423419
0.0137396
0.01337893
0.01304241
0.012806
0.01265547
0.0123719
0.0118635
0.01117687
0.01056288
0.01026966
0.01016556
0.01012397
0.01011337
0.01011234
0.01011699
0.01013472
0.01017307
0.01022354
0.01024552
0.0101644
0.009883067
0.009331689
0.008551369
0.00776743
0.006978772
0.005956186
0.004820398
0.003541237
0.002042032
0.0003740042
-0.001355959
-0.002809688
-0.004090347
-0.005264076
-0.006382096
-0.007325996
-0.008327348
-0.00936302
-0.0104093
-0.01126568
-0.0119095
-0.01255371
-0.01311146
-0.0133725
-0.01331541
-0.01312781
-0.0130763
-0.01301094
-0.01316545
-0.01340033
-0.01346604
-0.01315189
-0.01270697
-0.01232648
-0.01194289
-0.01168735
-0.01137662
-0.01088156
-0.0102389
-0.009669945
-0.00926906
-0.008773258
-0.00808795
-0.007384061
-0.007025447
-0.006960067
-0.006949969
-0.006876456
-0.006609288
-0.006061176
-0.005275332
-0.004484569
-0.003706974
-0.003144611
-0.002686473
-0.002205847
-0.001797276
-0.001228807
-0.0005175431
4.744016e-05
0.000299436
0.0004296653
0.0005235263
0.0005574076
0.0004781828
0.0001896296
-0.0003819817
-0.001198874
-0.00202071
-0.002805299
-0.003711654
-0.00453888
-0.005286073
-0.006102229
-0.006959368
-0.007791952
-0.008566059
-0.009005537
-0.009145805
-0.00919735
-0.009210609
-0.009216918
-0.009226395
-0.009240474
-0.009242772
-0.009224673
-0.009182652
-0.009142729
-0.009153496
-0.009291905
-0.00962422
-0.01016125
-0.01077429
-0.01128071
-0.01166444
-0.01201831
-0.01240455
-0.01271725
-0.01283739
-0.0129021
-0.01292809
-0.01287616
-0.01270473
-0.01238351
-0.01196374
-0.01159004
-0.01113829
-0.01061147
-0.01023155
-0.01017779
-0.01047154
-0.0108143
-0.01129452
-0.01187375
-0.01254648
-0.01338857
-0.0141945
-0.01501562
-0.01604163
-0.01728234
-0.0186099
-0.01984742
-0.02089111
-0.02174182
-0.02252684
-0.02327812
-0.02407168
-0.024773
-0.02538533
-0.02583975
-0.02608236
-0.02631956
-0.02666826
-0.02712199
-0.02755178
-0.02800111
-0.02847253
-0.02882204
-0.02921792
-0.02964106
-0.02991059
-0.03016658
-0.03046276
-0.03074508
-0.03110458
-0.03179005
-0.03283425
-0.03398065
-0.03485191
-0.03543814
-0.03566229
-0.03578083
-0.03601779
-0.03647284
-0.03715284
-0.03782737
-0.03809406
-0.03828379
-0.03859776
-0.03907986
-0.03968524
-0.04017861
-0.04055836
-0.04070466
-0.04078027
-0.04085141
-0.04090664
-0.0409173
-0.04080431
-0.04048618
-0.03992088
-0.03921829
-0.03867511
-0.0382879
-0.03780584
-0.03724196
-0.03676963
-0.03637262
-0.0361156
-0.03575751
-0.03519479
-0.03453745
-0.03404602
-0.03371916
-0.03323206
-0.03250253
-0.03166968
-0.03107731
-0.03044017
-0.02972356
-0.0290405
-0.02836977
-0.02766815
-0.02700879
-0.02625977
-0.0254361
-0.02454635
-0.02387053
-0.02318466
-0.02242794
-0.02174327
-0.02089149
-0.01971903
-0.01845109
-0.01723652
-0.01609848
-0.01502731
-0.01415041
-0.01327325
-0.0123988
-0.01174238
-0.01099441
-0.01020159
-0.009395077
-0.008739297
-0.008158517
-0.007427186
-0.006629857
-0.005783504
-0.005061441
-0.004413903
-0.003661054
-0.002953294
-0.002357044
-0.001616018
-0.0007457891
6.810328e-05
0.0009394547
0.001848389
0.0024458
0.003062786
0.003690648
0.004198553
0.004579577
0.004943857
0.005306555
0.005490765
0.005398511
0.005166969
0.004932794
0.004834747
0.004684795
0.0046193
0.004482873
0.004133365
0.003570132
0.002913907
0.002538448
0.002749356
0.003384855
0.004043232
0.004275151
0.00434964
0.004376397
0.004352831
0.004334419
0.004321046
0.004325499
0.004321151
0.004303031
0.004252575
0.004193729
0.004160766
0.004237688
0.004500479
0.005007843
0.005681825
0.006269966
0.006630938
0.007091518
0.007717188
0.008351786
0.008693041
0.008837854
0.00904667
0.009442925
0.01005104
0.01074067
0.01129188
0.0118546
0.01257476
0.0132882
0.01364763
0.01406216
0.0146673
0.01533405
0.01576732
0.01594375
0.01615911
0.01653761
0.01710423
0.01771675
0.01809232
0.01864474
0.01927826
0.01997784
0.02054196
0.02093563
0.02145288
0.02208207
0.02261067
0.0229167
0.02284541
0.02259181
0.02232062
0.02197953
0.02142377
0.0210547
0.02096479
0.02084971
0.02055837
0.01998453
0.01915731
0.01829245
0.01741802
0.01669748
0.01605818
0.01546322
0.01471865
0.01386765
0.01309696
0.01227234
0.01144374
0.01093139
0.01033876
0.009570292
0.008853602
0.008255864
0.007594086
0.006929184
0.006499673
0.006367938
0.006504097
0.006775949
0.007113164
0.007713874
0.008445384
0.009270294
0.01029308
0.0113391
0.01246715
0.01367762
0.0147819
0.01572534
0.01662324
0.01765282
0.0187477
0.01978053
0.02091488
0.02212251
0.02339017
0.02449867
0.02547199
0.02651323
0.0276364
0.02849478
0.02925983
0.02969842
0.02985479
0.02999507
0.03019471
0.03046173
0.03073243
0.03108782
0.0313325
0.03147983
0.03149071
0.031408
0.03133829
0.03117666
0.03128939
0.03159408
0.03194236
0.03214982
0.03221239
0.03222194
0.03219592
0.03216606
0.03216595
0.03223991
0.03241649
0.03269145
0.03309862
0.03375766
0.0342713
0.03444172
0.03449369
0.03450328
0.03449925
0.03450347
0.03451632
0.0345112
0.03444216
0.0342527
0.03390665
0.0334438
0.03298049
0.03228233
0.03132931
0.03018168
0.02892438
0.02770316
0.02653121
0.02533539
0.02411145
0.02280742
0.02141858
0.02002944
0.0186844
0.01741123
0.01618918
0.01498594
0.01407704
0.01322445
0.01246929
0.01165175
0.0106464
0.009733016
0.008986581
0.008250554
0.007335761
0.006399412
0.005499966
0.004493815
0.003536262
0.002580718
0.001626712
0.0007173934
-0.0003224246
-0.001352123
-0.002437188
-0.003564087
-0.004596413
-0.005588171
-0.006697195
-0.007763045
-0.008779566
-0.009632234
-0.01057819
-0.01165495
-0.01257998
-0.01334686
-0.01413506
-0.01499604
-0.01610913
-0.0173886
-0.01873057
-0.02005106
-0.02117111
-0.02189463
-0.02262529
-0.02337097
-0.02402349
-0.0248421
-0.02588282
-0.02686607
-0.02771315
-0.02837207
-0.02867273
-0.02880902
-0.02893103
-0.029083
-0.02923589
-0.02932369
-0.02949421
-0.02960694
-0.02938219
-0.0290724
-0.02874616
-0.02823714
-0.02759139
-0.02702871
-0.02648656
-0.02603086
-0.02561485
-0.0253738
-0.02522417
-0.02509929
-0.02503502
-0.02490534
-0.02459619
-0.02426707
-0.02370738
-0.022809
-0.02174361
-0.02074556
-0.01983628
-0.01889603
-0.01812449
-0.01748786
-0.01686964
-0.01622101
-0.01555326
-0.01514706
-0.01495341
-0.01466295
-0.0141518
-0.01343443
-0.01275837
-0.01256983
-0.01253538
-0.01249555
-0.01238606
-0.01210789
-0.01165474
-0.01114502
-0.01087543
-0.01080197
-0.010508
-0.01015039
-0.01005172
-0.01010404
-0.01034055
-0.01081468
-0.01145696
-0.0120649
-0.01270913
-0.01335068
-0.01400779
-0.01444659
-0.01463019
-0.0148881
-0.01497514
-0.01499275
-0.01500977
-0.01502104
-0.01504678
-0.01508352
-0.01512951
-0.01516077
-0.01514709
-0.01504714
-0.01484006
-0.0145488
-0.01429931
-0.01429787
-0.01381169
-0.01389006
-0.01382879
-0.01392403
-0.01416333
-0.01423633
-0.01424763
-0.01428073
-0.014341
-0.01439484
-0.01434452
-0.01403109
-0.01328563
-0.01204229
-0.01050902
-0.009020255
-0.007461291
-0.005637863
-0.003870522
-0.00207076
-0.0002994505
0.001213973
0.002585468
0.003930501
0.005225019
0.006318557
0.007424962
0.008455551
0.009328587
0.0100713
0.01047464
0.01064476
0.01071402
0.01067351
0.01049139
0.01014837
0.00970931
0.009340391
0.008962999
0.008609803
0.008383682
0.00812421
0.00783794
0.007687081
0.007893716
0.008231392
0.008466889
0.008570961
0.008626916
0.008658157
0.008663155
0.008649384
0.008618
0.008586282
0.008588445
0.008684277
0.008935314
0.009369562
0.009897873
0.01030465
0.01064328
0.01079701
0.01066973
0.01047409
0.010348
0.01009485
0.009972981
0.009866066
0.00969207
0.009501855
0.009386176
0.009504864
0.009668064
0.009906025
0.01017604
0.0105355
0.01092003
0.01121723
0.0115951
0.0120373
0.0123786
0.01274019
0.01309763
0.01340455
0.01382117
0.01430745
0.01466146
0.01498351
0.01516934
0.01516773
0.01514543
0.01520341
0.01541248
0.01580607
0.01629219
0.01662504
0.01675414
0.01698353
0.0171082
0.01727395
0.01754869
0.01781439
0.01788981
0.0179114
0.01791378
0.01783639
0.01761999
0.01718072
0.01650679
0.01570943
0.01496187
0.01438671
0.01401888
0.01356422
0.01288805
0.0120729
0.01138646
0.0107359
0.01007215
0.009590071
0.009269044
0.009066213
0.008862786
0.008639336
0.008468376
0.008479911
0.008622534
0.008634979
0.00862862
0.008740438
0.009047679
0.009571224
0.01020284
0.01096024
0.01165187
0.0121642
0.01226977
0.01200552
0.01147045
0.0107626
0.01005524
0.009365457
0.008733908
0.008248131
0.007819882
0.007459276
0.006999205
0.006434449
0.005924933
0.005395138
0.004880877
0.004260774
0.003593948
0.002880887
0.002221706
0.001518987
0.0005890115
-0.0004089285
-0.00128784
-0.001994793
-0.002600006
-0.003216281
-0.003861897
-0.004514009
-0.005201165
-0.00573349
-0.006128851
-0.00642935
-0.006457193
-0.006252386
-0.005853821
-0.005321301
-0.004840674
-0.00447266
-0.003967204
-0.003239223
-0.002613177
-0.00198713
-0.001317252
-0.0006933213
-7.373863e-05
0.000394302
0.0007922659
0.001202956
0.001510294
0.001803584
0.002019012
0.002088945
0.00210701
0.002077506
0.001977178
0.001788935
0.00152199
0.001256825
0.00113587
0.001045836
0.0009190467
0.000755296
0.000586447
0.000524831
0.00069855
0.0008818646
0.0009364915
0.0009411647
0.0008861695
0.0007539874
0.0005447874
0.0003072379
0.0001338688
-4.131055e-05
-0.0003327265
-0.0007407534
-0.001158672
-0.001461683
-0.001591461
-0.001607583
-0.0015677
-0.001488611
-0.001399449
-0.001348055
-0.001370134
-0.001228353
-0.001022821
-0.0008831515
-0.0008031136
-0.0006745824
-0.0004389
-9.802226e-05
0.0002765898
0.0006228565
0.0009544434
0.001378643
0.001908159
0.002433629
0.003036673
0.003729809
0.004267073
0.004690614
0.004883053
0.004888461
0.004870488
0.004887253
0.004973572
0.005110784
0.005221199
0.005277296
0.005365665
0.005489063
0.005578188
0.005557288
0.005542162
0.005585526
0.005686706
0.00579655
0.005828358
0.005891942
0.006008021
0.006102443
0.006057345
0.005964602
0.005860122
0.00574261
0.005624698
0.005506754
0.005394718
0.005287887
0.0051888
0.005092157
0.004990134
0.004864063
0.004693873
0.004462411
0.00417725
0.003897036
0.00372134
0.003540691
0.003306108
0.003023128
0.002746335
0.002587342
0.002473277
0.002372711
0.002282712
0.002192728
0.002100006
0.00200212
0.001902281
0.001804209
0.001715199
0.00164076
0.001584413
0.001539241
0.001486704
0.001384387
0.001201438
0.001077098
0.0009934908
0.0009305052
0.0008893046
0.0008420639
0.0007446647
0.000557091
0.00044067
0.0003468751
0.0002418333
0.0001135367
-6.00622e-05
-0.0002779947
-0.0005583814
-0.0009278532
-0.001194804
-0.001251002
-0.00117339
-0.001019544
-0.0008961582
-0.0008788376
-0.0008938016
-0.001004847
-0.001147977
-0.001251529
-0.001339294
-0.001531856
-0.001794408
-0.002009015
-0.002209035
-0.002395726
-0.002648385
-0.002980887
-0.003308912
-0.003482091
-0.003600849
-0.003683667
-0.00376988
-0.003862635
-0.003881904
-0.003913398
-0.004015856
-0.004168369
-0.004321585
-0.004456339
-0.004511211
-0.004537244
-0.004557711
-0.00457459
-0.004594267
-0.004611407
-0.004618406
-0.004601487
-0.004552959
-0.004475094
-0.004400627
-0.004380102
-0.004358506
-0.004310085
-0.004239924
-0.004174127
-0.004169571
-0.004192957
-0.004227352
-0.004265879
-0.004294472
-0.004307839
-0.004388993
-0.00451809
-0.004652437
-0.004763217
-0.004852057
-0.004953722
-0.005092068
-0.005243143
-0.005359591
-0.005463601
-0.005571052
-0.005641656
-0.005680987
-0.005673175
-0.005655608
-0.005645596
-0.005642543
-0.005639138
-0.005610592
-0.005544493
-0.00549505
-0.005467041
-0.005422993
-0.005346189
-0.005293789
-0.005248425
-0.005201138
-0.00516021
-0.005130482
-0.005122832
-0.005141498
-0.005180397
-0.005213519
-0.005234854
-0.005235373
-0.005244457
-0.00526331
-0.005291358
-0.005338248
-0.005373774
-0.005386246
-0.005389816
-0.005372284
-0.005337385
-0.005299274
-0.005268311
-0.00523899
-0.005237778
-0.005259968
-0.005267665
-0.005253196
-0.005201789
-0.005114223
-0.005016839
-0.004921173
-0.004833695
-0.004758492
-0.004692241
-0.004622423
-0.004536345
-0.004444314
-0.004347954
-0.004245412
-0.004136469
-0.004022889
-0.003912264
-0.003817517
-0.003737006
-0.003659221
-0.003573841
-0.00347451
-0.003373564
-0.003265399
-0.003154352
-0.003055951
-0.002969144
-0.002898581
-0.002833106
-0.00276438
-0.002688302
-0.002618714
-0.002552085
-0.002486559
-0.002423404
-0.002362174
-0.002302604
-0.002243173
-0.002181895
-0.002116236
-0.002044732
-0.001968466
-0.001894552
-0.001833232
-0.00177127
-0.001712842
-0.001655918
-0.001599359
-0.001539067
-0.001482559
-0.001431052
-0.001385081
-0.001341848
-0.00129967
-0.001259276
-0.001220523
-0.001184214
-0.001149766
-0.001115685
-0.001078596
-0.001041208
-0.001005113
-0.0009704378
-0.000935616
-0.0008981741
-0.0008591128
-0.0008207912
-0.0007844815
-0.0007500875
-0.0007145482
-0.0006783972
-0.0006417523
-0.0006087202
-0.0005780568
-0.0005479841
-0.0005177076
-0.0004870925
-0.0004570711
-0.000427276
-0.0003959435
-0.000364166
-0.0003335058
-0.0003035141
-0.0002725086
-0.0002406787
-0.0002096402
-0.0001795417
-0.0001496744
-0.0001200759
-9.054026e-05
-6.18341e-05
-3.351725e-05
-4.910451e-06
2.343551e-05
5.13335e-05
7.941487e-05
0.0001073963
0.0001352929
0.0001625015
0.0001887353
0.0002139936
0.0002385447
0.0002629079
0.0002868937
0.0003102084
0.0003331458
0.0003562
0.0003789309
0.0004011494
0.0004228816
0.000444096
0.0004647798
0.0004848324
0.0005041121
0.0005225511
0.0005405399
0.000558156
0.000575352
0.0005920738
0.0006083095
0.000624061
0.0006393631
0.0006542637
0.000668746
0.0006828065
0.0006965613
0.0007099194
0.0007228644
0.0007354279
0.0007476097
0.000759401
0.0007708288
0.0007818934
0.0007925998
0.0008029734
0.0008130326
0.0008227813
0.0008322229
0.0008413656
0.0008502155
0.0008587772
0.0008670618
0.0008750744
0.0008828197
0.0008903039
0.0008975318
0.0009045063
0.0009112307
0.000917707
0.0009239373
0.0009299233
0.0009356663
0.0009411676
0.0009464279
0.0009514479
0.0009562284
NaN
