4.67956e-05
4.677516e-05
4.676835e-05
4.67468e-05
4.661656e-05
4.673674e-05
4.666128e-05
4.646879e-05
4.652125e-05
4.643085e-05
4.658498e-05
4.592672e-05
4.655646e-05
4.664889e-05
4.491104e-05
4.701914e-05
4.637558e-05
4.449941e-05
4.655487e-05
4.562903e-05
4.609199e-05
4.46339e-05
4.503219e-05
4.822262e-05
4.170624e-05
4.63235e-05
4.717685e-05
4.070276e-05
4.809514e-05
4.27205e-05
4.510327e-05
4.510017e-05
4.168442e-05
4.945242e-05
3.649496e-05
4.753344e-05
4.577274e-05
3.642633e-05
5.022587e-05
3.73819e-05
4.73027e-05
3.986492e-05
4.212252e-05
4.914906e-05
2.91662e-05
5.328426e-05
3.814525e-05
3.7417e-05
4.500087e-05
4.033667e-05
4.384138e-05
2.866612e-05
5.646937e-05
2.957103e-05
3.77921e-05
5.160743e-05
2.874622e-05
4.650313e-05
2.806988e-05
5.435957e-05
2.68443e-05
3.721996e-05
5.55921e-05
1.508117e-05
5.283792e-05
2.599273e-05
4.50447e-05
3.425369e-05
3.091363e-05
6.104266e-05
8.460684e-06
4.718303e-05
3.59102e-05
3.077351e-05
4.22476e-05
2.90072e-05
4.889786e-05
1.383697e-05
4.196504e-05
4.483766e-05
1.302861e-05
4.237486e-05
3.870013e-05
2.724528e-05
2.619731e-05
4.336305e-05
2.803535e-05
1.331434e-05
5.249249e-05
2.062604e-05
1.730724e-05
3.848612e-05
3.350644e-05
2.6812e-05
1.015478e-05
5.401533e-05
1.500005e-05
1.653375e-05
5.150108e-05
1.599395e-05
1.828336e-05
1.881207e-05
5.993247e-05
2.131956e-07
1.7883e-05
6.522015e-05
-1.273616e-05
3.447652e-05
3.256377e-05
2.043258e-05
9.964201e-06
3.533216e-05
5.101797e-05
-2.8398e-05
3.85506e-05
4.366869e-05
-9.209737e-07
1.48777e-05
3.463878e-05
2.452556e-05
-1.101831e-05
4.859176e-05
2.791616e-05
-1.839798e-05
3.802581e-05
3.275855e-05
-6.902264e-06
1.150112e-05
3.61545e-05
4.146122e-06
-1.97371e-05
4.765553e-05
2.729958e-05
-2.815026e-05
3.431687e-05
2.840175e-05
-6.579253e-06
5.074344e-06
3.011399e-05
-4.111879e-06
-4.477719e-06
5.727326e-05
-1.199071e-05
-8.965702e-06
4.993661e-05
1.658539e-05
-2.448464e-05
8.011564e-06
5.31356e-05
-1.943902e-05
-6.965557e-06
5.242108e-05
9.844267e-06
-2.501547e-05
1.956235e-05
2.375588e-05
-3.675304e-05
1.759838e-05
3.81374e-05
-2.726216e-05
-8.54998e-06
4.689783e-05
-1.888036e-05
-4.689362e-05
3.957194e-05
3.228175e-08
-1.986648e-05
6.108222e-06
1.281803e-05
-4.521718e-06
-3.771602e-05
3.605734e-05
-1.555007e-05
-2.116131e-05
4.959143e-05
-3.015243e-05
-2.83998e-05
1.719013e-05
3.768753e-05
-5.794161e-05
-1.437996e-05
9.242125e-05
-6.595945e-05
-2.148565e-05
3.801269e-05
-1.328051e-05
-2.614578e-05
1.98352e-05
4.214398e-05
-0.0001121405
2.224026e-05
6.572246e-05
-7.923096e-05
3.774257e-06
1.656112e-05
-1.405402e-05
-4.702482e-05
2.536968e-05
-1.305972e-06
-0.0001035132
5.365614e-05
1.405701e-05
-5.942084e-05
-3.708917e-06
1.425752e-05
1.133209e-06
-8.75403e-05
5.790858e-05
-8.525312e-06
-0.0001085534
7.578476e-05
-2.327087e-05
-4.701987e-05
-2.711066e-05
1.617376e-05
-8.086144e-06
-9.805282e-05
8.854822e-05
-4.515704e-05
-9.505048e-05
7.201855e-05
-6.431702e-06
-3.710631e-05
-4.03944e-05
1.478006e-05
-4.146932e-05
-6.393422e-05
7.334007e-05
-5.450354e-05
-8.408458e-05
6.425989e-05
-2.37722e-05
-9.733271e-05
2.399535e-05
4.321094e-05
-0.0001151936
-4.079703e-05
7.972041e-05
-5.847688e-05
-4.825977e-05
3.060472e-05
-1.786359e-05
-8.212698e-05
-2.258144e-05
1.753452e-05
-9.377756e-05
1.805143e-06
4.544693e-05
-8.541843e-05
-5.79699e-05
2.727754e-05
-3.283931e-06
-9.058371e-05
4.257276e-06
3.566584e-06
-8.424742e-05
2.284671e-05
6.406612e-06
-8.869321e-05
-5.92221e-05
4.977975e-05
-1.376621e-05
-0.0001278494
4.126135e-05
-8.457437e-06
-0.0001096985
6.240283e-05
2.041266e-06
-0.0001344156
-3.75824e-05
8.019015e-05
-6.199219e-05
-8.468498e-05
6.605055e-05
-5.456231e-05
-7.652086e-05
6.016361e-06
-9.506273e-06
-8.65502e-05
-4.575146e-05
8.423748e-05
-9.023245e-05
-8.626287e-05
5.038131e-05
-4.261763e-05
-8.105889e-05
-2.243855e-05
5.129957e-05
-9.572016e-05
-7.711925e-05
7.572699e-05
-9.509636e-05
-7.229916e-05
7.066475e-05
-5.282934e-05
-0.0001006121
8.068457e-06
-2.485953e-06
-8.362186e-05
-3.36942e-05
4.555458e-05
-7.672256e-05
-6.889691e-05
9.038298e-05
-8.704977e-05
-0.00011211
7.902988e-05
-3.302741e-05
-0.0001255819
6.844877e-06
4.13322e-05
-9.605397e-05
-3.568493e-05
6.096253e-05
-0.000101666
-7.968858e-05
6.09914e-05
-5.561234e-05
-7.622307e-05
4.060565e-05
-3.331235e-06
-9.080265e-05
-2.62528e-05
1.623955e-05
-0.0001189891
-6.254826e-05
6.320765e-05
-3.486649e-05
-6.483464e-05
-2.102669e-06
-4.962374e-06
-0.0001062676
-6.299816e-05
5.807672e-05
-7.962372e-05
-3.876784e-05
5.716616e-05
-9.871632e-05
-7.824469e-05
5.91519e-06
5.808847e-06
-7.531662e-05
-2.009101e-05
4.198697e-05
-0.0001072002
-2.4338e-05
1.446222e-05
-5.926873e-05
-4.579387e-05
3.580359e-05
-5.839479e-06
-0.000174272
3.317924e-05
1.707281e-07
-0.0001184853
4.359211e-05
-8.014721e-06
-4.313091e-05
-9.204792e-05
3.246651e-05
-7.105534e-06
-0.0001527545
7.443396e-05
-3.597763e-05
-9.754128e-05
1.681358e-05
-7.253045e-06
-4.324969e-05
-0.0001190006
3.820098e-05
-2.339914e-05
-0.0001281414
5.434566e-05
-4.076932e-06
-8.951541e-05
-2.384312e-05
1.413646e-05
-0.0001046431
-6.075598e-05
9.265422e-05
-4.779017e-05
-9.887841e-05
-1.047994e-05
1.110085e-05
-7.590734e-05
-4.521244e-06
4.189177e-05
-0.0001330037
5.467098e-06
3.664528e-05
-0.0001184849
-5.890038e-05
6.39843e-05
-1.231525e-06
-0.0001427939
5.117312e-05
-2.649358e-06
-0.0001729491
4.094281e-05
6.9065e-06
-9.923375e-05
-2.980197e-05
3.339681e-05
-1.927129e-05
-0.0001421386
1.279926e-05
-1.34277e-06
-0.0001050407
5.968696e-05
-8.152092e-06
-0.0001017093
-5.457724e-05
6.290833e-06
-1.128188e-05
-8.964305e-05
2.203151e-05
7.221492e-06
-0.0001118367
-8.835181e-06
4.252693e-05
-0.0001100569
-3.122219e-05
6.339049e-05
-8.744524e-05
-6.70016e-05
3.624963e-05
-1.402075e-05
-0.0001175759
3.351793e-05
2.361762e-05
-0.0001579179
3.648816e-06
5.856513e-05
-8.126362e-05
-7.643195e-05
5.58054e-05
-5.109122e-05
-0.0001160631
7.639617e-05
-5.112598e-05
-0.0001146102
4.75755e-05
1.228176e-05
-0.000110113
-7.021982e-05
8.734261e-05
-0.000105472
-9.642007e-05
0.0001056443
-9.672209e-05
-5.877929e-05
-3.315297e-05
-8.032766e-06
-5.131271e-06
-0.0001057107
5.055929e-05
-5.47139e-05
-4.067591e-05
2.808449e-05
-5.949316e-05
-6.683873e-05
-1.814755e-05
4.848195e-05
-0.0001136234
-5.588868e-05
5.142907e-05
-5.706907e-05
-8.457666e-05
3.351364e-05
-1.980862e-05
-0.0001296598
7.323569e-05
-5.761643e-06
-0.0001141893
-5.04656e-06
7.906958e-06
-5.7136e-05
-6.541548e-05
7.661647e-05
-7.641561e-05
-0.0001203567
7.870795e-05
-4.120411e-05
-6.351337e-05
-2.985595e-06
-3.799512e-05
-6.850733e-05
-5.970198e-05
8.340287e-05
-7.376698e-05
-9.284788e-05
8.456921e-05
-6.112718e-05
-9.436955e-05
-1.954325e-05
3.449397e-05
-0.0001027116
-2.278745e-05
9.659e-05
-0.0001232455
-3.25038e-05
-1.563305e-05
-2.54207e-05
-5.575434e-05
-3.831085e-05
8.922201e-05
-0.0001452822
-1.500122e-05
4.062329e-05
-0.0001332672
1.262205e-05
-8.112379e-06
-5.059603e-07
-0.0001063215
-2.687063e-05
0.0001000329
-0.0002068442
2.774625e-05
9.131013e-05
-0.0001647446
-4.42748e-06
1.339445e-05
-1.718488e-05
-8.173859e-05
2.416733e-05
1.878847e-05
-0.000165304
5.233914e-05
-1.456417e-05
-0.0001396492
3.583575e-05
5.575065e-06
-8.619876e-05
-5.166815e-05
3.202317e-05
-3.461163e-05
-0.000105266
2.767953e-05
9.023527e-06
-9.316817e-05
1.216552e-05
-2.307991e-06
-8.403892e-05
-5.244679e-05
2.612297e-05
-1.400584e-05
-0.0001041716
1.261797e-05
2.807315e-05
-7.481471e-05
-4.013767e-05
1.525746e-05
-8.721483e-05
-5.144195e-05
7.448162e-05
-4.739985e-05
-0.0001223135
5.903154e-05
4.359883e-05
-0.0001641975
2.932085e-06
3.25273e-05
-0.0001325326
1.493691e-05
4.334617e-05
-6.804413e-05
-0.0001080753
1.246367e-06
5.595138e-05
-0.0001205115
3.275477e-05
-1.424562e-05
-0.0001511263
5.494668e-05
1.381822e-05
-4.432474e-05
-9.718085e-05
3.98414e-05
-7.467346e-06
-0.0001800101
0.0001014739
-1.591191e-06
-0.0001261353
4.088836e-05
-2.414012e-05
-6.116303e-05
-8.275176e-05
3.857513e-05
5.356137e-05
-0.0001214642
2.869758e-05
-2.778111e-05
-0.0001383591
5.095214e-05
8.931654e-06
-6.361492e-05
-1.403337e-05
1.076417e-05
-3.902197e-05
-0.0001036546
7.058158e-05
1.174216e-05
-0.0001597886
3.424695e-05
-9.874176e-06
-0.0001046952
5.429327e-05
-1.47315e-06
-7.327857e-05
-7.033295e-05
7.489866e-06
-2.118765e-05
-0.0001348918
7.10136e-05
-1.646196e-05
-9.435311e-05
2.734857e-05
1.030951e-05
-0.0001003266
-9.302736e-05
0.0001257503
-6.858351e-05
-9.011917e-05
6.458567e-05
-6.058135e-05
-7.415711e-05
-4.568648e-06
5.179162e-05
-5.044695e-05
-8.329167e-05
4.388576e-05
-4.000104e-05
-7.010106e-05
4.583008e-05
8.031121e-06
-8.366353e-05
-3.706531e-05
1.931989e-05
-0.0001116587
-2.943504e-05
0.0001113475
-5.974896e-05
-0.0001076186
2.760001e-05
-5.823676e-05
-6.649156e-05
2.415405e-05
1.634527e-05
-9.304797e-05
-5.046206e-05
0.0001057756
-0.0001734309
-1.550342e-05
8.224091e-05
-0.0001075657
-2.940692e-05
-2.029487e-05
4.195928e-05
-0.0001495492
-2.868232e-05
0.0001422595
-0.0001561219
-3.937751e-05
7.929273e-05
-9.202773e-05
-1.760464e-05
9.432349e-06
-4.463427e-06
-0.000101506
9.826573e-07
8.539189e-05
-0.0001233823
-2.348066e-05
3.882669e-05
-5.983843e-05
-7.098637e-05
7.065668e-05
-6.080095e-05
-8.725747e-05
5.662088e-05
-3.417709e-05
-8.029866e-05
-3.11065e-05
5.252605e-05
-6.895736e-05
-6.546847e-05
5.37474e-05
-3.107624e-05
-8.175716e-05
2.83008e-05
-4.779926e-05
-7.671155e-05
6.237152e-06
7.471901e-05
-9.507119e-05
-7.505157e-05
8.580149e-05
-0.0001431592
-1.017594e-05
2.64453e-05
4.426938e-05
-0.0001316476
-3.777556e-05
9.139294e-05
-0.0001634518
6.653332e-05
1.70324e-05
-7.348999e-05
-6.443737e-05
6.988674e-05
-3.131528e-06
-0.0001303535
3.643392e-05
1.738434e-05
-0.0001274843
1.598154e-05
6.390905e-05
-0.000119762
-1.86149e-05
-1.67683e-05
2.987223e-05
-0.0001005065
4.304803e-05
7.346348e-06
-0.0001244034
3.009575e-05
-3.363031e-05
-1.878301e-05
-6.940247e-05
8.390473e-05
-5.156209e-05
-0.0001134166
1.556406e-05
1.459852e-05
-0.0001042571
2.787294e-05
7.307151e-05
-0.0001497581
2.242517e-05
-3.216456e-06
-1.633122e-05
-9.169461e-05
7.630342e-05
-2.562228e-05
-0.0001530507
0.0001034355
-3.591056e-06
-6.682299e-05
-2.47673e-05
5.580237e-05
-0.0001082069
-3.830592e-05
4.018546e-05
-1.357327e-05
-6.966775e-05
3.410218e-06
1.743541e-05
-0.0001380769
3.304176e-05
-1.468097e-05
-2.524711e-05
-4.458324e-05
4.427752e-05
-1.79926e-05
-0.0001261454
5.17692e-05
-4.761183e-06
-7.030261e-05
-3.951065e-06
4.196973e-05
-9.690893e-05
-2.463532e-05
1.983509e-05
-2.28615e-05
-8.730242e-05
6.510565e-05
2.343327e-05
-0.0001967363
8.55525e-05
-4.928952e-06
-8.392944e-05
1.438299e-05
2.160121e-05
-5.94274e-05
-9.246561e-05
7.349664e-05
-1.337702e-05
-7.553818e-05
3.905921e-05
-2.304556e-05
-0.0001111308
3.865572e-05
5.720851e-05
-6.712583e-05
-5.096853e-05
3.370951e-05
-4.962185e-05
-8.071317e-05
5.013881e-05
1.417856e-05
-7.97947e-05
-2.735058e-05
4.928743e-05
-7.3855e-05
-5.436077e-05
6.668638e-05
-5.798037e-05
-7.964631e-05
5.314788e-05
-1.102592e-05
-8.964135e-05
5.349428e-05
1.115809e-05
-0.0001011645
-5.102138e-05
3.889737e-05
-3.504251e-05
-0.0001144539
0.0001666156
-6.670475e-05
-0.0001716824
0.00010046
-6.726149e-05
-1.918655e-05
2.982674e-05
2.084641e-05
-9.382599e-05
-7.853954e-05
0.0001061272
-6.557353e-05
-5.33968e-05
9.289312e-05
-5.734045e-05
-9.690305e-05
2.671494e-05
2.044092e-05
-2.95488e-05
-6.446975e-05
7.04132e-05
-4.546584e-05
-9.873599e-05
7.915755e-05
-3.5762e-05
-4.090682e-05
2.654684e-05
-1.389731e-05
-8.729125e-05
-6.666563e-05
0.0001111942
-1.398931e-05
-0.0001117942
7.698893e-05
-7.388837e-05
-6.327858e-05
3.474971e-05
2.16078e-05
-4.861502e-05
-7.239028e-05
7.341317e-05
-0.0001096545
-3.890697e-05
7.543697e-05
-5.752142e-05
-6.037266e-05
7.398623e-05
2.770305e-06
-0.0001093929
1.356354e-05
6.796291e-05
-4.49206e-05
-9.896681e-05
0.0001030673
-3.572062e-05
-7.187931e-05
7.884529e-05
-2.144996e-05
-0.0001272466
3.127961e-05
7.220054e-05
-0.0001369019
2.53649e-05
6.051615e-05
-6.876766e-05
-7.121426e-05
5.576729e-05
-2.766801e-05
-9.351141e-05
4.908031e-05
4.202175e-07
-4.635271e-05
-5.334549e-05
4.503248e-05
-2.657862e-05
-5.927159e-05
6.992943e-05
-4.71345e-05
-7.22888e-05
2.132623e-05
1.585188e-06
-5.097443e-05
-3.916657e-05
0.0001085899
-8.355027e-05
-6.670384e-05
7.465149e-05
-8.072554e-05
-1.160108e-05
4.020757e-05
7.426787e-05
-0.000184516
5.227692e-05
5.008401e-05
-0.0001236416
0.0001034651
-4.969671e-05
1.340059e-05
-0.0001551188
0.0001445108
-1.199467e-05
-0.0001507178
0.0001305356
-9.05256e-05
2.124718e-05
-9.466506e-05
0.0001142031
-5.96259e-05
-0.0001031325
9.379693e-05
-6.114126e-05
-5.390495e-06
-4.676135e-05
6.674791e-05
-9.435192e-05
1.839967e-06
2.226998e-05
-6.186616e-05
-3.144444e-06
6.47195e-06
2.327769e-05
-0.0001192812
9.229058e-05
1.651936e-05
-9.70482e-05
1.359645e-05
2.326851e-05
-1.056001e-06
-6.914173e-05
7.241245e-05
-2.185331e-05
-0.0001060743
0.0001071826
-5.627671e-05
-3.77678e-05
6.666988e-05
-4.411009e-05
-1.13129e-05
-9.832492e-05
0.0001433325
-7.159837e-05
-0.0001046275
0.0001472991
-8.668554e-05
-2.478301e-05
-6.551606e-05
9.771512e-05
-0.0001203427
1.771728e-05
0.0001071971
-0.0001683182
7.003398e-05
-6.936778e-05
4.748661e-05
-0.0001252995
7.635353e-05
6.020747e-05
-0.0001705957
0.0001179691
-4.823296e-05
-1.318818e-05
-0.0001042182
0.0001534514
-4.375432e-05
-9.41275e-05
0.0001312944
-0.000143238
4.309425e-05
-1.609672e-05
0.0001002225
-7.581796e-05
-7.141387e-05
5.040473e-05
-0.0001230502
8.240783e-05
4.544122e-05
-1.182064e-05
-0.0001228304
2.917529e-05
4.775494e-05
-0.0001003337
1.279923e-06
9.743972e-05
-5.752884e-05
-7.295967e-05
8.471382e-05
-0.0001505062
5.04835e-05
1.225646e-06
2.302058e-05
-3.884563e-05
-6.613771e-05
0.0001791845
-0.000249007
0.0001223287
4.312359e-05
-8.08785e-05
1.557906e-05
-0.0001003168
0.0001703784
-0.0002338093
0.0001337736
5.915171e-05
-0.0001743432
0.0001241229
-9.880411e-05
5.517859e-05
-0.0001184148
0.0001068578
4.240102e-05
-0.000127498
0.0001294812
-0.0001031985
3.248057e-05
-0.0001213359
0.000112899
5.516076e-05
-0.000211583
0.0002328847
-0.0001691264
-4.429741e-06
7.484521e-05
-0.0001016388
9.244015e-05
-0.0001518754
0.000169258
-0.0001133205
-6.960634e-05
0.000206008
-0.0002125648
7.681307e-05
-6.932963e-05
6.432141e-05
-1.509064e-05
-0.000114187
0.0002280339
-0.0002568416
0.0001381003
-1.357737e-06
-0.0001323428
0.0001385498
-0.0001755196
0.0002333126
-0.000257546
4.817392e-05
0.0002004167
-0.0003108051
0.0002579435
-0.0002083987
0.0001296342
-7.287324e-06
-0.0001230106
0.0002545852
-0.0003849211
0.0003355814
-0.0001227184
-0.0001332546
0.0002263793
-0.000216898
0.0002508202
-0.000295282
0.0001844432
1.127121e-05
-0.0002501478
0.0003207861
-0.0002634625
0.0001646615
-5.321467e-05
-2.58291e-05
7.141261e-05
-0.0002270315
0.00030023
-0.0001922494
-3.250776e-05
0.0001203907
-0.0001045229
8.205422e-05
-0.0001309218
0.0001111054
-5.075463e-05
-4.890439e-05
9.982091e-05
-0.0001272338
8.374062e-05
5.185719e-06
-4.491903e-05
-3.755063e-05
4.762094e-05
9.222602e-05
-0.0001022202
-1.196307e-05
2.905892e-05
-1.790907e-05
-1.572236e-05
9.883074e-05
-6.003221e-05
-7.857921e-05
6.28864e-05
1.096279e-05
-6.880449e-06
-8.981647e-05
0.0001227463
-7.526133e-05
-3.791756e-05
0.0001129082
-0.0001177002
8.538033e-05
-4.182782e-05
2.88108e-05
-6.996157e-05
-5.671864e-05
0.0001912696
-0.0001481143
-9.838075e-06
2.343388e-07
3.134608e-05
0.0001081077
-4.370265e-05
-6.518117e-05
-0.0001299731
0.0002000043
5.004368e-05
-0.0001705547
4.696712e-05
-4.756361e-06
4.34183e-05
-1.434492e-05
-7.856516e-06
-3.097374e-05
-1.523276e-05
0.0001147217
-0.0001111654
-9.485031e-06
9.995153e-05
1.068059e-05
-5.655355e-05
-3.069797e-05
6.463711e-05
-2.936798e-05
6.90372e-05
-5.78944e-05
-6.597688e-05
-8.008802e-06
9.156246e-05
0.0001276524
-0.0002711266
6.985377e-05
4.740108e-05
-4.67503e-05
8.860691e-05
-9.194199e-05
0.0001336097
-0.0002089716
8.922527e-05
0.0001436796
-0.0002763986
0.0002608207
-9.926337e-05
-2.27979e-05
1.005026e-05
-3.506475e-05
0.0002371357
-0.0003638659
0.0002710406
-3.211926e-05
-0.0002064825
0.0003741402
-0.000358037
0.0002150674
-0.0001538057
-1.761588e-05
0.0003603523
-0.0005089989
0.0004382768
-0.0002086465
-0.0001113073
0.0003761217
-0.0004657005
0.0004548362
-0.0002986349
4.282418e-05
0.0002892306
-0.0005681003
0.0006434101
-0.000388157
1.060225e-05
0.0003095518
-0.0005124378
0.0005513971
-0.0004570516
0.0002496731
0.0001346309
-0.0004789172
0.0006049919
-0.0004846828
0.0001875131
0.0001088416
-0.0001030036
0.0001784516
-0.000341136
0.0004161868
-0.0002331672
0.0001121345
0.0003093841
-7.978779e-05
0.00014058
9.616553e-05
0.0003764828
-4.683268e-05
0.0004601853
0.0002924488
-4.902476e-06
0.0003036394
0.0003218512
0.0002922993
5.265787e-05
0.0004185087
-0.0002992222
-3.837875e-05
0.0002778229
-0.0001431032
7.402223e-05
-0.0002901302
4.99029e-05
-0.0004336955
-0.0003614251
0.0004112323
-0.0002492082
-9.484657e-05
0.0003982186
0.0004290671
-0.0002138472
5.490027e-05
0.0007523877
-0.0004623154
0.0002180989
0.0009544452
0.0001260428
0.0002790477
-0.0001723813
-0.0003223724
-0.000173896
0.0004039354
0.0003494877
-0.0005701883
4.839409e-05
0.0001773331
3.166815e-05
8.161728e-05
-0.000222213
0.0003744003
0.0007450695
0.0003956038
0.000443629
0.0005331991
-0.0001282653
-0.0005191007
0.001298421
0.001753649
0.0001368392
0.0005803684
-0.0003274408
-0.0005875042
0.0008008536
-0.0007552837
0.001010241
0.002419475
-0.002271109
-0.001466082
0.00325738
0.0006347057
-0.003148676
-0.0004537003
0.00158076
-0.0001037439
0.0006525871
0.001610333
-0.0009976142
-0.002043625
0.0009233731
0.0003194816
-0.001799572
0.002407927
0.001370626
-0.004335054
0.0002552203
0.00441813
-0.0002113063
-0.0007333412
0.001456238
-0.0006773656
0.0002782667
0.002432519
0.001608945
0.001728343
0.001021327
0.0009597954
0.001517816
-0.0001454111
0.0005247515
0.002357631
0.0006271352
-0.0001635144
0.001555103
0.001113063
0.001822893
0.002081894
-0.002052095
-0.0009143952
0.00307817
0.001944227
0.0003887802
-0.0007749572
0.0005740506
0.004174737
0.001990014
-0.002132746
-0.002330517
-0.002893801
-0.002627524
0.000296537
0.0003105428
-0.0003997842
0.001439933
-0.0003734854
-0.003652251
-0.003450836
-0.003851466
-0.001977379
0.003009621
0.002930305
0.002314834
0.004724103
-9.729363e-05
-0.006711657
-0.002778936
0.001751168
0.0007185691
0.003391511
0.004877675
-0.0009889878
-0.001589872
0.001477124
-0.003437016
-0.005601984
0.0002027781
0.005095135
0.004896576
5.536444e-05
0.0004095306
0.002647357
-0.002970145
-0.003723551
0.004076326
0.006887102
-0.0005229883
-0.004046848
0.004489683
0.006899625
0.001520565
-0.0009511889
-0.002133051
-0.001158665
0.0008798248
0.0007204159
4.172572e-05
0.001126166
0.0003013281
0.001925258
0.004606856
-0.003905801
-0.007141964
0.001202552
0.0005679379
-0.005070019
-0.002689889
0.002777435
0.002638715
4.788033e-05
-0.002752174
-0.004158504
0.002205296
0.001636066
-0.007760731
-0.002972797
0.007211196
0.006685248
0.00216413
-0.001601072
-0.001232082
0.00289048
0.003166567
-0.005091884
-0.0137911
-0.001326891
0.01761581
0.006685182
-0.009200147
-0.0006622598
0.006710674
0.002626425
-0.002744444
-0.01139131
-0.01375328
-0.001072821
0.01250581
0.01017383
-0.0066424
-0.01167401
0.004951531
0.004986702
-0.0138601
-0.004366623
0.01877324
0.01594333
0.002954736
-0.005960466
-0.006558361
0.00864063
0.01431442
0.001556652
-0.003978366
0.001782175
0.001599935
-0.008028209
-0.005880032
0.004291177
0.001700523
-0.0009269863
0.006340256
0.00489823
-0.009716429
-0.006397175
0.00933927
0.001019372
-0.01040954
0.002037919
0.009786143
-0.007350218
-0.01156592
0.01031239
0.008518315
-0.01169876
-0.006021648
0.002107852
-0.004104098
0.001812339
0.005903026
-0.00287363
0.001952588
0.002280252
-0.01249573
-0.005954473
0.001914421
-0.008227499
-0.003373295
0.002792038
-0.006383671
-0.001065688
0.01296817
0.01014224
-0.00704934
-0.02160068
-0.008067419
0.01092685
0.002913386
0.004450524
0.0132291
-0.003079765
-0.006443588
0.008361133
0.003911219
0.0008916779
0.007636721
0.003050168
0.004887826
0.008448283
-0.0059265
-0.006864702
0.00654233
0.003400861
-0.002038288
-0.002495342
-0.004287
-0.00588899
-0.005803755
0.005794642
0.003453741
-0.009611259
0.009100568
0.01734358
-0.008876729
-0.009211554
0.00578336
-0.003951674
-0.002881958
0.007536535
-0.003493933
-0.003782041
0.01030129
0.009280454
-0.0006317812
-0.01051241
-0.00634798
0.01420294
0.01427279
-0.009249758
-0.01452
0.0006683338
0.005864235
-0.003572375
-0.009790568
-0.001431867
0.004907008
-7.782731e-05
-0.003087181
-0.002351795
0.005614771
0.01562884
0.008657526
-0.005481204
-0.00334975
0.006673017
0.007415284
0.004247758
0.002828862
-0.0008263832
-0.008145838
-0.006688917
0.001448674
-0.006210116
-0.008218102
0.01132117
0.01197044
-0.007961426
-0.01392067
-0.002688388
0.00642022
-0.0004852302
-0.01033165
-0.007373605
-0.002333241
-0.01479564
-0.02208271
0.001769992
0.0184599
0.008998051
-0.005376954
-0.009215797
0.004311334
0.01235051
0.00600587
0.00531118
0.01084936
0.006084849
-0.009912106
-0.007975956
0.01144968
0.006439061
-0.009971047
-0.002599234
0.007371245
0.008871116
0.01270559
0.003730176
-0.0099748
-0.0001198219
0.007505844
-0.006474571
-0.004035896
0.008534138
-0.004626209
-0.01249724
0.008661427
0.02243681
0.006231581
-0.02004158
-0.02465633
-0.003717909
0.01087218
0.004668513
0.004056352
0.007784893
-0.002593497
-0.007933323
-0.004105451
-0.002834688
-0.004371985
-0.009703864
-0.01121678
-0.004378873
-0.0004177866
-0.005695799
-0.0007840353
0.006857992
-0.004474915
-0.005425445
0.009028031
0.01289913
-0.001756386
-0.02086457
-0.005568874
0.02210138
0.02100896
0.01815992
0.01304214
-0.007238599
-0.004483198
0.016672
0.01142044
-0.004486776
-0.002943643
0.006066078
0.01531404
0.007725021
-0.01144938
-0.008388365
-0.000867566
-0.009505496
-0.008795662
0.004183256
0.004113082
-0.00610295
-0.007928906
-0.005393843
-0.007126041
-0.006084058
0.0004980461
-0.0004637732
-0.01292387
-0.01672098
-0.005914962
0.001521027
-0.001332229
-0.00161952
0.01077377
0.008959888
-0.007329734
-0.01204338
-0.01555796
-0.0006295279
0.02766117
0.02086982
-0.00494842
-0.008539482
0.002360343
0.003092396
7.60774e-05
0.0002211138
-0.002311587
0.005658228
0.01640878
0.007786297
-0.004750821
-0.0007361067
0.01502685
0.0156393
0.001653321
0.002862183
0.006931499
-0.005580336
-0.01987854
-0.01373368
-0.005689355
-0.02104471
-0.01855951
0.006419669
0.003052135
-0.01287215
-0.006299807
-0.004677491
-0.01951849
-0.01012281
0.01671681
0.0183969
0.0002099179
-0.006407259
0.002752718
0.005694066
-0.002319587
-0.009989853
-0.009446053
0.00193417
0.007394269
-0.001731951
-0.0005191277
0.01472134
0.008872038
-0.007996165
0.002387528
0.01446843
0.0061814
0.006166531
0.01489056
0.01222838
0.008259135
0.009520335
0.00813664
0.003739671
-0.01059658
-0.01111334
0.01334599
0.01001241
-0.01297729
-0.005987103
0.008603679
-0.003407033
-0.01869809
-0.01145972
0.002692289
0.003754858
-0.006824619
-0.01004163
-0.003555447
0.005453068
0.00959738
-0.001780021
-0.006298148
-0.0006473367
-0.005480162
-0.01321753
-0.008701406
0.01125866
0.01774177
0.003497219
-0.00514879
-0.01636807
-0.02631053
-0.005632521
0.0259855
0.01987522
-0.01097837
-0.0112298
0.01606439
0.02261348
-4.589077e-05
-0.01753549
-0.01383081
-0.009670445
-0.01019398
-0.0002134477
0.005167294
-0.002018076
-0.001877932
0.00646774
0.009537771
-0.0001183741
-0.005754974
0.009541801
0.02011797
0.01127138
0.008682939
0.004939775
-0.007197823
0.005087528
0.01884267
0.007965856
0.003844248
0.004149275
-0.003395362
-0.002427362
0.003007487
0.000484074
-0.00831721
-0.02076387
-0.02519124
-0.01162636
0.006094867
0.008302002
-0.001300887
-0.009893413
-0.01225997
-0.004268422
0.003846111
0.01068941
0.01827906
0.01274213
0.007578904
0.01025983
0.006506891
0.004918309
0.006012038
0.000722213
-0.003014001
-0.007265115
-0.009162404
0.003438683
0.007497123
-0.009802549
-0.02023944
-0.01183693
-0.001026767
8.724975e-05
-0.004411414
-0.008663613
-0.004027382
0.00339841
-0.002786193
-0.009366809
-0.004570693
-0.002421096
-0.009292062
-0.007263159
0.004909877
0.01126106
0.0154982
0.01521633
0.0120987
0.01158465
0.002690974
-0.003924699
0.004256965
0.01201621
0.009529641
0.005901343
0.004844021
0.006260045
0.01683593
0.01716992
-0.004031749
-0.01728109
-0.006207145
0.01067264
0.001260298
-0.01276308
-0.001650306
-0.0009300495
-0.01163887
-0.008520614
-0.001540465
0.002515909
0.001480587
-0.002699118
-0.0008031495
0.00309225
-0.00024423
0.001225817
0.008217829
0.002603277
-0.006440555
-0.01230019
-0.0161609
-0.01358064
-0.01546322
-0.01675775
-0.01145838
-0.01237785
-0.01171012
-0.004507481
-0.008583478
-0.01968892
-0.01707727
-0.004993802
0.003415046
0.01032566
0.01441453
0.004037412
-0.006054416
0.005336522
0.0205775
0.02425176
0.01505735
0.001364225
0.01031892
0.03423481
0.03412403
0.01296969
0.008059556
0.02155029
0.02377631
0.007799261
0.002835159
0.01645278
0.008669948
-0.01066696
-0.0007221215
0.006363541
-0.006861158
-0.002022768
0.004709904
-0.01632205
-0.02036747
0.009995628
0.01485144
-0.01942286
-0.04051065
-0.02603842
-0.003324642
0.0005329039
-0.006751342
-0.008485244
-0.01291746
-0.02731219
-0.02626684
-0.006447176
0.0007293273
-0.00100314
-0.005532489
-0.01775624
-0.01757201
0.005936562
0.0274531
0.01614795
-0.006384258
-0.01208891
0.0007495825
0.02992785
0.03690969
0.01072347
-0.0005480205
0.01390603
0.02544116
0.01925785
0.005010634
0.01179125
0.02715838
0.0147809
0.0005963669
0.005285043
0.008036401
0.005189828
-0.007361934
-0.02797613
-0.02258448
0.008007169
0.01882331
0.006333411
-0.01312449
-0.02698724
-0.006654311
0.01432506
-0.01167201
-0.0353685
-0.02267318
-0.007168283
-0.000788985
-0.005470146
-0.02233065
-0.01833943
0.006215313
-0.001565152
-0.02581278
-0.01533874
0.008472003
0.01408306
0.009137729
0.01531546
0.02411553
0.01567561
0.006795101
0.008438445
0.00693394
-0.008115728
-0.01040148
0.01325173
0.01988463
-0.002546329
-0.0169307
-0.004279725
0.0004376618
-0.0160188
-0.01630421
-0.005910714
-0.006963046
-0.01375622
-0.01980133
-0.0262513
-0.02990655
-0.0193592
-0.007309171
-0.01626196
-0.03513893
-0.03367219
-0.01749886
-0.01632852
-0.02033479
-0.01307058
-0.008146706
-0.007605001
0.001451293
0.01066681
0.008040221
0.0002680511
-0.001038106
0.01164937
0.01895881
0.003613949
-0.006725776
0.003857239
0.007852213
-0.00554545
-0.008021197
0.00755334
0.01608427
0.01399965
0.01629836
0.0198424
0.009958394
-0.001657886
0.0004200583
-0.003452077
-0.01678802
-0.01749303
-0.01303701
-0.01890462
-0.02453575
-0.0251372
-0.02704769
-0.02888544
-0.03188397
-0.03090263
-0.02218376
-0.01859537
-0.02286567
-0.02420843
-0.02001845
-0.01762843
-0.01856753
-0.02039289
-0.02046819
-0.01359866
-0.009406869
-0.01572246
-0.01230456
0.01091936
0.02232484
0.00822151
0.001443774
0.01793458
0.04046397
0.03903034
0.0190228
0.01984113
0.03254851
0.03883163
0.04239078
0.04129453
0.04334654
0.04445993
0.03901432
0.03721047
0.04082422
0.04126597
0.03073052
0.01369007
0.003590347
0.006535437
0.008710751
-0.005324844
-0.02830387
-0.04351287
-0.04837771
-0.05322182
-0.05821596
-0.05846182
-0.05941909
-0.06554075
-0.07423044
-0.07607836
-0.06660183
-0.05902873
-0.04916892
-0.02473879
-0.0127678
-0.01745022
-0.01244048
-0.00163951
0.009505851
0.01981653
0.02790277
0.03816625
0.04751568
0.05606263
0.0640679
0.06660851
0.06488507
0.06595532
0.07377129
0.08288673
0.08449223
0.07779268
0.06855777
0.05932057
0.05211744
0.0523496
0.05494063
0.05154714
0.04216563
0.03289679
0.03049421
0.02529056
0.0152943
0.007189308
-0.00976288
-0.03344967
-0.04989483
-0.05918016
-0.06406273
-0.06154755
-0.05321563
-0.05038673
-0.05764339
-0.06509983
-0.06685694
-0.06618923
-0.06347532
-0.05930206
-0.05412772
-0.04356266
-0.03585195
-0.03819981
-0.03058307
-0.002243199
0.02295218
0.02319652
0.01251623
0.01643044
0.03257758
0.04791889
0.05975561
0.06397633
0.05736923
0.04617523
0.03765022
0.03335043
0.03133772
0.02523784
0.00980651
-0.008126331
-0.0186364
-0.02473378
-0.03487278
-0.044609
-0.04196213
-0.02703847
-0.02027447
-0.03103176
-0.02735476
0.009828649
0.05124483
0.06237573
0.04911141
0.04491401
0.04188282
0.02136044
0.0111569
0.02144376
0.02301296
0.005471555
-0.01149592
-0.01522488
-0.01821895
-0.03433037
-0.05364889
-0.0581851
-0.05082642
-0.04418819
-0.04945241
-0.06142173
-0.05321595
-0.03464731
-0.03619617
-0.04105557
-0.02910694
-0.01038073
0.00778182
0.005099883
-0.01607149
-0.00951144
0.01672913
0.02161574
0.01056643
0.01082646
0.03335077
0.06368018
0.07931041
0.07505317
0.06345223
0.05136101
0.04530712
0.04573472
0.04246664
0.03526897
0.0189022
-0.001063909
-0.008714378
-0.007076144
-0.007674291
-0.02184575
-0.03970851
-0.05571368
-0.0830134
-0.09770566
-0.08031806
-0.06736691
-0.0785985
-0.0868889
-0.06430026
-0.0006261314
0.05744713
0.05406164
0.03693593
0.06503496
0.1183336
0.1382406
0.09783496
0.07415954
0.09804822
0.1028625
0.0853192
0.06007451
0.03924042
0.05129906
0.07328379
0.07854936
0.06841801
0.05004842
0.0453137
0.05201653
0.03484626
-0.010937
-0.06004894
-0.09203814
-0.09338446
-0.08442031
-0.1034608
-0.1390933
-0.1581082
-0.1662048
-0.1850393
-0.2085216
-0.2050485
-0.1919012
-0.2018328
-0.1705566
-0.07016543
0.01111782
0.02168624
-0.01205204
-0.02634288
0.01889087
0.09532152
0.1513818
0.1528966
0.1209546
0.1100711
0.124569
0.1365606
0.1336499
0.1171777
0.09915207
0.06959184
0.01537699
-0.0278485
-0.02448099
-0.005667911
-0.02417977
-0.07445661
-0.1198365
-0.1186825
-0.0643132
-0.03569675
-0.07832289
-0.132467
-0.1336724
-0.0968835
-0.07478388
-0.07857113
-0.08974978
-0.07205307
-0.0125581
0.04463917
0.08868134
0.1358735
0.1631821
0.1623561
0.1539686
0.1430875
0.1260691
0.1051929
0.07743163
0.02742335
-0.0259134
-0.02930825
0.01510708
0.07188533
0.1346058
0.179804
0.1617131
0.1154708
0.1171614
0.1455323
0.1666316
0.1704417
0.1569628
0.1422936
0.0648764
-0.06533616
-0.1457886
-0.1346159
-0.01357643
0.1007168
0.05293948
-0.07838541
-0.159927
-0.1560546
-0.08728862
-0.06548337
-0.1247486
-0.1720842
-0.1783424
-0.1510954
-0.116878
-0.124909
-0.1586811
-0.1695308
-0.1429705
-0.1013454
-0.05768023
-0.01091242
0.02107088
0.03354517
0.03338288
0.02201915
0.01369012
0.0209193
0.04105301
0.06509836
0.07760552
0.0680211
0.05878362
0.06190613
0.05848052
0.04371691
0.02025716
0.001079008
-0.01488706
-0.03007435
-0.05136028
-0.08779185
-0.0419042
0.1031008
0.1894784
0.1458211
0.05424922
0.02716803
0.0507951
0.05528209
0.05309591
0.04970959
0.03969475
0.03450794
0.02849289
0.01966586
0.006332128
-0.02503928
-0.0785485
-0.1197492
-0.1086836
-0.07265095
-0.07166982
-0.1156416
-0.1488232
-0.1212383
-0.06135375
-0.009084775
0.02480889
0.03005536
0.0287667
0.04354735
0.05834675
0.06482148
0.06978883
0.05953956
0.03271226
0.02461071
0.03910873
0.05073369
0.03657339
-0.001232814
-0.02686051
-0.05462407
-0.07241272
0.006304661
0.1469326
0.2010756
0.120922
0.01607726
-0.002932463
0.03936536
0.0536654
0.02910386
0.01694598
0.02324459
0.02172874
0.006461055
-0.01623509
-0.04566317
-0.07162111
-0.0723542
-0.05403685
-0.04244916
-0.04323702
-0.04170208
-0.03075018
-0.02919204
-0.04745015
-0.06478899
-0.06835489
-0.06252624
-0.05161178
-0.03662419
-0.0189711
-0.0146251
-0.0359417
-0.06173431
-0.06621538
-0.06077781
-0.06672749
-0.08129111
-0.09350743
-0.0948865
-0.08574716
-0.08285614
-0.09461535
-0.109425
-0.1167004
-0.1123043
-0.1129001
-0.1142102
-0.0655559
0.008987673
0.03548158
0.003557841
-0.05115495
-0.06361049
-0.02116594
0.0111261
0.009375435
0.0009070596
-0.002462562
-0.005114909
-0.01162597
-0.02052998
-0.01475525
0.006240416
0.02617552
0.05020318
0.08116129
0.1011814
0.09714037
0.08455702
0.09056517
0.1158571
0.1428496
0.1628577
0.1579834
0.1173461
0.07149183
0.03580472
0.009414639
0.004514951
0.00909283
0.004992365
-0.008224928
-0.02657353
-0.04413338
-0.05556144
-0.05082332
-0.03031861
-0.01858635
-0.02392757
-0.02912722
-0.02627064
-0.01629254
-0.007351569
-0.0119394
-0.02463158
-0.03223733
-0.03021226
-0.02283912
-0.01985339
-0.02706678
-0.04004639
-0.03940428
-0.01666494
0.01176903
0.03120586
0.03967553
0.0453392
0.04970303
0.04752617
0.04539457
0.05349002
0.07119222
0.09230396
0.108621
0.1060174
0.085412
0.06857037
0.07021988
0.06984423
0.03733534
-0.01313864
-0.04841594
-0.03699135
0.01249426
0.02549756
-0.007227535
-0.0256151
-0.0253111
-0.02089741
-0.0102191
-0.006923015
-0.01815008
-0.03226449
-0.03417446
-0.02268739
-0.02277397
-0.04741037
-0.0764232
-0.08922278
-0.07831315
-0.05559282
-0.03879308
-0.02343107
-0.005964968
0.004299852
0.008027184
0.01170772
0.01494555
0.01377941
0.007565537
0.004287527
0.006114825
-0.0002933118
-0.01544538
-0.0227548
-0.02022963
-0.0233457
-0.03483259
-0.04559485
-0.05241583
-0.05189061
-0.04897429
-0.04910485
-0.04645731
-0.03838634
-0.03045552
-0.03202169
-0.03463225
-0.02340402
-0.006141812
0.00557371
0.01141627
0.01859939
0.03256353
0.04850697
0.06130855
0.07101992
0.07765578
0.08006648
0.08160219
0.08950454
0.1030875
0.108465
0.09136161
0.05386423
0.0211124
0.02759915
0.06278409
0.0852602
0.08739588
0.07422367
0.06080705
0.06011965
0.05472956
0.03673117
0.01714243
0.009105342
0.0090199
0.004020149
-0.003699859
-0.007316571
-0.00367925
-0.001944282
-0.008083067
-0.01431063
-0.01357282
-0.00467381
0.003242145
0.006872067
0.006075191
-0.001234209
-0.005944516
0.0003026316
0.01308264
0.01532043
0.00234673
-0.006905007
-0.00178783
0.007504227
0.01308875
0.01738491
0.01635142
0.009846205
0.007549679
0.007092067
-0.0009610987
-0.009635021
-0.005862153
0.003063431
0.003993316
-0.002930243
-0.01089954
-0.01703175
-0.02385489
-0.02941845
-0.03167122
-0.02979487
-0.02453559
-0.02583726
-0.03223212
-0.0321163
-0.02665195
-0.01859024
-0.01238801
-0.0119088
-0.01037152
-0.006437657
0.0002274601
0.01291911
0.02932414
0.04350916
0.04715147
0.041875
0.03576627
0.03130151
0.02614674
0.01772614
0.01344411
0.01723836
0.0203123
0.01595641
0.003207694
-0.00999538
-0.01450051
-0.01529115
-0.0172102
-0.01849195
-0.0235062
-0.03409865
-0.0467945
-0.05504984
-0.05256153
-0.05085163
-0.05538495
-0.05360558
-0.04522734
-0.03662196
-0.02908657
-0.02303426
-0.02364977
-0.03177542
-0.03834745
-0.03785286
-0.03041986
-0.0268379
-0.02988364
-0.02821333
-0.02104647
-0.01150157
-0.002888294
0.002498224
0.008266676
0.01611477
0.02667601
0.03904143
0.04741137
0.04988745
0.05350801
0.06250651
0.07142619
0.07379907
0.06846792
0.06005805
0.05242542
0.04812436
0.05354877
0.06262477
0.06119776
0.04923106
0.03421502
0.0245563
0.02341337
0.02350325
0.0187182
0.009841822
0.0006574842
-0.001064469
0.007091328
0.01093634
0.002498454
-0.006019277
-0.001946215
0.01403237
0.02456358
0.01450695
-0.008410461
-0.02708482
-0.0292456
-0.018247
-0.01210352
-0.01593308
-0.02121691
-0.02453607
-0.02724148
-0.03034469
-0.03144882
-0.02824298
-0.02605545
-0.03164868
-0.04150764
-0.04889178
-0.0547895
-0.05590469
-0.0490247
-0.04608713
-0.04973023
-0.05348747
-0.05796768
-0.0546552
-0.04026541
-0.03100229
-0.03589814
-0.04468448
-0.04535398
-0.0361971
-0.02261986
-0.01345654
-0.01143856
-0.008979112
0.0007001179
0.01176356
0.009843147
-0.005390881
-0.01452379
-0.003318782
0.01334697
0.01262069
0.004346892
0.006423055
0.01393997
0.02150229
0.02428115
0.01934904
0.01612418
0.02028578
0.02856091
0.02730731
0.01355307
0.008467463
0.01448075
0.01515017
0.007471065
0.001547325
0.006363622
0.01144878
0.007979884
0.005701838
0.007288569
0.007283656
0.003886632
-0.001431858
-0.008771301
-0.01778043
-0.02373982
-0.02461516
-0.02434534
-0.0279745
-0.02818425
-0.0186411
-0.01003333
-0.007682295
-0.005751007
-0.0005402876
0.001688273
-0.003330093
-0.004855299
0.0004149064
0.001356057
-0.005848386
-0.01191876
-0.01131987
-0.01143323
-0.011793
-0.005968216
-0.003096178
-0.007125197
-0.007759138
-0.006149527
-0.009400698
-0.01434614
-0.01873786
-0.02382649
-0.02599633
-0.02380756
-0.02037881
-0.01664109
-0.01139876
-0.008674753
-0.01090226
-0.008044352
0.003126863
0.01195745
0.01019082
0.002632712
0.001053642
0.004069793
0.006904287
0.01196387
0.01613757
0.01515766
0.01129217
0.01071508
0.01649043
0.0196794
0.01030222
-0.006465758
-0.01418087
-0.007216364
-0.003211204
-0.01011947
-0.01839522
-0.02449652
-0.02572916
-0.02442398
-0.02335606
-0.02119275
-0.02196667
-0.02036519
-0.01181202
-0.007383797
-0.007691566
-0.002924141
0.005368618
0.009483301
0.006650457
0.003305742
0.007353439
0.01428087
0.01605616
0.01731031
0.01982965
0.01633455
0.01276341
0.0171755
0.02639324
0.03052516
0.02360114
0.02000279
0.02262038
0.01888905
0.01556229
0.02045199
0.02805125
0.02777201
0.0206327
0.02024457
0.02427353
0.0239508
0.01993774
0.01381914
0.009133309
0.005792331
-0.0005600985
-0.007306393
-0.01058937
-0.01319063
-0.01391682
-0.009615609
-0.006493201
-0.005408906
-0.002006636
0.0005755783
-0.0008634984
-0.005880552
-0.006453703
0.00262893
0.01057682
0.006842046
-0.005186966
-0.01261103
-0.009563991
-0.006382213
-0.01005618
-0.01600664
-0.02049854
-0.01786048
-0.01118992
-0.01153212
-0.01238161
-0.004590336
0.009239128
0.01899582
0.01865123
0.01921139
0.02715928
0.03730685
0.04070639
0.03561704
0.03476941
0.03981904
0.04442554
0.0462964
0.04359414
0.04205482
0.0458929
0.05184809
0.05399846
0.04991706
0.04514928
0.04483837
0.04639478
0.04383402
0.03881012
0.03768544
0.04082189
0.04201331
0.03787832
0.03213885
0.02579129
0.01915339
0.0150824
0.01344361
0.01195868
0.007753761
0.002430157
-0.001384721
-0.005163531
-0.01065983
-0.01631751
-0.0153697
-0.01126179
-0.01536601
-0.02311253
-0.02274623
-0.01567451
-0.01335603
-0.01774891
-0.02103937
-0.02050886
-0.01422689
-0.003942909
0.0009306657
0.0004051972
0.002045307
0.007302441
0.01334664
0.01561113
0.01467947
0.01454414
0.01094457
0.0001516972
-0.01216691
-0.01751621
-0.0156012
-0.01677897
-0.02375251
-0.02801858
-0.0287002
-0.03226507
-0.03715588
-0.03664352
-0.03272109
-0.03128284
-0.03236077
-0.03208393
-0.02976946
-0.03028138
-0.03373405
-0.03127996
-0.01978736
-0.008610591
-0.003924534
-0.003873614
-0.006462971
-0.00900043
-0.009620734
-0.00965738
-0.01061485
-0.009363531
-0.00250763
0.003158238
-0.00205388
-0.01606229
-0.02428303
-0.01812465
-0.01080983
-0.01212626
-0.01546733
-0.01520589
-0.01130586
-0.01259874
-0.01601786
-0.01097566
-0.008887293
-0.01488794
-0.01945403
-0.01763955
-0.008553516
-0.002096149
-0.005442989
-0.01243062
-0.0176988
-0.01758167
-0.01332981
-0.01294241
-0.01882569
-0.02425759
-0.02271508
-0.01676129
-0.01150638
-0.008821455
-0.008244831
-0.00700489
-0.007183772
-0.01178568
-0.01428745
-0.007792491
0.001660618
0.003851678
-0.002509694
-0.01046429
-0.01146294
-0.005661177
-4.842733e-05
0.002572255
0.004181235
0.004147313
0.001209338
-0.0001711328
0.003627091
0.01304176
0.02431722
0.03071832
0.03138984
0.02980895
0.0310463
0.03592376
0.03965922
0.04119141
0.04209883
0.04357856
0.04451662
0.04397716
0.04546108
0.04700137
0.04373975
0.03824466
0.03457435
0.0335593
0.03040378
0.02153394
0.01324545
0.01008682
0.008959689
0.005030316
-0.001501218
-0.006069042
-0.0106805
-0.01654424
-0.01947032
-0.02127967
-0.0269327
-0.03501405
-0.03647579
-0.02945715
-0.02603775
-0.03191067
-0.0371476
-0.03211135
-0.0224188
-0.02202749
-0.03067472
-0.03379043
-0.02660196
-0.01950805
-0.02045622
-0.02304731
-0.01963073
-0.0130981
-0.007771188
-0.00623353
-0.009684104
-0.01393479
-0.01249922
-0.005373957
0.0001076688
-0.001033438
-0.005836096
-0.008219777
-0.00586516
-0.001150179
-0.001113598
-0.008831391
-0.01575556
-0.01636656
-0.0157438
-0.01913386
-0.02251459
-0.01868697
-0.01205972
-0.008119269
-0.005871772
-0.005782752
-0.005381638
-0.0041341
-0.006286419
-0.01134889
-0.01234049
-0.005780026
-0.0002625541
-0.001997202
-0.005302268
-0.003695089
0.00283863
0.009527514
0.01338517
0.0150949
0.01545091
0.01462379
0.01308994
0.01114803
0.009643409
0.0113319
0.01428192
0.009878652
-0.0008793624
-0.006999562
-0.00750316
-0.01006542
-0.01683306
-0.02130292
-0.01779721
-0.01385534
-0.01837384
-0.0248971
-0.02444584
-0.01806243
-0.0123852
-0.01146032
-0.01084968
-0.006600617
-0.003832119
-0.007160492
-0.01292016
-0.01552542
-0.01381877
-0.008949398
-0.004573698
-0.005338237
-0.009400085
-0.0113707
-0.0095037
-0.005888765
-0.003121229
-0.001964528
-0.002064702
-0.002197665
-0.001158255
0.001063545
0.002108112
0.0007266664
0.0005502654
0.005076248
0.0121812
0.01464706
0.0119959
0.01273314
0.01617913
0.01514914
0.01234731
0.01331293
0.01829553
0.02286201
0.02218216
0.02129539
0.02414948
0.02436112
0.02061168
0.01821814
0.0178394
0.01500466
0.008539434
0.002059404
-0.001387802
-0.002499922
-0.005463513
-0.01054183
-0.01393548
-0.01481102
-0.01411486
-0.01261901
-0.01162827
-0.01302384
-0.01653091
-0.01591329
-0.008782323
-0.003394506
-0.003539374
-0.004875416
-0.004270752
-0.002396353
-0.00125654
-0.0005042251
0.00012006
0.003223457
0.01220337
0.02171886
0.02386575
0.02068974
0.0206911
0.02603615
0.03230781
0.03540732
0.03484017
0.03402597
0.0347503
0.03489983
0.03235394
0.02776232
0.02448555
0.0245351
0.02644109
0.02569968
0.01990927
0.01528479
0.01565366
0.01573413
0.01046001
0.001229257
-0.005528349
-0.007599794
-0.009154389
-0.01530284
-0.02361159
-0.02773055
-0.02973154
-0.03182217
-0.03171526
-0.02968704
-0.02955502
-0.03259968
-0.0334132
-0.03062269
-0.02882974
-0.02802824
-0.02596188
-0.02479553
-0.02762908
-0.03033936
-0.02883393
-0.02778154
-0.02896655
-0.02879152
-0.02595965
-0.02292425
-0.02212352
-0.02054629
-0.01632456
-0.01251837
-0.0107609
-0.009391653
-0.00699341
-0.004870334
-0.004212963
-0.004433626
-0.005527189
-0.008245701
-0.008506634
-0.004921753
-0.005798807
-0.009279493
-0.006299668
-0.0007573481
0.0009820997
-0.0002083291
-0.0005590922
0.001119048
0.003578183
0.006415819
0.007481061
0.006638301
0.006324657
0.008143623
0.01163074
0.01351863
0.01269447
0.01043103
0.009916821
0.01192276
0.0119676
0.008998741
0.006438217
0.006173261
0.00730739
0.008156316
0.006977436
0.004897461
0.00626695
0.01047933
0.01185342
0.01065966
0.0121584
0.01550675
0.01529414
0.01073915
0.00776889
0.01015806
0.0137103
0.01311539
0.007255031
0.0002720789
-0.003023637
-0.003645887
-0.004774806
-0.006397521
-0.006406567
-0.004741431
-0.003872126
-0.005699317
-0.009587877
-0.01157613
-0.0105105
-0.01011766
-0.008878701
-0.004525982
-0.00109238
-0.001254399
-0.003003412
-0.001870228
0.0006460377
0.0008850855
0.002797564
0.01001295
0.01733784
0.01636461
0.01215995
0.01431729
0.02001349
0.02353821
0.02331473
0.0206529
0.01777356
0.01789381
0.02126124
0.02117636
0.01590214
0.01388561
0.01774844
0.02051204
0.01797695
0.0123296
0.01005776
0.01196059
0.01161038
0.007892714
0.004314647
0.004030005
0.006399163
0.007567728
0.007608481
0.006836942
0.005113072
0.005742502
0.00874775
0.01045754
0.008758196
0.00362621
-0.001761897
-0.002688311
0.0002274495
0.00235116
0.002424976
0.0009466531
-0.0009454752
-0.001203552
0.0004849972
0.003248347
0.005157494
0.004543107
0.00309699
0.004179182
0.008444846
0.01412696
0.01854575
0.02043283
0.02240354
0.02604499
0.0301931
0.03511255
0.03922625
0.03894757
0.0360174
0.03490386
0.03582087
0.03571982
0.03457442
0.03379333
0.03124173
0.02527121
0.01962883
0.02064063
0.02396079
0.02064322
0.01435779
0.01094336
0.009531167
0.007482362
0.003003751
-0.002405706
-0.006243289
-0.009070298
-0.01222644
-0.01535901
-0.0176156
-0.0188332
-0.02038236
-0.02359937
-0.02760843
-0.03078205
-0.03261693
-0.03363081
-0.034801
-0.03707756
-0.03961676
-0.03988006
-0.03736641
-0.03326086
-0.02887392
-0.02603155
-0.02379506
-0.02071715
-0.01903183
-0.01880758
-0.01787721
-0.01723208
-0.01730496
-0.01724322
-0.01579212
-0.01273602
-0.01231069
-0.01302482
-0.01096401
-0.009284001
-0.007659879
-0.00336662
0.00129477
0.00320208
0.003992929
0.004775437
0.00386521
0.003198213
0.004462962
0.006670761
0.006339117
0.002458078
-0.0003981451
-0.001409119
-0.003858478
-0.008898708
-0.01232537
-0.01123097
-0.009975266
-0.0103709
-0.009880087
-0.0083726
-0.008185978
-0.01122422
-0.01347563
-0.01225334
-0.0125158
-0.01382694
-0.01333359
-0.01177578
-0.00931124
-0.008936317
-0.01078259
-0.01079163
-0.007026291
-0.001229691
0.0008852863
-0.001186995
-0.002022646
-0.0003724867
0.002259951
0.005455518
0.007397351
0.00649129
0.005704882
0.007930294
0.0112463
0.01324114
0.01419626
0.01544067
0.01598841
0.01408963
0.01222807
0.013056
0.01516709
0.01750461
0.01885328
0.01847675
0.01919032
0.02097098
0.02129943
0.02088739
0.02142452
0.02263236
0.02211295
0.01904895
0.01558863
0.01243089
0.01049796
0.01104777
0.01148673
0.009155515
0.005993104
0.005460555
0.005565424
0.003422069
0.0001048405
-0.002425799
-0.002532456
-0.00285759
-0.00605145
-0.009844809
-0.01070714
-0.008115321
-0.006008289
-0.005637107
-0.00523918
-0.0043655
-0.003358855
-0.004698805
-0.007667378
-0.008938669
-0.00940497
-0.009423068
-0.007235672
-0.003374468
-0.00148819
-0.00226229
-0.001881838
-0.0002512815
0.001368365
0.004248055
0.008131215
0.01088973
0.0108406
0.008574281
0.00606767
0.004898369
0.004370316
0.0006708531
-0.007312752
-0.01516202
-0.01900693
-0.01827168
-0.01598386
-0.01796897
-0.02620428
-0.03509505
-0.03723993
-0.03451903
-0.03430392
-0.03585578
-0.03537595
-0.03421201
-0.03420493
-0.03409213
-0.03291568
-0.03284319
-0.03543096
-0.03749126
-0.03579332
-0.03331872
-0.033659
-0.0349089
-0.03345331
-0.03130379
-0.03265534
-0.03359904
-0.03088147
-0.02831077
-0.02697812
-0.02496751
-0.02075851
-0.01636891
-0.01536192
-0.01554246
-0.01373071
-0.008638691
-4.40693e-05
0.00861667
0.01281589
0.01199939
0.01145781
0.01460402
0.01843462
0.01943428
0.01705152
0.01325766
0.01164129
0.01320237
0.01164144
0.006891795
0.007445134
0.01008294
0.009667033
0.009264006
0.00827663
0.006091506
0.004961697
0.004989134
0.004849672
0.003476035
0.00231126
0.003753531
0.007411493
0.01218008
0.01682649
0.01906392
0.01907911
0.01897563
0.01916484
0.01856317
0.01647846
0.01434082
0.01398195
0.01637921
0.01896297
0.01702368
0.01371518
0.01292913
0.01303477
0.01372086
0.01517831
0.01671608
0.01599389
0.01380001
0.01454179
0.01782705
0.01951699
0.01939562
0.02172497
0.02583084
0.02729835
0.02738837
0.0286918
0.0299533
0.03024354
0.02929256
0.02787232
0.02845829
0.03029395
0.03041469
0.02875304
0.02729109
0.02622663
0.0247716
0.02349469
0.02303369
0.02209981
0.02013567
0.01993938
0.02195862
0.02282218
0.0215729
0.02165175
0.02436051
0.02442736
0.01963804
0.01595734
0.01670737
0.01777875
0.01624047
0.01401098
0.01303124
0.01325665
0.01342548
0.01242839
0.01080048
0.009466147
0.009199266
0.009996578
0.01021163
0.009645901
0.008594074
0.00685159
0.005559121
0.004874093
0.003812245
0.0019932
0.0006393565
-0.0004391372
-0.002939924
-0.005354457
-0.006586789
-0.007828872
-0.01004738
-0.01221545
-0.01315392
-0.0142114
-0.01534961
-0.01545465
-0.01464265
-0.01477338
-0.01729129
-0.01960799
-0.019449
-0.01724865
-0.01409204
-0.01202264
-0.01201552
-0.01187224
-0.009667891
-0.006695491
-0.005265103
-0.004808432
-0.002907847
-0.0002396211
0.0002113066
-0.002097381
-0.00397075
-0.00316264
-0.001607264
-0.0009562355
-7.437431e-05
0.001618483
0.002470067
0.0009137633
-0.001562868
-0.001875694
-0.0002123879
0.0007424054
-0.0005151203
-0.003539314
-0.006027541
-0.007276152
-0.008320599
-0.00883722
-0.01026925
-0.01206504
-0.01183442
-0.01306389
-0.01568823
-0.01590096
-0.01574982
-0.01732858
-0.01903359
-0.01856994
-0.01622381
-0.0140569
-0.01278554
-0.01235457
-0.01190946
-0.01157897
-0.01343487
-0.014848
-0.01203167
-0.009297107
-0.009500619
-0.009428494
-0.008812584
-0.009422062
-0.01050198
-0.01001226
-0.008579914
-0.0075836
-0.005796732
-0.003783024
-0.002994221
-0.002229978
-0.000559423
0.0004762145
-0.0008651791
-0.003035609
-0.003665284
-0.003317446
-0.003931735
-0.006065576
-0.009014876
-0.01213387
-0.01405588
-0.01465147
-0.01657417
-0.02015902
-0.02317484
-0.02528273
-0.02763026
-0.03022794
-0.03135904
-0.03156877
-0.03214341
-0.03114323
-0.02824714
-0.02633459
-0.02618455
-0.02459671
-0.02089364
-0.01886374
-0.01907151
-0.01778045
-0.01421211
-0.01122357
-0.009913339
-0.009596667
-0.0081089
-0.004777253
-0.001632895
0.001313398
0.003649251
0.004873881
0.006696021
0.009697023
0.01306532
0.01587322
0.01828595
0.02108706
0.02433554
0.02725893
0.02793283
0.02661472
0.02639463
0.02801683
0.02875535
0.02666335
0.02418146
0.02394134
0.02487584
0.02573233
0.02567221
0.02403556
0.02191122
0.02101787
0.02141487
0.02111798
0.01941177
0.01850694
0.01990208
0.02090204
0.01901586
0.01591148
0.01410445
0.01461104
0.01571148
0.01551626
0.01443006
0.01304323
0.01192158
0.01123611
0.01039774
0.009340625
0.00804983
0.006486005
0.005747484
0.006037914
0.006136611
0.004878737
0.00234465
0.0007239318
0.001028879
0.002092867
0.002714973
0.003080227
0.004316691
0.006085325
0.00712651
0.006676594
0.005835041
0.006096336
0.006403035
0.006423873
0.007074624
0.008218657
0.008714735
0.007977733
0.00697621
0.005829107
0.005798305
0.007136268
0.007343018
0.006033202
0.003615693
0.001375904
0.0005756744
0.001113975
0.00138313
-0.001076954
-0.004703774
-0.007232171
-0.009034075
-0.01054106
-0.01201534
-0.01421444
-0.01704714
-0.01880607
-0.0192239
-0.01951915
-0.019992
-0.02029951
-0.02051748
-0.02138669
-0.02294254
-0.02430502
-0.02525479
-0.02586768
-0.02604477
-0.02531329
-0.02396782
-0.02374957
-0.02441743
-0.02454772
-0.02397538
-0.02327101
-0.02306386
-0.02298537
-0.02257922
-0.0218583
-0.02090512
-0.02013053
-0.01983337
-0.01935173
-0.01795961
-0.0159802
-0.01371762
-0.01158419
-0.01062382
-0.01086108
-0.01084936
-0.009880133
-0.008032675
-0.00521299
-0.00214343
0.0001503881
0.001352611
0.002388191
0.003984241
0.004454273
0.003038106
0.001179141
-0.001127189
-0.003926606
-0.005293667
-0.004650746
-0.004416754
-0.005964692
-0.007744768
-0.008196035
-0.007585492
-0.007174663
-0.007248365
-0.007344564
-0.006722409
-0.004834623
-0.002303779
-0.0008414352
-0.0009601946
-0.0006945675
0.0003797004
0.001765855
0.003407765
0.004814933
0.005923263
0.006044587
0.00653451
0.008588761
0.009758151
0.009152696
0.008299309
0.008524899
0.01002154
0.01137096
0.01113843
0.009917858
0.009480652
0.009806054
0.009191292
0.007008412
0.004793238
0.004202319
0.004274564
0.003704157
0.003440934
0.00383266
0.00414985
0.003820596
0.002369158
0.001367818
0.002167317
0.002997432
0.00213444
0.0001121417
-0.00113863
-0.00131847
-0.002074157
-0.003270932
-0.003500305
-0.003148313
-0.003325957
-0.003727043
-0.003748163
-0.004027125
-0.006053172
-0.008630494
-0.008576042
-0.007121947
-0.007526564
-0.008468621
-0.006711045
-0.003908744
-0.002780532
-0.002214611
-0.001630657
-0.0005831334
0.001421021
0.003505783
0.004429639
0.00420081
0.005077966
0.006832585
0.008068232
0.008749809
0.009344199
0.01088235
0.01181665
0.01269517
0.01547108
0.01673623
0.01542261
0.01481223
0.0155076
0.01630695
0.01671032
0.0168107
0.01638916
0.01505876
0.0132549
0.01185199
0.01109544
0.01031187
0.009291961
0.008783264
0.00887167
0.008989305
0.00936427
0.009534571
0.008602634
0.007895887
0.008797937
0.01010466
0.009872002
0.008797365
0.009001435
0.01042374
0.01104857
0.009563767
0.007495179
0.006019798
0.004379587
0.003182752
0.002347999
0.001048527
0.0004081505
0.0001223636
-0.0008405988
-0.001822927
-0.002552495
-0.003484462
-0.004887414
-0.005501816
-0.005407902
-0.006381881
-0.006866932
-0.005531093
-0.004262223
-0.004262448
-0.004267343
-0.003122927
-0.002336782
-0.002907587
-0.003445997
-0.002979934
-0.002966609
-0.004520955
-0.005841864
-0.006213909
-0.006142922
-0.006269022
-0.007090231
-0.007243109
-0.006939558
-0.006553115
-0.006546262
-0.007607238
-0.007728918
-0.007166611
-0.006732546
-0.005911418
-0.004967207
-0.004537269
-0.00556948
-0.006668608
-0.006948994
-0.007332003
-0.00834282
-0.009120665
-0.007744654
-0.005262712
-0.004030842
-0.00461229
-0.006122947
-0.006994647
-0.006469902
-0.005960526
-0.00709165
-0.007964851
-0.007073889
-0.006193598
-0.006302655
-0.006419587
-0.005088844
-0.003264214
-0.002944713
-0.002973304
-0.002449498
-0.00199327
-0.001828663
-0.002046685
-0.00243557
-0.003182615
-0.003525218
-0.003329742
-0.003434602
-0.003135283
-0.002179619
-0.001087915
-0.0005226422
-0.0002964311
0.0004762192
0.001402226
0.002061801
0.003170306
0.005482347
0.008083527
0.009402091
0.009787965
0.01103077
0.01366807
0.01546025
0.01495216
0.01461045
0.01633313
0.01851318
0.01876348
0.01697884
0.01616466
0.01697547
0.01629959
0.01418982
0.0130772
0.01275468
0.01205092
0.0109997
0.009414212
0.006725256
0.003920692
0.002069691
0.0004593501
-0.001527805
-0.003692704
-0.005459009
-0.006717214
-0.00823565
-0.01031503
-0.0130032
-0.01571887
-0.01729146
-0.0181974
-0.0193217
-0.02027055
-0.02028829
-0.01903914
-0.01735958
-0.01632945
-0.01575132
-0.0149506
-0.01353321
-0.01173994
-0.009957149
-0.007845117
-0.006296183
-0.005630894
-0.003887574
-0.0007607107
0.002543404
0.005003716
0.006615372
0.007965383
0.009297836
0.01097357
0.01303617
0.01546895
0.01739527
0.01806948
0.01788505
0.01762004
0.01808855
0.01863766
0.01746951
0.01511821
0.01422464
0.0136111
0.01137376
0.008893914
0.007667573
0.007908546
0.007973912
0.007305783
0.006261526
0.004984532
0.004119242
0.003514458
0.002675007
0.001297674
0.000945639
0.002458022
0.00308877
0.00152865
0.0003138068
0.001732993
0.004331771
0.005547468
0.005549113
0.0048418
0.003654284
0.003672816
0.004652938
0.004932088
0.004847508
0.005476205
0.005800293
0.005194395
0.005286502
0.005433033
0.00414229
0.002361265
0.002076522
0.002587745
0.002742961
0.003075651
0.002884806
0.002231935
0.0008512235
8.285839e-05
0.0003241339
-0.0004538735
-0.001794998
-0.003478626
-0.004342402
-0.004908255
-0.00596904
-0.006466631
-0.006406682
-0.005807954
-0.006003371
-0.0062476
-0.006084216
-0.006644466
-0.007137486
-0.007100355
-0.006433593
-0.006167015
-0.006844764
-0.007244225
-0.007145078
-0.007006697
-0.006862938
-0.006797457
-0.006254395
-0.00451504
-0.002226319
-0.0001066153
0.001385425
0.002610751
0.004195612
0.004750446
0.003907692
0.003590469
0.004193718
0.004248362
0.002319472
-0.001066874
-0.002429164
-0.0007155159
0.0006993675
0.0003074125
-0.0004888879
-0.0001904622
0.0009678669
0.001343821
0.001255142
0.00119494
0.0003668092
-0.0003616198
-0.0002672837
-0.0003998923
-0.001546997
-0.003586294
-0.004609585
-0.003379395
-0.002034099
-0.001621071
-0.001256281
-0.0004898382
0.0007859034
0.001849446
0.002789019
0.004158742
0.005656778
0.007231461
0.008404636
0.009156219
0.01025876
0.01091842
0.01008757
0.008559851
0.008090405
0.008637553
0.008686942
0.009106204
0.01055087
0.01092276
0.009147757
0.006788498
0.005467663
0.004097183
0.001680846
0.0002253665
0.0009281998
0.001885631
0.00156227
0.0001404873
-0.00178363
-0.003016683
-0.003189035
-0.00288776
-0.00279753
-0.003412194
-0.003854018
-0.003654115
-0.003717975
-0.004853713
-0.006229985
-0.006075661
-0.005037372
-0.004303501
-0.003356373
-0.002127702
-0.001485254
-0.001530848
-0.0004389735
0.001929924
0.003626496
0.004881049
0.006363139
0.007463004
0.007890049
0.007928016
0.007469728
0.006227772
0.005639319
0.006876449
0.00816818
0.008365089
0.007602708
0.00602558
0.004641082
0.003109839
0.00125278
-0.0004234368
-0.001918006
-0.002944546
-0.004807799
-0.008160257
-0.01166128
-0.0142566
-0.01583116
-0.01712797
-0.01849624
-0.02010028
-0.02228582
-0.02429059
-0.02545017
-0.02656914
-0.02749045
-0.02766792
-0.02752627
-0.02666276
-0.02515877
-0.02393692
-0.02258742
-0.02137118
-0.02165061
-0.02204921
-0.02055074
-0.01786863
-0.01603402
-0.0152288
-0.0133866
-0.01028528
-0.007306306
-0.005256551
-0.003568403
-0.001306738
0.0008836944
0.002461605
0.003381105
0.003912919
0.004357725
0.005121441
0.006209741
0.006037279
0.004681637
0.003540714
0.003226616
0.003951268
0.004370832
0.004040031
0.003599876
0.002839788
0.001861331
0.0004715314
-0.0009812425
-0.002157599
-0.002938229
-0.002933984
-0.002749799
-0.002547888
-0.002552807
-0.002773264
-0.002723098
-0.002231472
-0.001245153
-0.0002514373
0.0006559074
0.0008064088
0.0005050612
0.0012175
0.002296344
0.00298928
0.002987826
0.001919254
0.0005289243
0.0003222511
0.001348976
0.002147854
0.002548463
0.002554964
0.001738612
0.0001430433
-0.001075699
-0.0005851853
0.000679575
0.0006845964
-0.001349568
-0.003356903
-0.003512325
-0.002970775
-0.003768207
-0.005117862
-0.004902434
-0.005130265
-0.006065552
-0.005752317
-0.005292546
-0.004823831
-0.003771854
-0.00256529
-0.002091653
-0.001724696
-0.0001184184
0.00135752
0.002159541
0.002731067
0.003043541
0.003782748
0.004748773
0.005563429
0.006083956
0.006217606
0.00658357
0.007350374
0.00789071
0.008230508
0.008880629
0.009846469
0.01089973
0.01127096
0.01089868
0.01090323
0.01154294
0.01218691
0.01217878
0.01156152
0.01037909
0.008558615
0.007310599
0.007357421
0.007771185
0.007446184
0.006600887
0.006584342
0.00733012
0.007324826
0.005898714
0.003955017
0.00283215
0.002870202
0.003169896
0.002510916
0.001146001
0.0006363303
0.001544817
0.002318164
0.001153834
-0.0004244152
0.0001141148
0.002111236
0.003808272
0.004363044
0.004509961
0.005272085
0.006446095
0.007894568
0.009048617
0.009109072
0.008603924
0.009162482
0.01126359
0.01310394
0.01285099
0.01127883
0.0111866
0.01202278
0.01074599
0.008488516
0.007492918
0.007266641
0.006666575
0.005366703
0.004572478
0.004465194
0.003514344
0.001464713
-0.0007466965
-0.002221078
-0.002672067
-0.002865329
-0.003526632
-0.004565932
-0.006085667
-0.007958687
-0.009650155
-0.01129431
-0.01276367
-0.01355389
-0.01394472
-0.01455721
-0.01548848
-0.01614106
-0.01572731
-0.01490865
-0.01453085
-0.01398051
-0.01325946
-0.01260233
-0.01231197
-0.01246211
-0.01278415
-0.01341018
-0.01356184
-0.01339091
-0.01318509
-0.01285135
-0.0129292
-0.01308143
-0.01324515
-0.0131763
-0.0130258
-0.0130551
-0.01266541
-0.01226472
-0.01213876
-0.01249882
-0.01266973
-0.01147893
-0.009953069
-0.008925746
-0.008171792
-0.00742572
-0.006719994
-0.005965139
-0.004312146
-0.002348169
-0.0009805798
8.768373e-05
0.0009242561
0.001549538
0.001943086
0.00259172
0.003474713
0.003673178
0.004027714
0.005460746
0.006755987
0.006964443
0.006913686
0.007290682
0.008190045
0.009334303
0.009861749
0.009980248
0.01006633
0.01006977
0.009831464
0.00910769
0.00885927
0.009239586
0.009492066
0.009625061
0.009149338
0.007879288
0.006740934
0.006568024
0.006944044
0.006301926
0.004644323
0.00341641
0.003219749
0.003695518
0.003534636
0.002590787
0.002192634
0.002754319
0.003001651
0.00219967
0.00237729
0.003417926
0.003654363
0.003949761
0.00399883
0.003639134
0.003941594
0.004425887
0.004899089
0.005477288
0.005474807
0.005002907
0.004506592
0.003956777
0.003586581
0.003836571
0.004504558
0.00459793
0.004496808
0.00515758
0.005947311
0.006559202
0.007071927
0.007195963
0.006845903
0.006530959
0.007112482
0.007735515
0.007487896
0.006623235
0.0054048
0.004488806
0.004039402
0.003902167
0.002964872
0.001138328
0.0001522356
-0.0003730565
-0.00093705
-0.001343197
-0.001831012
-0.002130527
-0.002340031
-0.00325324
-0.004706483
-0.005307821
-0.005124074
-0.005104904
-0.005366137
-0.005611651
-0.005566399
-0.005523218
-0.005544956
-0.005242073
-0.004431798
-0.003448641
-0.002564983
-0.00163308
-0.0008919068
-0.0001457844
0.0009902587
0.001271779
0.0004860853
0.0006640817
0.002096802
0.002764488
0.001944538
0.001128501
0.000552393
1.514801e-05
0.0004752239
0.001227308
0.0011789
0.0006627919
0.0001769793
-0.0005811061
-0.001630862
-0.00212556
-0.002062432
-0.002009158
-0.00215781
-0.002628145
-0.003271485
-0.003718336
-0.004013674
-0.00449849
-0.005186498
-0.005286985
-0.004699799
-0.004578887
-0.005164647
-0.005721905
-0.005727119
-0.005344314
-0.004291993
-0.00272313
-0.001913064
-0.001669808
-0.001154046
-0.0001285124
0.0005612499
0.0004924023
0.001201194
0.002715504
0.003398648
0.002669931
0.001981625
0.003034648
0.004436412
0.004199486
0.003283161
0.00322107
0.003602047
0.003302023
0.003149621
0.004247168
0.005098971
0.004774268
0.004229887
0.004025917
0.004098398
0.004326486
0.004480199
0.003939349
0.002914785
0.002379287
0.002649689
0.002908009
0.001957133
0.0002225329
-0.0009988658
-0.00110536
-0.0006911125
-0.0009711819
-0.001845305
-0.002511897
-0.002244997
-0.001580608
-0.001980059
-0.002787794
-0.002880127
-0.00223115
-0.001672466
-0.002057717
-0.002477542
-0.002333722
-0.002327525
-0.002931262
-0.003579893
-0.003381014
-0.00301705
-0.003204664
-0.003510141
-0.004025824
-0.004720704
-0.00519576
-0.004889276
-0.003988902
-0.004134492
-0.004795554
-0.004602691
-0.004173535
-0.003985508
-0.004011006
-0.004084318
-0.004449681
-0.005139578
-0.005251684
-0.004378539
-0.003141584
-0.002782896
-0.003434501
-0.003850996
-0.003558908
-0.003116975
-0.003100509
-0.003123769
-0.0026193
-0.002008653
-0.001704835
-0.001934984
-0.002239653
-0.002297677
-0.00275479
-0.003369428
-0.00370023
-0.003724207
-0.003466057
-0.003099788
-0.00279578
-0.002681781
-0.002305968
-0.001336339
-0.0005249559
-0.0005250877
-0.000727833
-0.0004218992
0.0003190059
0.0008981246
0.0009506517
0.0008075034
0.0008581873
0.0009839277
0.000632291
-0.0001949392
-0.0009050563
-0.0009912144
-0.000665159
-0.0005917084
-0.0006497759
-0.0002163193
0.001077466
0.002713847
0.003423153
0.003061194
0.003086806
0.003857163
0.003978597
0.002901544
0.001867172
0.001633647
0.001074802
2.469291e-05
-0.0004239498
-0.0004534308
-0.001034946
-0.001894264
-0.002007719
-0.001842593
-0.001982782
-0.002192766
-0.00277328
-0.003879941
-0.004447933
-0.003678977
-0.002876779
-0.002945107
-0.002532733
-0.001178612
-0.0004556815
-0.000427424
0.0002647522
0.001669098
0.003248926
0.004352344
0.005369079
0.006992445
0.008621851
0.009921442
0.01098093
0.01238764
0.01345038
0.01317608
0.01294914
0.01336256
0.01347373
0.01274334
0.01209095
0.01196891
0.01152637
0.01134059
0.0110751
0.009650537
0.007861435
0.006508228
0.005806562
0.004946864
0.003571347
0.002877143
0.002810096
0.002424778
0.001520299
0.0006941512
0.0009047719
0.001752884
0.00217909
0.002202728
0.001915966
0.001440151
0.001649551
0.002770897
0.003693378
0.003526252
0.002971328
0.003726977
0.005057669
0.004366075
0.002776285
0.002696349
0.003072872
0.002946493
0.003013898
0.003267123
0.003425311
0.003260302
0.0031071
0.003466223
0.003906508
0.004246159
0.00412831
0.00340434
0.002718931
0.002457852
0.002220617
0.001521063
0.001198548
0.00197732
0.002849491
0.002471068
0.001582998
0.001112661
0.0005065812
-0.0001390216
-0.0007635914
-0.001287509
-0.001495062
-0.001848659
-0.002348168
-0.002657572
-0.003127168
-0.004176961
-0.004915587
-0.004754536
-0.004538631
-0.004559723
-0.004461866
-0.004483569
-0.004846718
-0.004969833
-0.0045296
-0.003875864
-0.003469687
-0.003361407
-0.003098552
-0.002545286
-0.001594997
-0.0001822936
0.001025771
0.001611793
0.002137774
0.003195533
0.004306786
0.005077297
0.006307894
0.007980142
0.008799985
0.008558928
0.008402414
0.008698089
0.008858029
0.008625404
0.008327588
0.008300631
0.008108545
0.007533596
0.006710989
0.005938418
0.006240037
0.007619068
0.008537142
0.008090557
0.007529757
0.008199158
0.009028997
0.008385948
0.006717826
0.005561641
0.005237425
0.005070815
0.004822927
0.004562127
0.004029694
0.00360926
0.003832568
0.004097576
0.003985656
0.003988235
0.004684451
0.005595195
0.00569105
0.004945757
0.003948188
0.003060259
0.00236042
0.001911318
0.001483086
0.0008296884
6.17127e-05
-0.000920803
-0.002056408
-0.003292094
-0.004259988
-0.004683118
-0.005135321
-0.005542981
-0.006027744
-0.006872441
-0.007519689
-0.007849326
-0.008461853
-0.009556239
-0.01032663
-0.01093488
-0.01192895
-0.01269187
-0.01316551
-0.01368756
-0.01430243
-0.01523494
-0.01616675
-0.01639656
-0.01670096
-0.0171637
-0.01684506
-0.01726855
-0.0182329
-0.01760815
-0.01651313
-0.01607097
-0.01581836
-0.01550634
-0.01499725
-0.01452299
-0.01350105
-0.01201817
-0.01134547
-0.01115555
-0.01144783
-0.01162905
-0.0104567
-0.009266649
-0.008745905
-0.008452299
-0.007964673
-0.006808394
-0.005869005
-0.005677484
-0.005721943
-0.005185478
-0.003811546
-0.00262487
-0.002121172
-0.001652552
-0.0009976785
-0.0007686869
-0.001244483
-0.001674525
-0.001422896
-0.0007080355
0.0001564079
0.0006599741
0.0005803912
0.0006163409
0.001364156
0.002346224
0.002358138
0.0016436
0.001537749
0.002124887
0.002554449
0.002339008
0.002277005
0.002545082
0.002483381
0.002211583
0.001954754
0.002226217
0.00234594
0.001705216
0.001040374
0.0005735369
0.0006409078
0.0009998674
0.001093551
0.0006482216
-0.0001295704
-0.0001970677
0.0003722746
0.0006572057
0.000492161
0.0006225772
0.001102385
0.0009226455
0.0003375257
0.0006295245
0.001501058
0.001662094
0.00139125
0.001621067
0.002070745
0.002005481
0.001619291
0.001543521
0.001734208
0.001857883
0.001910057
0.002146679
0.002568748
0.002928449
0.002921831
0.002603773
0.002213186
0.001847462
0.00173449
0.001520121
0.0009187925
0.0001927382
-0.0003608187
-0.0004014077
-0.0002686236
-0.0004759187
-0.001185442
-0.002182557
-0.002882273
-0.003606373
-0.00482039
-0.005900695
-0.006147382
-0.005910951
-0.006494801
-0.007671186
-0.008236128
-0.008529315
-0.008479477
-0.007934185
-0.007443113
-0.006931044
-0.006247809
-0.005010856
-0.003726556
-0.002963163
-0.002160943
-0.001379641
-0.0006641112
-0.0002728796
4.535429e-05
0.0008129262
0.001276131
0.0016171
0.001760729
0.001365628
0.001311751
0.001291849
0.0007944662
0.0001279161
-0.0003083389
-0.0001013646
0.0003375139
0.0004882387
0.0001574914
-0.0004313942
-0.0007123234
-0.0008831466
-0.001182885
-0.001583631
-0.002029877
-0.001822849
-0.0008199186
0.0001600135
0.0006676115
0.0009963804
0.001396407
0.00128711
0.0008479097
0.0007430713
0.0008221731
0.001424624
0.002523528
0.003478988
0.003951928
0.003923687
0.003954836
0.004424474
0.005171917
0.00525483
0.004439202
0.004353903
0.00535774
0.005869247
0.005463823
0.00524078
0.005563654
0.005751543
0.005300967
0.004505819
0.003882001
0.003135317
0.002198722
0.001210219
0.000122785
-0.0005677288
-0.0009701077
-0.001335596
-0.001442019
-0.001537796
-0.002030045
-0.002838423
-0.003260712
-0.003249371
-0.003458448
-0.003439419
-0.00227968
-0.0006852115
-0.0002297774
-0.0008046314
-0.001060479
-0.0007488163
-0.000766289
-0.001370521
-0.001591148
-0.001078445
-0.0005438101
-0.0002277078
4.352369e-06
0.0001311674
-2.858274e-05
-0.0002433339
-5.984882e-05
0.0002044882
0.00045722
0.0008527201
0.001471096
0.002457839
0.002921036
0.002749071
0.00292871
0.003179322
0.002924009
0.002396919
0.001887006
0.001224263
0.0005368651
7.556628e-05
-0.0003548708
-0.0006694724
-0.0007761444
-0.0009631785
-0.001369909
-0.001580184
-0.00149232
-0.001552148
-0.001579543
-0.001449722
-0.001387497
-0.001157694
-0.0006147033
9.285693e-05
0.000661511
0.0007233222
0.0004523277
0.0002183343
0.000407594
0.0007449936
0.0009036152
0.001402199
0.001792766
0.002008652
0.002235173
0.002599241
0.003469788
0.003871126
0.003958433
0.003855756
0.003595862
0.003733353
0.003538593
0.003244071
0.003350842
0.004096331
0.004567204
0.00375335
0.002959785
0.002606827
0.002150656
0.001304319
0.0004082712
3.300321e-05
-0.0003304173
-0.0008217081
-0.001331891
-0.001959558
-0.002242943
-0.002320153
-0.00266828
-0.003174753
-0.003720748
-0.004105439
-0.00434894
-0.00415648
-0.003488485
-0.003148117
-0.003234077
-0.00310836
-0.002492534
-0.00214966
-0.00220556
-0.002145593
-0.001422558
7.312502e-05
0.001141003
0.001671614
0.00254142
0.00390104
0.004677725
0.00490776
0.005733576
0.006224982
0.006058734
0.005626637
0.004888859
0.004481615
0.004393272
0.004134707
0.003401672
0.002474163
0.002256392
0.002776592
0.002464255
0.0009496147
-0.000218736
-0.0002879864
0.0001815531
-0.0001205996
-0.001161422
-0.002068988
-0.001905247
-0.001376052
-0.001273384
-0.001101147
-0.0009128134
-0.001050087
-0.001293088
-0.001429259
-0.0009432445
-0.0001653109
0.0002246809
0.000397443
0.000288437
0.0003637342
0.001029471
0.001512321
0.001540332
0.001570764
0.002081661
0.002486453
0.00249941
0.002679667
0.002853735
0.002945909
0.002769629
0.002498416
0.002656755
0.002927987
0.002916757
0.002611403
0.002100666
0.001972068
0.002646977
0.003163382
0.00324371
0.003312207
0.003691251
0.004380077
0.004523659
0.00469544
0.005158819
0.005416001
0.005637656
0.005505558
0.005609399
0.005841081
0.005582175
0.005478904
0.005409538
0.005197673
0.005055716
0.005170508
0.005245471
0.004795518
0.004291855
0.004013324
0.003937395
0.003892135
0.003557127
0.003000398
0.002433735
0.002280926
0.002453
0.002150622
0.001435745
0.00106632
0.001246905
0.001391496
0.001112409
0.0008067221
0.0005402579
0.0003578631
0.00031929
0.0001325265
-0.0001099841
-0.0003490612
-0.0007449827
-0.001385783
-0.002119631
-0.002552159
-0.002589983
-0.002424717
-0.002129177
-0.001811544
-0.001552149
-0.001430573
-0.001487917
-0.001617971
-0.001771043
-0.001871488
-0.002080665
-0.002165945
-0.001714449
-0.001311312
-0.001381478
-0.001287631
-0.0005709763
-8.478054e-05
-0.0002770186
-0.0002876709
0.0001174557
0.0003482113
0.000349434
0.0007081235
0.001020476
0.0006637106
0.0003820783
0.000566438
0.0004412871
-0.0003204218
-0.0007385616
-0.0006304375
-0.001288735
-0.002517747
-0.003067004
-0.003351275
-0.004131418
-0.004967109
-0.005142046
-0.00498126
-0.005325694
-0.005452887
-0.005083951
-0.005005871
-0.004997484
-0.00503743
-0.005238709
-0.005443226
-0.005262545
-0.004732571
-0.004653618
-0.004361608
-0.003268473
-0.002432649
-0.002284894
-0.002368793
-0.002200763
-0.001665463
-0.001285425
-0.001341458
-0.001413818
-0.001080926
-0.0004111121
0.0001099922
0.0001945594
0.0002314375
0.0006766318
0.001284131
0.00157734
0.001574154
0.001384989
0.001010315
0.0006642097
0.0006259572
0.0009434592
0.00102724
0.0007926548
0.0009585744
0.001308174
0.00135575
0.001117413
0.001162103
0.001659098
0.001680277
0.001379195
0.001424843
0.001691058
0.001941697
0.002065223
0.001996965
0.001575422
0.001195733
0.001181593
0.001120559
0.0007842313
0.0004002514
0.0002742905
0.0002076326
-8.488623e-05
-0.0004886402
-0.0007456112
-0.0006318006
-0.0005097628
-0.0006546856
-0.0007141166
-0.0006109937
-0.000633964
-0.0009448801
-0.001220935
-0.001014733
-0.0004122703
0.000284925
0.001201332
0.002226491
0.003162834
0.004320325
0.005352774
0.005833445
0.00602396
0.006197684
0.006419311
0.006368759
0.00595405
0.005809677
0.006176365
0.006252788
0.005300874
0.003616376
0.002187653
0.001418906
0.00106239
0.0006696353
-0.0001928972
-0.0009796388
-0.001187603
-0.001374096
-0.00206953
-0.003216136
-0.004272697
-0.004757112
-0.004721259
-0.004647972
-0.0050125
-0.005596806
-0.005901309
-0.005946398
-0.00599601
-0.006201335
-0.006223834
-0.005996296
-0.006037235
-0.006223368
-0.00621491
-0.005844115
-0.005403899
-0.00524974
-0.004921486
-0.004420136
-0.003907421
-0.003451402
-0.003309073
-0.003161078
-0.00289613
-0.002490705
-0.001921494
-0.001585828
-0.001416234
-0.001093535
-0.0008248641
-0.0008923966
-0.001013497
-0.0009447852
-0.0009348974
-0.001090728
-0.001062553
-0.0008165957
-0.0008218576
-0.001067019
-0.001168953
-0.001019536
-0.0009785493
-0.001129891
-0.001185294
-0.00123678
-0.001229125
-0.001265108
-0.001382573
-0.001397195
-0.001411867
-0.001377991
-0.001579958
-0.001810709
-0.001559025
-0.001165427
-0.0009753455
-0.001026318
-0.0007375397
0.000145437
0.0008427415
0.0008487543
0.0006331118
0.0009327865
0.001553368
0.001849565
0.001969533
0.002386716
0.002875209
0.003229579
0.003650724
0.003957003
0.004071199
0.004331472
0.004772275
0.005029641
0.005083238
0.005297471
0.005537454
0.005486912
0.005263925
0.005001894
0.004780274
0.004564836
0.004249007
0.003919581
0.003572904
0.003049114
0.002549183
0.002569762
0.002863054
0.002782791
0.002332794
0.00193902
0.001859848
0.001954852
0.002000438
0.001847668
0.001556102
0.00136692
0.00128943
0.00119607
0.001135201
0.001104161
0.0009835543
0.0008297359
0.0007107097
0.0007213244
0.0008492368
0.0008147522
0.0006038205
0.0004211049
0.0002810717
0.0001923359
0.000201702
0.0002343197
0.0001958566
0.0001164528
0.0001169897
0.0001608913
4.291389e-06
-0.0003152667
-0.0005123963
-0.0006973556
-0.001023454
-0.001345118
-0.001636908
-0.001894409
-0.002142233
-0.002459531
-0.002681889
-0.002708263
-0.002680597
-0.002823987
-0.003106613
-0.003217882
-0.003220141
-0.00322468
-0.003183905
-0.003172162
-0.003132981
-0.003046203
-0.002938923
-0.002888025
-0.002946505
-0.002915902
-0.002866455
-0.002948794
-0.003017483
-0.002976738
-0.002885778
-0.002930229
-0.003035779
-0.002982462
-0.002874028
-0.002779359
-0.002670327
-0.002542482
-0.002477923
-0.002470147
-0.00225881
-0.001947702
-0.001742846
-0.001627175
-0.00153071
-0.001337831
-0.001131471
-0.0009376742
-0.0007502862
-0.0006085552
-0.0004900938
-0.0004116603
-0.0003196737
-0.000228327
-0.0001794224
-0.000149896
-0.0001409545
-0.0001390897
-0.0001675681
-0.0002167039
-0.0002113128
-0.0001545131
-0.0001504075
-0.000210067
-0.0002056611
-9.501834e-05
3.170622e-05
7.020119e-05
7.984151e-05
0.0001343784
0.0001354503
0.0001134571
0.0001294358
0.0001252316
0.0001223325
0.0001911874
0.000321374
0.0003895027
0.0003966517
0.0004548254
0.0005422443
0.0005832958
0.0005747702
0.0006089273
0.0006860662
0.0007297822
0.0007389663
0.0007381878
0.0007833578
0.0008503337
0.0008930547
0.0009110895
0.0008985217
0.0008829336
0.0008785781
0.0008885645
0.000877971
0.0008497515
0.0008358281
0.0008110739
0.0007600432
0.0006774042
0.0006078274
0.0005732657
0.0005398891
0.0004962489
0.0004450373
0.0004071134
0.0003654651
0.0003187709
0.000292918
0.0002618739
0.0002197858
0.0001761034
0.0001463352
0.0001319883
9.29526e-05
2.604921e-05
-2.899552e-05
-4.771336e-05
-6.729895e-05
-0.0001074431
-0.0001252956
-0.0001199433
-0.0001318784
-0.0001613619
-0.0001861572
-0.0002033168
-0.0002014985
-0.0002045021
-0.0002275352
-0.0002366149
-0.0002344768
-0.0002299716
-0.0002303784
-0.0002295167
-0.0002111094
-0.0001903037
-0.00017197
-0.0001583978
-0.0001435019
-0.0001152422
-8.142373e-05
-5.039835e-05
-2.709559e-05
-8.509686e-07
2.881717e-05
5.170198e-05
6.954869e-05
7.563089e-05
8.194352e-05
0.0001025787
0.0001240228
0.0001372329
0.0001407916
0.0001414415
0.000147281
0.0001531303
0.0001544933
0.000151996
0.000152308
0.0001589121
0.0001592286
0.0001522829
0.0001478528
0.000148023
0.0001531351
0.000157507
0.000158321
0.0001587291
0.0001617356
0.0001691327
0.0001765783
0.0001800644
0.0001806869
0.0001790822
0.0001769014
0.0001768102
0.0001768538
0.0001754389
0.0001722845
0.0001682005
0.0001651308
0.0001636935
0.0001640173
0.0001631933
0.0001619639
0.0001623564
0.0001620015
0.0001619757
0.0001628799
0.0001636664
0.0001640997
0.0001637791
0.0001633651
0.0001619834
0.0001603637
0.0001595554
0.0001582293
0.0001558401
0.0001525862
0.000149879
0.0001473126
0.0001444848
0.0001413874
0.000137435
0.0001342843
0.0001320599
0.0001296746
0.0001265332
0.000123119
0.0001203446
0.0001177663
0.0001149861
0.0001121507
0.0001098082
0.0001077472
0.0001055669
0.0001031915
0.0001007523
9.859869e-05
9.656129e-05
9.462478e-05
9.280427e-05
9.103691e-05
8.935335e-05
8.75918e-05
8.580315e-05
8.411569e-05
8.245711e-05
8.077048e-05
7.904036e-05
7.733609e-05
7.567438e-05
7.396684e-05
7.220719e-05
7.042507e-05
6.864092e-05
6.685522e-05
6.507003e-05
6.328448e-05
6.14966e-05
5.972047e-05
5.794843e-05
5.617258e-05
5.44007e-05
5.263515e-05
5.086968e-05
4.910377e-05
4.733974e-05
4.557699e-05
4.381567e-05
4.205625e-05
4.02987e-05
3.854289e-05
3.678887e-05
3.503666e-05
3.328624e-05
3.153761e-05
2.979082e-05
