-0.0003993361
-0.0003972525
-0.0003956198
-0.0003944654
-0.0003932296
-0.0003919224
-0.0003906859
-0.0003893909
-0.0003879784
-0.0003878051
-0.0003909114
-0.0003970583
-0.000403829
-0.0004083093
-0.0004086245
-0.0004030552
-0.0003942013
-0.0003857889
-0.000374867
-0.0003580027
-0.0003475812
-0.0003395351
-0.0003269058
-0.0003164202
-0.0003025498
-0.0002881187
-0.0002960578
-0.0003231242
-0.0003560993
-0.0003818876
-0.0003886834
-0.0003857689
-0.0003870657
-0.0004024031
-0.0004175557
-0.0004034603
-0.0003904587
-0.0003955274
-0.0004045056
-0.0003768282
-0.0002884234
-0.0001934584
-0.0001283253
-0.0001023403
-9.966371e-05
-0.0001140572
-0.0001202775
-8.00134e-05
-8.541426e-05
-0.000171902
-0.0002740166
-0.0004068298
-0.0005067121
-0.0005629391
-0.0006561652
-0.0007642376
-0.0008184641
-0.000798543
-0.0006998923
-0.0005755818
-0.0004839109
-0.0003893334
-0.0002009012
2.258427e-06
0.0001735426
0.0003035438
0.0003993552
0.0005090335
0.0005788542
0.000603428
0.00058151
0.0005124962
0.0004352688
0.0002889927
0.0001424893
0.0001110054
0.0001463289
0.0001192617
-5.139885e-05
-0.0002931433
-0.0004891852
-0.0006041052
-0.0006589547
-0.0006404316
-0.0007170281
-0.0008644368
-0.00103143
-0.001106274
-0.001110696
-0.00112707
-0.001160344
-0.001117839
-0.0008958327
-0.0005743253
-0.0002588787
-2.376704e-05
0.0001491644
0.0003493825
0.0003685335
9.572788e-05
-0.0002903822
-0.0005670071
-0.0006389418
-0.0006547122
-0.0006810559
-0.000497808
3.261534e-05
0.0004911884
0.0006062388
0.0004430425
0.0001812775
0.0002673284
0.0008171808
0.001522878
0.00238116
0.003148073
0.003337658
0.002806856
0.001722905
0.0004921952
-0.0006330723
-0.001119375
-0.0009126644
-0.0004448813
-0.0001062861
-0.0004133416
-0.001010326
-0.001632436
-0.001749348
-0.00134135
-0.0009010646
-0.0004955469
7.150034e-05
0.0003960467
0.0004135534
7.266085e-05
-0.0005731327
-0.000869321
-0.0008215318
-0.0007693979
-0.0009476078
-0.001306636
-0.001356099
-0.00106392
-0.0006170673
0.0002092337
0.001234833
0.002149105
0.002324241
0.001768177
0.001021865
0.0005065509
0.0003975602
0.0004459269
0.0004514625
0.0004410359
0.0005945722
0.0009572447
0.001335421
0.001892676
0.002445327
0.002828944
0.003245643
0.003484713
0.00336296
0.002773441
0.0019442
0.001317792
0.001353772
0.002017139
0.002721127
0.003136135
0.003294445
0.0030775
0.003110297
0.003343776
0.003171569
0.003001939
0.002997298
0.002847284
0.002472563
0.002121818
0.001515606
0.0004719562
-0.0008206924
-0.001865099
-0.002744049
-0.003647667
-0.004147687
-0.003706808
-0.002751684
-0.001793083
-0.00113548
-0.0009778623
-0.001051455
-0.001075584
-0.0009802421
-0.0009313545
-0.001438559
-0.002496691
-0.00283139
-0.002122649
-0.0008678012
0.0005672038
0.001709188
0.002643422
0.00337236
0.00361158
0.003333605
0.002768471
0.002527453
0.002773332
0.003284122
0.003776543
0.004549138
0.005340597
0.005465575
0.004793242
0.003323749
0.001015705
-0.001263874
-0.002736966
-0.003095155
-0.003031863
-0.003052814
-0.002844952
-0.002031038
-0.001164753
-0.001124584
-0.00197547
-0.00306567
-0.00381926
-0.004085614
-0.004182845
-0.003744942
-0.001943717
0.0006471535
0.002688523
0.004109927
0.005557584
0.00679764
0.007542091
0.007781692
0.007866179
0.007645634
0.006354785
0.004421834
0.00335184
0.00316534
0.003617252
0.003907219
0.003674125
0.00314395
0.002642997
0.00185645
0.001022864
0.000746845
0.0011294
0.001817545
0.001654166
0.0001526095
-0.001914017
-0.004230154
-0.006781894
-0.008806911
-0.009789386
-0.009954354
-0.009685589
-0.008963839
-0.007617223
-0.005424423
-0.002379508
0.001608892
0.004940655
0.006541844
0.00695692
0.008020933
0.0103746
0.01283611
0.01448722
0.01474047
0.01366335
0.01150855
0.008886632
0.006900008
0.005772817
0.00484306
0.003769659
0.003133388
0.003722436
0.005190488
0.006385887
0.006068332
0.004881706
0.003933236
0.003733474
0.004191529
0.004694707
0.003851503
0.001131648
-0.00296802
-0.00785505
-0.01268559
-0.01644991
-0.01865331
-0.01957838
-0.01943459
-0.01831919
-0.0170085
-0.01633149
-0.01563888
-0.01443887
-0.01297406
-0.01161874
-0.009548643
-0.005931981
-0.001119563
0.004308539
0.009528586
0.01285969
0.01353635
0.01200731
0.009559493
0.007186739
0.005647667
0.005025071
0.005762967
0.00818576
0.01171964
0.01434092
0.01494938
0.01474839
0.01472642
0.01464446
0.01371697
0.01168484
0.009139768
0.006708849
0.004029895
0.0008847542
-0.002526642
-0.005939683
-0.009907963
-0.01421479
-0.01762252
-0.0195741
-0.0194055
-0.0163152
-0.01077708
-0.004804941
-5.886161e-05
0.003120394
0.00535944
0.006376851
0.005187416
0.002932885
0.001331806
0.001031158
0.0007798663
-0.0006302465
-0.002764048
-0.00500002
-0.006638683
-0.006594302
-0.004857132
-0.002828218
-0.001805352
-0.002035181
-0.002544562
-0.001740414
0.000521986
0.003708799
0.007732257
0.0106493
0.01097763
0.009122851
0.005746398
0.001155695
-0.003674619
-0.007750374
-0.01069058
-0.01230176
-0.01271565
-0.01273035
-0.01227762
-0.01070208
-0.008522917
-0.006903161
-0.006580643
-0.006827815
-0.006275039
-0.004237318
-0.00156122
0.001193827
0.003032512
0.002787199
0.0006629895
-0.002148392
-0.00546281
-0.008957666
-0.01208738
-0.01391035
-0.01422576
-0.01264888
-0.009636908
-0.006286651
-0.00416976
-0.004724087
-0.006458795
-0.006572723
-0.003986848
0.0003970575
0.005019089
0.007871754
0.007993087
0.006230733
0.003996076
0.001951355
0.0005628616
-2.516941e-05
-0.0009065541
-0.002449342
-0.003936971
-0.004700372
-0.003539566
0.000108476
0.005155325
0.009720434
0.01230163
0.0124807
0.01039379
0.00753005
0.005475068
0.005877228
0.008425903
0.0112177
0.01228022
0.01223778
0.01144662
0.009211176
0.006030611
0.002340727
-0.002002965
-0.007427898
-0.0133478
-0.01884955
-0.0225277
-0.02252981
-0.019598
-0.01470299
-0.008416379
-0.002169454
0.004177028
0.009809058
0.01361063
0.01636588
0.01973792
0.02325318
0.0259622
0.02836363
0.03076646
0.03323271
0.03522478
0.03693638
0.03868832
0.0395412
0.03964459
0.03864814
0.03583284
0.03247814
0.02922367
0.02612562
0.02328187
0.01984841
0.01597615
0.01208239
0.007738981
0.002507107
-0.002856479
-0.007509845
-0.01046318
-0.01143111
-0.01133526
-0.01185629
-0.01408113
-0.01733112
-0.02114118
-0.02547111
-0.02968573
-0.03208014
-0.03184685
-0.02920227
-0.02503725
-0.0201437
-0.01541761
-0.01174865
-0.008899585
-0.006012685
-0.003609231
-0.001459142
0.0009494893
0.003491414
0.00608451
0.00796687
0.008830791
0.009750219
0.01144189
0.01219557
0.01102026
0.007973304
0.004177263
0.001579112
0.000988874
0.001250895
0.001280297
0.0004855966
-0.001875573
-0.006482544
-0.01253777
-0.01808238
-0.02125505
-0.02195702
-0.02164395
-0.02197433
-0.02274661
-0.023845
-0.02553082
-0.02638646
-0.02573458
-0.02357894
-0.02072354
-0.01763851
-0.01519517
-0.01330309
-0.01163674
-0.009998459
-0.008109868
-0.006202564
-0.003410115
-7.362222e-05
0.002448738
0.004085139
0.005249212
0.006483243
0.007594048
0.008120714
0.009570719
0.01282854
0.01573983
0.01608311
0.01375927
0.01035033
0.008133042
0.007865539
0.009243956
0.01214361
0.01563134
0.01832278
0.01939099
0.01818419
0.01570584
0.01327532
0.0119836
0.01172676
0.01231027
0.01404404
0.01583984
0.01567966
0.01269498
0.007402031
0.0004969192
-0.005149287
-0.007627281
-0.00796036
-0.007080302
-0.004471092
-0.000981563
0.001661065
0.002782774
0.0025137
0.002590826
0.003621046
0.004610153
0.005215199
0.004171029
0.0001524874
-0.006407461
-0.01324416
-0.01833104
-0.02112622
-0.02221186
-0.02274233
-0.02380757
-0.02561644
-0.02586236
-0.02355833
-0.01974042
-0.01565102
-0.0131023
-0.01256106
-0.01328396
-0.01338006
-0.01119165
-0.006691558
-0.001624432
0.002318543
0.004266219
0.004084719
0.002405411
0.0003518315
-0.001632403
-0.003675546
-0.005573125
-0.006382693
-0.005463387
-0.003676886
-0.002742162
-0.00333142
-0.004796944
-0.00626243
-0.006774256
-0.006067823
-0.004282425
-0.0019878
0.001181249
0.004040861
0.00528878
0.005290161
0.005028315
0.005566536
0.007563958
0.01081913
0.01533835
0.02000718
0.02498061
0.03041957
0.03538164
0.03955043
0.0430956
0.04573183
0.04659888
0.04447949
0.04050503
0.03631905
0.03259702
0.02955599
0.02694661
0.02427379
0.0210866
0.01819587
0.01549187
0.01214297
0.009190047
0.008145053
0.009188344
0.01102155
0.01158834
0.01012558
0.007052934
0.001856554
-0.003508021
-0.007823626
-0.01115107
-0.01339088
-0.01538419
-0.01814788
-0.02211471
-0.0272354
-0.03265209
-0.03677161
-0.03887406
-0.03874078
-0.03593073
-0.03039451
-0.02354941
-0.01833681
-0.01510699
-0.0115235
-0.005320143
0.00399132
0.014407
0.02307846
0.02802688
0.03062361
0.03256886
0.03429722
0.03560366
0.03642564
0.03646977
0.03543144
0.03336157
0.03075073
0.02789647
0.02346366
0.01566886
0.0054476
-0.004142801
-0.01196188
-0.01922618
-0.0258088
-0.03091358
-0.03497606
-0.0388684
-0.04254958
-0.04525716
-0.04717605
-0.04915456
-0.05041073
-0.05065978
-0.05034624
-0.04959503
-0.04844932
-0.04660044
-0.04360678
-0.03901493
-0.0323474
-0.02361326
-0.01437971
-0.00515414
0.00395744
0.01179573
0.0183136
0.0243543
0.02989883
0.03503897
0.03969998
0.04410284
0.04731082
0.04790823
0.04522161
0.04045634
0.03553269
0.03128864
0.0276931
0.0247908
0.02194423
0.01746101
0.01016306
0.001434093
-0.006679862
-0.01329288
-0.01833365
-0.02236916
-0.02566164
-0.02827816
-0.03121503
-0.03443587
-0.0369538
-0.03900204
-0.04057587
-0.04068467
-0.03879101
-0.03510504
-0.02983516
-0.02296194
-0.01561592
-0.009639816
-0.00514457
-0.001150461
0.002507609
0.006097704
0.008913995
0.01013723
0.009961309
0.009037929
0.0082372
0.007969995
0.007915813
0.008300206
0.009950101
0.01292473
0.01679488
0.02096688
0.02445169
0.02582096
0.02449472
0.02076148
0.01607183
0.01179384
0.008147941
0.005050567
0.00221141
-0.0005985549
-0.003746937
-0.007754552
-0.01212545
-0.01566078
-0.0180627
-0.01940748
-0.02039052
-0.02115376
-0.02098855
-0.01978157
-0.01802135
-0.01525358
-0.01204736
-0.00959629
-0.008498778
-0.01014614
-0.01314174
-0.01608406
-0.01856523
-0.01969642
-0.02027902
-0.02038595
-0.01898102
-0.0155761
-0.0114215
-0.007922373
-0.005197709
-0.002119073
0.001610457
0.005737199
0.009143142
0.01170007
0.01423997
0.01767774
0.02145595
0.02493408
0.02832116
0.03135026
0.03386514
0.03497125
0.03243422
0.0256766
0.01579363
0.004238296
-0.007773659
-0.01934877
-0.02909993
-0.03569776
-0.03923992
-0.04132351
-0.04335491
-0.04627716
-0.04868206
-0.04891665
-0.04540925
-0.03701464
-0.02510936
-0.01270085
-0.002677111
0.004019741
0.008102842
0.01098231
0.01350631
0.01616547
0.01964744
0.02335817
0.0266347
0.0297123
0.03212524
0.03246344
0.03048933
0.02714699
0.02420877
0.02328968
0.02344729
0.02379448
0.02437715
0.02487601
0.02445057
0.02146792
0.01570382
0.009215164
0.004099102
-0.0001332654
-0.00543509
-0.01285263
-0.02227012
-0.03169692
-0.03931587
-0.04469687
-0.04677517
-0.0446551
-0.03890468
-0.03210591
-0.0274015
-0.02617738
-0.02700211
-0.02750035
-0.02599857
-0.021598
-0.01506605
-0.008256771
-0.003458494
-0.0008659384
2.3361e-05
0.0001379495
0.001064484
0.004155689
0.009728999
0.01672276
0.02372101
0.02924112
0.03209317
0.03286005
0.03296426
0.03238241
0.03133615
0.03032862
0.02942841
0.0277631
0.02314175
0.0135454
0.0004739507
-0.01242806
-0.02372223
-0.03396805
-0.04305189
-0.05023683
-0.0550575
-0.05835665
-0.06037944
-0.06149404
-0.06245609
-0.06350331
-0.06408945
-0.06360475
-0.06238552
-0.06060789
-0.0581353
-0.05508933
-0.05235043
-0.04975626
-0.04721745
-0.04415861
-0.03965772
-0.03462717
-0.02954148
-0.02530448
-0.02209956
-0.01996154
-0.01913417
-0.01857404
-0.01759054
-0.01583122
-0.01276544
-0.008843003
-0.006249299
-0.004705252
-0.004266782
-0.005554451
-0.007889973
-0.01071639
-0.01345921
-0.01591681
-0.01819523
-0.0197654
-0.02036677
-0.01954512
-0.01738859
-0.01491242
-0.01337537
-0.01299289
-0.01341764
-0.01367044
-0.01363697
-0.0138899
-0.01448602
-0.01453938
-0.01375931
-0.01274097
-0.01177457
-0.01041563
-0.008252391
-0.005557111
-0.002033243
0.001819867
0.005198369
0.007442733
0.007947895
0.007703306
0.008069945
0.009593669
0.01142397
0.01318122
0.01532486
0.01740836
0.01979261
0.02328818
0.02739459
0.03103512
0.03343848
0.03475077
0.0352819
0.0356048
0.03445676
0.02932326
0.02086133
0.01131097
0.002039108
-0.005726946
-0.01198855
-0.017627
-0.0225576
-0.02599999
-0.02787325
-0.0291516
-0.0293715
-0.02744025
-0.02250398
-0.01454191
-0.005041374
0.003684223
0.01065096
0.01686251
0.02325653
0.02900476
0.0332356
0.0363192
0.03847131
0.03947132
0.03978613
0.03881763
0.03631359
0.03295401
0.02915098
0.02564994
0.0229216
0.02053079
0.01876507
0.01710264
0.01386843
0.008416869
0.001123288
-0.00620248
-0.01149652
-0.01307919
-0.01062211
-0.004424848
0.004556666
0.01481473
0.02354977
0.03028413
0.03582516
0.0410072
0.04673155
0.05282635
0.05811449
0.06145074
0.06365997
0.0659474
0.06841476
0.07119491
0.07377406
0.07546746
0.07569901
0.0725291
0.06410696
0.04932967
0.03047737
0.01247694
-0.00166449
-0.01245417
-0.02251315
-0.03229024
-0.04074876
-0.04767392
-0.05363889
-0.05753661
-0.05883905
-0.05885292
-0.05879228
-0.05875107
-0.05820527
-0.05738853
-0.05686566
-0.05375081
-0.04384314
-0.02648495
-0.006153653
0.01120554
0.02326831
0.032678
0.04237193
0.05172441
0.05910801
0.06363816
0.06588746
0.06653975
0.06604558
0.06353932
0.05788311
0.04912363
0.03957316
0.0311999
0.02519805
0.02142878
0.01880026
0.01697305
0.01716936
0.01938007
0.02311531
0.02821247
0.03488064
0.04294769
0.05149809
0.0589557
0.06480606
0.06990238
0.07379057
0.07622574
0.07783811
0.07873392
0.07914973
0.07958596
0.07991689
0.08002421
0.07878803
0.07395802
0.06421681
0.05039633
0.03504819
0.02069729
0.007119301
-0.008155217
-0.0254479
-0.04288652
-0.05923463
-0.07449564
-0.08773053
-0.09815446
-0.1065975
-0.1137782
-0.1198279
-0.1246437
-0.1291237
-0.1331006
-0.1358698
-0.1375087
-0.139074
-0.1399601
-0.133532
-0.1093071
-0.06802404
-0.02951765
-0.007610941
0.003598811
0.01432246
0.02571671
0.03639127
0.04615026
0.05481757
0.06316215
0.07064107
0.07655051
0.08091205
0.08345926
0.08525999
0.08600347
0.08507333
0.08227698
0.07863341
0.07390358
0.06723606
0.05810447
0.04656715
0.03423069
0.02274705
0.01264192
0.004590613
-0.00134511
-0.005307805
-0.006794914
-0.005430312
-0.002208881
0.001778858
0.005402083
0.007613915
0.008300718
0.00792785
0.007079825
0.005681278
0.004643554
0.004556769
0.004671756
0.003317698
-0.0009872853
-0.008270949
-0.0179678
-0.02854835
-0.03820285
-0.04646263
-0.05401573
-0.06085668
-0.06647212
-0.07086788
-0.07464516
-0.07700715
-0.0760866
-0.0704905
-0.05854117
-0.04141559
-0.02397652
-0.01056621
-0.001224168
0.006682227
0.01361351
0.02029667
0.02669572
0.03200349
0.03612458
0.03823468
0.03686349
0.03223368
0.02490404
0.01485673
0.003939995
-0.004199445
-0.008011012
-0.008692028
-0.007863575
-0.005139074
-0.0003841723
0.005425066
0.01121432
0.0168229
0.02237694
0.02725672
0.0319113
0.0353182
0.03401099
0.0250889
0.01147114
-0.000867144
-0.008601722
-0.01294554
-0.01615805
-0.01970844
-0.02383567
-0.02867502
-0.03452203
-0.04148473
-0.04921607
-0.05667306
-0.06329267
-0.06931909
-0.07401335
-0.07629932
-0.07454878
-0.06875651
-0.0608875
-0.05329248
-0.04709976
-0.04150828
-0.03528691
-0.02786326
-0.01997034
-0.01214025
-0.004078884
0.004376088
0.01237178
0.01902118
0.02405768
0.02811551
0.0317249
0.03450827
0.0359721
0.03512498
0.02889446
0.0142519
-0.005977096
-0.02192078
-0.0269856
-0.02428646
-0.02020817
-0.01735776
-0.0150917
-0.01414222
-0.01623032
-0.02169977
-0.02880245
-0.03530538
-0.03979237
-0.0421609
-0.04246875
-0.0413649
-0.03957976
-0.03739493
-0.03466052
-0.03142698
-0.02815986
-0.02544559
-0.02296763
-0.02073925
-0.01836241
-0.01400695
-0.00433327
0.01201197
0.03142598
0.04665301
0.05493325
0.06026452
0.06605728
0.07236393
0.0778931
0.08278361
0.08721883
0.09069558
0.0929185
0.093618
0.09341241
0.09216555
0.08935105
0.08570363
0.08246832
0.07990594
0.07736417
0.07388584
0.07003771
0.06676829
0.06434455
0.06255469
0.060558
0.05812557
0.05405416
0.0474154
0.03894148
0.029701
0.01980029
0.009882815
0.001042238
-0.006964073
-0.01413914
-0.02099002
-0.0278988
-0.03431944
-0.03960704
-0.044359
-0.04939165
-0.05484403
-0.06015815
-0.06510802
-0.06901105
-0.07159507
-0.07421827
-0.07654176
-0.07867244
-0.08149738
-0.08536269
-0.09034306
-0.0967181
-0.1052844
-0.1165491
-0.1276403
-0.1330566
-0.1279461
-0.112913
-0.09440872
-0.07872078
-0.06753579
-0.05876504
-0.05071302
-0.04316012
-0.03553617
-0.02794097
-0.02084061
-0.01407484
-0.007384369
-0.000402167
0.007464787
0.01632096
0.02551596
0.03445226
0.04346547
0.05048464
0.04842898
0.03331801
0.01223931
-0.003085683
-0.008629727
-0.008628832
-0.008003139
-0.008104768
-0.008396504
-0.008227166
-0.007120621
-0.005488552
-0.004284918
-0.003506818
-0.002097219
0.001333485
0.007297403
0.0162074
0.02822737
0.04204351
0.05540847
0.06787981
0.07980245
0.09127864
0.1017898
0.1113434
0.1204901
0.128374
0.1341277
0.1378799
0.1395501
0.1376293
0.1320882
0.1236888
0.114116
0.104431
0.09480881
0.08625112
0.07865431
0.07185942
0.06600542
0.06096651
0.05643756
0.05195687
0.04673313
0.04051672
0.03266921
0.02298592
0.01233111
0.001730673
-0.008737748
-0.01950692
-0.02988257
-0.03977574
-0.04863683
-0.0557109
-0.06161613
-0.0661506
-0.06924485
-0.07127985
-0.07346776
-0.07563563
-0.07734922
-0.0789739
-0.08129564
-0.08399679
-0.08724292
-0.09150692
-0.09522733
-0.09845291
-0.1016355
-0.1041227
-0.1057033
-0.1062265
-0.1054209
-0.102564
-0.09760966
-0.09026142
-0.08192292
-0.07419254
-0.06707723
-0.06082311
-0.055275
-0.05017957
-0.04505415
-0.03997374
-0.03541832
-0.03036544
-0.02428411
-0.01789286
-0.01101015
-0.003586505
0.003817694
0.01074764
0.01679563
0.02259985
0.02790144
0.03307764
0.03832963
0.04279396
0.04603452
0.04808956
0.04966686
0.05071938
0.05238561
0.05503491
0.05821467
0.06212354
0.06690269
0.07194187
0.0756816
0.07584005
0.07069921
0.06018309
0.04638926
0.03208522
0.01902165
0.007028222
-0.003829522
-0.01256541
-0.01929062
-0.02468536
-0.03009416
-0.03480719
-0.03853108
-0.04115504
-0.04268965
-0.0430517
-0.04049202
-0.03224655
-0.01636715
0.002134398
0.01708752
0.02715898
0.03483561
0.0424933
0.05049473
0.05778051
0.06341998
0.06785398
0.07103416
0.07235229
0.07155961
0.06942709
0.06597252
0.06239728
0.0601205
0.05887362
0.05845996
0.05980529
0.0636092
0.06940162
0.07452967
0.07658382
0.07465998
0.07181446
0.06967904
0.06807296
0.06692348
0.06612901
0.06581826
0.06621546
0.06774788
0.07028438
0.07334864
0.07606198
0.07875647
0.08169153
0.08501392
0.08956912
0.09618339
0.1011131
0.09597939
0.07790918
0.05551179
0.03822487
0.02676367
0.01786728
0.009820971
0.003384284
-0.001151855
-0.004554875
-0.008259592
-0.01247796
-0.01685056
-0.0212987
-0.02384289
-0.02399541
-0.02269598
-0.02093562
-0.01984318
-0.02008497
-0.02161859
-0.02385726
-0.02684055
-0.03070749
-0.0350744
-0.03994322
-0.04612553
-0.05286081
-0.05928433
-0.06541032
-0.07106032
-0.07647391
-0.08101582
-0.08462889
-0.08820166
-0.09065163
-0.08853936
-0.07877829
-0.06339441
-0.04786309
-0.03743465
-0.03229646
-0.02960007
-0.02773708
-0.02691372
-0.02763068
-0.02941771
-0.03189183
-0.03531704
-0.03948012
-0.04436208
-0.0497942
-0.05569894
-0.06214465
-0.06805156
-0.07360247
-0.07856463
-0.08185613
-0.08303153
-0.08306766
-0.08178508
-0.07948124
-0.07635043
-0.06887388
-0.05536312
-0.03980493
-0.02638024
-0.01603021
-0.008104086
-0.001405516
0.004917759
0.01080374
0.01563345
0.02025037
0.02489517
0.02892211
0.03216402
0.03457177
0.03575493
0.03607975
0.03587822
0.03417672
0.03064269
0.02685335
0.02286327
0.01859205
0.01482084
0.0120584
0.01103929
0.01098293
0.0121335
0.01496998
0.01675978
0.01443257
0.007614185
0.001421212
0.0004054112
0.003353723
0.007377456
0.01158554
0.01674215
0.02247643
0.02715516
0.0312654
0.0356343
0.03977545
0.04339921
0.04697175
0.05122686
0.05539007
0.05836223
0.05906777
0.05670918
0.05119247
0.0425184
0.03233129
0.02298076
0.01511736
0.008907399
0.004380907
0.0005009062
-0.003044647
-0.005793989
-0.008711736
-0.01356597
-0.01993771
-0.02670145
-0.03232085
-0.03566933
-0.03707865
-0.03753847
-0.03868547
-0.04072669
-0.04266993
-0.04483417
-0.0475395
-0.05093848
-0.05378049
-0.05503389
-0.05516157
-0.0547609
-0.05390635
-0.0530313
-0.05226815
-0.05010348
-0.04374761
-0.03253783
-0.02003819
-0.01029589
-0.003787082
0.001798537
0.007438419
0.01220765
0.01557581
0.01820636
0.02060282
0.02255122
0.02363139
0.02502291
0.02719324
0.02975463
0.03225475
0.03474527
0.03694222
0.03868823
0.04008407
0.04140187
0.04262585
0.04401467
0.04415146
0.03830231
0.02246409
0.0004276099
-0.01820548
-0.02901255
-0.03553285
-0.042388
-0.05076147
-0.05884025
-0.06533024
-0.07099516
-0.07760635
-0.08440443
-0.08961824
-0.0939192
-0.0978363
-0.1016363
-0.1056001
-0.1090819
-0.1088408
-0.09913786
-0.07779826
-0.05187824
-0.0320387
-0.02094968
-0.01355823
-0.006465234
-0.0003756453
0.003959999
0.007147497
0.01037742
0.01463297
0.01878541
0.02289121
0.02727169
0.03251982
0.03784731
0.04157347
0.04453931
0.04649156
0.04697909
0.04618074
0.04434179
0.04235067
0.03975789
0.03628679
0.03126247
0.0223866
0.009024102
-0.004887873
-0.01588419
-0.0236783
-0.02957383
-0.03449051
-0.03794776
-0.03928091
-0.03941198
-0.03943454
-0.03882175
-0.03653212
-0.03332078
-0.03057588
-0.02932417
-0.02968839
-0.03126327
-0.03324895
-0.03569989
-0.03897238
-0.04227577
-0.04492036
-0.04634386
-0.04602764
-0.04296829
-0.03719181
-0.03070874
-0.02571244
-0.02217116
-0.01889391
-0.0160244
-0.01359213
-0.01091716
-0.008148239
-0.005822606
-0.004246891
-0.003956075
-0.005003528
-0.007327953
-0.0103982
-0.01317501
-0.01588722
-0.01830565
-0.02003192
-0.02170342
-0.02312513
-0.02408815
-0.02535943
-0.02643483
-0.02674221
-0.02607558
-0.0242074
-0.02121224
-0.01584969
-0.00805513
0.001103093
0.01014291
0.01772765
0.02425586
0.03004921
0.03499393
0.03913769
0.04232596
0.04445657
0.04616166
0.04707089
0.0475602
0.04763997
0.04722694
0.04596642
0.04316181
0.040389
0.0381565
0.0354226
0.03295736
0.03127256
0.03001622
0.02817241
0.02509911
0.02084349
0.0153005
0.0072778
-0.002675217
-0.01178344
-0.01868062
-0.02391777
-0.02805878
-0.03055578
-0.03134812
-0.03037614
-0.02748272
-0.02260223
-0.01568317
-0.007086663
0.002250391
0.01098064
0.01777332
0.02351357
0.02881058
0.03328931
0.03706832
0.03976263
0.04089091
0.04099358
0.04093281
0.04092278
0.04064525
0.04013925
0.04003479
0.0399145
0.0384763
0.03563703
0.03287765
0.0301973
0.02709295
0.02357093
0.02022479
0.01744467
0.01579362
0.01537319
0.01532551
0.01570612
0.01762992
0.02118899
0.02528309
0.02928229
0.0331427
0.03679008
0.04025126
0.04374061
0.0466457
0.04878062
0.05078301
0.05285515
0.05396726
0.05318907
0.05157243
0.049462
0.04703541
0.0448988
0.04255462
0.03923122
0.03510416
0.02995504
0.02356514
0.01643153
0.008771977
0.0008258053
-0.006946419
-0.01367332
-0.01856128
-0.02168112
-0.02346671
-0.02364805
-0.02132807
-0.01580636
-0.007880767
0.0008556903
0.008896303
0.01523493
0.01967724
0.02338851
0.02717773
0.03113587
0.03534072
0.03956657
0.04325358
0.04666509
0.04958294
0.05204939
0.05428601
0.05574144
0.05650305
0.05673718
0.05632305
0.05487679
0.05243802
0.0488253
0.04422255
0.03846952
0.03131893
0.02466651
0.02016935
0.01760783
0.01653091
0.0165209
0.01747296
0.01966417
0.02317104
0.02741584
0.03211711
0.03689256
0.04159869
0.04581371
0.0485175
0.05067212
0.05144913
0.04900638
0.0427522
0.03304956
0.02185564
0.01116366
0.001407437
-0.007235333
-0.01552735
-0.02357751
-0.03113772
-0.03815384
-0.04517678
-0.05251857
-0.05968086
-0.06660087
-0.07301618
-0.07840855
-0.08283068
-0.08621165
-0.0886527
-0.0899445
-0.09013076
-0.08872361
-0.08467282
-0.0785834
-0.07236993
-0.06608839
-0.05881148
-0.05071736
-0.04230316
-0.03390036
-0.02545439
-0.01780877
-0.0117112
-0.006675985
-0.002258241
0.001257869
0.003550086
0.004018707
0.002974568
0.000852147
-0.002177096
-0.005405294
-0.008283755
-0.01149988
-0.01497637
-0.01822157
-0.02061137
-0.02275758
-0.02519204
-0.02737474
-0.02929968
-0.03145681
-0.03412996
-0.03684893
-0.03956933
-0.04263714
-0.04518076
-0.04666664
-0.04700033
-0.04693331
-0.04697522
-0.04665742
-0.04512128
-0.04205532
-0.03694399
-0.02962333
-0.02095867
-0.01232226
-0.005695413
-0.0009028645
0.002896248
0.005815824
0.007590753
0.008153645
0.007559768
0.004796563
-0.0005929982
-0.008437666
-0.01817514
-0.0274697
-0.03502564
-0.04114686
-0.0470915
-0.05328322
-0.05907184
-0.06425925
-0.06806955
-0.07089174
-0.07386103
-0.07638932
-0.07790239
-0.07825513
-0.0781881
-0.07819746
-0.07796186
-0.07702717
-0.07558314
-0.07331818
-0.06790613
-0.05778675
-0.04506239
-0.03304604
-0.02379366
-0.01733044
-0.01168888
-0.005814283
-0.0003085781
0.004064702
0.007839386
0.01164077
0.01559791
0.01962121
0.02334684
0.02625305
0.02854815
0.03091006
0.03359314
0.03682517
0.03996905
0.04312629
0.04684218
0.05082022
0.05431904
0.05705652
0.05942462
0.0604104
0.05882765
0.05430407
0.04716168
0.03905538
0.03102066
0.02361033
0.01753112
0.01271221
0.008649119
0.005016128
0.001883725
-0.0009687867
-0.003852217
-0.006925121
-0.01000873
-0.01205578
-0.01226109
-0.01172133
-0.01044367
-0.007988193
-0.004970193
-0.001866766
0.001161517
0.003430149
0.004349266
0.004692762
0.004764624
0.005028742
0.006062849
0.007302844
0.008011063
0.009164945
0.01112791
0.01283369
0.01429997
0.01465295
0.01227171
0.008606394
0.005169498
0.002488642
0.0002966464
-0.001108399
-0.001816745
-0.002215063
-0.00265899
-0.00308859
-0.003836819
-0.005053156
-0.00655069
-0.00802555
-0.009780803
-0.01157681
-0.01287753
-0.01343745
-0.01298064
-0.01142312
-0.008269301
-0.003294495
0.003419643
0.01005249
0.01533252
0.0187064
0.02064852
0.02132892
0.02028584
0.0179939
0.01547097
0.01247743
0.009004163
0.005822662
0.002962102
-0.0001271664
-0.003841694
-0.007845539
-0.01159296
-0.01480852
-0.0175519
-0.01951127
-0.02030491
-0.02006505
-0.01891598
-0.01601315
-0.01177488
-0.006389028
-0.0004800632
0.004224612
0.007349745
0.009397701
0.01138
0.01263519
0.01284885
0.01251368
0.01198118
0.01151093
0.01071782
0.009874142
0.009614142
0.01014143
0.01116269
0.01191763
0.01314035
0.01487493
0.01609155
0.01753012
0.01926303
0.02103445
0.02275637
0.0238737
0.025321
0.02728654
0.02929038
0.0311986
0.03316824
0.03560375
0.0381341
0.04003564
0.04226201
0.04437639
0.04657035
0.04879661
0.05134304
0.05388226
0.05506868
0.05575711
0.05645093
0.05659908
0.05594623
0.05423601
0.05115941
0.04759093
0.04405335
0.04110296
0.03870968
0.03656952
0.03488135
0.03311092
0.03141954
0.03043709
0.02973393
0.02874151
0.02824904
0.02822825
0.02825022
0.02847272
0.02920991
0.0302377
0.03127305
0.0322474
0.03301757
0.0335412
0.03382011
0.03330936
0.03231317
0.03110218
0.02942434
0.0272004
0.024409
0.0216206
0.01924909
0.01712359
0.0149275
0.01194081
0.009284869
0.007158518
0.004034236
0.0002812891
-0.003288303
-0.006687742
-0.009567016
-0.01224016
-0.01520994
-0.01767248
-0.01964927
-0.02138346
-0.02265163
-0.02315611
-0.02263873
-0.02164572
-0.02032349
-0.0183166
-0.01632458
-0.01499896
-0.01312415
-0.01040646
-0.007017185
-0.004022498
-0.001879404
2.246243e-05
0.002021931
0.003634345
0.004163493
0.003652601
0.002122659
-7.323081e-05
-0.002996052
-0.006714247
-0.0109913
-0.01548006
-0.01939727
-0.0227979
-0.02622529
-0.02922005
-0.03145597
-0.03308713
-0.03416501
-0.03527766
-0.0370253
-0.0393217
-0.0415957
-0.04325172
-0.04493257
-0.04688298
-0.04868651
-0.05000781
-0.0508068
-0.05058361
-0.04905314
-0.04677592
-0.04404387
-0.0410679
-0.03781901
-0.03457364
-0.03210811
-0.03014695
-0.02847526
-0.0274893
-0.02702467
-0.02675005
-0.02701278
-0.02775338
-0.02902636
-0.03026059
-0.03154527
-0.03307646
-0.03408718
-0.0343181
-0.03426151
-0.03404702
-0.03337719
-0.0321637
-0.03018719
-0.02769814
-0.02500917
-0.02181505
-0.01841446
-0.01485395
-0.01132522
-0.008332032
-0.006721513
-0.00564491
-0.00423276
-0.002710646
-0.001187527
-2.382998e-06
0.001010429
0.002040347
0.002604238
0.00212856
0.0009290117
-0.0009897667
-0.003945244
-0.008005829
-0.01242619
-0.01585135
-0.01779065
-0.01785785
-0.01645855
-0.01546506
-0.01429801
-0.01213512
-0.009612912
-0.006903743
-0.004065718
-0.0008683122
0.003112878
0.007173857
0.01038938
0.01325713
0.01556924
0.01778117
0.02047545
0.02298082
0.02493262
0.02691851
0.02859404
0.02983357
0.03057635
0.03121672
0.03107856
0.02901402
0.02509828
0.01984315
0.01270464
0.005095064
-0.001097603
-0.005803844
-0.01001771
-0.01465791
-0.01935123
-0.0235463
-0.02764656
-0.03180257
-0.03554145
-0.03907244
-0.0418079
-0.04322972
-0.04370643
-0.04335805
-0.04192538
-0.03788871
-0.03056785
-0.02129773
-0.01190187
-0.004075901
0.002103973
0.007823956
0.01346611
0.01865958
0.02325406
0.02730689
0.03129565
0.03534924
0.03840625
0.03952736
0.03971041
0.03942696
0.03851714
0.0362701
0.03331774
0.03013768
0.02623212
0.02147875
0.01663724
0.01246504
0.009280413
0.006863362
0.004603197
0.003695926
0.003750297
0.00382888
0.004003874
0.004719697
0.006003685
0.007537499
0.008770822
0.009964181
0.01139266
0.01266058
0.01395862
0.01521029
0.01564223
0.01575815
0.01637123
0.01761203
0.0194768
0.02154071
0.02306934
0.02375171
0.02418357
0.02437364
0.02426346
0.02387915
0.02269923
0.01983937
0.01652374
0.01376706
0.01140053
0.008768746
0.006083325
0.00361157
0.0008897568
-0.00181522
-0.004014239
-0.005959207
-0.007921356
-0.009655372
-0.0108477
-0.01180456
-0.01279903
-0.0135876
-0.01380843
-0.01369297
-0.01363186
-0.01408574
-0.01510572
-0.01611569
-0.01760639
-0.01926225
-0.02076357
-0.02276456
-0.02500196
-0.02649632
-0.02773152
-0.02901258
-0.02952753
-0.02906171
-0.0279605
-0.02659729
-0.02433306
-0.02110453
-0.01555752
-0.00792996
-0.0003526377
0.00596582
0.01175616
0.01766583
0.02306669
0.02713946
0.03075317
0.03496913
0.03851279
0.04048471
0.0418478
0.04273265
0.0430078
0.0430426
0.04264639
0.04123291
0.03876522
0.03521858
0.03120294
0.02722282
0.0234946
0.02024757
0.01770782
0.01647038
0.01653153
0.01760471
0.01921887
0.02096692
0.02269444
0.02386238
0.02532379
0.02699359
0.02845181
0.03019249
0.03223556
0.03403156
0.0349777
0.03522573
0.0353248
0.0347135
0.03224441
0.02841292
0.02430636
0.02032453
0.01667885
0.01357617
0.01069935
0.007581615
0.004158414
0.0006961737
-0.003042421
-0.006724286
-0.009721591
-0.01224065
-0.01429404
-0.0147808
-0.01374714
-0.0120613
-0.01020326
-0.008398584
-0.007735268
-0.007821557
-0.007845953
-0.007784685
-0.008237446
-0.009514595
-0.01076507
-0.01198178
-0.01365746
-0.01562931
-0.01764912
-0.01980025
-0.02200078
-0.02418414
-0.02691804
-0.02939487
-0.03163401
-0.03383202
-0.03551267
-0.03698808
-0.03823712
-0.03913326
-0.03907592
-0.03722395
-0.03320656
-0.02732939
-0.02074497
-0.01472987
-0.009543273
-0.005171698
-0.002096989
5.987077e-05
0.002073099
0.003625507
0.003633898
0.002331273
0.0007800194
-0.001252524
-0.003926503
-0.006411688
-0.008604236
-0.01134331
-0.01380207
-0.01572663
-0.01755644
-0.01974126
-0.02250658
-0.02526048
-0.02752536
-0.02953265
-0.0310448
-0.03132773
-0.03058989
-0.02910657
-0.02656861
-0.02329248
-0.01996174
-0.01726133
-0.01490432
-0.01297864
-0.01103841
-0.008809895
-0.007344298
-0.005828489
-0.004353419
-0.00377314
-0.003775942
-0.004370765
-0.00570773
-0.006902334
-0.00761195
-0.008554537
-0.0101843
-0.01106232
-0.01081754
-0.009634125
-0.008053541
-0.007057505
-0.006543488
-0.005994936
-0.006178036
-0.007682724
-0.009789058
-0.012019
-0.01421007
-0.01637579
-0.01910716
-0.02156657
-0.02379367
-0.02606622
-0.0278407
-0.02886682
-0.02861096
-0.02767023
-0.02597265
-0.02273812
-0.01867453
-0.01458168
-0.0108727
-0.007955303
-0.005761955
-0.003909541
-0.002523927
-0.001346541
0.0006461529
0.002629465
0.004126992
0.005794815
0.007534815
0.009020813
0.01040662
0.01160093
0.01315952
0.01500634
0.01571669
0.01557735
0.01565278
0.01642664
0.01755907
0.01857718
0.01918882
0.01959455
0.02085121
0.02271496
0.02376493
0.0242437
0.02452682
0.02475286
0.02525839
0.02659032
0.0273453
0.02758424
0.02802153
0.02830917
0.02834578
0.02805082
0.02748881
0.02719959
0.02721956
0.02736171
0.02743728
0.02675698
0.02498706
0.02298182
0.02049026
0.01775712
0.01518662
0.01287986
0.01167113
0.01154196
0.01173086
0.01174062
0.01120938
0.01042323
0.01020806
0.009690148
0.008796179
0.008111213
0.007206801
0.004973868
0.002175348
-0.0003599806
-0.002841774
-0.005190506
-0.007189967
-0.008900182
-0.010956
-0.01196677
-0.01203549
-0.01165393
-0.01036747
-0.008627559
-0.007442912
-0.005775438
-0.003337115
-0.0008235257
0.001866469
0.004732233
0.007878114
0.01157319
0.01559562
0.01959586
0.0230454
0.02568193
0.02810173
0.030256
0.03201486
0.03349055
0.03474075
0.03522515
0.03521209
0.03492924
0.03418331
0.03319656
0.0321461
0.0310786
0.03030695
0.030361
0.03095412
0.03125927
0.03125688
0.03121148
0.0310009
0.03053974
0.02986749
0.02860649
0.02688928
0.02482725
0.02289585
0.02092982
0.0191785
0.0173694
0.01597652
0.01560673
0.01495248
0.01317184
0.01160708
0.01060516
0.009679156
0.008834733
0.008493708
0.009211917
0.01113362
0.01318409
0.01492826
0.01606123
0.01754787
0.01908547
0.01987373
0.02015416
0.01983497
0.01893576
0.01723982
0.01505957
0.01174322
0.007938523
0.00469476
0.002062902
-0.0002886514
-0.0029026
-0.005576382
-0.008486266
-0.01218808
-0.0158946
-0.01965166
-0.02333635
-0.02649805
-0.02919422
-0.03163637
-0.03387172
-0.03530463
-0.03625328
-0.03717026
-0.03792188
-0.03841021
-0.03890102
-0.03915617
-0.03920103
-0.03897682
-0.03821112
-0.03700169
-0.03554239
-0.03386203
-0.03138419
-0.02858375
-0.02603059
-0.02380791
-0.02241399
-0.02145614
-0.02050531
-0.01977279
-0.01951418
-0.01928667
-0.01904737
-0.01931152
-0.01955483
-0.01961226
-0.01981086
-0.02003414
-0.02001513
-0.02050824
-0.02123793
-0.02176208
-0.02252517
-0.02331187
-0.02361519
-0.02337902
-0.0225974
-0.02138395
-0.01985424
-0.01811576
-0.01613203
-0.01450048
-0.01276543
-0.01053227
-0.008259556
-0.006769982
-0.005556313
-0.004342273
-0.00385226
-0.003834024
-0.003890141
-0.004341364
-0.005320245
-0.006311462
-0.007814202
-0.009539045
-0.01105003
-0.01272314
-0.01436823
-0.01604856
-0.01835139
-0.02083976
-0.02285182
-0.02419932
-0.02590071
-0.02762894
-0.02921767
-0.03039391
-0.03106619
-0.03153391
-0.03230624
-0.0328514
-0.03261461
-0.03214097
-0.03136789
-0.02995858
-0.02797145
-0.02580833
-0.02286787
-0.01944629
-0.01563152
-0.0116454
-0.008188204
-0.00555967
-0.003106116
-0.0008659346
0.0006911057
0.001163314
0.0008755433
-0.0001018913
-0.001772704
-0.004196538
-0.007680256
-0.01173601
-0.01582605
-0.01947412
-0.02208205
-0.02422314
-0.02695714
-0.02916744
-0.03043418
-0.0316272
-0.03266543
-0.03262613
-0.03202498
-0.03143511
-0.03129107
-0.03117788
-0.03026681
-0.02848181
-0.02620846
-0.02372479
-0.02127121
-0.01857496
-0.01590429
-0.01346652
-0.01076103
-0.007999223
-0.005715934
-0.004014281
-0.003068749
-0.002616725
-0.002361884
-0.002659158
-0.003191118
-0.003747652
-0.003965565
-0.003969956
-0.003988044
-0.003783788
-0.00303474
-0.001986255
-0.0009392992
-2.300654e-05
0.0007987178
0.001986468
0.004289595
0.007178925
0.009139751
0.01049713
0.01188951
0.01373259
0.01531448
0.015735
0.01558525
0.01574207
0.01649907
0.01730989
0.01805865
0.01906154
0.01975965
0.02030052
0.02079823
0.02111845
0.02065152
0.01962364
0.01827012
0.01672064
0.01574697
0.01548752
0.01541811
0.01582948
0.01761847
0.02046533
0.02306383
0.02494769
0.02684093
0.02872785
0.03092393
0.03313509
0.0356369
0.0384245
0.04039817
0.04186175
0.04299013
0.04391199
0.04470793
0.04551428
0.04609536
0.04531553
0.04400103
0.04267076
0.04122969
0.04002593
0.03879725
0.03735977
0.0361442
0.03487307
0.0333382
0.03232416
0.03211313
0.03216539
0.03220194
0.03244279
0.03293701
0.03319024
0.03344897
0.03393788
0.03418247
0.0342199
0.03439794
0.03444984
0.03418285
0.03425695
0.0337351
0.03299507
0.03214923
0.03142236
0.03120472
0.03102304
0.03057984
0.03008841
0.02928373
0.02827996
0.02755452
0.02713363
0.02639054
0.0253434
0.02455173
0.02435384
0.02436949
0.02431076
0.02453211
0.02557604
0.02692316
0.02763565
0.02808318
0.02872854
0.02975364
0.03055173
0.03137406
0.03188411
0.03140735
0.03040475
0.02911263
0.02720557
0.02500049
0.02273188
0.01972216
0.01704265
0.01513714
0.01275246
0.009998871
0.007484354
0.005301784
0.003480566
0.001298412
-0.001194305
-0.003929859
-0.006384563
-0.00839882
-0.01066184
-0.01213551
-0.01231123
-0.01249676
-0.01271553
-0.01253838
-0.01198182
-0.01144647
-0.01095453
-0.01072059
-0.01046755
-0.0101776
-0.01041416
-0.01089923
-0.011676
-0.01265794
-0.01369674
-0.01472843
-0.0154703
-0.01566131
-0.01565136
-0.01571481
-0.01552137
-0.01449033
-0.01292559
-0.01169876
-0.01072732
-0.00948125
-0.008170047
-0.007702054
-0.007785777
-0.007785126
-0.007672058
-0.008106125
-0.009670971
-0.01151933
-0.01294926
-0.01428806
-0.01598947
-0.0185819
-0.02108223
-0.0225298
-0.023918
-0.02585761
-0.02736802
-0.02860772
-0.03004424
-0.0312498
-0.03223859
-0.03325368
-0.03424942
-0.03473927
-0.03467346
-0.03490247
-0.03513682
-0.03516692
-0.03518211
-0.03520517
-0.0349677
-0.03423115
-0.03345112
-0.03271109
-0.03169062
-0.03095335
-0.03042483
-0.03018752
-0.03019424
-0.03048487
-0.03103417
-0.03128626
-0.03126557
-0.03124117
-0.0312621
-0.03122316
-0.03098903
-0.03081383
-0.03088983
-0.03007611
-0.02852479
-0.02756689
-0.02714226
-0.02591731
-0.02407174
-0.02327363
-0.02312337
-0.02278012
-0.02230556
-0.02147294
-0.0204381
-0.01970439
-0.01936241
-0.01883106
-0.01773714
-0.0166132
-0.0171832
-0.01826785
-0.01882725
-0.01948635
-0.02045748
-0.0215218
-0.02244533
-0.02310967
-0.02405172
-0.02587027
-0.02742936
-0.02841591
-0.02908159
-0.02956371
-0.03009326
-0.03012216
-0.02963487
-0.028927
-0.02766858
-0.02594288
-0.02386405
-0.02198791
-0.0202398
-0.01850982
-0.01638379
-0.01542131
-0.0155237
-0.01569639
-0.01546808
-0.01485224
-0.01435291
-0.01411143
-0.0141378
-0.01383451
-0.01383706
-0.01454006
-0.01531275
-0.01607266
-0.01735251
-0.01842518
-0.01876382
-0.01846602
-0.01737634
-0.01584849
-0.01465185
-0.01348611
-0.01176309
-0.009735538
-0.00796407
-0.006558639
-0.005131135
-0.003661878
-0.002099681
-0.0008447356
-0.0001337489
0.000188286
0.0006451344
0.001658559
0.00323824
0.004173932
0.004895844
0.006079642
0.007400249
0.008162765
0.008646186
0.008866093
0.008844931
0.008565707
0.008096939
0.007880513
0.007389721
0.006320633
0.005700214
0.005701609
0.006334024
0.007416347
0.007846408
0.007978452
0.008724151
0.01005389
0.01124976
0.01166512
0.01264755
0.01474524
0.01576771
0.01591126
0.01646276
0.01766563
0.01929445
0.02105478
0.02277273
0.02388556
0.02534006
0.02731913
0.02931641
0.03104877
0.03273356
0.03471225
0.03620641
0.03744653
0.03865257
0.03934447
0.0398626
0.04034584
0.04065586
0.04034275
0.03979099
0.03929821
0.03913034
0.03868604
0.03744982
0.03617955
0.03490524
0.03340015
0.03216386
0.03141182
0.03097223
0.03052073
0.0303017
0.0300531
0.02953054
0.02922723
0.02922838
0.0295345
0.03005733
0.03029077
0.03049902
0.03099306
0.03150288
0.03202454
0.03242606
0.03291924
0.03368175
0.03476588
0.03526569
0.03523371
0.03515202
0.0351257
0.03514668
0.0352274
0.03527314
0.03479653
0.03355062
0.03228983
0.03082742
0.02884822
0.02692058
0.02488072
0.02288384
0.02088605
0.01972893
0.01903875
0.01781316
0.01678453
0.0163348
0.01593358
0.01525161
0.01398211
0.01271632
0.01145216
0.01001539
0.008839984
0.007625515
0.005901899
0.004118232
0.002655177
0.001253503
-0.0001476877
-0.001927404
-0.003952604
-0.005673088
-0.006848462
-0.008058896
-0.009559057
-0.01058261
-0.01105882
-0.01150904
-0.01172629
-0.01173487
-0.01173021
-0.01159655
-0.01099721
-0.00953066
-0.006680932
-0.003305563
-0.0007746942
0.001085076
0.002670276
0.004159012
0.005933976
0.007420875
0.008132953
0.008846701
0.009578428
0.00982812
0.009795522
0.00979784
0.009822416
0.009556771
0.008978857
0.008737834
0.008871915
0.008770633
0.007585078
0.00527044
0.002682531
-4.754093e-05
-0.002495453
-0.004485155
-0.006518836
-0.007737496
-0.007932158
-0.007817048
-0.007772798
-0.007787374
-0.007806926
-0.007845377
-0.007855941
-0.007594637
-0.007055519
-0.006779379
-0.006753664
-0.006806207
-0.007092296
-0.007546474
-0.007701513
-0.008149677
-0.009676143
-0.01149405
-0.01292223
-0.01433255
-0.01623338
-0.01879694
-0.02102213
-0.02321267
-0.02533271
-0.0275658
-0.03009044
-0.0323066
-0.03400108
-0.03540879
-0.03694437
-0.03821241
-0.03887697
-0.03899676
-0.03947783
-0.04063999
-0.04121022
-0.04066045
-0.03949631
-0.03895344
-0.03878903
-0.03843068
-0.03795857
-0.03691055
-0.03540754
-0.03419706
-0.03301125
-0.03130256
-0.02933193
-0.02754673
-0.02582442
-0.02404059
-0.02305654
-0.02258493
-0.02247211
-0.02250412
-0.02225325
-0.02171335
-0.02143865
-0.02141224
-0.02144124
-0.02171429
-0.02225232
-0.02250063
-0.0224806
-0.02248235
-0.02253277
-0.02229483
-0.02151247
-0.02059287
-0.01985173
-0.01861969
-0.0165354
-0.01530452
-0.01459512
-0.01369687
-0.01269101
-0.01190676
-0.01143103
-0.01094189
-0.01071654
-0.01071487
-0.01074445
-0.01076746
-0.01078381
-0.01060409
-0.01008967
-0.009293888
-0.008208975
-0.007721356
-0.007759874
-0.007836
-0.007840457
-0.007817745
-0.00781335
-0.007818118
-0.007825001
-0.007824468
-0.007812879
-0.007802612
-0.007837097
-0.007891465
-0.007689846
-0.00692458
-0.005860833
-0.004827976
-0.004092015
-0.003667933
-0.003190136
-0.002701675
-0.002153483
-0.001880757
-0.001896087
-0.002189546
-0.002698601
-0.002950957
-0.003205929
-0.003668721
-0.003874241
-0.004117125
-0.004880483
-0.00568393
-0.005979199
-0.005973271
-0.005707344
-0.004952088
-0.003951617
-0.002948427
-0.001930615
-0.0009129268
-0.0001813193
1.262368e-05
0.000184115
0.0006807272
0.001216692
0.001756219
0.001992628
0.001993477
0.001927795
0.00169241
0.001473817
0.00150227
0.0009824376
0.0002304669
-8.461636e-05
-0.0003207764
-0.0005463895
-0.000267942
-1.191655e-05
1.236651e-05
1.855078e-05
2.470617e-05
-0.0002192066
-0.0007741307
-0.001085657
-0.001079351
-0.0007526467
-0.0002271137
-3.953147e-05
0.0001110758
0.0009811836
0.002562331
0.004634445
0.006918822
0.008277436
0.009697587
0.01166704
0.01372297
0.01526424
0.01616913
0.01707256
0.01771276
0.01867733
0.02021112
0.0217977
0.02310046
0.02353219
0.02346971
0.02339775
0.02334985
0.0233566
0.02366444
0.02423312
0.02423689
0.02366342
0.02331913
0.0233408
0.02351585
0.02357828
0.02281063
0.0211707
0.02010847
0.0196098
0.01947822
0.01951777
0.01952075
0.01947204
0.01944876
0.01971746
0.02026862
0.02053453
0.02051517
0.02047361
0.02047185
0.02048111
0.02047024
0.02047318
0.02051863
0.02053444
0.02025386
0.01969989
0.01948655
0.0195466
0.0193087
0.01854405
0.01798255
0.01793125
0.01770412
0.01801633
0.01898441
0.01942863
0.01991937
0.02143518
0.02298913
0.02367435
0.02434787
0.02558274
0.02691285
0.02744142
0.02761986
0.02780096
0.02759126
0.02744291
0.02699454
0.02549919
0.02344372
0.0214183
0.01950741
0.01757584
0.0153988
0.01310409
0.01107813
0.009154211
0.00803605
0.007071303
0.005266647
0.003962611
0.003733094
0.003858587
0.003870083
0.003843258
0.004109179
0.004612369
0.004777317
0.004990679
0.006031491
0.007403558
0.007916862
0.007805362
0.007735142
0.007999072
0.008309035
0.008103909
0.007875057
0.007371675
0.006136408
0.004862708
0.003608259
0.002180764
0.0009347137
-0.0003551117
-0.001631679
-0.002095602
-0.002035635
-0.001989499
-0.002015033
-0.001819392
-0.001289468
-0.0007400082
-0.0001950815
-1.129768e-05
-9.163859e-05
9.385468e-05
0.0008760296
0.001913625
0.002734184
0.003266413
0.003536585
0.002963797
0.001910234
0.001117087
0.0006878559
4.706622e-05
-0.000886927
-0.002170561
-0.00396546
-0.005705455
-0.006918951
-0.008090715
-0.009534591
-0.01080036
-0.0120394
-0.01329103
-0.01405299
-0.01457464
-0.01457172
-0.01401156
-0.01322686
-0.01227054
-0.01162888
-0.01042994
-0.008228294
-0.005952413
-0.003503696
-0.0005754379
0.002204792
0.005007747
0.007260926
0.008212556
0.008617186
0.008565358
0.00812937
0.007460093
0.005957036
0.003715269
0.001201302
-0.001235349
-0.003930413
-0.006851532
-0.009617299
-0.01217201
-0.01445131
-0.01557023
-0.01565611
-0.01605468
-0.01721225
-0.01801128
-0.01778578
-0.01685981
-0.0166353
-0.01615638
-0.01553529
-0.01472927
-0.01366306
-0.01264607
-0.01217154
-0.01226245
-0.01199608
-0.0116968
-0.01186022
-0.01264608
-0.01372641
-0.01478638
-0.01553663
-0.01573785
-0.01568661
-0.0156551
-0.01566404
-0.01567517
-0.0156737
-0.01567131
-0.01567196
-0.01567451
-0.01566947
-0.01566277
-0.0156715
-0.01570724
-0.01569582
-0.01556562
-0.01552202
-0.01631494
-0.01793775
-0.01872763
-0.01890352
-0.01926035
-0.01973132
-0.0205477
-0.02155345
-0.02232652
-0.02279276
-0.02327424
-0.02353194
-0.02357847
-0.02335925
-0.02260541
-0.02138855
-0.01987612
-0.01819221
-0.01601752
-0.01374887
-0.01119298
-0.008657908
-0.007440625
-0.006763009
-0.006193037
-0.005969855
-0.005439058
-0.004371136
-0.003888202
-0.003971545
-0.003808094
-0.003012687
-0.002180425
-0.001890327
-0.001903872
-0.002170849
-0.002923943
-0.003926327
-0.0049324
-0.005943147
-0.006950409
-0.007700072
-0.007943325
-0.007960259
-0.007748159
-0.00695863
-0.005672174
-0.004405004
-0.00369304
-0.002761727
-0.001547971
-0.0005873166
0.000665468
0.002121369
0.003628935
0.004869419
0.006091429
0.007310532
0.008034185
0.008778185
0.009518259
0.009817267
0.00980683
0.009489345
0.008898125
0.008642569
0.008936285
0.009481077
0.009687428
0.009905401
0.01067488
0.01149283
0.01176124
0.01169685
0.01162022
0.01163113
0.01186162
0.01230894
0.01280081
0.01386334
0.01518641
0.01570254
0.01564228
0.01554687
0.0155147
0.0155471
0.01567195
0.01572575
0.01496861
0.01331999
0.01225108
0.0117988
0.01171635
0.01149633
0.01071836
0.009917686
0.00944257
0.008971957
0.008487691
0.007947653
0.007716296
0.007732071
0.007741719
0.007746636
0.007949196
0.008395532
0.008899961
0.009961612
0.01125867
0.01177282
0.01192066
0.0122779
0.01277739
0.01386816
0.01519598
0.01570051
0.01563095
0.01554342
0.01554769
0.01557336
0.01557737
0.01557108
0.0155674
0.01556709
0.01557138
0.01557707
0.01557376
0.01554691
0.01554355
0.01563073
0.01570565
0.01519871
0.01385165
0.01263637
0.01192692
0.01098244
0.009211663
0.007955221
0.007247644
0.006073697
0.004845345
0.003816518
0.002839131
0.001870802
0.00112141
0.0006436424
0.0001409191
-0.0001133527
-0.0001022454
0.0001414387
0.0005955951
0.001097058
0.002153442
0.003422965
0.003924402
0.004167433
0.004636205
0.004629193
0.004120259
0.003868097
0.003674199
0.002963821
0.001909475
0.0008593237
0.000108502
-0.0003080525
-0.0007426586
-0.001226484
-0.002035265
-0.002815445
-0.003053718
-0.003016662
-0.002996659
-0.002968625
-0.002746483
-0.002523783
-0.002557387
-0.002021519
-0.001230396
-0.0009438758
-0.0009972388
-0.001051403
-0.001018647
-0.0009953106
-0.001209063
-0.001701107
-0.002217419
-0.00302676
-0.00379827
-0.004009922
-0.003937914
-0.00411822
-0.00466867
-0.005208067
-0.005702273
-0.005914271
-0.006151063
-0.006626834
-0.006886712
-0.007153596
-0.007625911
-0.007833003
-0.008038047
-0.008762349
-0.009789516
-0.01081258
-0.01177109
-0.01272516
-0.01373733
-0.01477247
-0.01553397
-0.01573555
-0.01568738
-0.01569331
-0.01570673
-0.01545685
-0.01494918
-0.0146979
-0.01444674
-0.01394058
-0.01368184
-0.01369381
-0.01372193
-0.01369973
-0.01371295
-0.01394685
-0.01421422
-0.01419835
-0.01447859
-0.01471507
-0.01469482
-0.01464456
-0.01489175
-0.01545935
-0.01575727
-0.01572616
-0.0155681
-0.01553998
-0.01617364
-0.01730171
-0.01728733
-0.01617938
-0.01562668
-0.01546359
-0.01477896
-0.01354365
-0.01228462
-0.01128539
-0.009732697
-0.008260273
-0.007828141
-0.007457568
-0.006230237
-0.004881192
-0.003850252
-0.00318798
-0.002753348
-0.00201838
-0.001237134
-0.0007310768
-0.000272362
-2.795793e-05
0.0002445489
0.0004980984
0.0002099485
-6.026695e-05
-7.403765e-05
-4.893476e-05
-7.62737e-05
-6.929728e-05
0.0002116431
0.0005318543
0.0002668414
-0.0002505479
-0.0008074166
-0.00125391
-0.001753408
-0.002252011
-0.002789502
-0.003020216
-0.002987142
-0.002956591
-0.002998337
-0.003026885
-0.00276206
-0.002208725
-0.001940902
-0.001960726
-0.002006599
-0.002006549
-0.001983559
-0.001986802
-0.002030205
-0.002034782
-0.001771252
-0.001268835
-0.001029743
-0.0007656509
-0.0002175544
1.730108e-05
-0.0002718855
-0.000596387
-0.0003102317
-2.081937e-05
-1.6877e-05
-5.676228e-05
0.0001380473
0.0005979334
0.001110451
0.002170784
0.003447057
0.0039521
0.004152968
0.004589402
0.00482088
0.00503625
0.005566963
0.006294397
0.006907423
0.00691198
0.006955102
0.006073903
0.004828021
0.004090833
0.003661403
0.002665459
0.001367928
0.0008545499
0.000663969
0.0002237823
-6.861727e-05
-0.0001476465
5.179027e-05
0.0008558417
0.002196651
0.003509026
0.003946329
0.004090561
0.00459086
0.005150259
0.005440548
0.005100425
0.004811687
0.004839247
0.004902254
0.004649713
0.004086648
0.003818059
0.00384331
0.003884385
0.003861944
0.003853246
0.004066153
0.004512612
0.005009077
0.006074525
0.007410833
0.007921258
0.007818303
0.007698674
0.007939466
0.008540847
0.009051928
0.009292946
0.009216858
0.009487933
0.009781039
0.009810367
0.009522953
0.009007194
0.008759758
0.008479773
0.007983983
0.007843708
0.007899722
0.007165473
0.005543286
0.004553159
0.004078098
0.00342914
0.002393159
0.001842417
0.001605684
0.001411165
0.001656144
0.001850602
0.002131809
0.002926594
0.003707656
0.003893249
0.003999783
0.004745371
0.006097955
0.007419433
0.007873533
0.008052572
0.008523334
0.008797508
0.008808131
0.0087677
0.008756298
0.008753344
0.008761069
0.008802467
0.008821835
0.008560279
0.00800568
0.007717905
0.00774104
0.00786243
0.007900591
0.007392676
0.006313134
0.005556596
0.005034846
0.004599812
0.004162833
0.003948455
0.003421828
0.002360983
0.001875859
0.001908683
0.00173341
0.001223503
0.000941848
0.0007226398
0.0002763403
-0.0001846369
-0.0009555848
-0.001979673
-0.002976621
-0.003697055
-0.004339921
-0.00535657
-0.006407064
-0.007480274
-0.007859271
-0.00777898
-0.008197029
-0.009277578
-0.01009844
-0.01063035
-0.0107991
-0.01072383
-0.01068802
-0.01097132
-0.01153893
-0.01175779
-0.01167687
-0.01187588
-0.01268326
-0.01352828
-0.01380764
-0.01371026
-0.01341307
-0.01318644
-0.01326726
-0.01280061
-0.01182174
-0.01074333
-0.009517513
-0.008297149
-0.007357216
-0.006112462
-0.00484641
-0.003809559
-0.003117241
-0.002899763
-0.002654769
-0.002370001
-0.002645962
-0.003157087
-0.003653419
-0.004049758
-0.004851207
-0.006166898
-0.007215441
-0.007172684
-0.007095411
-0.007308484
-0.007111511
-0.006911728
-0.006654891
-0.005912089
-0.004914951
-0.003946336
-0.002942777
-0.001663172
-0.0003937242
7.21008e-05
0.0002704549
0.0007396065
0.0009992366
0.001010385
0.001005706
0.001012134
0.000775855
0.0002533055
-0.0001909884
-0.0006913806
-0.001443856
-0.002524981
-0.003023972
-0.002988
-0.002909009
-0.002904818
-0.002929637
-0.002930894
-0.002914259
-0.002914041
-0.002959002
-0.002976938
-0.002711203
-0.00215926
-0.001893262
-0.001910749
-0.00195467
-0.00195746
-0.001943629
-0.00194168
-0.001947319
-0.001949971
-0.00193509
-0.001923596
-0.001961712
-0.002028146
-0.001810872
-0.0009997609
4.873e-05
0.0007837812
0.001191493
0.001922799
0.002972243
0.003795036
0.004016725
0.003908785
0.00383354
0.004085938
0.004829067
0.005610517
0.006386637
0.007425726
0.007910355
0.007887961
0.007819467
0.007807821
0.007807255
0.007818558
0.007894015
0.007918217
0.007419764
0.006360617
0.005629953
0.004940873
0.003985462
0.002705465
0.001392288
0.000654555
0.0001792699
-6.247875e-06
2.949398e-06
2.060014e-05
2.642252e-05
3.117195e-05
2.490248e-05
-1.986094e-05
-2.245395e-05
0.0002528283
0.000770023
0.0009716816
0.001164625
0.001910472
0.002974342
0.003801401
0.00420274
0.00439617
0.004623851
0.005425566
0.005864605
0.005921121
0.006400761
0.006956092
0.006441003
0.005903023
0.005615241
0.005149647
0.004683305
0.004183732
0.003751942
0.003018694
0.001991139
0.0009255044
0.0001566841
-4.432138e-05
2.270721e-05
6.193079e-05
1.030174e-05
-4.102239e-05
0.0001983869
0.0009410769
0.001739171
0.002495107
0.003466653
0.004109539
0.004869217
0.0061507
0.007491199
0.007955071
0.00787505
0.007884355
0.00795767
0.007461835
0.006130291
0.005093175
0.004650674
0.004004828
0.003022168
0.001946885
0.0009548251
0.0002546869
-0.000201959
-0.0009336937
-0.001683705
-0.002164782
-0.002691233
-0.003193335
-0.003468707
-0.003151944
-0.002855833
-0.002839159
-0.002914723
-0.002948875
-0.002706862
-0.002166874
-0.001665685
-0.001157658
-0.0007258142
-0.0002083296
0.0003341282
0.000882458
0.0008512354
0.0002930745
-8.823425e-06
-3.679672e-05
-1.722587e-06
0.0002678326
0.000809994
0.001083025
0.001055419
0.0009696573
0.0009799213
0.001280124
0.001615124
0.00134254
0.0007798823
0.00020599
2.529005e-05
7.758216e-05
-0.0001518946
-0.0007060449
-0.0009919556
-0.0009725834
-0.0008958802
-0.0008785101
-0.001110428
-0.001616585
-0.002134816
-0.002887369
-0.003608833
-0.004098328
-0.004826824
-0.005590536
-0.006094219
-0.006557358
-0.006804353
-0.007075417
-0.007322076
-0.007032569
-0.006780502
-0.006780129
-0.00663045
-0.006118963
-0.005344982
-0.004307536
-0.00361978
-0.002904604
-0.001915016
-0.0008538363
-7.567456e-05
0.0001303769
7.567351e-05
3.693697e-05
3.866711e-05
5.675683e-05
9.475083e-05
9.167068e-05
-0.0001642244
-0.0006478613
-0.0009032068
-0.001238107
-0.001768571
-0.001503951
-0.0004313679
0.0001256615
0.0003423981
0.0007681631
0.001206698
0.001737595
0.002491474
0.003540671
0.004167608
0.004631455
0.005622626
0.007263312
0.008023292
0.007930111
0.007831967
0.008107704
0.008435761
0.008153137
0.007837384
0.007803065
0.007940026
0.00802453
0.00748872
0.00614183
0.005127845
0.004724552
0.00404016
0.002790481
0.00147811
0.0007405366
1.18476e-05
-0.0007075806
-0.0009697653
-0.0009802268
-0.0009424116
-0.0006674798
-0.0001545435
5.24109e-05
0.0002128921
0.000927962
0.002201102
0.003728874
0.00499563
0.00625386
0.007471725
0.007945383
0.008180635
0.00863672
0.008671728
0.008402812
0.008346892
0.008078555
0.007968525
0.008005833
0.007682982
0.006049219
0.004967155
0.004451318
0.004302277
0.004331388
0.004338455
0.004294618
0.00420328
0.004363143
0.005141542
0.006447576
0.007710587
0.008332466
0.009004245
0.01020471
0.01151718
0.0122476
0.01267756
0.01282587
0.0128029
0.01276803
0.01253866
0.01200554
0.01123318
0.009993802
0.008747106
0.007201893
0.005142976
0.003628333
0.00265583
0.00175521
0.0007650339
-0.0002818352
-0.00129295
-0.002034153
-0.002495311
-0.00302362
-0.003502947
-0.003783286
-0.003765094
-0.004009284
-0.00418862
-0.004276157
-0.004802885
-0.005358809
-0.004851362
-0.004330413
-0.004058242
-0.003616923
-0.003187142
-0.002719814
-0.00226933
-0.001520388
-0.0007791493
-0.0005281813
-0.0005875821
-0.0008651911
-0.001362577
-0.001856432
-0.002595865
-0.003340278
-0.003850363
-0.004333111
-0.004511418
-0.004498357
-0.004713296
-0.005195909
-0.0054707
-0.005726136
-0.005991849
-0.005721067
-0.005207754
-0.004677441
-0.004475793
-0.004338566
-0.003914027
-0.003175076
-0.001942121
-0.001023035
-0.0005995869
8.558435e-06
0.0006929139
0.001197146
0.00165125
0.001609707
0.001098105
0.0006036813
-7.809022e-05
-0.0009745658
-0.002120395
-0.003528284
-0.004896719
-0.006223896
-0.007285021
-0.008373783
-0.009697613
-0.01077412
-0.0116058
-0.01241982
-0.01323383
-0.01385081
-0.01423429
-0.01459775
-0.01451823
-0.0140207
-0.01349137
-0.0125124
-0.0111159
-0.009939548
-0.008822299
-0.007491371
-0.006174178
-0.004813883
-0.003477227
-0.00214835
-0.001288999
-0.0008585224
-0.0004363458
-0.0004223145
-0.0008804335
-0.00138539
-0.001858496
-0.001841376
-0.001354584
-0.0008633545
-0.0004181984
-0.0002657757
-0.0002758573
-9.866344e-05
0.0001602562
0.0001613595
0.0001594428
-0.0001055778
-0.000309923
-0.0003198809
-0.0002936605
-0.0002830672
-0.0002927712
-0.0003073428
-0.0003115082
-0.0002728696
-0.0002370571
-0.0004457194
-0.001060823
-0.001657583
-0.002043229
-0.002633976
-0.003212641
-0.00336277
-0.003304572
-0.003427122
-0.003642285
-0.003617741
-0.003587365
-0.003305433
-0.003074723
-0.003037913
-0.003064061
-0.003052809
-0.002811264
-0.002360924
-0.002132719
-0.002120734
-0.00213064
-0.002116448
-0.002078454
-0.002017374
-0.001981638
-0.002153741
-0.002527982
-0.002680792
-0.002634315
-0.002591441
-0.002567586
-0.002373882
-0.001961512
-0.001575816
-0.001183362
-0.0008408568
-0.0004640188
-0.0001300148
0.0002371377
0.0005791349
0.0009492876
0.001135135
0.001126616
0.0009168605
0.0005358464
0.000360003
0.0003685852
0.0004103393
0.00044043
0.0004166971
0.0002288078
4.660241e-05
0.000241815
0.0004311451
0.0004494402
0.0004246269
0.000416321
0.0004251119
0.0004292542
0.0004286807
0.0004281579
0.0004377788
0.0004448476
0.0004246056
0.0003912443
0.0005240472
0.0009967693
0.001627126
0.002216323
0.002744839
0.003301259
0.004032808
0.004760929
0.004979852
0.004868143
0.004744046
0.004653712
0.004602124
0.004603732
0.004556446
0.004034609
0.003037398
0.002439146
0.002158016
0.00174947
0.0009755356
0.0003918959
0.0002593027
0.0001404628
-0.0001443494
-0.000167967
0.000113501
0.0003675506
0.0006265461
0.00100014
0.001540655
0.001769976
0.00172195
0.001641877
0.001578892
0.001544941
0.001648987
0.001886129
0.00196312
0.001896411
0.001915476
0.002120521
0.002463347
0.002926295
0.003074547
0.002977616
0.002906722
0.002866534
0.00256907
0.001874224
0.00123853
0.0008707248
0.000523674
-8.71623e-05
-0.0005618291
-0.0006730227
-0.0007435695
-0.0009482755
-0.001152566
-0.001386382
-0.001687431
-0.001998904
-0.002042282
-0.002110945
-0.00227883
-0.002477728
-0.002517904
-0.002440247
-0.00248046
-0.002751123
-0.003017852
-0.003054269
-0.002968226
-0.002882779
-0.002823526
-0.002786708
-0.002747235
-0.002592364
-0.002248259
-0.001930065
-0.001810109
-0.001704051
-0.0014923
-0.001355192
-0.001334971
-0.001408451
-0.001465534
-0.001338636
-0.001229053
-0.001191898
-0.001095276
-0.0009215805
-0.0008250125
-0.00072939
-0.0005541329
-0.0004650644
-0.000528676
-0.0006689461
-0.0007194172
-0.0007530296
-0.0008581187
-0.0009602249
-0.001065589
-0.00114575
-0.00123242
-0.001298732
-0.00137888
-0.001451092
-0.001518725
-0.001466591
-0.001338256
-0.001225422
-0.001057308
-0.0009748884
-0.0008728907
-0.0007319107
-0.0005793716
-0.0004967006
-0.0004708853
-0.0004480323
-0.0004200883
-0.0003863055
-0.000348035
-0.0003166949
-0.000337017
-0.0004009347
-0.0004049269
-0.000364643
-0.0003678892
-0.0004196093
-0.0004189937
-0.0003755517
-0.0003675653
-0.0004045488
-0.0004064458
-0.0003940372
-0.0003802383
-0.0003327001
-0.0003289961
-0.0003148994
-0.0002612776
-0.0002087127
-0.0002278685
-0.0003146633
-0.0003271098
-0.0002695279
-0.0002051826
-0.0001552569
-0.0001184912
-7.42927e-05
2.676316e-05
0.0001794933
0.0002662708
0.0002936554
0.0003202921
0.0003732828
0.0004282327
0.0004539063
0.0005047209
0.0005642395
0.0006061889
0.0006421541
0.0007360992
0.0008232453
0.0008692924
0.0009212479
0.0009704438
0.001004114
0.001049333
0.001087945
0.001094058
0.001097044
0.001113531
0.00111581
0.001112777
0.00112209
0.001142743
0.00118495
0.001220453
0.001250999
0.001285774
0.001304098
0.001308261
0.001309463
0.001306857
0.001290675
0.001264909
0.001257372
0.001257202
0.001228499
0.00118088
0.001134794
0.001095039
0.001055563
0.001002331
0.0009372805
0.000890062
0.0008591995
0.0008297332
0.0007935334
0.0007526871
0.0007195739
0.0006927311
0.0006676675
0.0006470641
0.0006308779
0.0006102154
0.0005859748
0.0005626147
0.0005401573
0.0005155179
0.0004889955
0.0004668145
0.0004457628
0.0004234624
0.0004054587
0.0003904936
0.0003719616
0.0003495414
0.0003312701
0.0003163735
0.0003033544
0.0002920151
0.0002832555
0.0002747042
0.0002681531
0.000261314
0.0002532854
0.0002455666
0.0002394545
0.0002346177
0.0002284346
0.0002215365
0.0002159571
0.0002119397
0.000206506
0.0001997119
0.0001953491
0.0001910746
0.0001854324
0.0001794576
0.0001744972
0.0001700836
0.0001656847
0.0001619339
0.0001584882
0.0001550934
0.0001522966
0.0001499634
0.0001476162
0.0001452484
0.0001433057
0.000141731
0.0001402997
0.000138961
0.0001377284
0.0001366147
0.0001356109
0.0001347082
0.0001338976
0.0001331753
0.0001325462
0.0001320116
0.0001315418
0.0001310675
0.0001306185
0.0001303426
0.0001301988
0.0001301275
0.0001300827
0.0001300582
0.0001300962
0.0001301921
0.0001303203
0.0001304762
0.0001306545
0.0001308528
0.0001310748
0.0001313204
0.0001315859
0.0001318703
0.0001321744
0.0001324979
0.0001328409
0.0001332036
0.000133586
0.0001339883
0.0001344104
NaN
NaN
