6.283229e-06
5.986436e-06
5.688766e-06
5.396124e-06
5.101968e-06
4.813896e-06
4.524299e-06
4.236242e-06
3.953606e-06
3.671032e-06
3.388627e-06
3.113667e-06
2.834113e-06
2.559646e-06
2.288514e-06
2.018222e-06
1.751292e-06
1.48564e-06
1.221446e-06
9.594498e-07
6.986368e-07
4.429456e-07
1.851244e-07
-6.4439e-08
-3.203255e-07
-5.671802e-07
-8.14346e-07
-1.060194e-06
-1.302382e-06
-1.547848e-06
-1.784887e-06
-2.021052e-06
-2.259288e-06
-2.492531e-06
-2.720476e-06
-2.947813e-06
-3.179688e-06
-3.404506e-06
-3.624356e-06
-3.844975e-06
-4.065736e-06
-4.28116e-06
-4.497195e-06
-4.710873e-06
-4.924283e-06
-5.133826e-06
-5.34114e-06
-5.545227e-06
-5.752136e-06
-5.952528e-06
-6.152601e-06
-6.349987e-06
-6.547525e-06
-6.741745e-06
-6.936278e-06
-7.127442e-06
-7.31688e-06
-7.500889e-06
-7.68686e-06
-7.868014e-06
-8.05117e-06
-8.229009e-06
-8.40657e-06
-8.585403e-06
-8.758838e-06
-8.931095e-06
-9.100015e-06
-9.270248e-06
-9.438192e-06
-9.604029e-06
-9.768508e-06
-9.92957e-06
-1.008912e-05
-1.024856e-05
-1.040418e-05
-1.055712e-05
-1.071165e-05
-1.086285e-05
-1.101472e-05
-1.116013e-05
-1.130599e-05
-1.145137e-05
-1.159652e-05
-1.173731e-05
-1.18798e-05
-1.201595e-05
-1.215019e-05
-1.228454e-05
-1.242194e-05
-1.255095e-05
-1.268057e-05
-1.28083e-05
-1.293235e-05
-1.306116e-05
-1.318489e-05
-1.330537e-05
-1.343058e-05
-1.355122e-05
-1.366973e-05
-1.378355e-05
-1.390156e-05
-1.401718e-05
-1.412819e-05
-1.423279e-05
-1.434418e-05
-1.445203e-05
-1.456048e-05
-1.466238e-05
-1.476543e-05
-1.486884e-05
-1.496931e-05
-1.506977e-05
-1.516581e-05
-1.526152e-05
-1.535803e-05
-1.545161e-05
-1.554708e-05
-1.564001e-05
-1.572521e-05
-1.581165e-05
-1.590526e-05
-1.598839e-05
-1.606996e-05
-1.615255e-05
-1.624012e-05
-1.631823e-05
-1.639855e-05
-1.647749e-05
-1.65546e-05
-1.662949e-05
-1.670646e-05
-1.677737e-05
-1.685054e-05
-1.692282e-05
-1.69934e-05
-1.70576e-05
-1.712549e-05
-1.719406e-05
-1.725974e-05
-1.732066e-05
-1.738217e-05
-1.744367e-05
-1.750792e-05
-1.756602e-05
-1.762678e-05
-1.768517e-05
-1.774099e-05
-1.779471e-05
-1.785026e-05
-1.790563e-05
-1.796035e-05
-1.800954e-05
-1.805967e-05
-1.810492e-05
-1.815121e-05
-1.819831e-05
-1.824542e-05
-1.829064e-05
-1.83353e-05
-1.83761e-05
-1.842068e-05
-1.84598e-05
-1.849844e-05
-1.853635e-05
-1.858016e-05
-1.861455e-05
-1.865646e-05
-1.869071e-05
-1.872544e-05
-1.875869e-05
-1.878864e-05
-1.881934e-05
-1.885308e-05
-1.888126e-05
-1.891055e-05
-1.89355e-05
-1.896175e-05
-1.898892e-05
-1.901463e-05
-1.903852e-05
-1.906763e-05
-1.909199e-05
-1.911212e-05
-1.913222e-05
-1.915402e-05
-1.917253e-05
-1.919322e-05
-1.920958e-05
-1.922996e-05
-1.925018e-05
-1.925962e-05
-1.927535e-05
-1.929562e-05
-1.930793e-05
-1.932023e-05
-1.933334e-05
-1.93506e-05
-1.93599e-05
-1.937128e-05
-1.938085e-05
-1.93896e-05
-1.939683e-05
-1.940432e-05
-1.94078e-05
-1.941215e-05
-1.942438e-05
-1.942614e-05
-1.942597e-05
-1.943288e-05
-1.943308e-05
-1.943664e-05
-1.94391e-05
-1.943671e-05
-1.943291e-05
-1.943774e-05
-1.943537e-05
-1.943644e-05
-1.943189e-05
-1.942673e-05
-1.941887e-05
-1.941673e-05
-1.940881e-05
-1.940745e-05
-1.939837e-05
-1.939559e-05
-1.938837e-05
-1.937981e-05
-1.936835e-05
-1.93651e-05
-1.935578e-05
-1.933756e-05
-1.932753e-05
-1.931996e-05
-1.931064e-05
-1.929543e-05
-1.927842e-05
-1.926356e-05
-1.92502e-05
-1.924035e-05
-1.922253e-05
-1.920781e-05
-1.918684e-05
-1.916974e-05
-1.91513e-05
-1.913918e-05
-1.912599e-05
-1.910196e-05
-1.907913e-05
-1.906555e-05
-1.904082e-05
-1.902001e-05
-1.899468e-05
-1.897688e-05
-1.895494e-05
-1.893441e-05
-1.890934e-05
-1.888664e-05
-1.886016e-05
-1.884112e-05
-1.881453e-05
-1.878875e-05
-1.876104e-05
-1.873673e-05
-1.871034e-05
-1.868198e-05
-1.865315e-05
-1.862477e-05
-1.859872e-05
-1.85696e-05
-1.853842e-05
-1.850798e-05
-1.847621e-05
-1.844233e-05
-1.841403e-05
-1.83826e-05
-1.835176e-05
-1.831519e-05
-2.688721e-05
-9.619433e-06
-3.555292e-05
-9.491559e-06
-9.425602e-06
8.151121e-06
-7.958101e-05
-0.0001326477
0.0002561624
0.0001151218
-0.0004274281
-5.362186e-05
0.0006092096
-0.0006198822
-0.0003152372
0.001139454
-0.000171856
-0.000363255
-0.0002638939
0.0004763237
0.0004961159
-0.001397238
-0.000478657
0.000972128
0.001948492
0.000122131
-0.001862971
0.001244327
0.00173475
-0.0026751
-0.002107262
0.00188924
0.0009572916
0.0008742517
0.001731655
0.000621243
-0.002460589
-0.003298188
0.003098924
0.001212993
-0.006582196
-0.001762733
0.005183365
0.0002061935
-0.003878254
-0.001280235
0.002311112
0.0004031363
-0.002743205
0.002235458
0.001072303
0.002174335
0.005050983
-0.003258287
-0.001802567
0.001031757
-0.003569873
0.0006383166
-0.0008696625
-0.002650256
0.002801196
-1.577574e-05
0.001860414
0.0003040807
-0.003096762
0.004380994
-0.001910465
-0.002625184
0.007821518
0.00142287
-0.002018742
-0.003572379
-0.002738469
0.001963278
-0.003258179
-0.002330574
0.003445393
0.0001874694
-0.003703339
0.0006947251
0.002115617
0.0003708638
-0.001772007
-0.0004416502
-0.0006552955
-0.0005742048
0.003740073
-0.002335501
-0.003100001
0.001299343
0.0009635461
-0.00082977
-0.0007483691
0.002921499
0.002860781
-0.00367486
-0.001176822
0.0007301196
-0.004042164
0.007409263
0.0002306635
-0.009558707
0.002790072
0.002637267
-0.0006971644
0.0003022097
0.001332208
-0.000125903
0.002708978
-0.0004622252
-0.003317389
0.004575316
-0.001430672
-0.0039901
-0.002817336
0.0008741219
0.003362385
-0.0009814937
0.001639299
-0.002357852
0.0004566466
0.003515979
-0.00192917
0.00173172
-0.002112424
-0.006680668
0.002272578
0.001926084
-0.001581612
0.00192636
0.001651237
-0.0006429447
-0.005088758
-0.001111757
0.005037356
0.002518878
-0.001498632
0.0008060425
0.00752623
0.0008881421
-0.001140959
-0.000681859
-0.002466191
-0.0007018548
-0.007717323
-0.0004058338
0.005060139
0.0003594943
-0.0002827222
-0.001118676
0.0004621045
0.0006764663
0.004602635
-0.003615966
-0.007235862
0.003379609
0.0007898269
0.001891337
0.002595225
0.0007293891
-0.0003512508
-0.002115148
0.003157053
-0.002655021
-0.002083804
0.0007207249
-0.003928943
-0.001746519
-0.001756466
0.0007828998
-0.0009503299
0.0001919774
0.001844213
0.001997431
0.00359869
-0.002254211
0.0008357611
0.002059722
0.0009179194
-0.0002952613
-0.0003765943
0.003570006
0.0001644591
-0.001507597
-0.005576023
0.0001447968
0.002704661
-0.007043565
-0.0007924985
0.004979413
0.002664989
-0.002698446
-0.0008321338
0.002013178
-0.0009947117
0.004410036
0.003370285
-0.005001329
-0.003532767
0.006664656
0.006889359
0.007827747
0.01141754
0.003902575
0.002362988
0.004005043
-0.0001551227
-0.003897248
0.0002328326
-0.001632914
-0.005048815
0.01652862
0.01302135
-0.006087889
-0.001305143
-0.02446252
-0.03269168
-0.03091722
-0.02684871
0.02319915
0.02099741
-0.006993592
-0.004688841
-0.01927062
-0.005259786
0.0185204
0.00918023
0.0137284
0.0005744876
-0.0149456
0.0004828159
-0.0008934869
-0.0028716
0.002818575
0.00665302
0.006296364
0.002482744
0.01616751
0.02032822
0.004125168
0.007337358
0.01686179
-7.547554e-05
-0.02383474
-0.01421876
-0.007692421
-0.003409515
0.009439093
0.00908237
0.008062938
-0.0196121
-0.004754929
0.005534331
-0.01801095
0.0193821
0.02524576
0.01875025
0.02065736
-0.002714446
0.002067989
0.003047009
0.01859766
0.03367961
0.005260451
-0.03101086
-0.0506407
-0.01622552
-0.00930134
-0.0575645
-0.04619499
0.01153116
0.02559335
-0.00930129
-0.006772569
0.008125575
-0.01778539
0.0006406533
0.01562052
-0.02462775
-0.0122896
0.01676219
0.0155182
0.007615421
-0.001613142
0.00288368
-0.0004509502
0.02091195
0.02616366
0.002016634
0.00136386
-0.004795434
0.01265169
0.01671025
-0.01556381
-0.02523115
-0.02601663
-0.02058195
0.01005008
0.01137583
-0.009763119
-0.0004024123
-0.004399924
-0.0001173952
-0.009305249
-0.007776104
0.01689062
-0.0004243584
0.01475879
0.02022433
0.007130917
-0.004708285
-0.01831175
-0.01233662
-0.009451342
0.01548041
0.006119291
-0.01258287
0.005689996
0.003711429
-0.00420208
0.01787432
0.01324464
-0.005885823
0.01155084
-0.003949173
-0.01841962
0.003411888
0.0080615
-0.003849324
-0.005511923
-0.02284777
-0.01702602
0.008843837
-0.01608875
-0.01681349
-0.01006365
0.00282493
0.006607603
-0.0099533
0.009930404
0.001761948
0.007828366
0.02307261
0.02391828
0.02863903
0.01401563
0.01912371
0.003164589
-0.01197921
0.001755592
-0.009543603
-0.01821217
-0.001887439
0.007187312
0.0006909368
-0.00149216
-0.002818745
0.01740127
0.01461689
-0.00541149
0.0274937
0.03549794
0.01655084
0.0251154
0.03785065
0.01977024
0.009765713
0.02084908
0.01249658
0.009069414
-0.01397729
-0.008533264
0.009392339
0.008259336
0.02514482
0.02003512
0.01737262
-0.01852226
-0.04347635
-0.02711123
-0.02786695
-0.003833597
0.00822865
-0.002673319
0.001159544
0.009479208
0.01093631
-0.01214101
-0.03650357
-0.007922594
0.02098526
0.02162639
0.04615957
0.02916001
0.005429754
0.004092545
-0.01621152
0.0002348857
0.02731718
0.04935194
0.06109791
0.0324532
-0.02955733
-0.05015755
-0.01960849
0.004832564
0.03298575
-0.002542065
-0.06016808
-0.05897701
-0.03791157
-0.006332474
-0.008607664
-0.03135909
-0.03782588
-0.02507097
-0.02956939
-0.03791262
-0.01142217
-0.0006455096
0.04827886
0.05581368
0.008895118
-0.0272657
-0.05783909
-0.01545173
0.002289936
0.0003200963
0.007578756
0.03027568
0.07495826
0.04621122
0.008082092
0.006826171
-0.02507236
-0.04851768
-0.04860116
-0.0536712
-0.03972345
-0.04346772
-0.04780351
-0.03461075
0.01472125
0.0392439
0.03618287
0.05740159
0.01248153
-0.01419639
-0.0285153
-0.01574085
0.04832624
0.03329427
0.0168441
0.01110137
-0.01413878
-0.0007929035
0.007566921
-0.003396958
-0.004031293
-0.01084493
-0.02649966
-0.02789887
-0.01123881
-0.01415706
-0.03247331
-0.03616689
-0.03373212
-0.00547814
0.03826592
0.02263227
-0.02778468
-0.02375922
-0.02554558
-0.06361384
-0.06350452
-0.03490401
-0.007944642
0.01013261
0.04193559
0.07641044
0.04908056
0.009859934
0.02908948
0.02647723
0.002521745
0.01413403
0.01627339
0.01381374
0.01070142
0.01603229
0.02189376
0.01590597
0.01478195
0.004236051
-0.01661941
-0.03760745
-0.01329986
0.0227451
0.003297146
-0.02864264
0.003323088
0.01420167
-0.03900939
-0.0261737
-4.040989e-05
-0.01490984
-0.04127192
-0.03428948
0.02554541
0.04153263
0.02111593
0.02617147
0.03517356
0.0183258
0.01410192
0.0367782
0.06080076
0.03691745
-0.01672196
0.005719573
0.01713868
-0.0381318
-0.06296475
-0.03337504
-0.007180266
-0.02433393
-0.02727288
-0.02296158
-0.03215124
-0.0339686
-0.01782864
-0.001872053
-0.01861766
-0.02799115
-0.001552034
0.01992139
-0.0026365
-0.01357007
-0.003915362
-0.004325221
-0.008365202
-0.01699412
-0.005891498
0.02031313
0.04377519
0.0218497
0.002625915
0.03421469
0.03059311
0.02300436
0.04978036
0.05900736
0.03698002
-0.005523472
-0.01441764
-0.01508218
-0.0546592
-0.04955264
0.002644791
0.03554963
-0.009309021
-0.05375045
-0.001267689
0.02058347
0.00753969
0.009138963
0.0225058
0.04287839
0.01815915
-0.005642664
-0.005185482
-0.01038757
-0.009848694
-0.008636725
-0.008668856
-0.0008286831
-0.01004827
-0.01688201
0.007263427
0.002367663
-0.01233831
0.03840131
0.03897179
-0.007538779
0.008530437
-0.003737662
-0.02102339
-0.01769018
-0.02380971
-0.005037945
-0.0110654
-0.03661047
-0.04134329
-0.02568171
-0.02011508
-0.02416461
-9.023793e-05
0.033284
0.06004089
0.04329664
0.02677626
0.03179242
0.03541175
0.03621694
-0.02657798
-0.04370047
0.00500021
0.02297748
0.004336692
-0.03111956
-0.02629744
-0.00774939
-0.01150235
-0.03073488
-0.01326814
0.02898856
0.03030412
-0.006018204
-0.03429593
-0.01607427
-0.01458554
-0.02592526
-0.0201846
-0.01018169
0.03212613
0.04983882
0.01495442
0.0005149459
0.009080423
0.006990043
-0.01521947
0.001442274
0.04337335
0.01465865
-0.007051204
-0.01203756
-0.01436251
0.004900039
0.01706559
0.02894584
-0.01322904
-0.04765478
-0.01418766
-0.004254913
-0.03327563
-0.02046787
-0.003560277
-0.01850878
-0.009310452
-0.01279721
-0.006923121
-0.009318538
-0.04323365
-0.03959277
-0.03290275
-0.02499937
0.009936988
0.0132523
-0.01218876
0.016935
0.03536275
0.001835676
-0.0009982088
-0.006442207
-0.03322917
-0.02703866
-0.0190939
-0.01669653
0.01011314
0.0230242
0.02181234
0.01515507
0.007651434
0.001758969
-0.009181121
-0.01157613
-4.165635e-05
0.01849838
0.02032562
0.01766587
0.01009123
0.007023364
0.03222258
0.02716702
0.0003195401
0.01026355
0.02436826
0.01799714
0.02308743
0.04206666
0.02206233
-0.01557328
-0.01589769
-0.01517146
-0.01845289
0.009652682
0.007585437
-0.02116839
0.006631291
0.006970663
-0.0167966
0.002376492
0.0008802935
-0.01912396
-0.01687829
0.018743
0.02355936
-0.01565618
-0.0008067759
0.02601484
0.01180308
0.01461016
0.003692065
0.0063969
0.03401412
0.02775634
0.05254855
0.05870119
0.02334069
0.02721883
0.01449625
-0.01038149
-0.01246876
-0.02100026
-0.04439937
-0.06834929
-0.07304736
-0.03613079
0.02448494
0.04250756
0.03289594
-0.01837122
-0.07295351
-0.05879671
-0.04326285
-0.02460869
0.001306399
-0.008937536
-0.03361095
-0.02479728
0.01837137
0.03003117
0.008284843
0.02426738
0.05500626
0.04395701
0.04243206
0.06540041
0.05385091
0.044688
0.07436599
0.08320138
0.08038109
0.07118815
0.01818782
-0.05704207
-0.1218613
-0.1257728
-0.09490169
-0.07638925
-0.06183325
-0.06273616
-0.05431907
-0.01976641
-0.003863964
-0.02037851
-0.03074426
-0.01371031
0.0009378241
0.005184695
0.01413265
0.02317228
0.03138609
0.02242775
0.05533901
0.07406648
0.05418717
0.06607223
0.03613891
-0.01657521
-0.02950036
-0.006327204
-0.00666867
0.01436319
0.0105652
-0.02908617
-0.02597086
-0.04218905
-0.06481119
-0.07065919
-0.03374011
-0.05280307
-0.07397737
-0.05367966
-0.06266837
0.01254079
0.06059609
0.03541481
0.02997531
0.02340362
0.05059489
0.06927172
0.07049122
0.08331499
0.0605914
0.04202822
0.02511702
-0.007436844
0.01225939
0.01631372
0.003460866
0.02394259
0.01225228
0.03709837
0.05314467
0.0176749
-0.007383942
-0.01829921
-0.01369451
-0.004949604
0.01599123
-0.01577691
-0.0185755
0.01053341
-0.02063323
-0.0217591
-0.04334059
-0.06186316
-0.02001817
0.01119112
0.03557892
0.009837454
-0.00847078
0.008768577
-0.01014099
-0.01123636
-0.006335509
-0.01737294
-0.03378439
-0.02472376
0.03870873
0.05948687
0.05294693
0.02973437
0.001677575
0.01620439
0.03031326
0.02438508
-0.05573825
-0.0344311
0.0332845
0.004290212
0.005122138
-0.008505358
0.01841081
0.03551797
0.01701618
0.02675064
-0.01318547
-0.03262582
-0.002966616
0.04639357
0.09118622
0.04834469
-0.03907997
-0.04684497
0.008908702
0.03071665
0.02009728
0.02261183
0.03479337
0.0184027
0.00856813
0.0160082
-0.01880926
-0.03342633
-0.006550787
-0.01824093
-0.01467636
0.006458233
-0.01786621
-0.03820351
-0.08488059
-0.07596286
-0.05152437
-0.07551278
-0.01998359
-0.02612646
-0.02143023
-0.0007647851
-0.03613316
0.004528318
0.01449706
-0.01257076
-0.02362916
-0.004402173
0.02970295
0.01736007
-0.008463795
-0.02463112
-0.02489086
-0.01335252
-0.01806839
-0.006601749
0.03700667
0.08136997
0.07116881
0.03931826
0.04433014
0.02326823
0.02194773
0.005739594
0.01192395
0.02737828
-0.03500297
-0.006650301
0.03096231
-0.01062649
-0.0542249
-0.03586563
0.0123313
-0.001694688
-0.02330802
0.00206726
-0.0198922
-0.06201239
-0.001294076
0.01670905
0.002386762
-0.0008613547
-0.01922201
0.01309718
0.01327559
-0.03646173
-0.02749451
0.006588872
-0.004215496
-0.002641055
0.01638111
0.03934956
0.02508816
-0.008364455
-0.02295259
-0.03250342
-0.01017787
0.002970261
0.02502056
0.04642875
-0.01053868
-0.03063395
0.02900285
0.01657687
-0.004741908
0.005459192
-0.02964604
-0.03862646
-0.02073707
-0.002949645
-0.02032187
-0.0563657
-0.03434697
-0.006842028
0.02012279
0.01284559
0.00505809
-0.002749525
-0.04138391
0.02465534
0.056097
0.04277239
0.05246312
0.0169292
0.001370911
-0.02567929
-0.02942956
0.005192575
-0.03159583
-0.05744375
0.01085916
0.01939719
0.01422959
0.02008544
0.009717128
0.04459413
-0.01961461
-0.05230526
-0.02051867
-0.06680147
-0.03143625
0.01157786
-0.02706728
-0.01789833
-0.04480646
-0.0744691
-0.005178007
0.002757559
0.003819465
0.03166977
0.00509756
0.03596531
0.08539289
0.08018446
0.02980202
-3.398881e-05
0.03318934
0.03243604
0.01341942
0.0106162
0.02820726
0.03113503
0.00419505
7.620881e-05
-0.01570833
0.02208282
0.06413709
0.009675156
-0.01614381
-0.01753005
-0.01812124
-0.007230089
-0.0336098
-0.01085964
-0.03066203
-0.06946242
0.007281464
-0.008258202
-0.05090299
-0.06051898
-0.06679051
-0.03134541
-0.02459495
-0.01591725
-0.02881684
-0.03365047
-0.07291022
-0.06636475
-0.008465219
-0.02590294
-0.007987019
-0.01708346
-0.02332488
-0.003655446
0.01316927
0.01233252
-0.03582967
-0.001609485
0.02865505
0.02854175
0.06435324
0.06650436
0.005136948
-0.04142518
0.01462705
0.03203251
0.01378837
0.04957884
0.03552604
0.03702316
0.06316751
0.04906345
0.05099931
0.01611359
-0.03603671
-0.05616816
-0.06995705
-0.02757042
0.05306737
0.03691375
-0.003897856
0.04805437
0.06830407
0.06945414
0.1186329
0.1127581
0.02419356
-0.03907229
-0.04827305
-0.04668508
-0.01649414
0.01605287
-0.01708012
-0.02163123
0.0229176
-0.006513728
-0.01158484
-0.01615561
-0.06997953
-0.02815433
0.01826067
-0.02742522
-0.04533499
-0.03317289
-0.04037515
-0.05022859
-0.1060207
-0.0893833
-0.04583405
-0.1026664
-0.07761653
0.01144194
0.01715991
-0.008815936
0.003957485
0.03080287
0.04190426
0.03555778
0.06714505
0.08484405
0.05410612
0.04147838
-0.003087076
-0.01131066
0.04012999
0.05731866
0.06970473
0.05378345
0.005485374
0.0009739655
-0.006535292
-0.02844305
-0.04652711
-0.03317383
0.03542868
-0.0003870559
-0.06929421
-0.05932652
-0.01907296
0.02694278
-0.02244624
0.005233326
0.08013823
0.01330219
0.03158015
0.09887741
0.02492338
-0.04540118
-0.0260726
-0.001512326
0.002531251
-0.01574673
-0.02065654
-0.03075651
-0.04192762
-0.02280281
-0.007624139
5.967946e-05
-0.004666552
-0.004018909
-0.01290561
-0.02333221
-0.02226675
-0.009413314
0.001910736
-0.00716969
-0.03132184
-0.04023979
-0.0124885
0.02238036
0.06073727
0.04593639
0.03203213
0.06699302
0.05356894
0.01580347
0.03709952
0.06399462
0.03650806
0.03352497
0.06339726
0.06467745
0.001470305
-0.05211129
-0.05393225
-0.05273463
-0.02955204
-0.01196702
-0.04243118
-0.08169576
-0.1069298
-0.1161542
-0.08003129
-0.0358528
0.001035523
-0.04471394
-0.1013655
-0.03893481
0.008619723
0.0003545504
0.01534895
0.02415395
0.003794669
0.06814308
0.06214294
-0.01878771
0.01456103
0.02831167
0.01974023
0.03493849
0.05384867
0.0727081
0.03554432
-0.001385744
0.05888374
0.09527249
0.07142601
0.05199523
0.01244477
0.03926767
0.05351825
-0.01934549
-0.06524959
-0.03070782
8.238017e-05
-0.02473289
-0.004201685
0.00741785
-0.007057437
-0.02734491
-0.06192963
-0.02624569
0.003280264
-0.03133411
-0.05596628
-0.03925908
-0.01185456
-0.01778413
-0.06242302
-0.04939741
-0.006615253
0.00238311
0.05202794
0.04020469
-0.007809154
0.01179416
0.03050084
0.02809944
0.0006841447
-0.005980151
-0.001794354
-0.02801649
-0.03837221
-0.04928855
-0.05941005
-0.02654006
-0.0205795
-0.04408961
-0.007426298
0.04216773
0.03927742
0.008303736
-0.01862215
-0.01819946
-0.005070649
-0.004464058
0.002250646
0.02859487
0.04222391
0.03240938
0.02856032
0.03289929
0.04161274
0.001492306
-0.009852266
0.05594509
0.03623963
0.003736326
0.01441808
-0.002891264
9.15713e-05
-0.008560347
-0.003558545
0.03699102
-0.005127661
-0.02587371
-0.003475297
-0.0006349078
0.01413626
-0.00991314
-0.0007097791
-0.0195993
-0.01966541
0.03169343
-0.01254602
-0.01878133
0.006452319
0.0173181
0.02060778
-0.02020559
-0.01030888
0.0305061
0.03303122
0.03406719
0.03160555
0.01120719
0.008337676
-0.02609192
-0.03356079
0.0282095
0.03035769
-0.01503365
-0.0474955
-0.008720106
0.04547447
-0.01218355
-0.04615463
-0.0313728
-0.01099262
0.0293744
0.0114749
0.03119252
0.02105333
0.002735499
0.01457101
-0.01216949
0.006467332
-0.005762268
-0.01720703
-0.02781568
0.0169462
0.04508789
-0.01842308
-0.04318541
-0.04231235
0.04432941
0.08224004
0.05523501
0.0425367
0.01717323
0.04415179
0.05010421
0.0506418
0.08245439
0.04648645
0.00438988
-0.02213583
-0.06498737
-0.02997369
0.02232506
0.01586799
-0.00178597
0.02650835
0.06328726
0.06217372
0.02733825
-0.00865026
0.005062556
-0.003535778
-0.04442858
-0.05155902
-0.04556515
-0.0672364
-0.08833658
-0.1007284
-0.1199525
-0.1223723
-0.05831656
0.0271447
0.02066793
0.01691357
0.04965497
0.02601663
-0.006350965
-0.01800823
-0.01986609
0.002453752
0.0236419
0.02641425
0.01186157
-0.01615154
-0.03741447
-0.0212743
0.01822795
0.04833908
0.04746122
0.01337085
0.02608511
0.05177076
0.04769107
0.02941683
0.0111934
0.003789078
-0.01146701
0.002899505
0.01683828
0.02510756
-0.03367907
-0.1047251
-0.05393478
-0.01144316
-0.0380076
-0.04585007
-0.01258794
0.01427106
0.003900047
-0.009703666
0.05002042
0.04535048
-0.05198183
-0.06678926
-0.03895177
-0.02165771
-0.001885896
0.01145198
0.005680208
-0.008422622
-0.02666576
-0.003386058
0.03390502
0.009901144
0.001406656
0.00798403
-0.03762776
-0.06014356
-0.02117045
0.01066549
0.0001424015
-0.02576862
0.006331706
0.04159439
-0.001712205
-0.06490416
-0.04264423
0.02365811
0.04647994
0.05432236
0.01917327
0.04243328
0.0553747
-0.02273513
-0.01480177
0.01025326
0.02516226
0.01057115
-0.02129457
0.002659059
-0.003050402
-0.004528363
-0.007872159
-0.008014394
0.02823746
0.01890833
0.003113989
-0.02576342
-0.05188815
-0.004480812
0.01059205
-0.01472634
-0.01592868
-0.03148831
-0.04821114
-0.006881181
0.006111576
-0.02763988
-0.003767522
0.03112854
0.05270707
0.07369442
0.06761872
0.03056389
-0.01074365
0.01035519
0.03728765
-0.007741606
0.04292876
0.1070919
0.03204298
0.02311149
-0.004408582
-0.05698415
-0.03747561
-0.05082231
-0.0224322
0.008171447
0.00664383
-0.009027357
-0.01668381
-0.02834744
-0.04808795
0.007162038
-0.02295793
-0.04286177
0.01441734
0.02687057
0.02719918
-0.02285675
-0.0248438
0.01707878
0.01202345
-0.02690725
-0.04629052
-0.01237302
0.003506358
-0.01427524
-0.02937516
-0.04193607
-0.05889206
-0.06603859
-0.02665574
0.02578079
-0.003013287
-0.009792669
0.01757882
0.007353362
0.03527533
0.0318009
0.009185779
0.01867142
0.01456452
-0.01321028
-0.0110977
0.02456436
-0.003852255
-0.03045474
-0.01943992
0.002241601
0.01988518
0.04245389
0.05213368
0.0306712
0.02564645
0.0204891
0.02109326
0.01080681
0.0171213
0.02131496
-0.008468272
-0.02767745
-0.02744054
-0.03290368
-0.04866626
-0.02204949
0.005495698
-0.0004771077
-0.008612011
0.004983271
0.01674315
0.03592651
0.06961064
0.04418209
0.01052382
0.005121757
-0.004634323
-0.01449257
-0.001815125
0.01349359
0.003553968
0.01710864
0.00935149
-0.0141608
0.00687838
0.02228903
0.02396405
0.03258326
0.04491442
0.04376511
0.02398546
0.0167989
0.02361345
0.007178467
-0.02841709
-0.04235442
-0.02870814
-0.0264418
-0.03204769
-0.02050191
-0.004795657
0.003558639
-0.00947055
-0.02048108
0.007359554
0.03170323
0.01900064
-0.007978411
-0.02638184
-0.01726326
-0.002117886
0.0104579
0.01516169
0.003162364
0.003338302
-0.0004217816
-0.008321974
-0.007473045
-0.009122448
0.01152937
0.01403065
-0.01742503
-0.01418001
0.001312142
0.001508609
-0.00965468
-0.005695728
-0.0006759632
-0.02016018
-0.0122856
-0.02099127
-0.03010516
-0.01259414
-0.02213608
-0.02221542
0.0005573131
0.0178033
0.0249645
0.02046012
-0.002644183
0.00508747
0.02394478
0.004379185
-0.008905388
-0.01423616
-0.006749123
-0.007368548
-0.02720985
-0.02316963
-0.003262394
0.004663321
0.00239178
0.009124313
0.008851502
0.008823313
0.005991019
-0.01636902
-0.01177828
0.003907371
-0.005634744
-0.003430047
0.01368326
0.0001135665
-0.04341601
-0.03904997
-0.004387565
-0.008096873
-0.008176318
-0.00370765
-0.008671441
-0.01461425
-0.0129501
0.005213203
0.002299218
-0.003949605
0.003506689
-0.003037696
-0.004606082
0.003808642
0.005605468
0.01332678
0.01472599
0.008130521
0.001422846
-0.00789542
-0.003294618
0.0005210849
0.00937415
0.02016479
0.01543539
0.01325517
0.003998059
0.01071969
0.02685372
0.02356212
0.01756808
4.112547e-05
-0.005657394
-0.01300766
-0.02278512
-0.01505397
-0.01279864
-0.01714083
-0.03134388
-0.008460137
0.02368337
0.008063412
-0.01145237
-0.01309267
-0.000946308
0.01151636
0.01053916
0.008062874
0.01489666
0.002651697
-0.02269705
-0.01710778
0.001207841
0.001882508
-0.00180738
-0.00158159
0.002610852
0.01338056
0.01222989
0.003482229
-0.002481717
-0.01335055
-0.01279873
0.002090364
0.01371661
0.01253521
0.009181684
0.003227957
-0.008487457
0.005218624
0.00714738
-0.006913429
0.01085112
0.01053648
0.002869257
0.01585142
0.01374204
0.0002523576
0.001303589
0.01266445
-0.001477807
-0.01280591
-0.005534344
-0.009724231
-0.02123592
-0.02917875
-0.01135336
0.0200651
0.02423715
0.0006114381
-0.008116721
0.01187055
0.01242238
0.005275038
0.01135343
0.004879253
-0.005286455
-0.02356918
-0.02547555
-0.01619544
-0.009994931
0.01265383
0.002794337
-0.02172914
-0.0311407
-0.02309477
-0.00925641
-0.01823956
0.001319029
0.02765932
-0.0006164691
-0.01917493
-0.00745785
-0.02388474
-0.04269827
-0.02887087
0.001466201
0.01189869
0.002313916
0.007382304
0.01164537
-0.004628808
-0.002844217
0.01615355
0.01054567
0.01900944
0.04886724
0.05064248
0.01987822
0.004113414
0.02644535
0.03204441
0.003452063
-0.0180639
-0.01963437
-0.004654732
0.009489154
0.0004141129
-0.009130366
-0.008120811
-0.002369503
0.007899246
0.004952445
0.005391055
0.01541503
-0.00284786
-0.02009128
-0.01281043
-0.02072341
-0.02086622
-0.001083663
0.003505124
-0.001583217
-0.001318108
-0.0008184113
-0.01400337
-0.011699
0.01117316
0.01200937
0.004616375
-0.001277669
-0.001828492
0.011132
0.01308979
0.009571695
0.003065813
-0.01153674
-0.005347369
0.008428866
0.004472246
-0.0006571534
-0.0008919271
0.0003008947
0.002666396
0.003369742
0.01011999
0.009732302
-0.001719409
0.005408052
0.009221528
0.008201514
0.01293273
0.0003389244
-0.008920524
0.001082458
0.00863825
0.003631095
0.0014893
-0.001600865
0.004659712
0.01486671
0.009380238
0.01467211
0.01662962
0.01147956
0.01788296
0.01160114
0.0008936278
0.004890361
0.0008824499
-0.004736781
0.003043087
0.005979384
0.006590705
0.007456985
0.0037651
0.005304256
0.006425456
-0.002905532
-0.005842894
-0.006118809
-0.01273735
-0.01289098
-0.01681751
-0.01110775
-0.00497982
-0.01105796
-0.01211909
-0.02278597
-0.02279699
-0.006472039
0.002725216
-0.003475235
-0.01207214
-0.009452198
-0.00928974
-0.008984532
-0.007353738
-0.001011832
0.005381091
0.00784812
0.009815493
0.005032335
0.00522529
0.01277045
0.01527831
0.01051558
0.005202133
0.001295806
-0.001101277
-0.003906298
-0.005151155
0.0003035255
0.001271532
-0.002277884
-0.001401721
-0.002891285
-0.00648149
-0.007695806
-0.004545757
0.004539121
0.004915685
0.002243224
0.002211838
0.0001103842
0.001486226
-0.008823921
-0.01073175
0.0006168562
-0.001168416
-0.002933366
-0.009521557
-0.01319346
-0.00744319
-0.002325081
0.005118026
0.002027528
-0.00246012
6.789285e-05
0.003656435
0.005695028
0.001176833
0.001277911
0.008384466
0.009648091
0.003865473
3.045192e-05
-0.003406861
-0.003163036
-0.001573129
-0.009293268
-0.00726501
0.001473106
0.0002281832
0.003082512
0.005019136
0.000419337
-0.001814717
-0.006088238
-0.003132023
0.005810026
0.00510557
0.005604341
0.01276188
0.01496365
0.007886029
-0.001088408
0.003336196
0.009932953
0.001611261
-0.000989978
0.006432682
0.002750671
-0.00437803
-0.0009119237
0.002737816
0.001054428
-0.00291312
-0.002679493
-0.004964484
-0.01064522
-0.005904448
-0.00357015
-0.002347362
0.0004152528
-0.009099499
-0.01354648
-0.004002847
0.0003607786
-0.003514964
-0.006758547
-0.002649992
0.0001330411
-0.003538782
-0.00115353
0.005096523
0.002781028
-0.006234088
-0.007550442
-0.005052988
-0.004003514
-0.002433977
-0.001506851
-0.003057624
-0.007127111
-0.00569016
-0.00292756
0.005484261
0.0128459
0.005615407
-0.001737565
-0.004318261
-0.005236813
-0.004952114
-0.001230949
-2.843656e-05
-0.0004880921
0.001224283
-0.00210075
-0.001948588
-0.00227564
-0.002317222
0.001291833
-0.0006259725
0.0020857
0.005684616
0.001197181
-0.005798825
-0.004096705
0.002051482
-0.001242874
-0.003242262
-0.002304848
-0.001408205
-0.002571368
-0.006232879
-0.004183973
0.000679355
0.006511507
0.001422524
-0.006786933
-0.001077258
0.001818109
0.003693724
0.002897737
-0.001599887
0.001999039
0.002498086
0.002946116
0.003904069
1.833762e-05
-0.001562878
-0.000778322
-0.000422042
-0.0001065252
-0.003696525
-0.00577744
0.0042763
0.008670816
0.005529536
0.006813799
0.005742569
0.004294023
-0.0002238731
0.0009175465
0.008636303
0.003496489
-0.001827017
0.001659851
0.002658648
-0.0009312764
-0.001043997
0.0007705835
0.003564059
0.009875643
0.009834402
0.007804667
0.006111466
0.006406696
0.006232902
0.006599515
0.006497167
-0.004536632
-0.00493485
-0.004659949
-0.006710083
0.003272499
0.002150451
-0.002917982
-0.002072071
0.0003034443
0.004504291
0.0002415197
-0.003796995
0.001189008
0.001565963
-0.001646524
-0.002809407
0.0002697508
0.0046746
0.0003404779
-0.003901902
-0.00281117
-0.004657189
-0.006544024
-0.004749687
-0.001955999
0.001164019
0.00061308
0.001612086
0.003273963
-0.002834418
-0.002263733
0.0023859
0.0008152896
-0.000408655
-0.0004497344
0.004934073
0.009379852
0.004505421
0.000660818
-0.0001755933
-0.001287348
0.0008232163
0.001414454
-0.001124864
0.0008531599
0.0001391951
-0.004725084
-0.002094484
0.002157572
0.002606096
-0.0008305278
-0.00279877
0.0007394573
0.0007087339
-0.00346209
-0.001106744
0.002645692
-0.002402031
0.0004733782
0.004786692
-0.0001284467
-0.00149501
-0.002973725
-0.003555122
0.0005440118
0.003215585
0.002460911
0.001430908
0.0005436629
0.0001254889
0.001114515
0.003327235
0.0009512571
-0.002413922
0.002970078
0.006488097
0.001838166
0.00274561
0.006110665
0.003367594
0.006110616
0.006018875
0.001195542
0.003132982
0.001705367
0.001654342
0.00456053
0.003010579
0.004815467
0.00499907
0.00219484
0.0009610025
0.003173784
0.003296257
-0.003423675
-0.00198587
-0.002985156
-0.006003503
-0.002057163
-0.005687242
-0.0108878
-0.01136708
-0.006819145
-0.002780979
-0.003719052
-0.001169709
-0.0004965722
-0.004412188
-0.004503927
-0.004524256
-0.001465064
0.0010844
-0.005564071
-0.007063038
-0.000159424
0.001829148
-0.002616684
-0.004492876
-0.004870062
-0.002840752
4.391074e-06
0.0006673275
0.002329612
0.0003515022
-0.0006579006
0.001351048
0.004430739
0.006633481
0.006776447
0.004492464
0.000576879
-0.0007690127
0.001709032
0.004278918
-0.0001668603
-0.002665014
-0.004316817
-0.002736131
0.0007821053
-0.003418921
-0.004703618
-0.007385293
-0.009241059
-0.00552917
-0.001215583
0.001231958
-0.002489789
-0.003896846
0.0008450292
6.008141e-05
-0.003029492
0.001263685
0.002028726
-0.001101598
-8.169626e-05
0.0001224752
-0.00242661
-0.00196757
-0.001161775
-0.001253386
0.005018098
0.006405211
0.002836416
0.003377081
0.003632248
0.002174286
0.001073194
0.002490821
0.00339861
0.00477548
0.003195183
-0.0006387236
-0.0004855683
0.0003202421
0.0007589512
-0.0001483489
0.000106802
0.001432685
0.0004540018
-0.0001575698
-0.001493155
-0.00492935
-0.007560018
-0.005663151
-0.001471871
-0.003307081
-0.00551965
-0.003072112
-0.001297561
0.001680263
0.002577905
-0.0003178235
1.892657e-05
-0.002315937
-0.007363324
-0.003478019
0.001070192
0.0001731297
-0.001172641
-0.001977956
-0.003874393
-0.003262367
0.002060816
0.001632849
-0.0009977689
-0.0009975186
-0.001129821
-0.002761107
-0.003260559
-0.0007518074
-0.00191401
-0.0008940583
6.476448e-05
-0.003789509
-0.003789297
-0.002157489
-0.003085181
-0.002065248
-0.0008209201
-0.001391721
0.0006581718
-0.001666504
-0.002492274
0.001036202
-0.0009213859
0.001872841
0.003545485
0.0003438174
0.001945002
0.003913309
0.003526088
0.001354318
0.003689685
0.007972776
0.007085913
0.006117444
0.005189769
0.004343646
0.005169865
0.003518206
0.0008671706
0.001316064
0.001448856
0.001112576
0.001663459
0.003631739
0.00599773
0.003040799
0.004652175
0.006284001
-0.001149504
-0.0009963467
0.001369642
-0.004075388
-0.007613641
-0.0007711776
0.005061886
-0.0002403696
-0.001382282
0.003400404
0.005582852
0.001881542
-0.001646495
0.001728972
0.001504868
0.001311335
0.002647383
0.001148633
0.001036673
-0.0008393864
-0.0008901861
-0.001114297
-0.001114112
-0.0007467813
-0.0060695
-0.006854497
-0.006874716
-0.004926911
0.003037284
0.004026667
-0.0004802703
-0.00239717
0.001029261
0.0009581094
-0.001193316
-0.0003875549
-0.0008360379
-0.001529251
-0.003007679
-0.001641093
-0.001069849
-0.002425904
-0.0007330152
0.0005520101
0.001215003
0.001429336
9.368403e-05
0.00010404
0.0009505708
0.001113899
0.001481176
-0.0004357181
0.0001558532
0.001084
-0.002372689
-0.002668276
-0.002535551
-0.002413046
-0.001648103
-0.003004179
-0.002759307
-0.0006687632
0.001462609
0.0003818728
0.0002086519
0.0001272402
-0.00353341
-0.003054035
-0.001554911
-0.002227786
-0.002829302
-0.002747623
0.0004850133
0.002555173
0.002810243
0.002922556
-0.0002996102
-0.001737321
-7.507847e-05
0.001332252
0.00101627
-2.373207e-05
-7.461804e-05
0.001536627
0.005258717
0.005136515
0.002556777
-0.001562746
-0.006141202
-0.008568059
-0.008251902
-0.005529192
-0.004285046
-0.002337319
7.951269e-05
0.0008647879
0.001772424
0.003659001
0.001976582
0.001242439
0.003608269
0.003261671
0.002945662
0.0004372612
-0.003498802
-0.002570844
0.001915974
0.002303575
2.965897e-05
0.002252682
0.004057687
0.00116179
-0.001428266
5.034264e-05
0.003782557
0.006546091
0.00495543
0.001926952
-0.0009384226
-0.001387087
0.002651038
0.00220242
0.001182742
0.003548527
0.002273941
0.0005812227
0.004884459
0.008983808
0.005139537
0.0008567792
-0.0004076523
-0.001386539
-0.003762453
-0.006485096
-0.003874651
-0.0009378341
-0.0003565559
-0.0006318425
-0.0009887243
-0.0008561332
-0.002395889
-0.002610023
-0.001804447
-0.001784027
-0.002762926
-0.004496435
-0.004629034
-0.001029455
0.001173179
-0.001192527
-0.002813908
-0.002344859
-0.000958026
-0.001559653
-0.0005909374
0.001642241
0.0004695787
-0.0002544381
-0.0005399675
0.0002451876
0.002784282
0.002733314
0.000704073
0.00139744
0.001835921
0.0005408634
0.00161154
0.004262774
0.008035714
0.009483754
0.00610852
0.002814816
0.002488451
0.002926934
0.0007039404
-0.001070405
0.0006324753
0.0005203092
-0.002416511
-0.003058982
-0.003324147
-0.004588645
-0.002855197
-0.002375961
-0.002314815
-0.0001632446
8.145691e-05
0.001305073
0.0009481504
0.0001323318
0.0007441289
-0.001866366
-0.002202949
0.000172961
-0.001560573
-0.003834607
-0.002029781
-0.002294941
-0.002111462
-4.149139e-05
0.0002338043
0.0009067938
-0.003253678
-0.006578051
-0.002988733
-0.001469386
-0.002856262
-0.001398148
-0.0008373246
-0.003835354
-0.002397657
0.0007328201
0.001038713
-0.0004093325
-0.001184401
0.0008753538
0.001701282
0.0009772428
-0.0003790457
0.001293203
0.001415539
-0.0006443488
-0.000307914
-0.0004711439
0.000956392
-0.0005528342
-0.00220488
0.0001913542
0.002893545
0.004331321
0.002648758
0.00274045
0.00352558
0.001526877
0.001536976
0.004341118
0.005789086
0.002220069
-0.0007372039
-0.0007984549
-0.004958976
-0.003827245
0.0003331542
-0.003368451
-0.004418897
-0.002920008
-0.002308277
0.000679402
0.004115797
0.005808462
0.004401208
0.002942947
0.001525466
0.002983559
0.005471623
0.001504877
0.002004422
0.004115186
0.001341488
0.000464452
0.001259733
0.002462949
-0.0006064592
-0.0004332192
0.003227495
0.002452456
0.001289908
-0.0007699921
-0.0003622124
0.002146217
0.002095187
-0.001341302
-0.005420277
-0.005206257
-0.003472846
-4.668368e-05
0.002002905
-0.001474368
-0.003932007
-0.001005537
0.002339091
0.0002792111
-0.001117888
-3.707646e-05
-0.0004654297
0.0001463061
0.001584041
0.002624079
0.001502334
-0.0006697585
0.003164281
0.003796482
0.0006454584
0.005081127
0.006335385
0.003235405
0.001308048
0.0002678669
3.324852e-05
-0.001037527
-0.0001606596
-0.0007317462
-0.00273049
-0.001639486
-0.000793187
-0.00176197
-0.002078167
-0.002751245
-0.002812531
-0.001405369
-0.003730392
-0.006035058
-0.0035878
-0.003771395
-0.004719811
-0.004271217
-0.005087067
-0.004230582
-0.004679328
-0.004506068
-0.003578183
-0.003048021
-2.972025e-05
0.0009899519
0.0007655501
0.001214178
-0.0001216895
-0.003048345
-0.003996757
-0.003741914
-0.002436762
-9.899619e-06
0.0007956285
0.002345544
0.001172843
6.127064e-05
0.001417442
0.0004588627
9.168864e-05
0.00100938
0.0003771203
-0.0009893729
-0.0002348393
-0.001275004
-0.0001533929
0.002314285
0.0008560571
0.0007234336
-0.0002147535
-0.0004187619
0.001018993
0.0007742309
-0.001591556
-0.002927458
-0.002213723
-0.002387141
-0.001194131
-0.0005415562
-0.0008373237
-0.001122917
0.001212166
0.004597604
0.004638391
0.004566985
0.002802841
0.003496204
0.002517283
-0.0009905973
-0.0002054853
-0.000613405
0.0001411352
-3.223909e-05
-0.001082608
-0.0003280706
1.859771e-05
0.001140253
0.001354371
0.0002938344
-0.0003894124
-0.001551922
-0.001276653
0.000650578
-0.0003589627
-2.101237e-06
-0.0007159231
-0.0006038132
0.001139892
-0.0009199602
0.0004362047
0.002271669
0.002669357
0.002006526
0.001761747
0.003903137
0.003230129
0.002200186
0.002862973
0.002852786
0.0004768369
-0.0003389953
0.003077035
0.002658991
2.80865e-05
0.0009457963
0.001129345
-0.0004002274
-0.001440376
-0.001205874
-0.001991058
-0.003367696
-0.003051619
-0.002888494
-0.001307966
0.00103737
0.0006396874
0.001159715
0.003382686
0.004830692
0.005197819
0.004585998
0.004871515
0.004065976
0.001710438
0.001802196
0.002903501
0.0009864645
-0.0004717471
-0.001776977
-0.003887803
-0.005396999
-0.005713175
-0.001348806
-0.001878992
-0.004581283
-0.001552755
0.0002623576
0.0009251993
0.0003235892
0.0007008961
0.0009252671
-0.00214406
-0.00443842
-0.00480554
-0.005193037
-0.004938128
-0.002133917
-0.001440479
-0.001420082
-0.0005736844
-0.001970687
-0.0007062421
3.81719e-05
0.0005786175
0.003270699
0.002924068
0.001200789
-0.001980712
-0.002449797
-0.00156263
-0.001950113
-0.0008895703
-0.00323489
-0.002531316
-0.00120564
-0.003612158
-0.001644132
7.854372e-06
0.0006095177
0.0008236966
0.0007421286
0.002383925
0.002190222
0.002536949
0.0009462541
-0.001776383
-0.001674412
-0.002296429
-0.0003283808
0.002435109
0.002802257
0.001792782
-8.346413e-05
0.0004875789
0.002588221
0.004739886
0.003791647
0.0005285878
0.0003144573
0.0001921441
-0.001837059
-0.002061392
-0.0005623649
-0.002204042
-0.00534477
-0.003621469
-0.002785235
-0.00542627
-0.004416782
-0.001010898
0.0004575617
-0.001163729
-0.001235118
0.0009267346
-0.0005008109
-0.0009596642
0.001844588
0.002670612
0.003466015
0.005923573
0.007330835
0.006188818
0.0035376
0.003527429
0.005148838
0.003976225
0.002150976
0.002987171
0.003701035
0.001661662
0.0001831059
0.00169231
0.002130842
0.0004585542
0.001172396
0.0004484538
-0.002835
-0.0007241734
0.0005097509
-0.002447393
-0.0009076048
0.001009509
0.002426953
0.003640479
0.001907021
0.001601146
0.001193313
0.0007446706
0.0005815719
-0.001019347
-0.000376903
0.001999074
0.002651755
0.001887024
0.001407801
0.001887112
0.001469093
0.0003678343
0.0006941729
0.001826105
0.003049824
0.003019309
0.000928968
-0.002395288
-0.00314985
-0.002354442
-0.003312927
-0.002741854
-0.002741806
-0.002966118
-0.00333317
-0.00431207
-0.003598234
-0.003516627
-0.002150174
-0.002333667
-0.001517884
0.001235418
-0.001262815
-0.00261902
-0.001150592
-0.0002328118
0.0003790546
0.002479711
0.002734722
-0.001221738
-0.0001714144
0.0006648112
-0.001201228
-0.0009564615
-0.001894562
-0.001527441
-0.001007346
-0.0002017309
-0.0009664569
-0.002771325
-0.00126211
-0.003495248
-0.004372212
-0.0007725766
-0.0005583838
-0.001251755
-0.001914538
-0.002077665
-0.00156778
-0.001486171
-0.0003032778
0.0006247091
0.0007267047
0.0012468
0.001104071
0.001114288
0.003133348
0.005111646
0.005958058
0.003867686
0.002837806
0.003806579
0.001389894
0.0005129371
0.000951445
0.001012651
0.001828457
0.001033101
0.0008903662
0.001267694
-0.0001802564
-0.001526275
-0.0007512677
-0.0007206582
-0.002576518
-0.00344328
-0.003331086
-0.003657395
-0.002698871
-0.0008021753
-0.0002922936
0.0007988321
-0.0009346445
-0.001628081
0.001135383
-0.002280647
0.0002584023
0.007325111
-0.0006592136
-0.005166404
0.003337999
0.003480833
-6.625075e-06
0.006223856
0.007712724
0.002379607
0.00288946
0.004113144
0.004959535
0.001716873
-0.001219942
0.002359262
0.0009928922
-0.001077153
-0.00181134
-0.001311691
-0.001801118
-0.005410935
-0.004676765
-0.004595199
-0.005451772
-0.004829748
-0.004013982
-0.004156749
-0.003626531
-0.0004552099
-0.0005673576
-0.001699277
0.0003809212
0.0006562625
-3.716746e-05
0.003174938
0.00263451
0.0008805716
0.003786745
0.003572629
0.002920019
0.001890092
0.0006970046
0.001635136
0.0007479977
-0.000404309
-0.001536205
-0.002555959
-0.002474409
-0.00137313
-0.002311261
-0.004269153
-0.003076143
-0.001036726
-0.000720611
-0.00240316
-0.00305581
-0.003769637
-0.004432508
-0.002250354
-0.0007003955
-0.002005649
-0.00144486
0.0005231819
-6.827755e-05
0.002083285
0.00239941
-0.0009860738
-0.001261445
-0.0009555633
-0.0004763306
-0.000527347
-0.0005987743
-0.0004968347
-8.898264e-05
0.0008899198
0.000594169
0.0007267005
-0.0003236323
-0.001200639
-0.00156778
-0.001455656
5.347692e-05
0.0007672417
0.001470821
0.0003491151
-0.001037747
-0.001058197
-0.0004974119
0.0002163557
-0.0005892669
-0.0002834009
0.0007872669
-0.0001407152
-0.0004365056
0.001296967
0.002571578
0.001500841
-0.0001511575
0.001388551
0.003713466
0.002969049
0.001062156
0.0003686902
0.0002462691
-0.0006817322
-0.0009163394
0.000470418
0.0003888041
-0.0003862492
-0.000161948
-0.0016202
-0.001793639
0.0006740314
0.0007351698
0.0002150577
0.0001640175
-0.0007232061
0.0003678224
0.001010213
-9.114432e-05
0.0003880533
0.001377134
0.0002044225
-0.001651535
-0.0004483626
0.000143021
-0.000764598
0.0001734734
-0.0001732779
-0.0004792757
0.00136635
0.001763989
0.0005708643
9.152101e-05
0.0006217023
0.002610091
0.001100868
-0.0009182499
0.001416817
0.002079578
0.002018339
0.001090349
-0.0004087009
-0.001091983
-0.001194032
-0.0003987137
-0.001510274
-0.002030395
-0.002468945
-0.002785154
-0.001969454
-0.00204091
-0.001194608
-0.000817391
0.001089405
0.002384406
-0.0004402654
-0.001449883
5.922084e-05
-0.0002263436
-0.002041516
-0.001225843
0.001027662
0.002455199
0.001884112
-0.0001553939
-9.430447e-05
0.001924641
0.00349495
0.003454108
0.004371786
0.004106619
0.001638828
0.001414399
0.001720241
0.002158666
0.002352352
-0.0001460104
-0.002012191
-0.0006866585
0.000944831
-0.001339383
-0.002889478
0.0003327227
0.000934309
0.0005671212
0.002188412
0.002259739
0.002769539
0.001974125
-4.499721e-05
0.0005157391
0.001820916
0.001147843
0.001147759
0.00211642
0.001290369
0.00213664
0.002544466
0.002534209
0.003054203
0.001881476
0.002197517
0.001850747
0.002125984
0.002493044
0.001656815
-4.616746e-05
-0.002585348
-0.002259129
-0.001902304
-0.001474088
-0.001311007
-0.001800546
-0.001596685
-0.0001385705
0.002145551
8.56936e-05
-0.002116987
-0.001413453
-0.001382937
0.0003505057
0.0003708824
-0.001648234
-0.000577618
-5.761919e-05
0.0002074487
0.0002991702
-0.001189686
-0.001424299
-0.0005780053
0.0008087374
0.0006047473
-0.0002926712
0.0003598765
0.0005535688
0.001573216
0.003480046
0.002807013
0.001002061
2.306526e-05
-0.001190434
-0.002801661
-0.003291203
-0.002210366
-0.003403462
-0.004749581
-0.004555924
-0.004596782
-0.002394264
-0.001058468
-0.0004059182
0.0007667126
0.0006952955
0.001541617
0.001714927
0.001378373
0.0008378736
0.000695044
0.001439414
-0.0008141936
-0.002129684
-0.003282028
-0.003883751
0.002061141
0.003366396
-0.0005493386
-0.002048374
-0.003629003
-0.00125315
0.001245144
-0.001039043
-0.002099611
-0.0009269852
-0.0006516975
-3.991766e-05
0.0008472011
0.0008267742
0.0002557034
0.0001638838
0.002080921
0.001540467
0.0002453763
0.0009183364
0.001387388
0.001091641
0.00121396
0.003294162
0.002203059
0.0009181847
0.0008875691
-0.001406814
-0.001998307
-0.001141795
0.0004081432
-0.000366836
-0.0007339764
0.001081119
-0.0006829917
-0.002080034
-0.002885649
-0.003201787
-0.003364976
-0.002222926
-0.0006627403
-0.002457455
-0.001549947
-0.001621336
-0.002579888
-0.002304571
-0.002651307
-0.001437868
-0.001407269
-0.001478673
-0.001386898
-0.002141497
-0.002834946
-0.001611314
-0.0003060605
-0.001305395
-0.0002652939
0.0006524576
0.0001425986
0.0007238244
0.0006626339
0.001233668
0.00294681
0.003160966
0.002131054
0.002243225
0.001814967
0.0001222464
0.0006218723
0.001947517
0.001682433
-1.0272e-05
-0.0003060059
0.0004995878
-0.0007648512
0.0002956457
0.001101256
-0.0002039626
-7.138102e-05
-0.001774274
-0.002559475
-0.001447986
-0.000305874
-0.001019628
-0.001692651
7.148681e-05
-0.001539628
-0.002681711
-0.0008054091
-0.000428072
-0.001825052
-0.002243147
-0.001590501
-0.001600672
-0.0005605298
-0.0005197072
-0.001926886
-0.002253181
-0.0014068
-0.0002646973
0.0008672368
0.001091618
0.001744284
0.002651891
0.001438468
0.002366443
0.002631651
1.101863e-05
0.0005106735
0.002458382
0.001816043
0.0002763208
-0.0001009463
0.0005007305
0.0005721659
0.0004396515
0.0008067923
0.0003275921
-0.0006410978
-0.002384767
-0.002996553
-0.002394879
-0.001976732
-0.00138525
-0.001711511
-0.0008956946
0.0002872463
-0.0001409723
-0.0004366347
0.001307128
0.002408518
-0.0005485924
-0.0003752185
0.002826764
0.002418979
0.0009914467
0.000400063
0.000573481
5.349483e-05
0.000277879
0.00199108
0.00335757
0.003418855
0.0002986187
-0.00100658
0.001349024
0.002205673
0.001022888
0.0002479803
0.0007782962
0.001604352
0.001084383
0.0006969497
0.0019003
0.001818815
0.00152317
0.001788393
0.0008809291
0.001360259
0.002685983
0.001645972
0.0007894967
0.001737899
0.003491888
0.004532116
0.003420746
0.002482709
0.001901562
0.001524342
0.001891547
0.0009025182
-0.001667071
-0.001616025
-0.001238626
-0.002676345
-0.001860504
-0.0003512315
0.001198849
0.0005667598
-0.001299229
-0.00226788
-0.00252273
-0.000299647
-0.0004116829
-0.001003036
-0.002257169
-0.005540589
-0.003072817
0.0003841467
-2.362932e-05
-0.000737332
0.0002416772
0.002556535
0.002199758
0.001169949
0.00204702
0.001445507
0.002842595
0.005228878
0.003220183
0.00181306
0.002404604
0.002465899
0.000110484
-0.002255178
-0.0007051285
0.001283431
0.00111022
-0.0005722004
-0.000602684
-0.0006943394
-0.002162622
-0.001815822
-0.0008367713
-0.001193538
-0.004211767
-0.004354456
-0.003161281
-0.004721345
-0.002794008
-0.001661997
-0.002436871
-0.001845329
-0.001182403
-0.0001013845
0.0001536585
0.0008777775
0.0006025817
-0.0001213053
-0.0009165516
-0.002405245
-0.0007430215
0.0002666273
0.0002565372
0.0001852846
-0.0008853149
0.0004098182
0.001307285
0.001185036
0.002062097
0.003306278
0.003479772
0.002021708
0.002154365
0.00299065
0.002073028
0.001461323
0.002746289
0.003541781
0.001410698
-6.60162e-06
0.000381002
2.420189e-05
0.0008196794
0.001482624
0.0008811122
0.0009627781
0.0001777233
-0.001147794
-0.0007092129
-0.0001584528
-0.0009231286
-0.0005763287
-0.0003212815
-0.001636612
-0.001871047
-0.0002088079
0.0006988574
6.673377e-05
0.0007296592
0.0006176065
-0.0006059516
-0.0001775567
-0.0006159077
-0.001411202
-0.0003710072
-0.0002179312
-0.0001668497
0.0008529717
0.0006185468
-0.000513233
-0.0006456848
0.000159996
-0.0005333086
-0.00104309
-0.0007370808
-0.0005636293
-0.0003493922
-0.001450587
-0.0008692575
0.0002423382
-0.0005937317
-0.0006344409
-0.000807687
-0.0004812917
0.0002937866
0.0002632951
0.0003959534
0.000355265
-0.0002666789
4.950188e-05
0.001650547
0.002007564
0.001273484
0.0004781877
0.0005700401
-0.0002558413
-0.0003067559
0.0008252241
-0.0007960098
-0.001519951
-0.0008876636
-0.0001635736
-0.0007549031
-0.002019291
-0.001091295
-3.072104e-05
0.001040062
3.063954e-05
-0.001845563
-0.001172474
-0.002498027
-0.002497991
-0.00039728
-0.001763632
-0.002059303
-0.001926669
-0.002232535
-0.001957129
-0.001967272
-0.000988279
-0.001283934
1.115489e-05
0.001765139
0.00174482
0.002346519
0.001734756
0.001857192
0.001327011
0.001347442
0.002397826
0.001867638
0.002469337
0.001174358
0.0009908367
0.0005422433
-0.0009363171
0.0008686026
0.001521275
0.001633518
0.000715835
0.001327698
0.001195194
-0.0006198624
0.0002061331
0.0005936862
0.0005733498
-0.001027535
-0.00139462
-0.002220539
-0.003780681
-0.002597783
-0.003189178
-0.00402532
-0.004494376
-0.005187759
-0.005412093
-0.004861447
-0.00432095
-0.005513987
-0.005055122
-0.004779791
-0.003790661
-0.002791301
-0.003382737
-0.001618622
-0.001516593
-0.001730737
-0.00130243
-0.0007823664
-0.0002724775
-0.0003336643
0.001216326
0.0002680151
-0.0005477588
0.0002985919
0.002144289
0.003806458
0.002613417
0.002776576
0.002572669
0.002062808
0.002572666
0.002174977
0.002266755
0.0024707
0.002307546
0.002144379
0.002001614
0.002266737
0.00222595
0.001308199
0.001573319
0.001563134
-0.0004559227
-0.0004865684
0.002154496
0.00265418
0.0004821725
-0.0003234215
-0.0003132533
0.0002475652
0.0007268211
-0.0001807394
-0.0004459027
-0.0006600762
5.36939e-05
0.0006757046
0.001093763
0.001267102
0.0003187411
0.001246655
0.0009305349
-0.000537882
-4.845911e-05
0.0005225592
-0.0004360028
-0.0008949231
-0.0006400294
-0.0009867733
-7.927595e-05
0.000369362
0.0003693175
0.0007363807
0.001439957
0.001460323
0.001205346
0.001470443
0.0004302973
0.0003894515
0.0005423643
0.0005015356
0.001113326
0.0001649504
-0.0005081305
-0.000141083
-0.0008651374
5.254341e-05
0.001653463
0.0005521398
-0.0006205936
-0.0004167117
-4.966849e-05
-0.001813819
-0.002456337
-0.0003965841
0.0001846236
-0.000141744
-9.081583e-05
-0.0002336296
0.0001741853
0.001173444
0.001489504
0.002223639
0.001754525
0.0006735739
0.0003369921
-0.0007745679
-9.143922e-05
0.0004591648
-0.001366186
-0.001723187
-0.0002038724
-0.001213443
-0.001784576
-0.0001123184
-0.0003061185
-0.001376888
-0.002253934
-0.0008774175
-0.0003574122
-0.00177491
-6.187526e-05
0.0008252223
-0.0001027914
0.0001214564
0.0008351784
0.002068946
0.003374129
0.002507349
0.000100744
-0.0008884778
-0.001887894
-0.00161268
-0.0004298763
-0.002051304
-0.002102409
0.0006711347
0.0004263596
-0.0005526687
-2.11926e-06
0.001007302
0.002414471
-0.001317735
-0.004152686
-0.002562056
0.001241368
0.006808971
0.005177411
0.0008231494
-0.001073643
-0.0004109398
0.001689599
0.0005984317
-3.300124e-06
0.0002923367
-0.0003093739
-0.002899536
-0.003980595
7.775611e-05
0.001556308
-0.001400946
-0.002278019
-0.001095258
-0.001380864
-0.001095467
0.001790247
0.002218466
0.001055901
0.001912378
0.001861304
0.001891804
0.000831224
-0.0003313687
0.001606002
-0.0002193487
-0.003553959
-0.000882441
0.002880236
0.002543679
-0.000321827
0.0007997334
0.002533186
0.0002999303
0.0004017819
0.0003812996
0.0005545472
0.0009317536
0.0003198029
0.003113737
0.002665039
-0.001250749
-0.002525531
-0.00194441
-0.0004353342
-0.000802517
-0.001730576
0.0002067806
0.000196522
-0.001832806
-0.001945096
-0.001588309
0.0002164912
0.0005937337
-0.001986249
-0.002271896
-0.001996688
-0.001242211
0.0001955181
-0.001160788
-0.0008549921
-0.000222852
-0.002027852
-0.0007227456
0.0005212269
0.0005925039
0.001867067
0.001428503
0.001877075
0.002702959
0.003080163
0.003222854
0.002294834
0.001948039
0.001417688
0.001468589
-0.0002752146
-0.001641761
0.0004791417
0.001600762
0.001050035
0.0002647619
1.991788e-05
0.0006214525
0.001498332
0.0005703301
0.0002744962
0.000743507
-0.001499957
-0.001867189
-0.0002969188
-0.001296309
-0.002683237
-0.001918573
-0.0002157319
-0.0003381491
-0.001704666
-0.001143945
8.249208e-06
-7.339455e-05
-0.001368522
-0.001613367
0.0003240065
0.0005075026
-0.001532021
-0.001746278
-0.0003901495
0.000690668
0.0005274538
-0.001359103
-0.001542767
-0.0006965163
0.0002721294
0.0008533032
0.0003229752
0.0005472224
0.001556655
0.002504935
0.00126082
0.0005673258
0.0002307327
-0.001258142
-0.0009115209
-0.000371154
-0.0005445853
-0.001340046
-0.001289146
0.0004035004
-0.0003001742
-0.001197608
-0.000555265
-0.0007898788
-0.00106528
-0.001983103
-0.002217721
-0.001157301
-0.0004741644
-0.0004334506
-0.0004641146
-0.0008924713
-0.0008007768
0.0008306917
0.0003819496
0.0005450203
0.001442308
0.001350457
0.00241089
0.001666434
0.002176215
0.002624832
0.001411298
0.002216802
0.002053594
0.00090125
0.0004015054
0.001961603
0.001574057
-0.001240424
-0.00131189
-0.0008632794
-0.000985715
-0.001261106
-0.0009042743
-0.001077688
-0.0006596755
0.0004517543
-0.0001907234
-0.0006598565
-0.0008944605
-0.0005886097
-0.001190297
-0.001628845
-0.0005480141
0.0005226303
0.0007367232
-0.0003646284
-0.0005686392
-0.0003953497
0.0003999709
0.0007568287
-0.0008237863
-0.001231747
0.0002977663
-0.0001611356
-0.002180246
-0.001374746
-0.0007731478
-0.001762332
-0.001334107
0.0003381657
0.0003483182
0.0005012162
0.0008376801
-0.0004880086
0.001469788
0.00229572
0.0009088588
0.001367678
0.0009189536
0.001775458
0.002428047
0.001428683
0.00106153
0.002203559
0.003121273
0.0008064866
0.0002455802
0.0009185534
0.0002760865
0.0009388554
0.0007246778
-0.0001421213
-0.0002033522
-0.0008152243
-0.0002034518
0.001071162
2.082643e-05
-0.0007542066
-0.0003055726
0.0001736525
0.0007650567
-0.0002648912
-0.0007340099
0.0003468544
-0.0009584179
-0.0002344812
0.002671687
0.001621363
0.0009177179
0.001906808
0.001366337
-0.0002856405
0.00094817
0.002610296
0.0006830015
0.001009266
0.00206975
0.001233562
0.001172343
0.000703259
-0.0007549722
-0.000377723
0.001386365
-5.143562e-05
-0.00145869
-0.0005817665
-0.0008367216
-0.001173254
-0.001295657
-0.001683172
-0.002203246
-0.001907558
-0.001234566
-0.002040159
-0.002397087
-0.002274749
-0.001734327
-0.001255078
-0.001469236
-0.001917934
-0.001591648
-0.0009696379
-0.002070953
-0.0004700413
0.001599984
0.001192094
0.001049313
0.001161472
0.001283827
0.0006312005
0.0007127589
7.033394e-05
-0.00121453
-0.0006027241
0.000396589
0.0005801366
0.000100863
-0.0004497917
-0.001010649
-0.001642887
-0.001846857
-0.001051493
-0.0003784794
-0.001112675
-0.001418604
-0.001255454
-0.001561378
-0.001683749
-0.002540326
-0.002764679
-0.00202029
-0.001541031
-0.001592015
-0.000980202
-0.0001542208
-0.001622611
-0.001571644
-0.0003581828
-0.0009496077
-0.0006946861
0.0002434573
0.0003658267
-0.0002357977
-0.001286102
-0.00173479
-0.001122972
0.000518774
0.002099352
0.0005698107
-0.001683764
-0.002785069
-0.002346618
0.0002332675
0.002507249
0.003659553
0.0009471458
-0.00164294
-0.001897867
-0.003192906
-0.003039958
-0.002295565
-0.001398219
0.001487594
0.00224222
-0.0006945404
-0.0008679069
0.0004373463
0.0001620365
4.987969e-05
0.0007330915
0.002364665
0.001151231
0.0003660538
0.001406177
0.001253245
0.001028925
0.000325338
0.000743427
0.001783559
0.002415817
0.0001011032
-0.001775181
-0.0008982142
-0.001336684
-3.143555e-05
0.0006008048
0.0021202
0.003241933
0.0009476015
0.001661406
0.002232484
0.0005397816
0.001151619
0.003802913
0.002671076
0.001243487
0.001936918
0.002212271
0.002528425
-2.082397e-05
-0.0001839834
0.001457792
0.001223289
0.001641404
0.001651637
0.001396745
0.0009480994
0.0004484796
-0.0005508167
-0.001040257
-0.0008158912
-0.001244138
-0.001702987
-0.001182921
-8.159105e-05
0.0001631749
0.0004589325
0.00199874
0.003069484
0.0005304359
-0.001029705
0.0002245779
-5.070606e-05
0.0008058817
0.002192745
0.001550371
0.0008875903
0.0002044225
0.0004083965
0.00106106
0.0007551863
0.0006226698
-0.0002440495
0.0003678114
0.002121771
0.0008573783
0.0001232152
0.001010412
0.001132826
0.0005822259
0.0006128575
0.0008066618
-0.0009370083
-0.001579391
-0.001599747
-0.002078975
0.0001032462
0.001163824
-0.0008959513
-0.0005798025
0.0003074107
-0.001395469
-0.0004776818
-2.894743e-05
-0.002129516
-0.001109767
0.0001343483
-0.001864235
-0.003251019
-0.0002224235
0.000766777
-0.001191026
-0.0007117213
1.233257e-05
-0.0004362831
-0.001078655
0.0003184106
-0.0002423785
0.0007365959
0.002286643
-0.001098761
0.0009712883
0.002205252
-0.003994572
-0.0008742444
0.002134026
-0.002607605
0.001512076
-0.0008433514
-0.003117342
0.003643463
-0.001200071
-0.003198713
0.0004825383
-0.001495652
0.0002073212
0.0007274579
-0.002739526
-0.0004247414
0.00167596
-0.001097595
-0.002045887
-0.0001491615
-0.0001592878
3.450588e-05
0.001523367
0.0007178752
-0.001821156
-0.001841509
-4.674352e-05
-0.0006177196
0.0006569898
0.0002083984
-0.001667828
-9.741173e-05
-0.0001993068
-0.0005357506
-0.0006784383
-0.000902719
-7.666937e-05
-0.002534098
-0.005756376
-0.002941948
0.002228098
0.0008923849
-0.003910405
-0.004093931
-0.001299865
0.002442581
0.0005766293
-0.004460732
-0.002778185
-0.0007692627
-0.000371503
-0.001289176
7.72828e-05
0.001892479
-0.0002692425
-0.0004629406
0.0003732792
0.002728903
0.001464559
-0.0002077216
0.0005775221
-0.001043766
0.0007611646
0.002933256
0.003963244
0.003402498
0.001067408
0.00333123
0.004361247
0.002485033
0.003994284
0.003341777
0.001975421
0.002169222
0.001088384
0.002393679
0.003648017
0.001720838
-0.0006958377
0.001435423
0.002292078
0.0008747322
0.001109341
0.0009054672
0.0008239732
-0.0003282468
-1.206386e-05
-0.0009297448
-0.0003484488
1.872822e-05
-0.0007052027
-2.191968e-05
-0.001612611
0.0001107582
0.00125293
0.0002944818
-0.002621835
-0.002152734
0.001314391
-0.001020672
-0.001663049
-0.0008064191
-0.0007553633
-0.0003270128
-0.002142031
-0.003630766
-0.001193584
-0.00104054
-0.002406899
-0.002355852
-0.002651515
-0.001560365
-0.0006731438
-0.0001224262
-0.0001733487
0.001427674
0.002059987
0.0004998983
-0.0006115337
1.054232e-05
0.002213206
0.001805412
-0.0005704567
-0.0002237155
0.001673035
-0.0006212442
-0.001855066
0.0005923116
0.0002355015
-0.0008045606
0.000245809
0.0002458758
0.001133095
6.247126e-05
-0.00101838
0.0007050035
-0.0001718798
-1.88679e-05
-0.0009773252
-0.002037788
-0.000548952
0.0004912256
-0.0001409218
-0.001619468
0.001225591
-0.0006403937
-0.002373889
0.0005323677
-0.001088912
0.0008689877
-0.001078579
-0.002179865
0.002419115
0.0009814049
0.0003900202
0.0001963301
0.001328268
0.0009408716
-0.002842239
0.0003188923
0.001614043
-0.002689119
-0.0003437545
1.323981e-05
-0.002556408
-0.0005169441
-0.0001293909
0.0006354524
-0.0004555808
-0.0006595073
0.003042112
0.003572463
-0.0003533774
-0.001862569
0.003898881
0.002145096
-0.003371562
0.0004217762
0.003001739
0.001961699
0.001156171
0.001411147
0.0001161655
0.0001773713
0.0005343338
-0.0008830544
0.002002776
0.002471913
0.002431161
0.004572611
0.004338169
0.001941898
-0.001066216
-0.003207629
-0.002524437
0.002931038
0.008243864
0.009804146
0.003991963
-0.00629705
-0.00453301
0.001881104
-0.006653858
-0.01435274
-0.003870109
0.009416903
-0.001361342
-0.01924724
-0.005083521
0.01343469
0.003360023
-0.009253869
-0.006551711
0.004746781
0.00994742
0.006174585
-0.003441301
-0.006918583
0.004328876
0.006348016
0.005154982
0.003503121
-0.005776273
-0.005776332
-0.001167193
-0.003879591
-0.003267801
0.004278136
0.003554218
0.001178299
0.001178335
-0.0008406854
0.001045791
-0.0006264902
-0.006347113
0.002045126
0.009183233
-0.0008201085
-0.007489076
-0.006601976
-0.0006162608
0.002534732
2.625377e-05
0.001871955
0.001341753
-0.003277549
-0.003032843
-0.001635818
-0.002839072
-0.002828861
-0.003970953
-0.000687478
0.002188154
0.0003526819
0.001984236
-6.535542e-05
-0.001176869
-0.0001265586
0.002239166
0.005186212
0.002014935
-0.001737614
-0.004439915
0.0008727861
0.0009238396
-0.004409311
0.0006790606
0.0004241638
-0.003858655
-0.0007893386
0.002626745
-0.002614579
-0.005398463
0.0005770575
0.00264711
-0.0005853768
-0.000605811
0.001810923
0.003095744
0.007266423
0.00677703
-0.0009830239
-0.003899452
-0.001289026
0.0009033663
0.0006688489
-0.003318241
-0.004378827
0.003044658
0.008418641
0.001994515
-0.006071499
-0.004715359
-0.001544034
-0.004654164
-0.005215097
0.0009643711
-0.001156597
-0.003502002
-0.00014715
0.001015303
0.00346263
0.0004952664
5.674193e-05
0.003105684
0.001015266
0.001025423
0.003737864
0.002381673
-0.003389971
0.0004134728
0.005053236
-0.0004736033
-0.0008917688
0.002106186
0.001178242
-0.000769427
-0.002319442
-0.00161588
-0.00185044
-0.002197197
0.0006171847
0.003360214
0.003533591
-5.580592e-05
-0.002635757
-0.001524333
-0.0002395149
0.0006374238
0.001555142
0.002309706
0.001881415
3.570668e-05
-0.000453801
0.0002293707
0.0004230872
0.002962155
0.00209539
-0.001901931
-0.0008618649
-0.001820413
-0.003523391
-0.003105362
-0.001616624
-0.000413372
-0.003839653
-0.001473988
0.002298962
-0.000331919
-0.00215727
-7.711971e-05
0.003542863
0.001360673
-0.0004340857
0.00186025
0.000453022
0.0003815886
0.0006059215
-0.004615067
-0.004105332
0.0001162472
-0.000108097
-0.00042425
0.000575033
0.00166609
6.509313e-05
0.002757054
0.007019489
0.004663955
0.002522509
-0.0008425807
-0.001750203
-0.002637388
-0.00646142
-0.0005267943
0.005193855
0.001910384
-0.0004044516
0.001634933
0.001451371
-0.0004759444
0.001339095
0.0001052457
-0.003626994
-0.001903746
-0.002393224
-0.004086043
-0.001312473
-0.001567439
-0.00108823
-0.0001909233
0.0007165885
0.001012266
0.001440489
0.003867389
0.001695361
0.002572246
0.00315345
0.004723758
0.006967162
-0.002240846
-0.01004179
-0.008869257
-0.00216981
0.003520235
-0.005596013
-0.00977706
0.002255523
0.004040071
0.001286793
1.211832e-05
-0.000773133
-0.001915247
-0.003506105
0.002724277
0.006007781
0.006833777
-0.00236406
-0.008553916
0.000572442
0.001765525
0.002112173
0.001836845
-9.048753e-05
0.00324394
-1.91585e-05
-0.00592339
-0.00412882
0.002295318
0.004905804
0.002254531
0.003314988
0.00236667
-0.005250683
-0.006168563
-0.00155953
0.00115289
0.001234452
-0.001406637
-0.003130057
0.0004898327
0.005160133
0.003538784
0.002304881
0.0005815151
0.0004284529
0.004374731
0.001611305
-0.0001222953
0.0009177656
-4.081235e-05
0.0007443058
0.001264322
0.001753739
0.0006218417
-0.001662402
-0.000336848
0.001671958
0.00148836
0.0009070786
0.0006419056
0.0006826439
0.00133521
0.001172012
0.001039404
0.001345274
0.0002745186
0.001997787
0.001610293
-0.003131449
-0.002601282
-0.0004803199
-0.0005721327
0.0006514729
0.001732342
-0.0003071284
-0.002142679
0.0003249703
0.0008144055
-0.0009497586
0.000406401
0.0005797257
-0.001480158
0.0001513098
0.003761084
0.003098252
0.001283138
-0.001929018
-0.003570848
-0.0001752473
0.001670405
0.001109533
-9.378431e-05
0.00119101
0.001190984
0.0001610231
0.000446497
-7.3596e-05
-0.001705168
-0.003765073
-0.001246444
-0.001226066
-0.00225604
-0.001481109
-0.001685104
0.0007009879
0.001516736
0.001384141
0.0003541932
-1.296336e-05
0.0008537609
4.814649e-05
-0.0002986103
0.0007414477
0.001628586
-0.000971715
-0.001614211
-0.0003090223
-0.0001662962
-0.0004518552
-0.001593991
-6.44597e-05
0.0005575389
0.0003739528
0.0006798335
-0.0007580131
-0.0004521516
4.747537e-05
0.000312563
0.000312534
-0.00107432
-0.0002993851
-1.389238e-05
-0.001013259
-0.0009215281
-0.000625845
-0.001849535
-0.003103835
-0.001788458
-0.001380606
-8.560808e-05
0.0001489117
-0.001278739
8.763829e-05
-0.0005242111
-0.00236994
-0.001676597
3.648942e-05
-0.0004020102
-0.0006060037
0.0006991845
0.001749482
0.002779377
0.001514906
0.0001586504
-9.632336e-05
0.0007092135
0.001035506
-0.001269066
-0.002227665
-0.0018912
-0.002186956
-0.001901476
-0.002227818
-0.002452208
-0.001809827
-0.001452971
-0.0002599424
0.0009738781
0.001911996
0.001922189
0.001004421
0.0007698491
0.0006474511
0.0003721007
0.0005658154
0.0004230324
-0.0005865248
-3.590914e-05
-0.0004438088
-0.002156987
-0.0005051205
0.002135925
0.002013571
0.0007491017
0.001167146
0.0005349038
-0.0005256418
0.0001065511
2.494555e-05
0.0003614178
0.0003002119
-0.0001484931
0.0005550825
0.0003205263
-1.600639e-05
-0.0006074606
-0.001158153
0.0002184257
0.000381566
0.0004937056
0.0009219691
-0.00037309
-0.000770814
-0.000383356
-0.0001794378
-0.0009544423
-0.0005771879
0.0004119162
-0.0003528872
0.0003200982
0.0006259951
6.511537e-05
0.0008298822
0.0004627708
0.0002282034
0.00115612
0.0004321106
-0.0002715186
0.0001159453
0.0003810452
0.0004829968
0.0002790222
0.001155957
0.001145755
0.000248372
0.001359837
0.001125304
-9.838982e-05
0.0007785287
0.001686071
0.001308774
0.00083969
0.001176173
0.001033404
2.385876e-05
0.0007274216
0.002226405
0.0005031012
-0.00135283
0.0004418332
0.001104658
-0.0005574948
-0.0002006281
0.0001868642
-0.001618054
-0.001995394
-0.001067478
-0.0007105995
-3.759533e-05
-0.0002517384
-0.0009451693
-0.0005373133
0.000186671
0.0005027753
0.0002274373
0.0005333339
0.0002682003
0.0003599531
0.00165499
0.000339563
-0.000211123
0.001012527
0.0003599129
-0.0008637656
-0.0006190601
0.0005128188
-7.861959e-05
-0.0009555963
-9.90465e-05
-0.0004763389
-0.001139182
-0.0007517001
-0.00181222
-0.0005682152
0.001389657
0.0001354156
0.0004718875
0.002032058
0.001491629
0.0009511656
0.001501795
0.001175495
0.0002169552
-0.0009047512
-0.0006702441
0.0002067177
0.0003800681
0.0005330252
-0.0007824154
-0.001149539
6.392308e-05
8.433012e-05
-0.001129137
-0.0009354217
0.0007675044
3.333695e-05
-0.00174098
-0.001883756
-0.001802189
-0.002097921
-0.001343355
-0.0002726526
-0.0004561921
-0.0004358025
-2.791262e-05
-4.8303e-05
-0.0002012558
-0.000680526
-0.0003644302
-0.0005173758
-0.001108829
-0.0004766113
-0.001251587
-0.001180214
-7.530642e-06
-0.0007315311
-0.001037452
-8.912326e-05
4.344113e-05
-0.0004562164
-0.0002726602
-0.0003236262
-0.0006601272
-0.0008640707
-0.0008640643
-0.001037416
-0.0006091334
0.0005329562
0.0001556707
-0.0004357617
-0.0005173348
4.351174e-05
0.0005839719
-5.843648e-05
-0.0005275049
0.0002474764
0.0008389261
0.0001149416
-0.0002623455
-0.0005478686
0.0002475144
4.358793e-05
-0.0007212029
0.0003087146
0.0001761722
0.0004718995
0.0003699443
0.0002781745
0.0009104095
6.406036e-05
1.308217e-05
0.0001354621
-0.000537536
-0.0003539809
0.0006759453
0.001145031
0.0006759873
0.0006046201
0.0003395169
-7.855216e-05
0.0006454499
0.0008902004
0.000431347
7.446207e-05
-0.0004149897
0.000390589
0.0009616539
0.001002457
0.001634699
0.0006863917
8.477026e-05
0.0004314931
3.231774e-06
0.0002377784
0.0005131301
0.0003296048
4.409793e-05
0.0003500368
0.0008599107
0.0001053442
-0.0004656817
-0.0004248705
-0.0004350478
0.0001258149
0.001063979
0.0008396705
0.0004420108
0.000411442
-0.0001187913
3.418968e-05
0.0001055985
-0.0001696918
-0.0004143964
-0.0005673319
-0.0004551451
-0.0002919665
-0.0001899639
-0.0002001348
-4.714996e-05
-0.00040402
-0.0003020257
-0.0002408119
-0.0006996565
-0.0002611501
0.0002385439
0.0004017234
0.0003303765
-0.0001692564
-0.000434356
8.572925e-05
0.0005446331
0.001156486
0.001268698
0.0003917888
0.0008914703
0.00121782
0.0005244448
0.000636648
0.0007284633
0.0004735659
0.000126893
0.0003512599
0.0003920878
7.601587e-05
0.0006878828
0.0005655601
0.00074913
0.001279422
0.000504481
0.0002394011
0.0002700348
-0.000137813
-0.0005762587
-0.0006068098
-0.0008922956
-0.0007800974
-0.0004945369
-0.0009329741
-0.0008717673
-0.001187831
-0.001208183
-0.0004841473
-0.00054528
-0.0009837226
-0.0002392958
0.0005765279
-0.0003513658
-0.0005042755
-0.0001065431
-0.0008406899
-0.0006876913
-0.0009017904
-0.0003816972
0.0004341284
-0.0009832303
0.0001690804
0.0006280107
-0.0004528495
0.0005567178
0.0005363813
8.775229e-05
-0.0004832433
-0.0007687263
-0.0004831611
-0.0003301494
1.660687e-05
-0.0002586631
-0.0002586142
-0.0002585606
-0.0009009354
-0.0009416967
-0.0003808053
-0.00111494
-0.002124419
-0.001278012
-0.0007477134
-0.0005845042
-0.0005334741
-0.0002581015
9.885812e-05
-0.0003395707
5.816364e-05
-0.0001559102
-0.0005739472
8.891445e-05
0.0003031121
-0.0001760939
-0.0004105798
-0.0001250105
4.839972e-05
0.0001912168
0.0003646141
0.0005074265
0.000711427
0.0004157703
0.000375031
0.0008339527
0.0006402664
0.0004159907
0.0004058412
0.001201269
0.001201347
7.97162e-05
0.0005896127
0.000722231
0.0007732693
0.0005286005
-0.0001137673
0.0006918661
1.891216e-05
-0.0002155754
0.0002229515
-0.0001746869
0.0007533151
0.0005800329
2.942844e-05
0.0008758449
0.001283791
0.001263464
0.0006618967
0.0004172152
0.0006212151
0.0004173222
0.001049608
0.0009681031
0.0003257328
0.001131362
0.0009172853
0.0006827986
0.001060153
0.0004279965
0.0005708197
0.0002853506
0.0004179549
0.001264384
0.0009891242
0.0003569578
-0.0006015211
4.095302e-05
0.0007038289
-6.09032e-05
-0.0003667554
0.0002349322
0.001050762
0.0002452492
-0.0002543628
0.000173976
-0.0001624794
0.0003678214
0.0002557274
9.261842e-05
0.0011022
0.00082695
0.0006842462
0.0002050366
-0.0004373329
0.0004498604
0.000449945
-0.000406565
0.0001339275
0.0005316859
-0.0003452045
-0.0005185152
-0.0002635239
-0.0004776178
-0.0004061884
-0.0009567911
-0.001252458
-0.0007017458
-0.0008240635
-0.0002733599
-0.0008851237
-0.002159718
-0.001547852
-0.0009869553
-0.0008033514
-0.000874671
-0.0006196873
-0.0009153582
-0.0007623631
0.0002778122
-0.0009151986
-0.0003747062
0.0005023134
-0.0007009023
0.0004106382
9.458056e-05
-0.0002010852
0.0008900745
-0.0007312318
-8.877896e-05
0.001573421
0.0003192416
-0.0003333325
-0.0002720989
-0.0007513178
-0.0009960138
-0.0001292172
0.000401096
-0.0001800808
-0.0004043708
-0.0005368916
-0.0003023105
-3.71427e-05
0.0001872474
0.0005747844
0.0006666125
0.0003403453
0.0001568406
0.0005749826
-0.0001591707
5.500404e-05
-3.671777e-05
-0.0006893116
0.0004222195
0.0002591354
-0.0007911252
-0.001984163
-0.000760479
0.0002592899
-0.0008725567
-0.0004646297
-0.0004340025
-0.0001076573
-0.0008214131
-0.001239477
0.0001881683
-6.670822e-05
-0.000178834
-0.0008721829
-0.001443211
-0.000494858
-0.0005253936
-0.0008822528
-0.0007904528
-0.0003927376
-0.0003417166
-3.579297e-05
0.0009227773
0.000851444
0.0003722135
0.0008821056
0.001188066
0.001167699
0.001341077
0.001351314
0.001830619
0.001198435
1.558571e-05
0.000392899
0.0009129877
0.0006886981
0.0001890558
0.0002502578
0.0004032495
-0.0004124953
-0.0004430726
0.0004135165
-0.0003614334
-0.0006367303
-0.0003002011
-0.0009731878
-0.0005856674
-0.001034318
-0.001115891
-0.0001777283
-0.0004428284
-0.0001165042
-0.000208257
-0.0003815874
-0.0002795955
-0.001054564
-0.002420982
-0.00155424
0.001443749
0.001107304
-0.0004732458
-0.0001163361
-0.0007791424
-0.00094231
0.000342548
0.0004547424
0.0006179141
8.767575e-05
0.0001896498
0.0003936204
5.711832e-05
0.001046245
-4.483166e-05
0.0004446362
0.0008015739
-0.00078919
0.0005160335
0.0004650877
-0.0005444445
-0.0001263697
0.000261142
0.0005568523
0.0005568466
0.0004344956
-0.0001569296
-0.0003506838
0.00033252
0.0006384465
0.000128589
0.0005466642
0.0007302327
-0.0002996808
-7.535433e-05
-0.000116144
-0.0003404933
-0.0001467506
-0.0003405025
0.0001897462
-0.0001569522
-0.0006158375
-4.480756e-05
-0.000371122
-9.581403e-05
0.0006281877
6.166145e-06
-0.0002283774
-0.0004221389
-0.0007076907
0.0001386589
0.001076793
0.0007606753
-3.471879e-05
-5.51268e-05
-3.474603e-05
-0.0006669939
0.0003424993
0.001209253
0.0005056302
0.0005362012
-0.0004223405
-1.44842e-05
0.0008828642
0.0001588592
-0.0006365421
-0.001544125
-0.001340215
-0.0004734756
0.001229442
0.0006991951
-0.001340262
-0.0009222259
-9.629118e-05
-2.491898e-05
-0.0003614432
0.000189171
0.0004236912
-0.0006674262
-0.0009224004
-0.0002290205
-4.548886e-05
-0.001666879
-0.001473197
0.0007089824
0.0005662058
3.592294e-05
-0.0009430319
-0.0006677647
0.0004436986
0.0001887266
0.001137041
0.0003212542
-0.0001682663
0.000433337
-0.000922921
-0.0006782403
-0.0004437349
-0.0004131962
-0.0007293407
-0.001504374
-5.641668e-05
-0.0004541316
-0.0004337933
0.0004329357
-1.578325e-05
0.0002798924
0.0002798473
0.0008814438
0.0007590524
0.0003205211
0.0002694867
0.0001062952
0.0004733575
4.503513e-05
-0.000648426
-0.0004547355
-0.0004751698
-0.0004140493
0.001686519
0.001258224
-0.000465166
0.000391336
-0.0001899266
-0.0008018227
-9.828582e-05
-0.000190114
7.495739e-05
0.000727531
0.0003603851
0.0005132884
0.0008803401
0.0004622174
0.00039078
0.0006558505
0.0002275252
-0.0002518043
0.0003599586
0.0003700971
0.0004210156
0.000839053
0.0004719032
0.0006961758
0.001083621
0.00078785
0.001012125
0.001154824
0.0006347141
0.0004307059
0.0006039948
0.0003082109
5.321468e-05
0.0008791309
0.00100144
0.0003385507
-0.0002631433
0.0001344735
0.0008788094
0.0002465274
-8.470173e-06
0.0002056112
0.0002769251
0.0005011845
0.0006031059
-0.000365689
-0.0007838466
0.0001338276
0.0004396769
0.0001642921
0.000317172
0.0006740212
-6.024499e-05
-0.0001520984
7.218182e-05
-8.084636e-05
5.164937e-05
-0.0003767059
-0.000458357
-0.0009478852
-0.0007950091
0.0004795639
-0.0003362702
-0.001090942
-0.0004995797
-0.0003976779
-0.000305981
-0.0002550597
0.0001527539
0.0005911552
-0.0002042886
-0.001550389
-0.001081403
0.0003563149
0.001080239
0.001202551
2.981683e-05
-0.0005209173
0.0004681264
0.001059491
0.0007025257
6.001941e-05
7.013734e-05
0.0006614941
0.0006206424
-0.00014422
-0.0001748979
0.000640801
0.0001716766
-0.0006951613
-0.0006136745
-0.000552576
-0.000522051
-0.0008688272
-0.001011665
-0.0009199787
-0.0006651375
-0.0002471316
5.870896e-05
-0.0002880606
-0.0001351986
0.0007722778
-0.00034948
-5.386261e-05
0.0001500133
-0.000951364
-3.369707e-05
-4.395497e-05
0.0003740495
-0.0002480523
-0.001441209
-0.0004317673
-0.0008601296
-0.0007072677
-0.0004218308
-0.0003607267
0.0007302934
7.760234e-05
3.672169e-05
0.000995189
0.0004852622
0.0002404475
0.001127529
0.0001791305
-0.0007489041
0.000260548
0.0004542363
0.0006682871
0.0002297314
-0.0006167132
-0.0004536553
0.0005965657
0.0009738025
-0.0007088045
-0.0001582555
0.0008715892
0.0006777667
0.001411892
0.0002901362
-0.0005053325
-0.000342256
0.0001165393
0.0009730402
-0.000668773
-0.001168534
-0.0002814586
-0.000954537
-0.0008526609
-0.0003122838
-0.001026159
-0.00182163
-0.000863184
0.0001870626
-0.0006899619
-0.0002311863
0.0006559029
-0.0002721232
0.0002784546
0.0003599823
-0.0006088329
0.0001150765
0.0008900001
0.0007369805
0.0002372391
0.0006756316
0.001328195
0.0007061048
0.000318517
-0.0001812133
-3.851977e-05
0.0007567973
-0.0003649534
-0.001048251
-3.88115e-05
0.0007055159
0.0008482084
0.0006136188
-0.000253203
-0.0007121546
-0.0004471128
-2.909348e-05
-0.0003452789
-0.0004575285
0.0008986455
0.000551897
0.000429453
0.0006333322
-0.0002844794
0.0005618061
0.00151009
0.0008166258
-0.0005192659
-0.001416665
-0.001294381
0.0001433454
-1.987e-05
-0.0004686163
-0.0004074921
-0.0003259949
0.0008160397
-0.000846135
-0.0005810963
0.0007342853
-0.0005914049
-0.0002651522
-0.0005813125
-0.001101435
-0.0001735547
0.0001221167
-0.0003470011
-0.000897711
-0.0008365972
-0.0003675817
-0.0001025047
-0.0008163386
-0.001876907
-0.0008572718
-0.0005615931
-0.001428413
-0.0004801398
5.008057e-05
0.0001520125
-9.277375e-05
-0.0004599224
8.048728e-05
0.0002945781
5.999072e-05
-0.0003785433
-6.249409e-05
0.0003657401
0.0004370825
0.0006409972
-1.166096e-05
-0.0002666397
0.0002431806
0.0006408151
0.0005897932
-0.0001750309
0.0001614161
0.0008955888
-0.0001139528
-0.000858396
-0.000919614
-0.0006443355
-0.0001956981
0.0002427427
0.0002937041
-0.001082948
-0.0009912264
0.000487335
0.0004261291
0.0002833446
3.85902e-05
-0.0006854506
-0.0001552411
-0.0004917713
-0.0008588982
-9.413867e-05
7.799241e-06
-0.0002369551
-0.0008182135
-0.0003491698
-4.328254e-05
-9.429812e-05
7.903315e-05
-0.0003492653
-0.0002881058
-0.0003696964
-3.320615e-05
0.0002013145
-0.0001963922
-0.0005023193
-0.0002678056
-0.0005431438
-0.0006553446
0.0003337583
-0.0006451776
-0.0001863328
0.0004764793
-0.0001863509
0.0006498165
-3.339231e-05
-2.322598e-05
0.0003132864
-0.0006452526
-0.0003291618
0.0005273987
-9.462901e-05
-0.0003393846
0.0006395397
-9.465e-05
-5.386983e-05
0.0003336239
-0.0001354531
0.0006293323
0.0004151998
-0.0002986105
0.000476369
0.001200388
0.0003234426
-0.0001864134
0.0001704962
0.0006191788
0.0004050532
-0.0003393369
7.368163e-06
-0.0001659669
-0.0004718787
7.875914e-05
0.0005172481
0.0004764839
-5.375611e-05
-0.0002576884
-0.000482006
-0.0007573121
-0.0006145504
-0.0005431527
-0.001083585
-0.0005227396
0.0007519387
0.0002625012
0.0003338988
0.0003951008
0.0004563021
0.001465845
0.001261938
0.001068209
0.0008234997
0.001139633
0.001506764
0.001098907
0.001068344
0.001231535
0.001251969
0.0004566297
0.0003342866
0.0005076684
0.0007626288
0.001027796
0.0003140309
0.0001509087
0.000171331
0.0005588525
0.0003753456
-0.0003180249
7.970277e-05
8.994155e-05
-0.0001751504
3.902257e-05
0.0004775501
0.0003450288
0.000222703
0.0003961064
0.0004063468
0.0007326996
0.0005797853
0.0002229282
0.0005390863
0.0008042673
0.0006513576
0.0005392388
0.0004271207
0.0003557902
0.0006209537
0.0008147604
0.0002437758
0.0005089425
0.001253402
0.0006722254
0.0005906973
0.0008762841
0.0007845684
0.0005704865
0.0003156088
0.0006725601
0.0004380937
-0.0002246622
0.0001832696
0.0002037343
-0.0003774487
9.167191e-05
0.0004894387
0.0002549694
0.000234635
6.135534e-05
0.0003061494
0.0004183895
-0.0003769264
-0.0001219338
7.188364e-05
-0.0004175151
-0.0004174551
-0.0001216694
6.195993e-05
-0.0009270922
-0.001396111
-0.0006414518
-0.0006413827
-0.0009370416
-0.0008859831
-0.000671756
-0.0005697135
-0.0006410309
-0.0003350444
-0.0002431892
-0.0004368606
-0.0002022604
0.000215907
0.000165008
-6.945024e-05
-8.977384e-05
-0.0001406894
0.0002264793
0.0004814986
-6.906023e-05
-0.0004972676
-0.0001504945
0.0001860925
-9.933925e-05
-0.0004969538
-0.0002521479
-0.0002826546
-0.0005578965
-0.0005680128
-0.0005271497
-2.740263e-05
-0.0005677583
-0.001199914
-0.0007511624
-0.0007000968
-0.0004756825
-9.82975e-05
-0.0005672775
-0.0007915347
-0.000403964
-0.0006282145
-0.0005669497
-0.0001997618
-0.0004342067
-0.0008420045
-0.0007603357
-0.0007602592
-0.00043388
-0.0002604311
-0.000780403
-0.0001379008
-0.0005151037
-0.0008515294
-0.0006678845
-0.001157269
-0.0006065419
-0.0009837449
-0.0008613041
-0.0004941136
-0.00128941
-0.0008610538
0.0002199348
-0.0001164647
-0.0009117764
0.0003935395
0.0002814809
-0.000575002
0.0004549953
0.000444907
-0.0002280231
-0.0001259772
0.0008224327
0.001311995
0.001373277
0.0002720774
0.0008635727
0.002780755
-2.966721e-06
0.0009964009
0.003178716
0.0005989425
-0.0005430822
0.001323074
0.002587646
-0.002276321
0.0003545831
0.00174153
-0.001093218
0.001874261
-0.003193634
-0.000124297
0.003424484
-0.001225339
0.001058887
0.0002228275
0.0002024891
0.001732166
-2.16444e-05
5.99975e-05
0.0004067907
0.0001927338
0.000233611
-0.0006534669
-0.0003780734
0.0005295739
-0.0001025561
-0.000235044
-0.001030343
-0.0002960937
0.001192795
-0.0006120029
-0.0004385851
-0.0002039577
-0.001305185
-5.085903e-05
-0.0004892502
-0.0005401801
0.0003470587
4.383557e-07
0.0002656357
-0.0001421619
-0.0003970094
0.0002454927
-0.000509017
-0.001487891
-5.003573e-05
0.00143885
4.194233e-05
-0.0004678664
0.001061787
1.156668e-05
-0.0001005452
0.0001850585
0.0002055071
0.001561818
-4.924009e-05
0.0003076996
0.0007360702
-4.905843e-05
0.001286849
0.0002774272
-0.0004771063
0.0004101098
2.310252e-06
-0.0008847908
-0.001017301
-0.0006501548
-0.0001504242
-0.0002217303
-0.0005785633
-0.000741655
-0.0004560777
-0.0006089646
-0.0003845649
-0.0004456813
-0.0009860708
0.0009922424
0.0001255554
-0.001047067
9.507467e-05
-0.0005676799
-0.0001801335
-0.0002922361
-0.0008122378
-0.0004450868
-6.555062e-06
0.0003809987
-0.0005264864
-0.0008425494
-0.0002918548
-0.00037338
1.416286e-05
-7.755175e-05
-0.0006791321
0.0002692537
-0.0002405442
-0.001046084
7.565068e-05
-0.0003015871
-0.0005462747
-5.676145e-05
-0.0003116435
3.510237e-05
0.0003410652
-0.0001585488
0.0002187829
0.0007898756
0.0003718377
0.0002291196
-0.0002195083
-0.0007803156
-0.0001888467
-0.00014801
-0.0007496077
-0.0003416887
1.525766e-05
0.0001172675
-0.0006678729
-0.001361254
-0.0001069795
-0.0001477256
0.0004029429
0.001341131
-0.0004025431
-0.0005146933
-0.0001475637
0.0002399604
-1.492792e-05
-0.0008612781
0.0005255591
0.0005357984
0.0006887814
0.0007703877
0.0001483835
0.0007296496
-0.0003716125
-0.0009426402
5.66987e-05
0.0002606734
0.0005666086
0.0005360464
0.0001689706
-0.0004530364
-0.0009424878
0.0001180279
0.0004953527
7.728767e-05
0.001046027
0.001086843
-0.0001979847
0.00045464
0.001137875
0.0005668501
0.0004444977
0.0001487912
0.0002711668
-0.0003202578
-0.0001673029
0.0009849964
-0.001064607
-0.001095226
0.0008218546
-0.0001264638
0.0002304308
0.0008728649
0.0005771582
-0.0002997867
-0.0009014273
-0.0003201844
-0.0008708265
-0.001146157
-0.0001264496
0.000811703
-0.0009931851
-0.001258331
-1.428223e-05
-0.000340599
0.001178776
0.0004853858
0.001005415
0.002300475
0.0001080816
0.001505072
0.001433709
0.0002304258
0.001025797
0.0005159361
0.001321498
0.0002100136
-0.0002284893
0.0004547184
-1.437172e-05
0.0007606001
-0.0001061679
0.0009441209
0.0009237351
-0.0007384319
0.0007401417
0.0002506687
-0.0005447264
-0.0004733665
-0.0008404813
-0.001227997
-0.0005958003
0.0003525284
-0.001299431
-0.000524483
0.0008011384
0.0005359922
0.001208989
0.0001586665
0.0005359305
0.0001688155
-0.0008101514
0.001718719
0.003023953
0.003074931
-0.0002085431
-0.004338454
-0.00513389
-0.005898728
-0.002951848
0.005430192
0.01165051
0.007112849
-0.0001781447
-0.001136756
-0.002605172
-0.004420315
-0.003604579
-0.004267431
-0.00333953
-0.006184549
-0.008907305
-0.001381857
-0.001595977
-0.004971292
-0.003451994
0.001850471
0.00795859
0.003665618
0.0008613281
0.002798762
0.002329682
-0.0001176888
0.0007592032
0.003634774
0.004685076
0.003073915
-0.001402651
-0.004951352
-0.005726438
-0.001423314
0.00292064
0.005164028
0.003828213
0.0004733001
-0.0003629196
-0.0004853438
0.0006464896
0.001380654
-0.000210128
-0.001882518
-0.002239488
0.001258083
0.001757752
-0.003544825
-0.004503448
-0.003198277
0.001227229
0.002603857
-0.0002207988
-9.848425e-05
-0.001964612
-0.001454827
-0.0003127894
-0.0005983536
-0.0004250494
-0.0006392448
0.000349819
0.002338226
0.003072418
-0.001444962
-0.001373692
0.001848589
-0.0003234471
0.0006350294
-0.001455406
-0.002842321
-0.0001095446
-0.0001503745
0.003082074
0.001215989
-0.001649486
3.299038e-05
-0.001435438
-0.003087448
-0.002608259
-0.0007524258
-0.001945534
-0.003444604
-0.0003753573
0.004162356
0.004417287
0.001796575
0.001347835
0.001378378
0.001826996
0.00264272
0.002877225
0.001775897
-0.0001616036
-0.002425443
-0.002843613
-0.00151805
-0.00152831
-4.977789e-05
0.0001643358
-0.001202139
-0.001192006
-0.002272962
-0.002099708
0.000490317
0.0002047695
-0.001651181
0.0005717307
0.002376589
0.002182803
-1.982781e-05
-0.001722843
0.002937192
0.005680214
0.002896347
0.001274943
0.001499222
0.0002755238
-0.0009482028
-0.001233781
-0.001417397
-0.001713165
-0.002406633
-0.001162638
-0.001631752
-0.00371204
-0.002661809
-0.0006122429
-0.0001738051
-0.001295547
-0.001570938
-0.0001841907
0.0007743005
0.0003867558
0.0007129972
0.002334293
0.002517815
0.001640815
0.001834493
0.001212429
-0.000378395
0.0009471703
0.001324423
0.0002332756
2.926996e-05
0.0001413673
0.003965253
0.002578453
-0.003101439
-0.002877206
-0.0007052707
-4.25046e-05
4.921731e-05
0.000293899
-0.0001242341
-0.0003690231
-3.257991e-05
0.0008953005
0.001782403
0.002547155
0.001343856
0.0001201323
0.001017422
-0.0001858745
-0.001154677
-0.0002268023
0.000731686
-0.0005429833
-0.00231737
-0.002368436
-0.001726064
-0.0002373368
0.0003438547
0.001883558
0.004035123
0.003290703
0.002209755
0.002189316
0.001016599
0.0002619533
-0.0004824917
-0.001094391
0.0009449874
-0.0002073156
-0.001716573
-0.0001666721
0.0008428024
0.002555884
0.001576937
-0.00055432
-0.000217874
-0.0008705323
-0.002359386
-0.001615063
-0.001248005
-0.00156418
-0.0005649159
-7.549971e-05
0.0005974608
0.001352006
0.001280603
0.0002914225
0.001851528
0.001882102
-0.0002491659
0.002279672
0.0006990956
-6.577613e-05
0.00307492
0.0007703562
-0.001146794
0.0003419419
-0.0003107073
-0.00142227
0.000311203
-0.00140195
-0.001157311
0.002064959
0.0006271397
-0.0001071095
-0.0001989233
-0.0009637659
0.0002598356
0.0006065178
-0.0005866021
0.0006675902
0.0002290864
-0.000851879
0.00190131
0.001411848
-0.00030134
0.0003716218
0.0004735608
-0.0003218552
-0.001535366
-0.001290691
-0.0003933853
-0.0007911072
-0.001453967
-0.001657962
-0.001321505
-0.001505091
-0.002616632
-0.00150521
0.001176607
0.001859799
0.001268331
0.001023563
0.0002281429
0.0004524322
0.0009214696
-0.0009038576
-0.0004348469
0.000880557
-5.761865e-05
-0.0004655454
-0.0009856485
4.421127e-05
0.001675736
0.0004928506
-0.0003331679
-0.001067408
-0.0007003669
0.0005742554
-0.0001803711
0.0002478624
9.488044e-05
-0.001169604
-0.0008535392
-9.898794e-05
-0.0005170972
-0.001863169
-0.00116982
-0.0002215147
-0.0003643033
-0.0005478823
-0.000792654
-0.0007824911
-0.001741069
-0.0006398295
0.0003900734
-0.0006500641
-0.0004767477
-0.001027426
-0.0006297852
-0.0003137071
-0.0004870978
0.0004714097
-0.0005075383
-0.0007727209
0.001185104
0.0007874117
-0.000946142
-0.0004873201
2.250777e-05
-0.0004465849
-0.0008545069
-0.00130322
-0.001629564
-0.001078957
-0.0005181453
2.227463e-05
-0.0006303651
-0.001038293
0.0001751463
-0.00142583
-0.001701202
-0.001109796
-0.001323973
-0.0002737002
-0.0003451104
0.0006133885
0.0006133832
-0.0001208443
9.32686e-05
0.0002054079
0.0007356354
-0.0001413404
-0.0007634095
0.001316772
0.001908221
-0.0004779319
-0.0007329153
0.0001847958
0.0004601049
0.0002561473
-0.0005086715
-0.0001620112
0.0005823614
0.001224762
0.00164283
0.000337581
0.0001030021
0.001540777
0.0003273089
-0.0002539646
0.0005311923
0.001336743
0.001550877
6.207668e-05
-0.0001113077
-0.0003764538
-0.0006008271
0.0007145806
0.001255035
0.0003882666
-9.454034e-06
-0.0002847954
-1.969647e-05
6.187462e-05
-0.0008049128
-0.0009680899
-0.001600344
-0.001080329
0.0002146998
0.0003064716
-8.103555e-05
-0.0002951984
-4.029165e-05
-0.000213662
-0.0002340793
0.0001737917
0.0007856079
0.0003267261
-0.0006318206
-0.0003769116
-0.0002953509
-0.0005197076
-0.0002749878
-0.001070377
-0.002069721
-0.0007339203
0.0002959878
0.0007038611
0.000856812
0.000143001
0.0001633799
0.0002857374
8.178531e-05
-7.118497e-05
2.057946e-05
-0.0008563918
-0.000366946
0.0003570472
-0.0002038111
0.0006527423
0.0004589945
-0.0001834346
-0.0001528616
0.0005405316
0.0004385673
-0.0004078097
0.0004487414
-0.0002140733
-0.0005302057
0.000142808
3.06381e-05
-0.0002344938
-0.000764758
-0.000305893
-0.0008157616
9.176847e-05
0.0009789357
-0.0002855131
-4.079536e-05
-7.139208e-05
0.0001427411
0.0009381237
0.0002855143
0.0002753095
0.000305905
-0.0009279534
-0.0008361961
-0.0001631949
0.0007035639
0.0009177155
0.0003262861
-0.0001121939
-0.0001224011
0.0004180512
0.0001223407
0.0007545526
0.001050283
0.0006525963
0.0009891117
0.001223655
0.0009891188
0.001029908
0.001366423
0.0006220415
0.0003773121
-0.0003670712
-0.001131868
-0.001244036
-0.0009279326
2.040637e-05
-0.0003160899
0.0003569229
0.001182917
0.0006220844
0.0003875529
0.0007444599
0.001131967
0.0008260654
-0.0001120723
0.00028561
0.001560273
0.0007343325
-0.0001528193
-0.0002343904
-0.0003873432
0.0001837051
0.000326487
-0.0003873087
0.0005814256
0.0006865667
0.0002989598
0.001226714
0.0004107738
0.0003188052
0.0005225041
0.0005222346
0.0007563967
0.0001342714
-5.962134e-05
0.0001541878
0.0002048742
0.000326851
0.0008256763
0.0008658595
0.0009059724
0.0009052924
0.0006398522
0.0008936898
0.0009132342
0.0002814861
-0.0005533018
-0.0006652457
2.631623e-05
-0.0001570595
-8.615945e-05
-0.0005132533
-0.0009602483
-0.0009598343
-0.001406179
-0.0004713672
-0.001303388
-0.001292362
0.0002299907
0.0003513054
-0.0005513176
-0.001716231
-0.0001446231
-8.382134e-05
-0.001166932
-0.0006294989
-0.0002950936
0.0009184793
0.001099267
-0.0001649858
-0.0004476648
0.0002694994
-0.0004271583
-0.001243661
-0.0007985267
-0.00115019
0.0007348329
0.001982161
-0.0001740739
-0.001561863
-0.0003935339
0.001787342
0.0007100527
-0.0001643752
0.001601375
0.001047277
-0.001038898
-0.0001059415
0.001495623
0.0004225453
-0.0009580702
-0.001486123
-0.0003651871
0.0008928175
-0.0003755648
8.347826e-05
0.001407977
0.0004694235
-1.910183e-05
-0.0005461141
-0.000396168
-0.00122941
-0.001415509
-0.000629461
-0.002084452
-0.001080184
0.0003565661
-0.0006227783
-0.001283153
-0.0005597047
0.0006054281
0.0009884599
-0.0001658764
-0.001050966
-0.0007239583
-0.000781049
-0.0001115882
0.0006439582
0.0003093198
-0.0001710905
0.0002500812
0.0003081954
0.0004442039
0.0002967793
-0.001146593
-0.0006272629
0.0003670185
0.0003272471
0.0002778845
-0.0001982274
-0.0009924495
-0.00016634
0.001053335
0.0003158206
0.0006046728
0.0002557161
-0.001190482
-0.0003492815
0.001642631
0.002387036
4.758027e-05
-0.001754943
-0.000370331
0.0007502058
0.0007860673
0.001241741
0.001399776
7.117033e-05
-0.0007663976
-0.000830405
-0.001454148
0.0002290651
0.002027776
-0.0002023019
-0.001222124
-0.0004534042
-0.0009513751
-0.001296291
-0.0001161099
0.0003446178
-0.001438858
-0.0008057373
0.0002921976
0.000992139
0.001912534
0.0003672752
-0.000723327
-0.0005624349
0.0004240623
0.00120142
0.0005577247
-0.0005820511
0.0002238128
0.001219072
-0.0003609573
0.0005970815
0.002101013
0.0007530043
7.76904e-06
0.0004374849
0.001056586
-0.0002523545
-0.0007888367
0.0008877641
0.0004932444
4.65571e-05
-0.0002345501
1.037318e-05
0.0009489458
-0.0003535092
-0.0005051505
-0.0006378509
-0.0003121327
0.0007730693
-0.0001340994
-0.0004730306
-0.001202119
-0.0001639793
0.000307711
-0.0007853366
0.0001573628
-0.0009933026
-0.001385914
-0.000145009
0.0003661135
-0.0007076501
-0.000818183
0.0008058605
-0.0002472196
0.0006877236
0.001590148
-0.0001139419
8.618424e-05
0.001056206
0.0002546556
-0.0007312845
1.374594e-05
0.0004265406
2.900612e-05
-0.0003742614
0.0003635629
0.00172811
0.0004480004
-0.001358921
-0.0004002209
0.0003140156
3.278611e-05
0.0002097605
-2.405273e-06
-0.0003391643
-0.001068026
-0.0006597272
0.0002139419
-0.0007809238
-0.0009847688
-0.001245112
-0.001760571
-0.0007064393
5.83378e-05
-0.0008162947
-0.001650894
-0.000194775
0.0003477254
-0.0008323191
-0.0006310008
-0.0003660939
-0.00077815
-0.000172606
0.0006869436
-0.0002461033
-0.001187356
0.0002201817
0.0004839938
-0.0007601199
0.0003319669
0.001031805
0.0002217986
-0.0003350212
-0.0002136686
0.0003886761
-0.0004178224
-0.002003701
-0.00157369
0.0009825053
0.001476259
5.570322e-05
-0.0004652979
0.0001124593
0.001466575
0.0008389121
-0.001215758
-0.001006958
0.001001582
0.001751945
-0.00017535
-0.001041432
0.000257181
0.0009599938
0.001338549
0.0005300828
-0.0003005624
-0.0001556367
0.000227228
0.0007106933
2.086002e-05
-9.046221e-05
0.0003324354
0.0002857532
-0.0004086539
-0.0007285619
0.0002445282
-0.0005464315
-0.0004981825
0.0003856328
-0.0001174215
-0.0002897697
-7.804982e-05
0.0004982237
-0.0002729756
-0.0004779353
-0.0001313313
-0.0006207785
-0.0002038712
7.408669e-05
-0.0006104594
-0.0008511997
0.0003700095
0.0006541681
1.427985e-05
0.0002162805
0.0003396882
0.0001711809
0.000245926
0.0006773423
0.0003838538
-0.0001182066
0.0002034672
0.0002155682
-0.0003484066
-0.0005544227
7.721102e-05
0.0004797512
0.000100871
-0.000687277
-0.0004943897
0.0001473237
-0.0003099352
2.954672e-05
0.0004108823
0.0004140137
0.0003844054
-0.0003089937
-0.0002797773
0.0001502483
-3.781801e-05
-2.422458e-05
0.0004313531
0.0003892572
0.0002776091
0.0006369511
0.0005361631
0.0001339871
0.0006607206
0.0007107656
0.0002481928
0.0004075867
0.0002981968
7.897585e-05
0.0001644511
0.0005065454
0.0003240238
-0.0002340336
-0.0004260471
-0.0009241311
-0.0006792258
0.0003620258
0.0003703713
0.000456142
0.000623938
0.0005284518
0.0004932923
-0.0002771594
-8.660271e-05
0.0006271811
0.0001487307
-0.0001604584
0.0001532959
-0.0001537063
-0.0004447575
0.0001774317
0.000443071
0.0003642751
0.0005974741
0.0008834294
0.000435624
4.472662e-05
8.841642e-05
-0.0003122908
-0.0001433075
2.313317e-05
0.0002582937
0.0002112758
-0.0004933243
-0.0001736268
-4.590413e-06
-0.0001876492
-4.652156e-05
-3.606882e-06
-1.449547e-05
-6.224753e-05
-0.0001145032
4.402004e-05
7.454189e-05
-0.0003743406
-0.000437454
-0.0002206691
2.90687e-06
-0.0002635854
-0.0004338721
-0.0001290637
-0.0002944255
-0.000164973
-0.0001880364
2.388438e-05
0.0002768848
-0.0001027126
-6.701063e-05
-2.211655e-05
0.0003390627
0.0003392787
-0.0001293296
-0.0002287364
-0.0003693363
-5.008854e-05
-5.896082e-05
-0.0002043855
-7.49475e-05
-0.0001066085
0.0002105454
0.0001936349
-3.891194e-05
-0.0002257683
-0.0001180361
0.0001141481
3.150868e-05
0.0001561323
-1.834237e-06
1.136378e-05
4.626114e-05
-0.0001554957
2.052501e-05
6.762684e-05
-9.659795e-05
7.205739e-06
0.0001257409
0.0001953118
0.0001921018
-0.0001149443
3.977912e-05
2.255579e-05
-0.0002842219
-0.0001742264
-7.069351e-05
1.047514e-05
-4.546513e-05
0.0001014022
0.0001859399
0.0001086208
-1.748223e-06
-0.0001210296
8.323175e-05
9.302264e-05
3.856135e-05
-0.0003097637
-0.0003303959
-1.89586e-05
-0.0001941411
6.693015e-05
9.450013e-05
7.128644e-05
5.21819e-05
-0.0001213434
-7.384207e-06
-6.62259e-05
0.0001309785
-0.000134251
-0.0002874598
5.375968e-05
-0.0001737379
-0.0003421462
-0.000260084
-4.692891e-05
0.0001249317
3.954192e-05
1.354742e-05
-3.056604e-05
4.445433e-06
0.0001249113
8.271748e-05
-6.841578e-06
4.75259e-05
-3.382013e-05
-0.000136391
0.0001709717
0.0001936014
5.452524e-05
0.0001559144
4.824331e-05
5.559363e-05
9.03681e-05
-0.0001145033
-1.155298e-05
0.0001419799
-7.956428e-05
-0.0001279349
0.0001151477
4.533592e-05
-2.22659e-05
0.0001277033
-2.825755e-05
-5.497644e-05
-7.586468e-05
-0.0001543783
-3.526199e-05
-6.298052e-05
-3.08255e-05
1.891089e-05
4.387826e-05
-5.522292e-05
-9.896859e-05
8.20519e-05
7.570209e-05
5.206117e-05
6.159719e-05
8.142316e-05
-1.557311e-05
-9.238468e-05
0.0001244208
0.0001253279
-2.701406e-05
-6.620446e-05
3.778386e-05
6.397943e-05
-8.840125e-06
0.0001811336
2.622581e-05
-0.0001672551
3.836644e-05
6.073021e-05
3.22021e-05
-0.0001080267
-0.0001643516
2.736735e-05
-3.110895e-05
-9.391797e-05
2.602449e-05
3.342799e-05
1.957073e-05
-5.727677e-05
-0.0001089613
4.727812e-05
8.55824e-05
-3.582454e-05
-4.668002e-05
5.131277e-05
-3.684858e-05
-9.129076e-05
3.077751e-05
-4.72817e-06
-5.095403e-05
-9.547829e-07
-4.33004e-05
-6.643496e-06
4.125063e-05
8.305968e-06
6.556744e-05
1.058951e-05
-1.762594e-05
5.340764e-05
4.815865e-05
3.499338e-05
1.784829e-05
-1.42258e-05
-1.160558e-05
3.114937e-05
-9.95896e-07
-1.261987e-05
-1.225931e-05
-3.332181e-05
-1.718132e-05
-2.64973e-05
-2.657607e-05
-2.18445e-05
-3.797546e-05
-6.153673e-05
-5.295641e-05
-4.11779e-05
-4.485116e-05
-3.534349e-05
-5.167246e-05
-0.0001028152
-6.284356e-05
5.579394e-06
-5.421004e-05
-4.564807e-05
-2.372091e-07
-1.400779e-05
-4.015995e-05
-5.111943e-05
1.692955e-05
-1.576963e-05
-2.959015e-05
2.072838e-05
8.679548e-06
5.628114e-05
6.521637e-05
3.103026e-05
1.271645e-05
5.644443e-05
5.164889e-05
-3.931569e-05
1.619077e-05
5.683632e-05
-1.193906e-05
-1.050772e-05
3.747398e-05
3.726289e-05
9.034347e-06
1.669767e-05
4.029488e-05
3.241855e-05
-8.723956e-06
1.222614e-05
8.682331e-05
1.839482e-05
1.779636e-05
6.861575e-05
-2.426426e-05
1.962445e-05
5.14663e-05
-7.16256e-06
-1.024676e-05
2.805761e-05
5.303357e-05
8.01799e-06
3.807031e-06
2.423203e-05
3.755557e-05
5.310058e-06
1.226173e-06
2.343687e-05
-1.454536e-05
-1.354194e-05
6.180103e-06
-2.648358e-06
-1.354156e-05
-3.793077e-06
-2.394673e-06
-9.412286e-06
-1.913249e-06
6.079632e-06
-6.560675e-06
-6.995762e-06
4.065234e-06
-8.419776e-06
-6.761161e-06
-1.356966e-06
-1.941216e-06
-3.159064e-06
-3.080461e-06
-5.487295e-07
-7.654849e-07
3.182464e-06
7.876182e-08
-2.166213e-06
1.059004e-05
1.470153e-05
3.071425e-06
2.767006e-06
7.742789e-06
7.709106e-06
-1.745191e-06
-3.858103e-06
6.866143e-06
4.412813e-06
8.581134e-08
-1.500174e-06
-2.457485e-06
5.425208e-07
1.756985e-06
-1.579183e-06
-6.002206e-06
-5.293301e-06
1.97884e-06
2.152513e-06
-4.72461e-06
-1.757418e-06
-1.328368e-07
-3.638772e-06
-3.385075e-06
-1.287202e-06
-2.665059e-06
-2.779976e-06
-1.824579e-06
-3.015301e-06
2.000517e-06
2.988601e-06
-1.230462e-07
1.007605e-06
1.212621e-07
-1.508359e-07
1.197247e-06
-5.652552e-08
-1.433065e-06
-4.605704e-08
1.22822e-06
-2.954572e-07
5.487263e-07
1.476077e-06
-7.972679e-07
-1.006913e-06
-7.932671e-07
-8.550789e-07
-7.644968e-07
-9.786675e-07
-1.633171e-06
-1.710655e-06
-7.930789e-07
-6.778656e-07
-9.628531e-07
-1.668402e-06
-1.254434e-06
-1.201942e-06
-1.422728e-06
-9.202816e-07
-1.16799e-06
-1.164845e-06
-1.277065e-06
-1.380873e-06
-1.422429e-06
-1.481059e-06
-1.377448e-06
-1.554464e-06
-1.809673e-06
-1.748941e-06
-1.83339e-06
-2.135849e-06
-2.096426e-06
-1.94823e-06
-1.986868e-06
-2.255078e-06
-2.358986e-06
-2.193447e-06
-2.202493e-06
-2.319798e-06
-2.369678e-06
-2.460098e-06
-2.466569e-06
-2.50216e-06
-2.580399e-06
-2.586945e-06
-2.608655e-06
-2.675012e-06
-2.762046e-06
-2.762653e-06
-2.794474e-06
-2.865048e-06
-2.905677e-06
-2.955391e-06
-2.988015e-06
-3.038889e-06
-3.084666e-06
-3.117238e-06
-3.155819e-06
-3.192084e-06
-3.229936e-06
-3.266105e-06
-3.300422e-06
-3.33608e-06
-3.372192e-06
-3.405925e-06
-3.439428e-06
-3.471617e-06
-3.504338e-06
-3.53748e-06
-3.569827e-06
-3.602074e-06
-3.633693e-06
-3.665129e-06
-3.69636e-06
-3.727283e-06
-3.757939e-06
-3.788302e-06
-3.818387e-06
-3.848197e-06
