0.0004587084
0.0004577991
0.0004568122
0.0004557941
0.000454711
0.0004536074
0.0004524337
0.0004512323
0.0004499566
0.0004486334
0.0004472402
0.000445796
0.0004442689
0.0004427138
0.0004411003
0.0004394061
0.0004376425
0.0004359503
0.0004342579
0.0004323257
0.0004300278
0.0004273607
0.0004244187
0.0004223051
0.0004208585
0.0004192098
0.0004165813
0.0004132623
0.0004112357
0.0004105465
0.0004078432
0.0004028119
0.0003978315
0.0003945567
0.0003913691
0.0003878208
0.0003863732
0.0003896756
0.0003952402
0.0003949613
0.0003926102
0.0003964451
0.0004093212
0.000421789
0.0004206013
0.0004098957
0.0004047513
0.0004019031
0.0003937282
0.0003798651
0.0003703904
0.0003647983
0.0003437124
0.0003276369
0.0003358841
0.0003486231
0.0003555825
0.0003488653
0.0003706834
0.0004129765
0.0004349038
0.0004198468
0.0003664761
0.0003219494
0.0003120233
0.0003192279
0.0003290386
0.0003087192
0.0002874782
0.0003131155
0.0003585457
0.00037017
0.0003560766
0.0003169115
0.0002522126
0.0002107764
0.0002041183
0.000214373
0.0002130425
0.0002008318
0.0001852357
0.0001896048
0.0002869563
0.0004345356
0.0004870821
0.0004146103
0.0003627422
0.0004182302
0.0005101897
0.0005545838
0.0005620433
0.0005510209
0.000518294
0.0004433707
0.0003526874
0.0003080663
0.0002923156
0.0002658628
0.0002425533
0.000190499
0.0001757745
0.0001518074
5.927488e-05
7.327053e-06
2.278109e-05
2.29993e-05
4.707716e-05
9.92021e-05
0.0001021471
9.447135e-05
7.901197e-05
6.316845e-05
7.66286e-05
8.95317e-05
0.0001017691
0.0001123468
0.0001268533
0.0001271182
0.0001046262
0.0001149916
0.0002293291
0.000375718
0.0004571613
0.0004604578
0.0003705431
0.0003549803
0.0004511353
0.0004347301
0.0002622914
0.000194651
0.0001146093
-8.194971e-05
-0.0003186998
-0.0004913287
-0.0005529609
-0.0005176759
-0.0003774754
-0.0002031117
-7.098221e-05
0.0001557529
0.000452827
0.0005565942
0.0004806421
0.0003555416
0.0003302035
0.0005696058
0.0009045184
0.0009182391
0.0006122022
0.0004355715
0.0004251
0.0005210093
0.0006795918
0.0006371666
0.0002934937
-7.89904e-05
-0.0003300008
-0.0004127594
-0.0002881588
-0.000118175
-0.0001184636
-0.0004542072
-0.0008592485
-0.0007844817
-0.0004404303
-0.0001667435
0.0001505835
0.0005279196
0.0008126705
0.0009686384
0.001234984
0.001659837
0.002032377
0.002156469
0.002061425
0.001910188
0.001853885
0.001865101
0.001680521
0.001303245
0.0009659296
0.0007634907
0.0008017705
0.0008280644
0.0006807709
0.0005627558
0.0004669725
0.0002975572
0.000257189
0.0003633002
0.0002161113
-9.008136e-05
-0.0002821372
-0.0002981656
-0.0004681004
-0.0008784712
-0.001248967
-0.001309797
-0.001333664
-0.001352096
-0.00138592
-0.001369538
-0.00116839
-0.0007091431
-0.0002677462
-0.000345975
-0.0007355638
-0.0007170524
-0.0002140677
0.000334059
0.0005014104
9.223707e-05
-0.0002546967
-0.000204707
-0.0004029329
-0.0006271935
-0.0004393031
-9.381764e-05
0.0001098112
0.0001269947
-2.777827e-06
-0.0002077736
-0.0002749811
-0.0003957223
-0.0007905074
-0.001109542
-0.001293153
-0.001418615
-0.00177653
-0.002400776
-0.00304321
-0.003500502
-0.003851497
-0.004256317
-0.004204429
-0.003374769
-0.00244192
-0.001659641
-0.0008524348
-0.0001288914
0.0004894617
0.0009404528
0.001216884
0.001394296
0.001517114
0.001156689
0.0002627583
-0.0007045459
-0.001408003
-0.001994162
-0.002651038
-0.00320937
-0.003534374
-0.003970624
-0.004407492
-0.004696415
-0.004951049
-0.00493888
-0.004394862
-0.004009633
-0.004164555
-0.004397922
-0.004016452
-0.003089058
-0.001827062
-3.866665e-05
0.001696052
0.002620381
0.003207227
0.004403022
0.005895892
0.006987773
0.007356338
0.007139198
0.006481693
0.005945166
0.005764323
0.005318225
0.004413151
0.003204792
0.001658522
-0.0002519525
-0.001580469
-0.002093507
-0.002753397
-0.003871874
-0.004895859
-0.005516149
-0.006048766
-0.006148081
-0.005605219
-0.004794054
-0.004286843
-0.004126288
-0.003468227
-0.002241379
-0.001461331
-0.001143444
-0.0006703466
-0.0001992192
0.0001146362
0.0004817934
0.001078667
0.001133379
-1.701028e-06
-0.0008411701
-0.0008671662
-0.001149467
-0.001855462
-0.001959493
-0.001349572
-0.0008348297
-0.001078515
-0.001661018
-0.001521568
-0.0004357052
0.0007307005
0.001502344
0.002066702
0.002343263
0.00254191
0.002986837
0.003354879
0.00298253
0.002648718
0.003049898
0.003359695
0.002924601
0.002374314
0.002196127
0.002042946
0.001402818
0.0005100415
5.56422e-05
0.0001145467
0.0005836742
0.001092774
0.0008986266
3.520494e-05
-0.0009482799
-0.002075518
-0.002826071
-0.003239709
-0.004126042
-0.005647057
-0.007263801
-0.008244156
-0.008210226
-0.007755244
-0.007699988
-0.007564446
-0.006360489
-0.004970131
-0.004377594
-0.003955779
-0.002760949
-0.0009981935
0.0008106555
0.001921327
0.002309683
0.002471801
0.002490275
0.002869956
0.00388974
0.004969516
0.00560755
0.006025996
0.00651029
0.007076674
0.007513303
0.007473308
0.007284565
0.00714303
0.006392073
0.004693635
0.00249547
0.0007944801
-0.0003041769
-0.00143629
-0.002912084
-0.004318335
-0.004896462
-0.004885801
-0.004670587
-0.004567275
-0.004809938
-0.004444976
-0.003023686
-0.002076321
-0.002153168
-0.002355519
-0.002062628
-0.001326844
-0.0003251733
0.0004733449
0.0009650557
0.001165006
0.001276202
0.00124252
0.001207599
0.001097932
0.0005584306
-6.218344e-05
-0.0004936462
-0.0009125765
-0.001064384
-0.0008355569
-0.000852157
-0.001413456
-0.00206421
-0.002293712
-0.002314572
-0.002473192
-0.00248769
-0.002021961
-0.0009375385
5.595063e-05
0.0001242138
-0.000221813
2.112405e-05
0.0007349849
0.001065165
0.0008969507
0.0008096716
0.001022313
0.001118922
0.0004468823
-0.0007535041
-0.001791732
-0.002076842
-0.00230393
-0.002891733
-0.003551675
-0.004231492
-0.004805434
-0.004755154
-0.004280624
-0.003876563
-0.003368031
-0.003004858
-0.003217745
-0.003680373
-0.003950579
-0.004086347
-0.004057555
-0.003740573
-0.003480716
-0.003322632
-0.002530702
-0.001719153
-0.001119169
-0.0002101632
0.001241328
0.002506057
0.002849887
0.002601389
0.002609803
0.003052528
0.003540898
0.003425039
0.002523371
0.001720704
0.001228149
0.0006525173
0.0005182925
0.001036659
0.001257007
0.0008595983
0.000150959
-0.0005408968
-0.001077213
-0.001555035
-0.002200616
-0.002830666
-0.003213031
-0.003328681
-0.003217809
-0.003269388
-0.003896943
-0.004692195
-0.004762775
-0.004241888
-0.003588229
-0.002935797
-0.002701117
-0.002658069
-0.002657532
-0.002409929
-0.001778039
-0.0007169539
0.0006168525
0.001552816
0.001606948
0.001390525
0.001332573
0.001368934
0.001569537
0.001761013
0.00179648
0.001722095
0.001610941
0.001170486
0.001065533
0.001899201
0.002863299
0.002937478
0.002216795
0.001526556
0.001141685
0.0007438904
0.0003739188
0.0003514952
0.0003865226
-1.580952e-05
-0.0004188803
-0.0005147255
-0.0007498981
-0.0008160977
-0.0006734275
-0.0006342239
-0.0002455118
0.0007314489
0.001540142
0.001648094
0.001446456
0.001201091
0.0007702166
1.041746e-05
-0.0008333758
-0.001700695
-0.002618188
-0.003658628
-0.004722538
-0.00542934
-0.005334826
-0.00426539
-0.002835014
-0.001610983
-0.0004665223
0.0008294203
0.002200753
0.003750303
0.005181792
0.005899715
0.006020192
0.006339443
0.006815077
0.006752402
0.006176264
0.005575882
0.004714884
0.003212193
0.0008833522
-0.001968451
-0.004228392
-0.005644391
-0.006917542
-0.007668641
-0.007512819
-0.007340158
-0.007544777
-0.007935191
-0.008644262
-0.009173051
-0.008469823
-0.006799988
-0.005382251
-0.004374001
-0.002992003
-0.001293702
0.0006880945
0.002860599
0.004602508
0.005235006
0.004924009
0.004078766
0.002468601
0.0001747012
-0.001393445
-0.002133443
-0.002765493
-0.00458596
-0.007670179
-0.01065646
-0.01234233
-0.01314727
-0.01400379
-0.01476948
-0.01448352
-0.01263256
-0.009810418
-0.007750894
-0.007015861
-0.006559602
-0.005438682
-0.003380876
-0.0007853229
0.001631131
0.003209617
0.004181324
0.004493767
0.003963648
0.002568123
0.0005630573
-0.001962544
-0.004131534
-0.005568506
-0.006255232
-0.00639164
-0.006568788
-0.007018718
-0.007108066
-0.006191394
-0.004445545
-0.00252544
-0.000968367
0.0002975672
0.001652841
0.003148113
0.004995559
0.00694733
0.008941765
0.0112313
0.01307461
0.01449157
0.01551251
0.01529527
0.01354536
0.01093493
0.007294492
0.003212876
0.0005876293
-0.0009479878
-0.002977375
-0.004792382
-0.005139633
-0.003717925
-0.002043984
-0.001360452
-0.001378606
-0.001054418
-0.0002557289
0.0009619496
0.002249444
0.002767061
0.00284191
0.003198714
0.00311081
0.002405792
0.00191572
0.001782833
0.001589912
0.001180226
0.000442165
-0.0003703836
-0.0007263484
-0.0007406469
-0.0005690754
-0.0003321506
-0.001013906
-0.002918656
-0.004941553
-0.005693153
-0.005112755
-0.004182219
-0.003239057
-0.001802299
0.0005123749
0.003194871
0.005764359
0.008039102
0.01011606
0.01144441
0.01113219
0.00908593
0.006352939
0.004026184
0.002149184
0.0004030724
-0.002012097
-0.004905616
-0.007498915
-0.009721461
-0.0114017
-0.01210071
-0.01185091
-0.01152552
-0.01200136
-0.01287786
-0.01300646
-0.01185882
-0.009841927
-0.008078137
-0.007153086
-0.006319825
-0.005273158
-0.004532348
-0.003804798
-0.002528781
-0.001219737
-0.0005439667
-0.0004713294
-0.0006532282
-0.001611035
-0.003824481
-0.006390552
-0.008181892
-0.009490521
-0.01114633
-0.01284051
-0.01410027
-0.01535365
-0.01655315
-0.01750592
-0.01838761
-0.01861965
-0.01764256
-0.0154104
-0.01198437
-0.007057699
-0.002339052
0.001386114
0.004287493
0.006593611
0.008767203
0.01026107
0.01095532
0.01108556
0.01020133
0.008191744
0.00577191
0.003166313
0.000100575
-0.002917242
-0.005480443
-0.007487639
-0.00912944
-0.01090651
-0.01291429
-0.01434514
-0.01434408
-0.01302201
-0.0118247
-0.01085701
-0.009504064
-0.007096785
-0.003363375
0.0008232873
0.003364822
0.004742625
0.006526261
0.008203468
0.008613769
0.008580949
0.00915986
0.01012255
0.01061187
0.0101815
0.009582278
0.009474193
0.008786344
0.006462675
0.003211742
0.0004421868
-0.001278025
-0.002328697
-0.003463276
-0.003953224
-0.003156734
-0.001573794
-0.0005243206
-0.0002833437
-2.856988e-05
0.001527828
0.004421747
0.007870897
0.01078726
0.01285997
0.01464808
0.01627119
0.01683619
0.0156696
0.01386767
0.01179354
0.009520622
0.007503187
0.005856254
0.004277395
0.003241398
0.002886853
0.003360409
0.004723348
0.006109656
0.0072063
0.008338531
0.009405924
0.009838355
0.00909393
0.007464675
0.005819636
0.004285377
0.00194233
-0.0006922008
-0.002007859
-0.002049774
-0.002673671
-0.00480639
-0.00718774
-0.008478766
-0.008370562
-0.007091168
-0.005033878
-0.002902094
-0.001484956
-0.0005566317
-1.902074e-05
-9.119367e-05
-4.043839e-06
0.001145286
0.002666027
0.003462877
0.003394409
0.002775252
0.0025366
0.003477349
0.005191678
0.007285019
0.009194655
0.01035119
0.01004638
0.008115621
0.005622313
0.002924946
2.947671e-05
-0.002869745
-0.005289322
-0.006392992
-0.005960553
-0.004082412
-0.001729277
0.0003961339
0.002620165
0.005058894
0.007483749
0.008919142
0.009423145
0.009365801
0.008817279
0.008275211
0.00751503
0.005899241
0.003877851
0.002459489
0.001968395
0.001938656
0.002245456
0.002409432
0.001921943
0.0009837632
0.0001141984
-0.0007361412
-0.001712145
-0.00227903
-0.002277047
-0.00294835
-0.005330606
-0.00882805
-0.01134409
-0.01124322
-0.00950394
-0.007910129
-0.006712297
-0.005609708
-0.004589963
-0.003489726
-0.00198105
1.537504e-05
0.002188414
0.004013161
0.005412366
0.005871828
0.004323098
0.000871822
-0.003170335
-0.006821295
-0.01057026
-0.01390126
-0.016871
-0.01971258
-0.02189872
-0.02305482
-0.0228679
-0.02143167
-0.01953017
-0.0178871
-0.0161059
-0.01304063
-0.007225492
0.003607805
0.01452702
0.01987228
0.02046691
0.02076275
0.02208937
0.02250471
0.02161605
0.0209838
0.02042173
0.01873773
0.01588071
0.01293571
0.0102957
0.008301543
0.006773322
0.004902524
0.001843207
-0.002939575
-0.008347973
-0.01278058
-0.01432043
-0.01350868
-0.01236677
-0.01191438
-0.01190618
-0.01285713
-0.0148815
-0.01684636
-0.01784951
-0.01807045
-0.01771311
-0.01705387
-0.01623918
-0.01502046
-0.01383937
-0.01283254
-0.01144915
-0.009325357
-0.006853279
-0.00448808
-0.002128269
9.564396e-05
0.00199631
0.003901813
0.005790404
0.006538793
0.006475166
0.006830216
0.007035135
0.005906813
0.003419315
0.000520251
-0.00227978
-0.005185826
-0.007763283
-0.009597017
-0.0110854
-0.01240141
-0.01359934
-0.01497962
-0.01616724
-0.01646435
-0.01639942
-0.0169334
-0.01800899
-0.01893317
-0.0191444
-0.01836396
-0.01564998
-0.01072583
-0.003648179
0.003220162
0.007192173
0.008565282
0.009407772
0.01082754
0.01232053
0.01313534
0.0123739
0.01012655
0.006919633
0.003404509
-0.0005916084
-0.005455026
-0.01088001
-0.01673673
-0.02132916
-0.02242798
-0.02069457
-0.01803358
-0.01509155
-0.01159009
-0.007725639
-0.003384356
0.002038096
0.008113543
0.01295015
0.01538906
0.01534701
0.01348953
0.01170856
0.01190704
0.01343522
0.01386628
0.01212956
0.009348449
0.006984475
0.005494244
0.004706435
0.003435714
0.0008848448
-0.002485044
-0.005722038
-0.008029029
-0.009064469
-0.00895476
-0.007549454
-0.005520567
-0.003404722
-0.001216053
0.00120248
0.004161401
0.00787231
0.01177451
0.01435372
0.01638369
0.01831594
0.0182039
0.01520994
0.01159591
0.009764022
0.009464678
0.009032716
0.008035934
0.006944938
0.00636058
0.007077822
0.008826104
0.01029541
0.01057673
0.009788147
0.008309215
0.006363458
0.004492538
0.002846248
0.0009888759
-0.001527208
-0.004608845
-0.007892326
-0.01050037
-0.01171483
-0.01136965
-0.01072914
-0.01092379
-0.01142387
-0.01056804
-0.00781563
-0.005386381
-0.003693725
-0.0006628507
0.004882038
0.01091731
0.01581515
0.02016256
0.02351013
0.02448747
0.02433608
0.02492545
0.02615109
0.02671657
0.02619361
0.02510993
0.02414549
0.02383652
0.02444475
0.02631304
0.02848357
0.0292802
0.02896071
0.02919857
0.0298455
0.02943168
0.02798575
0.02669438
0.02607261
0.02565826
0.02515405
0.02415233
0.02263022
0.02084927
0.01895013
0.01683786
0.01408323
0.01040672
0.00610959
0.002233817
-7.221381e-05
-0.0008948074
-0.0006434916
0.000442167
0.001748196
0.003007567
0.004276993
0.005705836
0.007230382
0.008582715
0.009999798
0.01120202
0.01135413
0.009581265
0.005894869
0.001159971
-0.004873592
-0.01344309
-0.02251965
-0.03049094
-0.03681989
-0.04015206
-0.04128057
-0.04105226
-0.03912886
-0.0343834
-0.02831156
-0.02265904
-0.0170331
-0.01090826
-0.004633016
0.0002995589
0.00298172
0.004426489
0.005074589
0.00434378
0.002558196
0.0002169721
-0.003409168
-0.009173089
-0.01913737
-0.03150798
-0.04140876
-0.04845234
-0.05175216
-0.05196235
-0.0511014
-0.0497032
-0.04824332
-0.04534591
-0.03823651
-0.02783662
-0.01935733
-0.01593631
-0.01585978
-0.01612278
-0.014796
-0.01237545
-0.01117446
-0.01207003
-0.01383744
-0.01563754
-0.0180197
-0.02069826
-0.02217341
-0.02180132
-0.0203712
-0.01911505
-0.01882135
-0.0191303
-0.01949201
-0.02007392
-0.02063144
-0.02080182
-0.02058116
-0.0200537
-0.01874295
-0.01569708
-0.009115351
-0.0003210651
0.005664865
0.008629758
0.0139765
0.02444007
0.03435023
0.03922163
0.03976269
0.03901315
0.03804128
0.03618815
0.03356544
0.03077137
0.02792618
0.02200516
0.01181624
0.002729289
-0.0005369015
0.0005948489
0.002129721
0.001926722
0.00052372
-0.0007554617
-0.001123481
-0.0007036226
-0.0002566405
-0.0002164687
-0.0007105847
-0.002543046
-0.006328679
-0.01216229
-0.01942352
-0.02579309
-0.02907951
-0.03018757
-0.03266239
-0.03883514
-0.0460531
-0.05098658
-0.05269881
-0.05265571
-0.05263245
-0.05340849
-0.05453762
-0.05522767
-0.05509744
-0.05422813
-0.05225618
-0.04858524
-0.043481
-0.03792063
-0.03255792
-0.02738292
-0.02296167
-0.01938883
-0.01634892
-0.0142079
-0.01326963
-0.01297934
-0.01302616
-0.01352598
-0.01410754
-0.01465405
-0.0151404
-0.01515937
-0.01477609
-0.0142373
-0.01383213
-0.01354069
-0.01330172
-0.01217658
-0.009188194
-0.004429924
0.001222088
0.006952281
0.0109262
0.0119833
0.01202705
0.01339851
0.01674474
0.0205492
0.02321275
0.0246697
0.02587674
0.02728246
0.02856643
0.02976647
0.03133623
0.03357873
0.03653874
0.03908084
0.04087237
0.04317089
0.04615818
0.04878205
0.05057649
0.05197515
0.05300193
0.05254531
0.04960891
0.04468961
0.03926154
0.03417061
0.03090883
0.02997072
0.02959182
0.02801101
0.02512256
0.0213535
0.01795824
0.01588027
0.01471386
0.01302541
0.01021774
0.007177834
0.004342155
0.002143388
0.0007712699
-0.000424361
-0.001766629
-0.002332103
-0.00035476
0.005276049
0.01276518
0.01911593
0.02225496
0.02239269
0.02174737
0.0224566
0.02418296
0.02564811
0.02636254
0.02675306
0.02571465
0.02100023
0.01386912
0.008289249
0.006300841
0.00737403
0.008942867
0.009111947
0.007691059
0.00591164
0.00512294
0.005787318
0.007690314
0.009436365
0.00986786
0.009723351
0.01044528
0.01262784
0.01563576
0.02033302
0.02679948
0.03301314
0.03805212
0.04047557
0.04207074
0.04492954
0.04834257
0.0506451
0.05169152
0.05216823
0.05246948
0.05227438
0.05168679
0.05131453
0.05134687
0.05118126
0.05009087
0.04789306
0.04523424
0.04289603
0.040978
0.03931117
0.03746359
0.03533506
0.03341723
0.03234255
0.03193018
0.03144291
0.02966694
0.02622409
0.02095311
0.01224837
0.0006774615
-0.0110919
-0.02011795
-0.02493348
-0.02754888
-0.03003551
-0.03226077
-0.03399941
-0.03526186
-0.0361295
-0.03587789
-0.03215041
-0.02239023
-0.008185707
0.00545943
0.01471331
0.01861928
0.01959329
0.02073694
0.02307512
0.0256953
0.02708079
0.02575803
0.0215465
0.01609503
0.009333128
0.000714015
-0.007764552
-0.01496302
-0.021642
-0.02797825
-0.03390995
-0.03846572
-0.04117038
-0.04277722
-0.04394979
-0.04470986
-0.04414193
-0.04049872
-0.03374376
-0.02562058
-0.01848413
-0.01303053
-0.009272196
-0.00688557
-0.005070792
-0.002971225
-0.0005376035
0.001436212
0.002607774
0.004124109
0.006599482
0.009769035
0.01348434
0.01716539
0.02055624
0.02282166
0.02355356
0.02371394
0.02462025
0.02723614
0.03044581
0.03324179
0.03549769
0.03764006
0.03913483
0.03902547
0.03752511
0.03565917
0.03419912
0.03316658
0.03145635
0.02882015
0.02563444
0.02295549
0.02196606
0.0234748
0.02622879
0.0280603
0.02851586
0.02814956
0.02808498
0.02931278
0.03171615
0.03437166
0.03635258
0.03808705
0.04060491
0.04382754
0.04749597
0.05145738
0.05526426
0.05836927
0.06021312
0.06037992
0.05973302
0.05985972
0.06087008
0.0622673
0.06337221
0.06391915
0.06397978
0.06331571
0.0611213
0.057709
0.0546095
0.05294736
0.05258823
0.05191179
0.04957262
0.04580299
0.04198636
0.03930081
0.03792066
0.03718043
0.036135
0.03439709
0.03133057
0.02761552
0.02479026
0.02334116
0.02284397
0.02214079
0.0211451
0.02069454
0.0213078
0.02279241
0.02469996
0.0271674
0.03004802
0.03268973
0.03504573
0.03754727
0.04020737
0.04321074
0.04700632
0.0504623
0.05264089
0.05421448
0.05623505
0.05961291
0.06394325
0.06848943
0.07247503
0.0750121
0.07585778
0.07586877
0.07503305
0.07257979
0.06755401
0.05895794
0.04971877
0.04289723
0.03871444
0.03518096
0.03102831
0.02670395
0.0240782
0.02429618
0.02653423
0.02979955
0.03378194
0.03819767
0.04193578
0.04368901
0.04363359
0.04332208
0.04365421
0.04479139
0.04634581
0.04724326
0.04737148
0.04709216
0.04544753
0.0428901
0.04166277
0.04279637
0.04443411
0.04465349
0.04325933
0.04057501
0.03637634
0.02968101
0.02122812
0.01479597
0.01156865
0.008345856
0.002088295
-0.006116592
-0.01192753
-0.01407833
-0.01481706
-0.01626544
-0.01859722
-0.02103232
-0.02323299
-0.02639153
-0.03031756
-0.03407759
-0.03659723
-0.03772606
-0.04023489
-0.0466657
-0.05596549
-0.06661862
-0.07798384
-0.08751722
-0.09380793
-0.09785589
-0.101093
-0.1045366
-0.1078928
-0.1106078
-0.1126307
-0.1136131
-0.1137341
-0.1134247
-0.1123868
-0.1094625
-0.1038429
-0.09718532
-0.09271209
-0.09087648
-0.09027561
-0.08981484
-0.0892691
-0.08813475
-0.08672457
-0.08607311
-0.08597825
-0.08596497
-0.08646599
-0.08730784
-0.08761766
-0.08757858
-0.08815977
-0.08917798
-0.08992355
-0.09071075
-0.09206096
-0.09358241
-0.09495819
-0.09662155
-0.09854725
-0.09992805
-0.1000373
-0.0989366
-0.09688303
-0.09327589
-0.08844951
-0.08340067
-0.07799681
-0.07170621
-0.06571856
-0.06153292
-0.05978863
-0.05973318
-0.06034729
-0.06128446
-0.06214124
-0.06314005
-0.06453383
-0.06644482
-0.06951209
-0.07438451
-0.07991051
-0.08435016
-0.08727832
-0.08903743
-0.09070412
-0.09227632
-0.09237351
-0.09069838
-0.08900329
-0.08722744
-0.08321341
-0.07437227
-0.06172362
-0.04917346
-0.03957114
-0.03228649
-0.02696724
-0.02343674
-0.02028432
-0.01508398
-0.00444871
0.01155107
0.02800501
0.03753449
0.03833245
0.03556077
0.03424341
0.0342818
0.03265828
0.02915247
0.02467597
0.01815492
0.01153949
0.00779624
0.007037977
0.006109694
0.003526085
-0.0005073947
-0.005173903
-0.01060685
-0.01608278
-0.0214849
-0.02925332
-0.03957296
-0.05015786
-0.05733856
-0.05979522
-0.05962044
-0.05900744
-0.05810122
-0.05613747
-0.05202393
-0.04588616
-0.04017102
-0.03553347
-0.03084835
-0.02521675
-0.0190727
-0.01313681
-0.007224568
-0.0008263889
0.005258476
0.00944638
0.0113484
0.01102474
0.008349914
0.00369136
-0.002427015
-0.008115933
-0.01175867
-0.0134917
-0.01469488
-0.01657565
-0.01821696
-0.01708076
-0.01159021
-0.003092516
0.005972622
0.01327404
0.01852566
0.02330347
0.02844383
0.03399515
0.03963273
0.04451674
0.04946565
0.05563314
0.06380246
0.07329533
0.08140522
0.08699068
0.0909571
0.09450394
0.09860088
0.1041173
0.1096135
0.1115112
0.1069541
0.09370717
0.07516273
0.05774239
0.0415544
0.0218765
-0.0007351479
-0.02262388
-0.03879531
-0.04591079
-0.04719671
-0.04860136
-0.05086305
-0.05035387
-0.04644434
-0.04205471
-0.03881097
-0.03522611
-0.03006572
-0.02458603
-0.02113751
-0.02029497
-0.02129152
-0.02271668
-0.02312023
-0.02158039
-0.01814828
-0.01418847
-0.01139973
-0.009360002
-0.007195634
-0.004079106
0.0004276791
0.005171071
0.01012997
0.01650551
0.02449022
0.03240207
0.03943731
0.04697574
0.05678797
0.06739208
0.07547784
0.07934964
0.08089301
0.08245006
0.08437066
0.08633791
0.08708308
0.08332726
0.07013761
0.05114402
0.03289428
0.01710635
0.0004314647
-0.01912007
-0.0383548
-0.05523249
-0.06855413
-0.07657459
-0.0798901
-0.08224769
-0.0848328
-0.08555559
-0.08279718
-0.07661576
-0.06625542
-0.05225233
-0.03721544
-0.02210552
-0.008159007
0.000227902
0.002569411
0.002473461
0.002853813
0.003969657
0.005430646
0.007592821
0.009822462
0.01105016
0.01108744
0.01072329
0.01050259
0.009731734
0.006646715
0.000111583
-0.01198674
-0.02826703
-0.04120841
-0.04867842
-0.05447526
-0.06080273
-0.06642889
-0.06979962
-0.06976139
-0.06518007
-0.05549741
-0.03995722
-0.02161936
-0.004884701
0.01255818
0.03258507
0.0521884
0.06871978
0.08088899
0.08799684
0.09016332
0.08423814
0.06393658
0.03442408
0.008654375
-0.004378964
-0.00765625
-0.009402287
-0.01303194
-0.01586114
-0.01341204
-0.002890528
0.01551806
0.03490182
0.04794851
0.05288931
0.05433608
0.05644148
0.0585802
0.05885319
0.05680076
0.0512297
0.03945541
0.02477969
0.01064175
-0.001898094
-0.01408962
-0.02600414
-0.03678466
-0.04840449
-0.05933197
-0.06527816
-0.06699635
-0.06805794
-0.06816308
-0.06539232
-0.0590626
-0.05083961
-0.04375745
-0.03926655
-0.03558933
-0.03115773
-0.02636873
-0.02164876
-0.01830656
-0.01665534
-0.0163421
-0.01805933
-0.0250176
-0.03978637
-0.05510277
-0.0631652
-0.06647376
-0.0700809
-0.0746548
-0.07896271
-0.08273111
-0.08609489
-0.08840268
-0.08829044
-0.08505119
-0.08004924
-0.0733462
-0.06500327
-0.05863599
-0.05602089
-0.05505092
-0.05318403
-0.05102292
-0.05109348
-0.05439988
-0.05955249
-0.06571401
-0.07483314
-0.08678704
-0.09997682
-0.1146143
-0.1322665
-0.1529683
-0.1730578
-0.1882142
-0.1976199
-0.2036477
-0.2073666
-0.2066606
-0.1997852
-0.1885491
-0.1741286
-0.1574442
-0.1392143
-0.1232775
-0.1118043
-0.1019212
-0.09035132
-0.07515364
-0.05435234
-0.0312332
-0.01330273
-0.002714659
0.006196422
0.01737835
0.03004167
0.04134345
0.05038997
0.05897804
0.06738545
0.07495147
0.08206153
0.09225228
0.1071149
0.1230256
0.136527
0.1482395
0.159349
0.1675538
0.1695684
0.1657053
0.1574979
0.1412318
0.1180548
0.0938855
0.07172598
0.05394891
0.04487108
0.04204683
0.04029648
0.04033936
0.04472442
0.05366224
0.06655694
0.07933305
0.08738569
0.09211932
0.09794144
0.1065192
0.1162125
0.1234138
0.1270961
0.1287994
0.1299115
0.1311485
0.1328722
0.1354457
0.1400704
0.1484407
0.1591972
0.1659555
0.1662618
0.1623295
0.1581979
0.1565906
0.1573365
0.1585467
0.1587625
0.1574623
0.1550946
0.1523639
0.1482771
0.1411078
0.1296448
0.115982
0.1033305
0.09024682
0.07443841
0.05726257
0.04280624
0.03237989
0.02344743
0.01505127
0.006987386
-0.001359442
-0.01022376
-0.01946553
-0.02725631
-0.03159689
-0.03538457
-0.03899625
-0.0415998
-0.04347004
-0.04434464
-0.04339527
-0.03960659
-0.03156163
-0.0209293
-0.01206741
-0.006620104
-0.004166145
-0.002340824
0.0008136781
0.004637034
0.008949587
0.01384463
0.01787744
0.02076396
0.02489392
0.03390016
0.0466939
0.05882533
0.06809751
0.07553994
0.08203379
0.08738555
0.09105113
0.09363526
0.09563589
0.09701474
0.09816643
0.09943072
0.1005546
0.1013023
0.1011628
0.09972823
0.09707767
0.09276184
0.08600338
0.07762645
0.07077066
0.06616418
0.06278554
0.05893619
0.05501798
0.05164215
0.04824895
0.04415974
0.03843269
0.03143814
0.02533783
0.02037064
0.0164872
0.01378683
0.0117776
0.009125181
0.004230647
-0.001831953
-0.007311149
-0.01255273
-0.01775332
-0.02163545
-0.02380223
-0.02579992
-0.02878261
-0.03145119
-0.03231589
-0.03132621
-0.02963416
-0.02809306
-0.02594069
-0.02320245
-0.02163512
-0.02188023
-0.02287353
-0.02388418
-0.02481177
-0.02578348
-0.02692932
-0.02896534
-0.03178509
-0.03478145
-0.03798938
-0.04113981
-0.04369537
-0.04548691
-0.04681134
-0.04892988
-0.05210739
-0.05583541
-0.06014342
-0.06438036
-0.0674922
-0.06928595
-0.07050178
-0.07167212
-0.07194824
-0.06811157
-0.05656868
-0.0391687
-0.02124316
-0.004349694
0.01131798
0.02622084
0.03975479
0.04956142
0.05489469
0.05758708
0.05921803
0.06009422
0.05883086
0.05355772
0.04261213
0.02512477
0.00700008
-0.006975665
-0.01737334
-0.02534022
-0.03199202
-0.0386417
-0.04451653
-0.04883123
-0.05245861
-0.05595192
-0.05825183
-0.05759806
-0.05248331
-0.04434511
-0.03659521
-0.03161923
-0.02770346
-0.02080127
-0.01137113
-0.002136974
0.004107824
0.006844563
0.00828121
0.01019733
0.01281224
0.01643315
0.02043243
0.02391854
0.02668201
0.02819042
0.02839997
0.02799913
0.02782373
0.02754407
0.02577024
0.02116009
0.01237808
-9.980412e-05
-0.01045688
-0.01444882
-0.01458901
-0.01537246
-0.01782263
-0.02052085
-0.02155413
-0.01908155
-0.009689101
0.007583296
0.02850374
0.04819329
0.06245908
0.07103583
0.07717914
0.08423252
0.09265446
0.1002067
0.1050889
0.1072573
0.1079105
0.1083431
0.1078017
0.1044501
0.09722102
0.08548353
0.07179014
0.05987654
0.05169349
0.04614049
0.0404077
0.03443697
0.02923568
0.02490956
0.02019584
0.01452448
0.008801266
0.002877971
-0.003698026
-0.009605408
-0.01420606
-0.01778129
-0.02002331
-0.0211471
-0.02186845
-0.02297531
-0.02471743
-0.02554053
-0.0238968
-0.02034333
-0.01581336
-0.01037635
-0.004356836
0.0005981675
0.003033448
0.00422586
0.005762404
0.007780676
0.009694189
0.01075417
0.01043775
0.009176992
0.007800826
0.006689733
0.00573814
0.004357541
0.002327634
0.0003568537
-0.001097463
-0.003285122
-0.00777802
-0.01392856
-0.02111463
-0.028694
-0.03557231
-0.04026861
-0.04311246
-0.04516818
-0.04742522
-0.04916024
-0.04951349
-0.04889823
-0.04750903
-0.04521914
-0.04127356
-0.03422404
-0.02450956
-0.01381218
-0.003701716
0.004139035
0.009244893
0.01208572
0.01369635
0.01487514
0.01508991
0.01270346
0.006166199
-0.005012272
-0.01948183
-0.03066804
-0.03625608
-0.03911858
-0.04159423
-0.04347262
-0.04424448
-0.04347372
-0.03958637
-0.03158971
-0.01962159
-0.006060681
0.005823459
0.01480066
0.0217469
0.02769522
0.03270387
0.03642493
0.03965597
0.04225407
0.04244999
0.0365589
0.02302169
0.006392113
-0.007275934
-0.01651517
-0.0239888
-0.03247109
-0.04204195
-0.05121209
-0.05817164
-0.0622151
-0.06467164
-0.06602899
-0.06617287
-0.06535452
-0.06448544
-0.06393388
-0.06351037
-0.06319351
-0.06296884
-0.06255955
-0.06173729
-0.06094076
-0.06034876
-0.05970498
-0.05923206
-0.05894452
-0.05869643
-0.05861422
-0.05924842
-0.06050046
-0.06174381
-0.06278377
-0.06421456
-0.06624642
-0.0686985
-0.07088821
-0.07208955
-0.07279027
-0.07352731
-0.07400749
-0.07399212
-0.0738289
-0.07218718
-0.06702429
-0.05846965
-0.04777007
-0.04006825
-0.03847681
-0.03991846
-0.04039545
-0.03941407
-0.03891892
-0.0402576
-0.04241616
-0.04453858
-0.04757125
-0.05323654
-0.06116075
-0.06712623
-0.06911551
-0.0685489
-0.06844123
-0.06965473
-0.07083405
-0.07104164
-0.06948639
-0.06494287
-0.05564343
-0.04155399
-0.02755405
-0.0175981
-0.01119454
-0.007042073
-0.004569483
-0.003319729
-0.002830281
-0.002986424
-0.00437724
-0.007864144
-0.01432751
-0.02385084
-0.0332235
-0.04193391
-0.05280813
-0.06603359
-0.07910628
-0.08955378
-0.0964825
-0.1017174
-0.1050196
-0.1063363
-0.1069054
-0.1079458
-0.1094055
-0.1105093
-0.110126
-0.1074962
-0.103554
-0.09855417
-0.09280931
-0.08695066
-0.08090726
-0.07423914
-0.06761823
-0.06171059
-0.0561626
-0.05065191
-0.04445565
-0.03753774
-0.0300983
-0.02240149
-0.01687548
-0.01518231
-0.01527214
-0.01431112
-0.0123069
-0.01083219
-0.01051398
-0.01116442
-0.01209951
-0.01270299
-0.01286098
-0.01309671
-0.01334243
-0.01364954
-0.01435843
-0.01524242
-0.0166612
-0.01887797
-0.02155339
-0.02341678
-0.0241653
-0.02431553
-0.02411258
-0.02316367
-0.02112966
-0.01791713
-0.0137442
-0.00873178
-0.003665106
0.0004661235
0.003284722
0.004832107
0.005540882
0.005923569
0.006154145
0.0052986
0.001114122
-0.008216634
-0.02092613
-0.03330825
-0.04128403
-0.04431435
-0.04547415
-0.04616714
-0.04654683
-0.04641277
-0.04555574
-0.04346135
-0.03892038
-0.0310668
-0.02064222
-0.01073896
-0.004013392
0.0009647873
0.005590278
0.01008076
0.01470165
0.01942281
0.02377743
0.02805181
0.03141136
0.03325066
0.03421841
0.0348033
0.0349121
0.03491095
0.03469404
0.03307301
0.02917677
0.02185668
0.01084211
-0.0006056293
-0.01069833
-0.02220218
-0.03514279
-0.04559621
-0.05225151
-0.05627011
-0.0591338
-0.06123162
-0.06235818
-0.06221265
-0.06033477
-0.0567007
-0.05181288
-0.04548958
-0.03857583
-0.03207195
-0.02599955
-0.02157673
-0.01914349
-0.01745688
-0.01558178
-0.01326101
-0.01134509
-0.01006098
-0.008830071
-0.007654763
-0.006847673
-0.006130583
-0.005481982
-0.005307388
-0.006633057
-0.01008893
-0.01621156
-0.02465612
-0.03409415
-0.04226794
-0.04860453
-0.05333844
-0.05825037
-0.06417767
-0.06971034
-0.07313588
-0.07453998
-0.07440589
-0.07221164
-0.06696617
-0.05790505
-0.04542707
-0.03280558
-0.02278199
-0.01471947
-0.00847362
-0.00356325
0.0008036185
0.004849506
0.008568592
0.01199938
0.0153073
0.01928938
0.02456772
0.03075581
0.03751378
0.04410059
0.04999414
0.05398823
0.05634404
0.05926201
0.0638812
0.06901546
0.07263723
0.0745337
0.07492084
0.07217436
0.06504475
0.05508737
0.04621885
0.04110118
0.03911611
0.03837493
0.03726579
0.03559977
0.03440289
0.03470803
0.03710268
0.04184993
0.04872897
0.05526719
0.05910158
0.06122554
0.06410335
0.06778048
0.07113442
0.0741299
0.0762485
0.07617251
0.07391465
0.07049441
0.06607445
0.06090662
0.05624719
0.05328837
0.051362
0.04841943
0.04276789
0.03436409
0.02422123
0.01320467
0.003345074
-0.004129209
-0.009025346
-0.01189193
-0.01420682
-0.01597025
-0.01671772
-0.01631714
-0.01469127
-0.01189526
-0.008153726
-0.00385581
0.0008225988
0.00499082
0.008134923
0.01023847
0.01189303
0.01369254
0.01553978
0.01675197
0.01746254
0.01797464
0.01800874
0.01721495
0.01585351
0.01420639
0.01216621
0.009236371
0.004866182
0.0001478937
-0.003543732
-0.006078363
-0.007779994
-0.009406479
-0.01067094
-0.01091446
-0.01029449
-0.008820878
-0.005775548
-0.0007964272
0.005889185
0.0137521
0.02140308
0.0278853
0.03327493
0.03862023
0.04357812
0.04812436
0.0524967
0.05683884
0.06062698
0.06362734
0.06583707
0.0670457
0.06762484
0.06829055
0.0689916
0.06932773
0.06936666
0.06913858
0.06827721
0.06675224
0.06498581
0.06287426
0.06040325
0.05823203
0.05623425
0.05415607
0.05256731
0.0521765
0.05261446
0.05306203
0.05376473
0.05507841
0.05630599
0.05771983
0.06030592
0.06401827
0.06732373
0.06962454
0.07216017
0.07521433
0.07841
0.08191692
0.08519782
0.08793786
0.09042729
0.0924175
0.09347784
0.09399709
0.09426825
0.09416983
0.09405293
0.09384169
0.09141004
0.08456637
0.07470116
0.06451083
0.05708108
0.05239034
0.04859575
0.044516
0.04118942
0.03891357
0.03605963
0.03268472
0.0309073
0.03132447
0.03266483
0.03415508
0.03545635
0.03646856
0.03684743
0.03589496
0.03356011
0.0304156
0.02672378
0.02303753
0.01998904
0.01736624
0.01475419
0.01222845
0.01014899
0.008859781
0.008392149
0.008663165
0.009536221
0.01045706
0.01135654
0.01356094
0.01727737
0.02146457
0.02486805
0.02798015
0.03156887
0.03558823
0.0395115
0.04361047
0.04686507
0.04877787
0.05067709
0.05274456
0.05432836
0.05553752
0.05676151
0.05783062
0.05790043
0.05625783
0.05354362
0.05125027
0.04955032
0.04747
0.0445203
0.0407116
0.03652364
0.03356435
0.03206
0.03069134
0.02902429
0.02758731
0.02673703
0.02610314
0.02541605
0.02449426
0.02347355
0.02283573
0.02295321
0.02362304
0.02461655
0.0259275
0.02729749
0.02871595
0.02994083
0.03059434
0.03068333
0.03047967
0.03030427
0.02994985
0.02943018
0.02904004
0.0287439
0.02815578
0.0272588
0.02667895
0.02636241
0.02539225
0.02370713
0.02205089
0.02095888
0.02018737
0.01912759
0.01777626
0.01657306
0.01570664
0.01449433
0.01220509
0.008864597
0.00525289
0.002478368
0.0003593026
-0.001564248
-0.003038892
-0.004066671
-0.005005177
-0.005523559
-0.005731833
-0.005773573
-0.005663381
-0.005490806
-0.005274986
-0.004873358
-0.003989028
-0.00334602
-0.003605791
-0.004480265
-0.005580207
-0.006890332
-0.008141009
-0.009217315
-0.009986169
-0.01045662
-0.01088545
-0.01139023
-0.01208996
-0.01288782
-0.01346925
-0.01382959
-0.01400786
-0.01385054
-0.01359003
-0.01382121
-0.01435203
-0.0149445
-0.01579888
-0.0164042
-0.01655892
-0.0165314
-0.01668193
-0.01697066
-0.01736387
-0.01731398
-0.0162407
-0.01465995
-0.01331033
-0.0123215
-0.01170938
-0.01153864
-0.01201596
-0.01317808
-0.01413447
-0.0147729
-0.01585695
-0.0176385
-0.01989042
-0.02198355
-0.02355408
-0.02482354
-0.02563322
-0.02584542
-0.02567291
-0.0252076
-0.02422516
-0.02159785
-0.01647925
-0.009129063
-0.002003736
0.00225887
0.003260233
0.002366698
0.001910903
0.002576718
0.003020027
0.001893579
-0.001052683
-0.005019759
-0.01060769
-0.0174182
-0.02336218
-0.02743904
-0.0312068
-0.03579945
-0.03921533
-0.04069037
-0.04214776
-0.04428659
-0.04599119
-0.04682064
-0.04734381
-0.0475215
-0.0468768
-0.04530092
-0.04260471
-0.03869504
-0.03437107
-0.03073549
-0.02842925
-0.02672223
-0.02464189
-0.0224385
-0.02038993
-0.01885397
-0.01791019
-0.01734301
-0.01696235
-0.01670589
-0.01696617
-0.01818301
-0.02000056
-0.02161702
-0.02317158
-0.02510803
-0.02749046
-0.03034452
-0.03361028
-0.03683036
-0.03959277
-0.04126198
-0.0414656
-0.04095195
-0.04065361
-0.04076503
-0.04055482
-0.03953683
-0.0382199
-0.03708773
-0.03650871
-0.03600716
-0.03493402
-0.03355589
-0.03191066
-0.02981219
-0.02683454
-0.02202225
-0.01574398
-0.009343921
-0.003213383
0.001539625
0.004827395
0.007268378
0.009015704
0.01036925
0.01140113
0.0116358
0.01080045
0.008992176
0.006812279
0.004397933
0.001456965
-0.002529369
-0.007120538
-0.01134095
-0.01493621
-0.01884516
-0.02316911
-0.02692453
-0.02929381
-0.03093259
-0.03334733
-0.03619816
-0.0383435
-0.03963044
-0.040357
-0.04067957
-0.04051884
-0.03968626
-0.03833955
-0.03704487
-0.03590539
-0.03338831
-0.02801741
-0.02066079
-0.01311664
-0.007991777
-0.005948321
-0.004442511
-0.002829236
-0.002053125
-0.00265607
-0.004425414
-0.00668989
-0.009212467
-0.01259268
-0.01714213
-0.02333176
-0.03080851
-0.03847248
-0.04463883
-0.04885138
-0.05181522
-0.05385275
-0.05505151
-0.05619138
-0.0576246
-0.05894287
-0.0599995
-0.06086105
-0.0613954
-0.06092439
-0.05946164
-0.0580452
-0.05730686
-0.05690306
-0.05625748
-0.05499343
-0.05307278
-0.05094853
-0.04895168
-0.04742862
-0.04585483
-0.04363893
-0.04119883
-0.03942368
-0.03871333
-0.03850563
-0.0388683
-0.04065729
-0.04385723
-0.04787759
-0.05253213
-0.05762773
-0.06232348
-0.0661324
-0.07011332
-0.07526684
-0.08083704
-0.08535089
-0.08825423
-0.09041173
-0.09233185
-0.09397603
-0.09508998
-0.09547198
-0.09531087
-0.09512379
-0.09430563
-0.09267831
-0.09126451
-0.09030148
-0.0897788
-0.0893486
-0.08888459
-0.08848611
-0.08797469
-0.08731607
-0.08696384
-0.08701796
-0.08718946
-0.08750203
-0.08795267
-0.08814845
-0.087932
-0.0875719
-0.08709749
-0.08621123
-0.08464966
-0.08258517
-0.07996235
-0.07724939
-0.07503485
-0.07320583
-0.07121551
-0.06880878
-0.06581246
-0.06201992
-0.0580404
-0.05464724
-0.05197742
-0.04980736
-0.04753703
-0.04323157
-0.03688303
-0.03121474
-0.02799685
-0.02702891
-0.02668121
-0.02566409
-0.02461473
-0.02442267
-0.02473334
-0.02489099
-0.02536892
-0.02645438
-0.02734133
-0.02788895
-0.02855072
-0.0292689
-0.02981281
-0.03006839
-0.03062812
-0.03166801
-0.03246003
-0.03261047
-0.03245327
-0.0320919
-0.03188717
-0.03241671
-0.03334063
-0.03365521
-0.0328462
-0.03120644
-0.02925516
-0.02716288
-0.02503882
-0.02291685
-0.01979608
-0.01538949
-0.01042528
-0.004932613
0.001168302
0.007845281
0.01397097
0.01903553
0.02411847
0.02957212
0.036207
0.0444671
0.05389269
0.06276186
0.06890009
0.07170707
0.07292622
0.07421841
0.07581416
0.07695779
0.07742482
0.0773549
0.07657755
0.07504748
0.07232374
0.06771486
0.06194906
0.05628284
0.05129061
0.04684368
0.04282133
0.03894953
0.03492634
0.03114088
0.02769114
0.02424172
0.02086365
0.01781116
0.01501838
0.01272601
0.01117899
0.0102602
0.009592342
0.008968513
0.008359027
0.007964787
0.008231196
0.008846463
0.009484871
0.01008463
0.01077559
0.01169534
0.01280964
0.01421634
0.01553298
0.01629976
0.01646474
0.01668772
0.01789106
0.02058449
0.02478803
0.02973354
0.03388348
0.03673024
0.03982601
0.04549162
0.05421175
0.06322721
0.0694781
0.07277168
0.07462527
0.07666187
0.07992896
0.08433422
0.08881645
0.0927647
0.09528248
0.09605041
0.09586002
0.09557913
0.09575703
0.09609029
0.09624126
0.09611546
0.09538398
0.09367423
0.09077954
0.08679945
0.08220025
0.07726607
0.07220021
0.06671476
0.06210379
0.05919009
0.05728084
0.0561297
0.05598023
0.05631391
0.0568813
0.05803279
0.05909617
0.05939807
0.05924686
0.05911747
0.05912962
0.05914955
0.05882236
0.05801579
0.05693318
0.05561375
0.05463063
0.05405743
0.05337936
0.05236121
0.05112286
0.05019535
0.05016664
0.05065663
0.05045905
0.04993961
0.04991926
0.05024233
0.05069166
0.05093883
0.05058896
0.04993484
0.04966086
0.05011072
0.050734
0.050724
0.04994416
0.0491099
0.04887332
0.04932262
0.05022298
0.05131524
0.05233082
0.05374202
0.05578215
0.05789533
0.05992988
0.06179753
0.06372195
0.06584483
0.06779706
0.06929237
0.07066567
0.07175526
0.07255617
0.07307049
0.07307
0.0727001
0.07235638
0.07247692
0.0726795
0.07257802
0.07227935
0.07205462
0.07203898
0.07210761
0.07195567
0.07162955
0.07141772
0.07177905
0.07255759
0.07349173
0.07455059
0.07552879
0.07631423
0.0766805
0.07665441
0.07649003
0.07642406
0.07650548
0.07636818
0.07582336
0.07505152
0.07379454
0.07212334
0.07039249
0.06836932
0.06560487
0.06255704
0.06017898
0.05851841
0.05716271
0.05572685
0.05417102
0.05319653
0.05256588
0.05117156
0.04886831
0.0465359
0.04528608
0.04515248
0.0449156
0.04396158
0.04267392
0.04149409
0.04049742
0.0397012
0.03873735
0.03764295
0.03685315
0.03614954
0.03555729
0.03535037
0.03526837
0.03510649
0.03484312
0.03487602
0.03539027
0.03609048
0.03675212
0.03730662
0.03813432
0.03898116
0.03926122
0.0389396
0.03858352
0.03855142
0.03841924
0.03785722
0.03725481
0.03695995
0.03680234
0.03633122
0.03551417
0.03487384
0.03474974
0.03518792
0.03603294
0.03679671
0.03762243
0.03926549
0.04138599
0.04318108
0.04447106
0.04513417
0.04576144
0.04694845
0.04792509
0.04754677
0.04582236
0.0438007
0.04199998
0.03986644
0.03715922
0.03448849
0.03231362
0.03006558
0.02751687
0.02510812
0.02353761
0.02293205
0.02258573
0.02189462
0.02089445
0.02001561
0.01958873
0.01945005
0.01930571
0.01933536
0.01972121
0.02038229
0.02151335
0.02326428
0.02560515
0.02760386
0.02900169
0.03032871
0.0319728
0.03358461
0.03477478
0.03539697
0.03574265
0.03598812
0.03585215
0.03543108
0.03493018
0.0344104
0.03385512
0.03320045
0.03243833
0.03191543
0.03174296
0.03160153
0.03142614
0.03172189
0.03227657
0.03248707
0.0320007
0.03101573
0.03046216
0.03043466
0.03066158
0.0310226
0.03149574
0.03173353
0.03157389
0.03137212
0.03153582
0.03205698
0.03214849
0.03149844
0.03062235
0.02975376
0.02860495
0.02700784
0.02489702
0.02212763
0.01883962
0.01526734
0.01112156
0.005653339
-0.0002852364
-0.006234985
-0.01262407
-0.01870933
-0.02378173
-0.02864969
-0.03419665
-0.03935504
-0.04256666
-0.04401274
-0.04475258
-0.04512472
-0.04521295
-0.04419626
-0.04072901
-0.03495744
-0.02787161
-0.02040582
-0.01371595
-0.008085144
-0.003602765
-0.0003470298
0.002224792
0.004131487
0.004745076
0.004122647
0.003242512
0.002354202
0.001124564
-0.000354094
-0.002149856
-0.004818145
-0.007991525
-0.01099381
-0.01397527
-0.01731531
-0.02075662
-0.0238674
-0.0271845
-0.03101278
-0.03486187
-0.03826553
-0.041341
-0.0443372
-0.04698535
-0.04917297
-0.05123975
-0.05374043
-0.05718928
-0.06066004
-0.06268093
-0.06346161
-0.06444633
-0.06649693
-0.06947041
-0.07255178
-0.07516244
-0.07745761
-0.07973157
-0.08186409
-0.08369499
-0.08527091
-0.08634809
-0.08674477
-0.08671322
-0.08615971
-0.08461788
-0.08220867
-0.07945544
-0.07627305
-0.07262139
-0.06961448
-0.0676361
-0.06579606
-0.06359584
-0.06181355
-0.06116236
-0.0611973
-0.06121569
-0.06109097
-0.06110874
-0.06151021
-0.06197025
-0.06221438
-0.06239466
-0.06240977
-0.0621958
-0.06220331
-0.06218047
-0.06183929
-0.06132482
-0.06085299
-0.06016032
-0.05920476
-0.05840671
-0.05780939
-0.05723492
-0.05680658
-0.05641975
-0.05589326
-0.05523122
-0.05469054
-0.05463591
-0.05514821
-0.05619949
-0.05747109
-0.05856045
-0.05956859
-0.06103547
-0.06287642
-0.06452758
-0.06575061
-0.06695123
-0.06813441
-0.06894059
-0.06927159
-0.06914295
-0.06857794
-0.06777176
-0.06704739
-0.06626053
-0.06524137
-0.06404685
-0.06269064
-0.0614575
-0.06039345
-0.05928963
-0.05843107
-0.05805158
-0.05769436
-0.05691252
-0.0559854
-0.05595317
-0.05680778
-0.05699853
-0.05627147
-0.05591628
-0.05649412
-0.05712323
-0.05711623
-0.05657442
-0.05571888
-0.05471318
-0.05400253
-0.05381503
-0.05339174
-0.05252994
-0.05175999
-0.05104144
-0.04988681
-0.04763514
-0.04433617
-0.04130233
-0.03944113
-0.03808663
-0.03637908
-0.03438946
-0.03240338
-0.03070683
-0.02965601
-0.02881044
-0.02774782
-0.02660651
-0.02555395
-0.0244417
-0.0232173
-0.02216099
-0.02143833
-0.02082262
-0.01997584
-0.0187436
-0.0170764
-0.01524558
-0.01384576
-0.01295467
-0.01233209
-0.01226128
-0.01272926
-0.01283716
-0.01228238
-0.01131758
-0.01019732
-0.009770962
-0.009938475
-0.009542942
-0.008339685
-0.006680579
-0.005170516
-0.004101327
-0.003292259
-0.002781128
-0.002392718
-0.001909658
-0.001612963
-0.001823126
-0.002530771
-0.003485731
-0.004944571
-0.007134149
-0.009991294
-0.0132358
-0.01637386
-0.0198393
-0.02377564
-0.02779634
-0.03234936
-0.03715934
-0.04098004
-0.04367066
-0.04603571
-0.0481534
-0.05034291
-0.0525577
-0.05411341
-0.05468623
-0.05495433
-0.05563826
-0.05658308
-0.05728289
-0.05751027
-0.057751
-0.05829378
-0.05852405
-0.0581922
-0.05775902
-0.05749315
-0.05724034
-0.05666262
-0.05546365
-0.05361942
-0.05125371
-0.04831044
-0.04461233
-0.03981433
-0.03400641
-0.02744973
-0.02125371
-0.01607501
-0.01176078
-0.007954003
-0.004415273
-0.001767933
-0.0003463557
0.0003681153
0.0007445914
0.0001911558
-0.001821984
-0.005302313
-0.01008196
-0.01481192
-0.01793953
-0.01976777
-0.0219491
-0.02474389
-0.02767774
-0.03035869
-0.03207683
-0.03286697
-0.03341658
-0.0338131
-0.03368393
-0.03305119
-0.0322346
-0.03131164
-0.03009024
-0.02865214
-0.02695552
-0.02501428
-0.02330986
-0.02164354
-0.01992342
-0.0182806
-0.0165267
-0.01453237
-0.01300535
-0.01326042
-0.01512523
-0.01722955
-0.01863403
-0.02059362
-0.02401058
-0.02898266
-0.03440326
-0.03952941
-0.04402428
-0.04847947
-0.05337783
-0.05761322
-0.06050851
-0.06251381
-0.06471127
-0.06688615
-0.06816619
-0.06872318
-0.06925819
-0.07009499
-0.07077015
-0.0710421
-0.07070219
-0.0700494
-0.06948952
-0.06902483
-0.06863613
-0.0682061
-0.06738647
-0.06593656
-0.06446649
-0.06348631
-0.06230889
-0.06049326
-0.0583969
-0.05628071
-0.054312
-0.05228788
-0.05012061
-0.04788044
-0.04517752
-0.04209876
-0.03950733
-0.03742014
-0.03574109
-0.03385674
-0.03126559
-0.02852574
-0.02646696
-0.02528102
-0.02413554
-0.02259867
-0.02127229
-0.02021573
-0.01925404
-0.01835657
-0.01759672
-0.01690267
-0.01614525
-0.01547091
-0.01464892
-0.01359583
-0.01244694
-0.01151928
-0.01082454
-0.01030896
-0.009688297
-0.008455016
-0.006702719
-0.00449458
-0.00235016
-0.0008387813
0.0004121727
0.002332557
0.005537948
0.00963052
0.0137621
0.01733464
0.02029208
0.02281153
0.02510413
0.02728065
0.02987483
0.03279901
0.03507928
0.03701073
0.03889622
0.04101828
0.04318952
0.04523337
0.04747958
0.05003299
0.05222965
0.05400135
0.05578758
0.05768444
0.05997887
0.06239859
0.06366213
0.06316298
0.06159926
0.05980867
0.05792707
0.05585937
0.05367954
0.05117806
0.04849833
0.04626621
0.04443649
0.04245075
0.04048849
0.03908945
0.03814102
0.0371775
0.03601429
0.03502161
0.03458267
0.03428824
0.0337895
0.03344977
0.03327175
0.03331707
0.03371563
0.03414586
0.03455492
0.03554166
0.03704127
0.03864973
0.04015432
0.04161384
0.0434017
0.04534833
0.04699928
0.04797436
0.04817314
0.04803224
0.04779182
0.04734709
0.04673482
0.04611428
0.04556914
0.04502897
0.04481657
0.04495121
0.04506966
0.04512039
0.04543685
0.04618864
0.0474558
0.04896351
0.05048125
0.05205941
0.05373552
0.05566764
0.05789104
0.06005204
0.06167915
0.06253168
0.06325098
0.06439513
0.06567574
0.06678765
0.06803506
0.0693803
0.07052035
0.07182156
0.0733453
0.07469357
0.07561576
0.07626004
0.07694142
0.07727925
0.07728027
0.07739246
0.07794777
0.07892591
0.07996987
0.08027819
0.07982241
0.07947891
0.07947069
0.07922294
0.0783776
0.07708362
0.07558153
0.07403065
0.07269147
0.07154243
0.07041562
0.0690413
0.06723234
0.0652129
0.06348795
0.06211834
0.06120007
0.06048104
0.05983871
0.05927644
0.05829022
0.05637934
0.05410898
0.05238842
0.05090945
0.04951137
0.04804495
0.04615605
0.04356905
0.04081089
0.03845897
0.03646357
0.03484231
0.033316
0.03143714
0.02941419
0.0277317
0.02644593
0.02516118
0.02374318
0.02235277
0.02088282
0.01913861
0.01697753
0.01460495
0.01231518
0.009838821
0.007340384
0.004694229
0.001424859
-0.002024777
-0.004990513
-0.007224993
-0.00943459
-0.01184095
-0.01384137
-0.01503668
-0.01581139
-0.01652799
-0.01675414
-0.01650423
-0.01631874
-0.01612557
-0.01584299
-0.01569851
-0.01558412
-0.01524285
-0.01436211
-0.01317343
-0.01192462
-0.01077426
-0.009334815
-0.0069991
-0.004467814
-0.002015435
0.0007862646
0.003722184
0.006227127
0.008361177
0.009996848
0.01091122
0.0111608
0.01091434
0.01025052
0.009081366
0.007413681
0.005400436
0.003254688
0.0007884057
-0.001617471
-0.003703978
-0.005495592
-0.007019514
-0.008800573
-0.0112756
-0.01373576
-0.014931
-0.01464364
-0.01387831
-0.01339896
-0.01313965
-0.01277448
-0.01179521
-0.01031788
-0.008731659
-0.007439116
-0.006118335
-0.004324007
-0.002525211
-0.001180855
-0.0005480248
-0.0007017563
-0.00113133
-0.001281587
-0.001525691
-0.002213369
-0.002902939
-0.00331241
-0.003569542
-0.003931392
-0.004820923
-0.006366056
-0.008310027
-0.0100179
-0.0113918
-0.01263927
-0.01411261
-0.01600252
-0.01789289
-0.01940267
-0.02111378
-0.02333293
-0.02531025
-0.02646199
-0.02710343
-0.02787047
-0.02887113
-0.02962667
-0.03014489
-0.03046457
-0.029922
-0.0287065
-0.02764849
-0.02660527
-0.02559007
-0.02440327
-0.02342157
-0.02281437
-0.02175807
-0.02025982
-0.01882558
-0.01828684
-0.01865073
-0.01873211
-0.01849142
-0.0184067
-0.01900516
-0.01994956
-0.02004445
-0.01933783
-0.01938598
-0.02037119
-0.02087983
-0.0201293
-0.01896899
-0.01858113
-0.01883941
-0.018846
-0.01778455
-0.01623371
-0.01524779
-0.01495048
-0.01492502
-0.01444824
-0.01340036
-0.01229382
-0.01087243
-0.009544808
-0.008819464
-0.008416261
-0.007712001
-0.006970649
-0.006578888
-0.006415045
-0.006423776
-0.006735044
-0.007115959
-0.007651348
-0.008266735
-0.00868075
-0.009015709
-0.009382825
-0.009713663
-0.01010771
-0.01112957
-0.01231252
-0.01273841
-0.01219288
-0.01145686
-0.01119371
-0.01126913
-0.01149821
-0.01197355
-0.01272138
-0.01370843
-0.01470055
-0.01552189
-0.01637953
-0.01737312
-0.01857084
-0.01989802
-0.02116626
-0.02275621
-0.0246143
-0.02632545
-0.02699147
-0.02679665
-0.02699581
-0.02796466
-0.02870595
-0.02904217
-0.03026389
-0.03286427
-0.03559724
-0.03739499
-0.03841512
-0.03935316
-0.04075673
-0.04232583
-0.04363381
-0.04480471
-0.04600102
-0.04619447
-0.04509352
-0.04384586
-0.04279487
-0.04120607
-0.038496
-0.03515584
-0.03247638
-0.0301392
-0.02742254
-0.02420171
-0.02148073
-0.01963517
-0.01812962
-0.01657958
-0.01489676
-0.01327787
-0.0117761
-0.01000744
-0.008395742
-0.007466494
-0.006829437
-0.006014482
-0.005049843
-0.004155677
-0.00363042
-0.003514931
-0.003430637
-0.003092692
-0.00239946
-0.002343207
-0.003354817
-0.004750128
-0.005721787
-0.006547502
-0.008043391
-0.009959555
-0.01127368
-0.01204626
-0.01316133
-0.01465951
-0.01587189
-0.01704204
-0.01831333
-0.01921805
-0.01976174
-0.02053126
-0.02179962
-0.02329386
-0.02467035
-0.02606575
-0.0279592
-0.02995485
-0.03137599
-0.03254995
-0.03386
-0.03519193
-0.03641682
-0.03772876
-0.03936598
-0.04103591
-0.04214423
-0.04310365
-0.04398997
-0.04434458
-0.04456996
-0.04502957
-0.04552218
-0.04602287
-0.04666696
-0.04716985
-0.04722881
-0.04737989
-0.04755967
-0.04729769
-0.04701056
-0.04673823
-0.04577155
-0.04430061
-0.0428825
-0.04158082
-0.04040186
-0.03880616
-0.03668704
-0.03481277
-0.03344927
-0.03235413
-0.03123107
-0.03008416
-0.02982648
-0.03053783
-0.03101216
-0.03047995
-0.02903849
-0.02733979
-0.02561367
-0.02371758
-0.02164806
-0.0193804
-0.01668292
-0.01358249
-0.01044593
-0.007597799
-0.0051538
-0.0028176
-0.0007158024
0.00116591
0.002701496
0.003858012
0.004698924
0.005181591
0.005330942
0.004834744
0.00336541
0.001582412
0.0001132506
-0.001314922
-0.002920484
-0.004539648
-0.005735175
-0.006450567
-0.00693399
-0.00740011
-0.007825951
-0.008078092
-0.008114862
-0.008153767
-0.008360856
-0.008992083
-0.00995025
-0.01078139
-0.01150305
-0.0120342
-0.01202856
-0.01147178
-0.01071856
-0.009905907
-0.00899174
-0.007627531
-0.005761944
-0.004130546
-0.002945022
-0.0009184273
0.002094171
0.005014652
0.007259127
0.00855051
0.00964958
0.01159693
0.01443785
0.01698987
0.01884502
0.0203116
0.02201002
0.02394298
0.0256062
0.02744663
0.02946824
0.03142433
0.0333773
0.03522889
0.03659969
0.0371807
0.03774519
0.03904003
0.04098605
0.04314699
0.04436399
0.04443189
0.04412058
0.04368435
0.04283151
0.04147463
0.03965443
0.03761009
0.03622886
0.03575244
0.0355213
0.03475014
0.03400702
0.03399447
0.03432631
0.03470649
0.03571707
0.03720521
0.03852413
0.03991628
0.04182573
0.04388808
0.04512192
0.04527841
0.04521927
0.04533868
0.04584391
0.04676341
0.0478559
0.04888284
0.05007059
0.05110501
0.0519416
0.05264755
0.05341612
0.0540872
0.05431737
0.05397935
0.05306754
0.05256966
0.05293533
0.05269075
0.05113475
0.048869
0.04679868
0.04503776
0.04377052
0.04292881
0.04177
0.04009561
0.03810148
0.03613767
0.03405683
0.03197298
0.03037807
0.02885232
0.02694656
0.02517916
0.02399261
0.02285545
0.02109309
0.0189596
0.01720343
0.01587883
0.0149614
0.01442934
0.01378176
0.01285616
0.01222478
0.01184134
0.01159238
0.01153158
0.01172698
0.01220663
0.01311035
0.01387842
0.01431918
0.01491573
0.01668816
0.01878847
0.0199616
0.0210109
0.02256996
0.02386592
0.02475657
0.02552243
0.02629907
0.02758112
0.02943022
0.03094445
0.03110989
0.0305248
0.03050085
0.03099025
0.03144554
0.03115488
0.03007687
0.02918956
0.02964034
0.03108516
0.03198304
0.03207765
0.03227847
0.03315125
0.03456143
0.03539269
0.03553689
0.03573205
0.03567968
0.03534667
0.0352306
0.03556442
0.03537146
0.0338825
0.03210526
0.03097398
0.03031858
0.02955158
0.02884555
0.0284017
0.02786204
0.02702145
0.02536063
0.02249953
0.01937621
0.0169015
0.01470659
0.01279842
0.01114116
0.009505714
0.007371862
0.005405944
0.004171309
0.003550977
0.003651001
0.004052984
0.004146057
0.004270158
0.005014267
0.006383568
0.007813047
0.009055665
0.01054692
0.0123396
0.0142608
0.01635034
0.01832216
0.02021118
0.02211851
0.0237696
0.02542912
0.02727132
0.02929489
0.03134557
0.03338206
0.03537752
0.03649419
0.03699875
0.03798437
0.03934584
0.04058834
0.04120862
0.04128676
0.04159181
0.04230173
0.04321196
0.04415701
0.04454322
0.04420819
0.04409335
0.04445182
0.04413687
0.04310996
0.0423922
0.04199395
0.041081
0.03957929
0.03837783
0.03805608
0.0386223
0.03961596
0.04000533
0.03997583
0.04047725
0.04184468
0.04362971
0.04531167
0.0468571
0.04821795
0.04935931
0.05079909
0.05258804
0.05427324
0.05508238
0.05487402
0.05379521
0.05211199
0.05133065
0.05194711
0.05250379
0.05161327
0.0492983
0.04665198
0.04428031
0.04238575
0.04065039
0.03862878
0.03630967
0.03404178
0.03260518
0.03168399
0.03080345
0.02977013
0.02866086
0.02803919
0.02788664
0.02781128
0.02779112
0.02761764
0.02814207
0.02970184
0.03076848
0.03027873
0.02903562
0.02821685
0.02794047
0.02816746
0.02872835
0.0289793
0.02867098
0.02821709
0.0280672
0.02793976
0.02742518
0.02673146
0.02583802
0.02434381
0.02251999
0.02029032
0.01746695
0.01445397
0.01134842
0.007871906
0.004799255
0.002503622
-0.0001455695
-0.003355948
-0.006198691
-0.00843267
-0.01042747
-0.01233988
-0.0141999
-0.01575777
-0.0172686
-0.01900022
-0.02079779
-0.02227017
-0.02319017
-0.02380039
-0.02442443
-0.02504085
-0.02539494
-0.02568124
-0.02562542
-0.02529002
-0.02600015
-0.02730804
-0.02757201
-0.02722999
-0.02733904
-0.02847958
-0.03011623
-0.03133567
-0.03215223
-0.03279899
-0.03325518
-0.03375385
-0.0340901
-0.03412326
-0.03369509
-0.03287714
-0.03197636
-0.03098095
-0.02976809
-0.02834227
-0.02680282
-0.02520908
-0.02370072
-0.0221028
-0.02035791
-0.01854991
-0.01686742
-0.01515331
-0.01364069
-0.01293798
-0.01313643
-0.01353258
-0.01328216
-0.01216822
-0.01119868
-0.01145071
-0.01248754
-0.01320663
-0.01346457
-0.01348136
-0.01356807
-0.0140309
-0.0142973
-0.01418323
-0.01415786
-0.01455687
-0.01507063
-0.01499551
-0.01493361
-0.01554472
-0.01645572
-0.01699963
-0.01703502
-0.01670708
-0.01646933
-0.01627242
-0.01604033
-0.01611468
-0.0167123
-0.01758629
-0.01853461
-0.01933039
-0.01950408
-0.01951991
-0.02049141
-0.02217097
-0.02353954
-0.02437074
-0.02502269
-0.02598507
-0.02720839
-0.02819171
-0.02900421
-0.0298102
-0.03063347
-0.03167112
-0.0327237
-0.03342306
-0.03372151
-0.03408546
-0.03462131
-0.03521498
-0.03574651
-0.0357721
-0.03534138
-0.03493646
-0.03488581
-0.03475961
-0.03410592
-0.03287893
-0.03126756
-0.02993169
-0.02906629
-0.02823994
-0.02744757
-0.02668191
-0.0259228
-0.02512234
-0.0243999
-0.02389988
-0.02311817
-0.0222675
-0.02187665
-0.021302
-0.01998698
-0.01853901
-0.01742283
-0.01645067
-0.01528835
-0.01417454
-0.01309171
-0.01186103
-0.01068761
-0.009913356
-0.009476559
-0.00914853
-0.009113042
-0.009388935
-0.009936696
-0.01049466
-0.01079454
-0.01092975
-0.01154218
-0.01285042
-0.01433376
-0.01517926
-0.01556756
-0.01604341
-0.01676703
-0.01762526
-0.01856958
-0.01933049
-0.0191361
-0.01777159
-0.01638034
-0.01552766
-0.01490899
-0.01426184
-0.01351193
-0.0125901
-0.011329
-0.01018964
-0.009391316
-0.008421005
-0.007307455
-0.006330611
-0.005569494
-0.005159537
-0.004962759
-0.004880538
-0.004824315
-0.004721321
-0.00493414
-0.005575882
-0.006223553
-0.006136838
-0.005367729
-0.005057327
-0.006107577
-0.007683022
-0.008141025
-0.007330566
-0.006318262
-0.00580216
-0.005585699
-0.00518654
-0.004525958
-0.004147557
-0.004209819
-0.00423786
-0.003866963
-0.003240729
-0.002806124
-0.002739285
-0.003015001
-0.003545052
-0.004128979
-0.004713278
-0.005600981
-0.00710025
-0.008855531
-0.01035789
-0.01143241
-0.01184576
-0.01196751
-0.01225887
-0.01267433
-0.0129607
-0.0127076
-0.01191313
-0.01083988
-0.009843345
-0.009047881
-0.008509343
-0.00831558
-0.008197115
-0.008230867
-0.00920934
-0.01098502
-0.01227608
-0.01302551
-0.01391357
-0.01527802
-0.0172207
-0.01906061
-0.02013613
-0.02055433
-0.02074745
-0.02032022
-0.01977437
-0.01951387
-0.01925648
-0.01911576
-0.01903325
-0.01887975
-0.01870052
-0.01889708
-0.01945413
-0.01956908
-0.01951249
-0.01912562
-0.01837927
-0.01774274
-0.01698896
-0.01599423
-0.0152147
-0.01494705
-0.01483665
-0.01447669
-0.01419645
-0.01473724
-0.01581329
-0.01635401
-0.01606488
-0.01597873
-0.01683343
-0.01810064
-0.01911801
-0.02001181
-0.020892
-0.02131778
-0.0212033
-0.02112348
-0.02138959
-0.02157216
-0.0210234
-0.02004156
-0.01917744
-0.01863011
-0.01807489
-0.01711149
-0.01562111
-0.01407931
-0.01287163
-0.01137524
-0.008982642
-0.006957898
-0.006373602
-0.006643677
-0.006597905
-0.0058259
-0.004881007
-0.004248159
-0.00388515
-0.003498133
-0.003243867
-0.003353617
-0.003739095
-0.004366964
-0.005061932
-0.005803837
-0.006819322
-0.008122848
-0.009149509
-0.00975049
-0.01015968
-0.01073628
-0.01170584
-0.01241187
-0.01243435
-0.01211612
-0.01193638
-0.01177518
-0.01123798
-0.01041728
-0.009678116
-0.00887268
-0.008008195
-0.007667728
-0.007672938
-0.007556419
-0.00735158
-0.007276637
-0.007673872
-0.008855589
-0.01052917
-0.01184841
-0.01282626
-0.014588
-0.01737487
-0.01954162
-0.02045849
-0.02066549
-0.02091122
-0.02122968
-0.02109226
-0.02015897
-0.01838648
-0.01689329
-0.01597759
-0.0146589
-0.01260324
-0.009837159
-0.007003479
-0.00495902
-0.003440101
-0.002103469
-0.0005990699
0.001285373
0.00265799
0.003057457
0.003060553
0.003302995
0.003330844
0.002554484
0.001153695
-0.0001747071
-0.001282161
-0.002461455
-0.004318368
-0.006400162
-0.007623543
-0.007588383
-0.007031744
-0.006751804
-0.006866207
-0.006896094
-0.006889
-0.006899428
-0.007258488
-0.007688803
-0.007597629
-0.007366502
-0.007296424
-0.007228975
-0.007068974
-0.006907866
-0.006267866
-0.005236654
-0.004273411
-0.003297412
-0.002214266
-0.001136496
-0.0003010376
0.0007374088
0.002480321
0.004048387
0.004255851
0.003078897
0.001648484
0.0008604183
0.0002302288
-0.0007835602
-0.001953615
-0.003041218
-0.004210262
-0.005355771
-0.006349968
-0.007266634
-0.00810206
-0.008822636
-0.009620164
-0.01086161
-0.01222767
-0.01337864
-0.01513069
-0.01726804
-0.01899407
-0.02038261
-0.02161505
-0.0225038
-0.02284156
-0.02283164
-0.02264785
-0.02108252
-0.0188181
-0.01675535
-0.01476451
-0.01296627
-0.01156541
-0.009850711
-0.007498601
-0.005987374
-0.005580387
-0.005468656
-0.00535818
-0.005155877
-0.004725647
-0.00420652
-0.003566232
-0.003076596
-0.002909521
-0.002931763
-0.002843903
-0.002501534
-0.002149734
-0.002060018
-0.002164606
-0.002074445
-0.002063834
-0.002554864
-0.003171326
-0.003112984
-0.002622501
-0.002176494
-0.002069546
-0.002068327
-0.001626153
-0.0007098475
7.452288e-05
0.0005589235
0.00107344
0.001874952
0.002911902
0.003797035
0.004608513
0.005315225
0.005558757
0.005510256
0.005267013
0.004807509
0.00415995
0.003603611
0.003524887
0.00390019
0.003921601
0.003467689
0.002974998
0.002771033
0.002910497
0.00315142
0.003685267
0.004450732
0.005097038
0.005538108
0.005988537
0.006496313
0.007038092
0.007465676
0.007429233
0.007101039
0.006704174
0.006171259
0.005567234
0.005198293
0.004962224
0.00454966
0.003553651
0.002001386
0.0005462145
-0.0004335495
-0.0009310125
-0.001061933
-0.001032113
-0.001072924
-0.001249198
-0.000859287
0.0003769051
0.001725433
0.002483385
0.00314601
0.004240575
0.005371944
0.006245201
0.006484521
0.005944995
0.005223816
0.004564143
0.003767128
0.002371341
0.0005992895
-0.001352134
-0.003669601
-0.006277644
-0.009028002
-0.01134134
-0.01335674
-0.0156755
-0.01812504
-0.02025835
-0.02181741
-0.02296195
-0.02382378
-0.02412127
-0.02382113
-0.02323684
-0.02228263
-0.0209879
-0.01960691
-0.01809241
-0.01621721
-0.01404712
-0.01233594
-0.01103117
-0.009406917
-0.0076915
-0.006676787
-0.006344839
-0.005687369
-0.004457707
-0.003394726
-0.003117537
-0.003492854
-0.004095859
-0.004388938
-0.00381329
-0.00287237
-0.002087934
-0.00109296
0.0005463632
0.002466854
0.004281408
0.006100826
0.007982542
0.01011205
0.01213438
0.01361306
0.01484145
0.01586744
0.01633131
0.01573032
0.01496973
0.01540542
0.0169959
0.01830549
0.01854877
0.01831299
0.017895
0.0175707
0.01734059
0.0172617
0.01739229
0.01726119
0.01669596
0.01625761
0.016284
0.0162903
0.01602444
0.01575977
0.0154396
0.01503834
0.01452658
0.01395865
0.01331136
0.01294959
0.01279633
0.01221066
0.01099326
0.009055143
0.006819213
0.005214312
0.004145565
0.002948834
0.001592516
0.0001272731
-0.001278857
-0.00248816
-0.00344159
-0.004272607
-0.00497576
-0.005182142
-0.004948517
-0.004744744
-0.004541853
-0.004076372
-0.003157571
-0.00192409
-0.0004243698
0.001236203
0.003165496
0.005334875
0.007006333
0.008199915
0.009833769
0.01158097
0.01263977
0.01325211
0.01374821
0.01418516
0.01434076
0.0143496
0.01433223
0.01403221
0.01326693
0.01235427
0.01158226
0.01068771
0.009772804
0.009336601
0.009084093
0.008643597
0.008189988
0.00805357
0.008100579
0.008463608
0.008995552
0.009466178
0.009766011
0.009735835
0.009604931
0.009865011
0.01062415
0.01144435
0.01175522
0.0117182
0.01191034
0.01254345
0.01306107
0.0129797
0.01240738
0.01141404
0.01000325
0.008514102
0.007095619
0.005571529
0.004342745
0.003945192
0.004086719
0.004044748
0.003636031
0.002984931
0.002599857
0.003247357
0.004707309
0.006143246
0.007057287
0.007412928
0.00750741
0.00768853
0.008042623
0.008085717
0.007671766
0.006901444
0.005949783
0.005063113
0.004185379
0.003231591
0.001985606
0.0002774486
-0.001794438
-0.003667319
-0.004851753
-0.005493271
-0.006162942
-0.006890944
-0.006798158
-0.005781408
-0.005020959
-0.004982925
-0.004854093
-0.003888016
-0.002307633
-0.0004970953
0.001369581
0.003180772
0.004518249
0.00530391
0.005610862
0.005575594
0.005316449
0.004778537
0.004000323
0.003027243
0.001671066
-2.573815e-05
-0.00146294
-0.002667363
-0.003916474
-0.005498582
-0.007263714
-0.008778779
-0.009705787
-0.01044885
-0.01145187
-0.01246004
-0.01293929
-0.01273593
-0.01231465
-0.01205783
-0.01184949
-0.01123157
-0.01017819
-0.009251019
-0.008666689
-0.008158014
-0.007485517
-0.006694187
-0.005964534
-0.005351368
-0.004881563
-0.004517194
-0.004055577
-0.003550822
-0.003627775
-0.004375653
-0.005049831
-0.00541108
-0.005801804
-0.006413386
-0.007295467
-0.008327721
-0.009141586
-0.009614684
-0.0100757
-0.01051852
-0.01098768
-0.01163747
-0.01269433
-0.01361932
-0.01372449
-0.0134079
-0.01312881
-0.01293813
-0.01304408
-0.01329985
-0.0135015
-0.01336139
-0.01272483
-0.0119355
-0.01136997
-0.01150173
-0.01186704
-0.01124994
-0.009307512
-0.00742077
-0.006888293
-0.007071703
-0.007013413
-0.006387176
-0.005677916
-0.005447233
-0.005632774
-0.005822685
-0.005745476
-0.005631178
-0.005814866
-0.006330256
-0.006805293
-0.006671697
-0.006324563
-0.006427651
-0.007147214
-0.008154212
-0.00883974
-0.009007644
-0.008525011
-0.007605037
-0.00704605
-0.007443201
-0.008156871
-0.008074306
-0.006823336
-0.005010178
-0.003211689
-0.001012854
0.00130952
0.003386167
0.005319811
0.007127533
0.008766415
0.01027114
0.0115103
0.01246936
0.01311021
0.01348431
0.01379535
0.01422139
0.01450536
0.01420213
0.01404329
0.01456302
0.01512784
0.01509489
0.01486358
0.01504332
0.01552418
0.01601777
0.01655293
0.01728901
0.01795882
0.01804092
0.01796315
0.01848611
0.01940762
0.02013756
0.02059807
0.02079608
0.02083993
0.02102696
0.02113269
0.02084287
0.0202211
0.01963531
0.01881885
0.01789014
0.01695753
0.01615165
0.01565181
0.01516504
0.01418032
0.01279126
0.01189295
0.01138891
0.01061742
0.009547953
0.008675958
0.008366832
0.008375322
0.00827822
0.008069389
0.008129436
0.008782857
0.009125578
0.008329745
0.007227895
0.006439215
0.005695279
0.00475268
0.003642799
0.002102947
-0.0002438538
-0.002173198
-0.00247974
-0.001930471
-0.001861298
-0.002487171
-0.003304426
-0.003540367
-0.002984921
-0.002187502
-0.001818285
-0.001882076
-0.001723138
-0.001019964
-0.0002663539
4.748403e-06
-4.280498e-06
1.216932e-05
0.0001158301
0.0002891632
0.000561634
0.0008645106
0.0008999356
0.001093003
0.00211014
0.003624631
0.00422082
0.003520811
0.002298323
0.001434643
0.0007438286
-0.0002153752
-0.001009759
-0.001118084
-0.0007784809
-0.0007903236
-0.001452756
-0.001883323
-0.001372679
-0.0003028792
0.0005427656
0.0008496024
0.001158837
0.00160329
0.001578236
0.001140757
0.0005926501
-0.0001567935
-0.001414049
-0.002807053
-0.003587199
-0.003998815
-0.004792547
-0.005585988
-0.0056955
-0.00520796
-0.00488759
-0.004813943
-0.004277005
-0.002887971
-0.0012461
3.297275e-05
0.0008682313
0.001803273
0.002936003
0.004130796
0.004941886
0.005162098
0.005280271
0.005326712
0.005024636
0.00474484
0.004557949
0.004118508
0.00340098
0.002551845
0.001316581
3.848823e-05
-0.0009819567
-0.002170579
-0.003581075
-0.004600242
-0.00534569
-0.00617288
-0.007116014
-0.007858864
-0.008098744
-0.007769528
-0.007435238
-0.007393842
-0.006861005
-0.005220848
-0.003615208
-0.003142714
-0.002987511
-0.001992643
-0.001022511
-0.000352214
0.001147579
0.003228453
0.004334852
0.004962786
0.006363927
0.008602966
0.01093456
0.01251555
0.01349454
0.01444833
0.01555051
0.01677043
0.01769085
0.01815967
0.01831102
0.01793361
0.01777143
0.01857041
0.01952325
0.01966274
0.01911596
0.01856657
0.01854999
0.01881295
0.01835874
0.01738304
0.01681289
0.01713792
0.0175127
0.01684003
0.01530216
0.01401584
0.01377642
0.01450014
0.01533859
0.01575848
0.01582349
0.01607479
0.01696698
0.01795381
0.01858488
0.01916077
0.02004486
0.02128544
0.02223656
0.022697
0.0233432
0.02452125
0.02581306
0.02667035
0.02681515
0.02649333
0.02631414
0.02667383
0.02720499
0.02734589
0.02714039
0.02707602
0.02707296
0.02722824
0.02776714
0.02853694
0.02933906
0.03017397
0.03091764
0.03160385
0.03214716
0.03266656
0.03302587
0.03312724
0.03322389
0.03360722
0.03424898
0.03477905
0.03489996
0.03472526
0.03467646
0.03454082
0.03417681
0.03412127
0.03451746
0.03484689
0.03498442
0.03549373
0.03607707
0.03633982
0.03652554
0.03667609
0.03682885
0.03668539
0.03656322
0.03749685
0.03865338
0.03907756
0.03898608
0.03895845
0.03908406
0.03905918
0.03879955
0.0384589
0.03812257
0.03720216
0.03560322
0.03420105
0.03392746
0.0341145
0.03351197
0.03222098
0.03098529
0.03029823
0.02999777
0.02934239
0.02795657
0.02652769
0.02582306
0.02540995
0.02469523
0.02348339
0.02211019
0.02109386
0.02069908
0.02053206
0.02028302
0.02004803
0.01980865
0.01956134
0.01983491
0.02085997
0.02166006
0.02090352
0.01937486
0.01850977
0.01838478
0.01833969
0.01835734
0.01823275
0.01771955
0.01717725
0.01706953
0.01724738
0.01713542
0.01646367
0.01553754
0.01500141
0.01476472
0.01394337
0.01305479
0.01268173
0.012349
0.0114112
0.01026697
0.009720853
0.009962793
0.009971038
0.00913953
0.008157257
0.007753817
0.008027849
0.008589018
0.008485729
0.007566817
0.007124981
0.007625915
0.008135368
0.008060319
0.007751809
0.007772215
0.008273424
0.008852693
0.008944333
0.008609925
0.008281276
0.008246389
0.008548058
0.008704343
0.008321556
0.007738128
0.007551328
0.007395674
0.006930201
0.00659037
0.006587117
0.006958052
0.007532479
0.007460953
0.006615467
0.006067261
0.006107371
0.006566566
0.007238368
0.007711778
0.007871898
0.007985235
0.008416978
0.008708355
0.008320694
0.007546286
0.006762279
0.006082149
0.005244773
0.003998777
0.001900324
-0.0005929237
-0.001766944
-0.0016606
-0.001874988
-0.002980346
-0.004437838
-0.00569162
-0.006755855
-0.007843162
-0.009021983
-0.01006502
-0.01057766
-0.01076974
-0.01105551
-0.01156085
-0.01196317
-0.01204628
-0.01192087
-0.01182206
-0.01164324
-0.01122836
-0.0110365
-0.01129741
-0.01125174
-0.01024671
-0.009152167
-0.009386998
-0.0106301
-0.01165016
-0.01201383
-0.01209241
-0.01205592
-0.01203955
-0.0121436
-0.01221301
-0.0123245
-0.01236096
-0.01238405
-0.01237183
-0.01218183
-0.0119633
-0.01188057
-0.01174949
-0.01162539
-0.01164683
-0.01201406
-0.01249179
-0.01294296
-0.01350934
-0.01419387
-0.01494682
-0.01579316
-0.01671293
-0.01771275
-0.01870561
-0.01986533
-0.02120293
-0.02250827
-0.02347178
-0.02415607
-0.02503358
-0.02615152
-0.02728947
-0.02837235
-0.02904052
-0.02919991
-0.02947253
-0.03009349
-0.0306725
-0.03082911
-0.03089972
-0.03144933
-0.03197371
-0.0321234
-0.03246091
-0.03316918
-0.03376039
-0.03407615
-0.03423326
-0.03451788
-0.03478007
-0.03483692
-0.03462179
-0.03429688
-0.03382693
-0.03360441
-0.03418706
-0.03471206
-0.03419467
-0.03321044
-0.03288482
-0.03327963
-0.03354122
-0.03293993
-0.03169587
-0.03074836
-0.03074569
-0.03112671
-0.03090755
-0.03037096
-0.0304743
-0.0311665
-0.03143323
-0.03026282
-0.02863764
-0.02803279
-0.02875242
-0.03000263
-0.03087163
-0.03090184
-0.03078482
-0.0313157
-0.03238018
-0.03334569
-0.03389883
-0.03426113
-0.03465581
-0.03519365
-0.0357193
-0.03629569
-0.03672987
-0.03667018
-0.03666278
-0.03721158
-0.03754078
-0.03705706
-0.03640407
-0.03653766
-0.03755372
-0.03878362
-0.03977265
-0.04018704
-0.04021914
-0.04029718
-0.04044188
-0.04072596
-0.04137891
-0.04184933
-0.04172413
-0.04121257
-0.04096046
-0.04124694
-0.04159548
-0.04143063
-0.04120211
-0.04143498
-0.04195118
-0.04239583
-0.0424771
-0.04212768
-0.04196209
-0.04227971
-0.04264744
-0.04292642
-0.04288021
-0.04225389
-0.04165001
-0.04156405
-0.04172666
-0.04158765
-0.04090766
-0.03993336
-0.03900788
-0.0383469
-0.0379884
-0.03736807
-0.03640648
-0.03567702
-0.03521527
-0.03485023
-0.03492935
-0.03460863
-0.03366144
-0.03281676
-0.03236344
-0.03199607
-0.03090408
-0.03010112
-0.03003797
-0.03001667
-0.02963345
-0.02899573
-0.02790959
-0.02694125
-0.0265674
-0.02656403
-0.02683867
-0.02738803
-0.02778805
-0.02774582
-0.02773265
-0.0280655
-0.02836729
-0.02816845
-0.0277128
-0.02714338
-0.02705853
-0.02740699
-0.02776523
-0.02813485
-0.02836792
-0.02850446
-0.02862023
-0.0284331
-0.02768108
-0.02643479
-0.02589592
-0.02669939
-0.02742582
-0.02674741
-0.02526978
-0.02441036
-0.02446267
-0.02443249
-0.02362855
-0.02255517
-0.02211159
-0.0220405
-0.02181369
-0.02148941
-0.02130825
-0.02124211
-0.02113968
-0.02085682
-0.02037071
-0.01997339
-0.01985574
-0.02045397
-0.02152762
-0.02195229
-0.02186911
-0.0218847
-0.02194564
-0.02196442
-0.02176593
-0.02131481
-0.02092988
-0.02073085
-0.02045576
-0.01995816
-0.01943949
-0.01910504
-0.01897923
-0.0189413
-0.01879799
-0.01865522
-0.01846051
-0.01793887
-0.01717387
-0.01657903
-0.01603638
-0.01581568
-0.01590554
-0.01581057
-0.01495792
-0.01389279
-0.01317531
-0.01268792
-0.01237114
-0.01216158
-0.01156781
-0.01043037
-0.009479626
-0.008985939
-0.008444104
-0.007565621
-0.006467405
-0.005485007
-0.00507481
-0.005205424
-0.005198603
-0.004724713
-0.004008884
-0.00357518
-0.003360327
-0.003093399
-0.002693493
-0.002217963
-0.001812686
-0.001418499
-0.000835435
-0.0001616483
0.0005044541
0.0009681407
0.001225558
0.001511593
0.002101223
0.002825071
0.003664841
0.004354364
0.004672117
0.005172247
0.005971826
0.006563096
0.006934743
0.007428283
0.008506823
0.009923192
0.01109383
0.01119949
0.01051006
0.01050159
0.01212383
0.01419412
0.01535677
0.01578553
0.01608667
0.01632453
0.0162445
0.0159475
0.01638892
0.01761473
0.01834927
0.01785569
0.01738031
0.01802974
0.01903788
0.01975636
0.02057951
0.02166822
0.02276001
0.02340807
0.02366432
0.02424148
0.02574403
0.02763257
0.02852501
0.02829573
0.02764572
0.02721967
0.02712851
0.02701575
0.0267196
0.02607474
0.02564187
0.02581887
0.0261171
0.02597102
0.02546226
0.02513799
0.02505262
0.02508073
0.02494268
0.02482632
0.02501894
0.02545216
0.02621023
0.02710189
0.02761719
0.0280586
0.02873879
0.02948936
0.03037625
0.03108088
0.03093865
0.03080535
0.03126278
0.03140523
0.03080565
0.03020457
0.02999223
0.02970891
0.0289575
0.02768147
0.02671826
0.02658932
0.02664407
0.02628198
0.02574266
0.02550843
0.02584424
0.02639509
0.02660427
0.02627092
0.02593203
0.02610574
0.02670338
0.02733194
0.02687551
0.02552058
0.02477256
0.02514026
0.02580554
0.02600712
0.02554937
0.024932
0.02479447
0.02499432
0.02501453
0.02486678
0.02444736
0.02386352
0.02370746
0.02379599
0.02331395
0.02256237
0.02228113
0.0222365
0.02178602
0.02084752
0.01941461
0.01853631
0.01962365
0.02190693
0.02314205
0.02284524
0.02228239
0.02249491
0.02305056
0.02334368
0.02325158
0.02279123
0.02246261
0.02242469
0.02244964
0.02253661
0.02259507
0.02252545
0.02251194
0.02263678
0.02260483
0.02239646
0.02250435
0.02305395
0.02376314
0.0249021
0.02608229
0.02652397
0.02623317
0.02601908
0.02612719
0.0261166
0.02603441
0.0261837
0.02610526
0.02633437
0.02747686
0.02791556
0.02655084
0.02493602
0.02449204
0.02490957
0.0249372
0.02402154
0.02294003
0.02242427
0.02249993
0.02240633
0.02149546
0.02074194
0.02107841
0.02146499
0.0210105
0.01945389
0.01751739
0.01643631
0.01612608
0.01550418
0.01421664
0.01306105
0.0125205
0.01214784
0.01165654
0.01112736
0.01070524
0.01064527
0.01083868
0.0110814
0.01148793
0.01191401
0.01225473
0.01251699
0.01276717
0.013567
0.01461643
0.0150617
0.01499507
0.01505642
0.01539374
0.01568923
0.01583173
0.01619675
0.0166275
0.016634
0.01629181
0.01589063
0.01560322
0.01541164
0.01549594
0.01554786
0.0151175
0.0145432
0.01422407
0.01418061
0.01428821
0.0144578
0.01451381
0.0144604
0.01480123
0.01550691
0.01567383
0.01513924
0.01524331
0.01672592
0.01831487
0.01899709
0.01878867
0.01842461
0.01837289
0.01839535
0.0183692
0.01827309
0.01781824
0.01722065
0.01669776
0.01620758
0.01601455
0.01637243
0.01677809
0.01652449
0.01584255
0.01546203
0.0152818
0.01493366
0.01433817
0.01402337
0.01452092
0.01474583
0.01351273
0.01150795
0.01037797
0.01073316
0.01126419
0.01080766
0.009840694
0.008414145
0.007493551
0.008534089
0.01018019
0.01057499
0.009258371
0.007854899
0.007483352
0.007473579
0.007156229
0.006736583
0.006640872
0.006250326
0.00489651
0.003352222
0.002612714
0.002736332
0.003004607
0.003064206
0.002959573
0.002768051
0.002699172
0.002853743
0.003339075
0.003884954
0.004349804
0.004894346
0.005737209
0.006340188
0.006106308
0.005599929
0.005532571
0.005820584
0.005866325
0.005423937
0.004331278
0.002894581
0.00171906
0.001010992
0.0006020124
-8.794245e-05
-0.001415696
-0.002591085
-0.003491313
-0.004535873
-0.005876549
-0.006878544
-0.007336394
-0.007666405
-0.008181506
-0.008798721
-0.00926682
-0.009394815
-0.009314895
-0.00913794
-0.008695422
-0.008896217
-0.009364074
-0.009239442
-0.008294452
-0.007470104
-0.007635653
-0.008011913
-0.008029327
-0.008113363
-0.008867202
-0.009897814
-0.009842709
-0.008566811
-0.007579262
-0.007406077
-0.007425745
-0.00746244
-0.007712769
-0.00820507
-0.008704022
-0.009179301
-0.009654447
-0.01007615
-0.01080606
-0.0119951
-0.01306712
-0.01379329
-0.01436835
-0.01545063
-0.01687382
-0.01842631
-0.01995349
-0.0209297
-0.02104928
-0.02083806
-0.0211175
-0.02203182
-0.02323031
-0.023834
-0.0237999
-0.02373528
-0.02411953
-0.02474369
-0.02485994
-0.02485421
-0.02424044
-0.02322213
-0.0229153
-0.02349925
-0.02400361
-0.02348258
-0.02190756
-0.02044474
-0.01987828
-0.02000716
-0.01994937
-0.01937587
-0.01872787
-0.01868717
-0.01869733
-0.01795719
-0.01673812
-0.01581728
-0.01565773
-0.0156505
-0.01525831
-0.01485774
-0.0149646
-0.0149432
-0.0144266
-0.01395769
-0.01366542
-0.01321264
-0.01275185
-0.01261909
-0.01278257
-0.01286311
-0.01289207
-0.01310736
-0.01356113
-0.01353393
-0.01297934
-0.01283454
-0.01317868
-0.01370637
-0.01369925
-0.01328404
-0.01314156
-0.013354
-0.0135267
-0.01336055
-0.01299799
-0.01238591
-0.01186866
-0.01199447
-0.01238571
-0.01250801
-0.01224319
-0.01184141
-0.01148328
-0.01112937
-0.01102466
-0.01110858
-0.01132673
-0.01171601
-0.01218049
-0.01223592
-0.0118563
-0.01174092
-0.01249138
-0.01327087
-0.01289289
-0.01145107
-0.01005589
-0.009500289
-0.009352625
-0.009031064
-0.008341244
-0.007634499
-0.007111716
-0.00658897
-0.006235215
-0.006142385
-0.005878619
-0.005382422
-0.00497736
-0.004828216
-0.004576333
-0.00407829
-0.00377237
-0.003454888
-0.003088654
-0.002660725
-0.0019225
-0.0005363905
0.0009575509
0.001350817
0.0003994625
-0.0008680257
-0.001480838
-0.001160253
-0.0002679878
-2.691281e-05
-0.0009996296
-0.002379138
-0.002900105
-0.002742334
-0.002658944
-0.003099792
-0.003826258
-0.004273988
-0.00488611
-0.005611772
-0.005672149
-0.005428823
-0.006262111
-0.007727918
-0.008397397
-0.008264847
-0.008228838
-0.008638756
-0.009162799
-0.009449356
-0.009600775
-0.009681306
-0.009710387
-0.00975731
-0.009739967
-0.009627181
-0.009560125
-0.009697699
-0.009876288
-0.009750441
-0.009389245
-0.009151317
-0.009077718
-0.009100402
-0.009458033
-0.01005509
-0.01076795
-0.01156492
-0.01210544
-0.01206863
-0.01149363
-0.01137018
-0.01240279
-0.0137403
-0.01432308
-0.01391687
-0.01341875
-0.01347791
-0.01391971
-0.01418667
-0.01406656
-0.01384596
-0.01373093
-0.0136393
-0.01372409
-0.01391899
-0.01373374
-0.01300257
-0.01196425
-0.01121794
-0.01111547
-0.01127441
-0.01090556
-0.01001211
-0.009528144
-0.00971028
-0.01015829
-0.01062457
-0.01094474
-0.01068586
-0.009877721
-0.009544507
-0.009915599
-0.01056513
-0.01095774
-0.01117179
-0.01183598
-0.01293135
-0.01357638
-0.01370112
-0.01391462
-0.01427058
-0.01458723
-0.01512533
-0.01578389
-0.01595782
-0.01564962
-0.01524326
-0.0148765
-0.01441728
-0.0138661
-0.01342972
-0.01317763
-0.01291498
-0.01247925
-0.01194922
-0.01150045
-0.01125324
-0.0111216
-0.01096224
-0.01078445
-0.01064662
-0.01057187
-0.01061017
-0.01073498
-0.01085216
-0.01093644
-0.01139218
-0.01241971
-0.01302599
-0.01248387
-0.01181495
-0.01182966
-0.01203037
-0.01182012
-0.01141084
-0.01135044
-0.01114331
-0.01052762
-0.00969112
-0.00887372
-0.008481562
-0.008487819
-0.00814294
-0.007861535
-0.007700386
-0.007239015
-0.006525211
-0.006040283
-0.005879922
-0.005643753
-0.005208241
-0.00471549
-0.004284695
-0.003684254
-0.002819386
-0.0019107
-0.001158881
-0.0004995725
0.0004909053
0.001818532
0.003147227
0.004360894
0.005233168
0.005906524
0.006691709
0.007591496
0.008398396
0.009015746
0.009705941
0.01048336
0.01103424
0.01133945
0.01179989
0.01253822
0.01373393
0.01471059
0.01480483
0.01434888
0.01419745
0.01453077
0.01482806
0.014648
0.01425585
0.01415887
0.0140126
0.01356342
0.01356552
0.01453549
0.01617918
0.01685015
0.01630175
0.01626428
0.0172654
0.01826096
0.0188167
0.01941747
0.0199513
0.02007129
0.02016392
0.02055604
0.02101148
0.02130509
0.02140892
0.02167371
0.02223183
0.02264375
0.02282208
0.0229992
0.02337857
0.02394312
0.02458977
0.02484288
0.02367433
0.02124011
0.01922065
0.01852571
0.01856149
0.01859863
0.01828502
0.01701955
0.01563351
0.01525398
0.01545676
0.01566231
0.01564179
0.01529978
0.01528461
0.01594408
0.01634674
0.01598688
0.01562285
0.01581341
0.01635144
0.01659021
0.01648343
0.0162984
0.0162842
0.01637346
0.01640445
0.01623128
0.01603441
0.01601847
0.01603327
0.0159296
0.01590452
0.01604599
0.01627624
0.01652187
0.01697892
0.01784576
0.01877504
0.01926274
0.01940529
0.01991302
0.02081631
0.02153202
0.02176537
0.02137133
0.02113248
0.02187007
0.02309259
0.02375918
0.0235795
0.0230581
0.02283394
0.02281664
0.02265852
0.02254268
0.02249233
0.02246442
0.02254828
0.02259598
0.02259432
0.02268347
0.02283035
0.0228192
0.02289123
0.02306977
0.02284953
0.02229413
0.02182867
0.02147545
0.02091747
0.02002062
0.01852112
0.01649032
0.01478866
0.01430808
0.01508116
0.01512831
0.01360962
0.01213581
0.01134927
0.01075403
0.01017565
0.00935729
0.008427997
0.007629771
0.006521885
0.005666487
0.005080472
0.004625399
0.0044471
0.004293951
0.00393949
0.003505022
0.003304628
0.003115409
0.002642188
0.002739909
0.003707635
0.004655979
0.004375559
0.002949322
0.001419815
0.0006517785
0.0005511332
0.0006595528
0.0005225147
-2.249976e-05
-0.0003326846
-0.0004120583
-0.0008041555
-0.001155966
-0.0009493045
-0.0009381801
-0.001447456
-0.001964851
-0.002357237
-0.002677743
-0.003073193
-0.003572955
-0.00404281
-0.004305808
-0.004504836
-0.004868736
-0.005322694
-0.005815832
-0.006400378
-0.006891449
-0.007418912
-0.008086547
-0.008421565
-0.008554709
-0.009149014
-0.009984919
-0.01052539
-0.01026403
-0.009485638
-0.009544744
-0.01047245
-0.01117516
-0.01105741
-0.01055331
-0.0102472
-0.01003602
-0.009421753
-0.009957535
-0.01134279
-0.01120311
-0.009642754
-0.00890733
-0.009515354
-0.009869712
-0.009329691
-0.008719506
-0.008606331
-0.008635689
-0.008327295
-0.007895649
-0.007585285
-0.008141312
-0.009043135
-0.008567682
-0.007439774
-0.006764667
-0.006691443
-0.006823321
-0.006474726
-0.0059775
-0.005795583
-0.006155774
-0.00645028
-0.006391486
-0.006254161
-0.006514771
-0.00754747
-0.008144537
-0.00733343
-0.005952937
-0.005173229
-0.005247153
-0.00546879
-0.005478443
-0.005298915
-0.005134554
-0.005295362
-0.00603971
-0.006749801
-0.006653177
-0.006211069
-0.006247178
-0.00660725
-0.006940166
-0.007172047
-0.007363372
-0.007400973
-0.0073149
-0.007406751
-0.007191184
-0.005869614
-0.00412186
-0.003360435
-0.004091643
-0.005273645
-0.005781939
-0.005501935
-0.004867172
-0.004233094
-0.003811123
-0.003835947
-0.004184129
-0.004468733
-0.004597911
-0.00475997
-0.004948496
-0.005086819
-0.005105429
-0.00510189
-0.005456445
-0.00579645
-0.005657281
-0.00570505
-0.00643495
-0.006960272
-0.006584825
-0.005547463
-0.004208881
-0.003161936
-0.002597364
-0.002248461
-0.001989533
-0.001548185
-0.0009973969
-0.0004380956
0.0003803132
0.001156155
0.001513636
0.001667783
0.001895852
0.001914089
0.001843099
0.001832079
0.001713206
0.001590734
0.001378333
0.00121308
0.001233211
0.001571306
0.00165484
0.0009741332
-2.119131e-05
-0.0006731454
-0.001181077
-0.002068682
-0.002733437
-0.002903897
-0.002857821
-0.002818979
-0.002828917
-0.003208222
-0.003710881
-0.003694203
-0.003319631
-0.003021684
-0.002856611
-0.002522993
-0.001826092
-0.001147868
-0.0006862422
-0.0001718146
0.0005119121
0.00128944
0.001859178
0.001798812
0.0008765479
0.0001038956
0.0008443749
0.001960171
0.002219321
0.001868057
0.001194283
0.0005017497
2.88946e-05
-0.0002362819
-7.166913e-05
-0.0003576138
-0.001452498
-0.002578586
-0.003025311
-0.003044474
-0.003664856
-0.004451433
-0.004455597
-0.003809221
-0.00343536
-0.003831247
-0.004240369
-0.004053011
-0.003058799
-0.001927686
-0.001289022
-0.001333716
-0.00201693
-0.002777167
-0.003161877
-0.003086143
-0.002693316
-0.002272729
-0.002005282
-0.002172788
-0.002751858
-0.003261645
-0.003196513
-0.002970395
-0.003281985
-0.004219931
-0.005116536
-0.005363425
-0.005074003
-0.004949634
-0.005347111
-0.005717111
-0.005805739
-0.005902206
-0.005834363
-0.005498001
-0.005309874
-0.005407657
-0.005472344
-0.005378791
-0.005140425
-0.00486629
-0.004719189
-0.00482579
-0.005068989
-0.004987108
-0.00438489
-0.004057135
-0.004505762
-0.004931765
-0.004848435
-0.004304862
-0.00381099
-0.003799507
-0.004260737
-0.004779777
-0.004911479
-0.004891012
-0.005040754
-0.005266484
-0.005622874
-0.006323966
-0.006758214
-0.006693276
-0.00663409
-0.007073973
-0.007543001
-0.0078789
-0.008293256
-0.008843766
-0.009287263
-0.00925749
-0.00915928
-0.009247928
-0.009301172
-0.009517057
-0.009589904
-0.009345895
-0.00908625
-0.008898519
-0.00868899
-0.008452529
-0.008391384
-0.008725433
-0.009618674
-0.01035932
-0.01002984
-0.008867814
-0.007622541
-0.007052444
-0.007444713
-0.008036356
-0.008097524
-0.007591056
-0.006964375
-0.006768192
-0.007211832
-0.007896682
-0.008180626
-0.0077295
-0.007365549
-0.007576434
-0.007813761
-0.007758756
-0.0077611
-0.007699156
-0.007546702
-0.007622988
-0.007539401
-0.006581646
-0.005508206
-0.005569104
-0.006826132
-0.008102565
-0.008482916
-0.008508112
-0.008771571
-0.00879997
-0.008223486
-0.007740093
-0.007966934
-0.008345487
-0.008116246
-0.007355446
-0.007301269
-0.007927492
-0.008135141
-0.007756918
-0.007648451
-0.008167404
-0.008738498
-0.008946911
-0.008854836
-0.008779433
-0.009088441
-0.009825643
-0.01045792
-0.01070514
-0.01070909
-0.01052689
-0.01049553
-0.01078843
-0.01108924
-0.01112058
-0.01112589
-0.01132153
-0.01141609
-0.01133484
-0.01104732
-0.01044246
-0.009927957
-0.009946231
-0.009949465
-0.009375968
-0.008848352
-0.008707525
-0.008654087
-0.008583599
-0.00855797
-0.00841381
-0.008120395
-0.007779774
-0.007492437
-0.007201821
-0.006722419
-0.006178471
-0.005745702
-0.005240633
-0.004290057
-0.003288936
-0.002862463
-0.002557835
-0.001979516
-0.001342912
-0.0009184921
-0.0004265878
0.0001723186
0.0006549691
0.0009172294
0.001096029
0.001386305
0.001791138
0.001996295
0.001881339
0.001234546
0.0003092194
0.0004149415
0.001754897
0.003122226
0.003628441
0.003445367
0.003168393
0.003317765
0.003677399
0.003957627
0.004145994
0.004553572
0.005698305
0.007079972
0.008014616
0.008104266
0.007290415
0.006656357
0.007071382
0.007866749
0.00848186
0.008469859
0.008037445
0.008122266
0.009414105
0.01082285
0.01135352
0.01102304
0.01020359
0.009999736
0.01067871
0.01120724
0.01108156
0.0108975
0.01099049
0.01104345
0.01092293
0.0107407
0.01040468
0.0100352
0.01011069
0.01001609
0.009818844
0.009365796
0.008926192
0.008709657
0.008439256
0.008034078
0.007605146
0.007256776
0.007116971
0.006912695
0.006567436
0.006452489
0.00658832
0.006609015
0.006542689
0.006484233
0.006630643
0.006839972
0.006951591
0.006978746
0.006974828
0.006914302
0.00705934
0.007933425
0.008445397
0.007703945
0.006768528
0.006548433
0.007006195
0.008026543
0.008995229
0.008924627
0.008071513
0.007728146
0.008409566
0.009339992
0.009698613
0.009734813
0.009680986
0.009675438
0.009856838
0.01026583
0.01064562
0.01064698
0.01054763
0.01046756
0.01047227
0.01053079
0.01057094
0.01108489
0.01219878
0.01264252
0.01231442
0.01203871
0.01182279
0.01153229
0.01121655
0.01088001
0.01080323
0.01173243
0.01331249
0.01439262
0.01453675
0.01433175
0.01418016
0.01419479
0.0145193
0.01486305
0.0148479
0.01487397
0.01503447
0.01514755
0.01541459
0.0156514
0.01572378
0.01557917
0.01536929
0.01526756
0.01503795
0.01467335
0.01454079
0.01501967
0.01578077
0.01574897
0.01478285
0.01347417
0.01252694
0.01213776
0.01224387
0.01233171
0.01218762
0.01209832
0.01207343
0.01185138
0.01146303
0.01181188
0.01278264
0.01305171
0.01230047
0.01149554
0.01169696
0.01274679
0.01364523
0.01366806
0.01305065
0.01248435
0.01223103
0.01197426
0.01131432
0.01039476
0.009861422
0.00995767
0.01018215
0.01008108
0.009747851
0.009492115
0.009419493
0.009457626
0.009508361
0.009508041
0.009506059
0.009555787
0.009421724
0.009149573
0.009442489
0.009833394
0.009820737
0.009675022
0.009677389
0.009833999
0.009829714
0.009591238
0.00915788
0.008622215
0.008044156
0.007556638
0.00725254
0.006881444
0.00619527
0.005215288
0.004447457
0.004234359
0.004316112
0.004147119
0.003632297
0.002850628
0.001890744
0.001520666
0.001721939
0.001897188
0.001783478
0.001637783
0.001650854
0.001685318
0.001524536
0.001149657
0.0006386367
8.821718e-05
3.633055e-05
0.0009380807
0.002167018
0.002751722
0.002380983
0.001719954
0.001729504
0.00222375
0.002551718
0.002333959
0.001824494
0.001495361
0.001251937
0.0009816372
0.0007924302
0.0007263612
0.0006889842
0.0005493927
0.0003286439
0.0001446306
-0.0001516702
-0.0004173119
-0.0004444208
-0.0002075886
0.0003189351
0.0006907659
0.0001366912
-0.001138395
-0.002240954
-0.002774647
-0.002873987
-0.00273514
-0.002701097
-0.002887558
-0.003243162
-0.003475234
-0.003610033
-0.003853703
-0.004180556
-0.004475318
-0.004743618
-0.004963349
-0.005200115
-0.005472188
-0.005712822
-0.00592778
-0.006203653
-0.006432933
-0.006774954
-0.007184138
-0.007439575
-0.007662619
-0.007870108
-0.008090266
-0.008173144
-0.008338728
-0.008826564
-0.009391788
-0.009713449
-0.009738228
-0.009667935
-0.009714894
-0.009895525
-0.01004988
-0.01000498
-0.009916809
-0.009865761
-0.00959774
-0.009215948
-0.00915349
-0.009394954
-0.009507061
-0.009402447
-0.009195631
-0.00895956
-0.008830807
-0.008806872
-0.008852033
-0.008828206
-0.008623471
-0.008420901
-0.008438065
-0.008554042
-0.008508246
-0.008376208
-0.008675805
-0.009378683
-0.0100328
-0.01027086
-0.01029146
-0.01065522
-0.01148301
-0.01247649
-0.01315688
-0.01344383
-0.01379647
-0.01440289
-0.01503714
-0.01585867
-0.01711918
-0.01806998
-0.01822026
-0.01796401
-0.01763715
-0.01730932
-0.01739658
-0.01773419
-0.0179387
-0.01817397
-0.01825603
-0.01794304
-0.01759185
-0.01737651
-0.01710632
-0.01674979
-0.01637575
-0.01605792
-0.01571623
-0.0155722
-0.01550706
-0.01509904
-0.0144129
-0.0137678
-0.01302296
-0.01190804
-0.01101055
-0.01097356
-0.0111429
-0.01093231
-0.01063564
-0.01055917
-0.01059878
-0.01068693
-0.01074479
-0.01106679
-0.01145435
-0.01155654
-0.01144619
-0.01146346
-0.01171899
-0.0118553
-0.01155018
-0.01084743
-0.0102939
-0.01022914
-0.01026606
-0.01001175
-0.009511857
-0.0090774
-0.008857829
-0.008657922
-0.008233882
-0.007955762
-0.008147786
-0.008218151
-0.007828439
-0.00733636
-0.007114466
-0.006963105
-0.006539556
-0.006060489
-0.005744301
-0.005574968
-0.005499103
-0.005418486
-0.005290255
-0.005042674
-0.004560136
-0.004088314
-0.003816623
-0.003548049
-0.00320518
-0.002911205
-0.002663634
-0.00239303
-0.002240759
-0.002265785
-0.002278914
-0.002042865
-0.001640753
-0.001282181
-0.001156291
-0.001126063
-0.0009078448
-0.000600197
-0.000391899
-0.0003034051
-0.0002721009
-0.0001864493
-8.174931e-06
0.0001753022
0.0002883032
0.0003210964
0.0001729676
-0.0001625466
-0.0005100555
-0.0006768213
-0.0006428901
-0.0005953008
-0.0006332867
-0.0006812466
-0.0006001558
-0.0001226442
0.0006389892
0.001159897
0.00133697
0.00155069
0.002020166
0.002496113
0.002921792
0.003429321
0.003896137
0.004146196
0.004320125
0.004619156
0.00500901
0.005229694
0.005350064
0.005463502
0.005565261
0.00583233
0.006101033
0.006194796
0.00611134
0.006062826
0.005992413
0.00546352
0.004765862
0.004404198
0.004215432
0.004001252
0.003821648
0.00364614
0.003546054
0.003575709
0.003488567
0.003298221
0.003168885
0.003071
0.00296707
0.003150339
0.003514585
0.003597384
0.003355336
0.003094756
0.002926746
0.00276995
0.002698884
0.002694424
0.002643262
0.002554658
0.002573229
0.002695594
0.002579256
0.002051343
0.001549323
0.001399908
0.001691895
0.002167684
0.002246837
0.001745407
0.001263566
0.001145906
0.001136803
0.001018177
0.0008514357
0.0007204069
0.0006942743
0.0007625671
0.0007412051
0.000530669
0.0002632463
0.0001204211
0.0001483683
0.0002779847
0.0003247179
0.0002361793
0.0002744555
0.0005073385
0.0007055894
0.0008375642
0.0008580369
0.0008874065
0.001077582
0.001331136
0.001522198
0.001747955
0.002036009
0.002251543
0.002448042
0.002804264
0.003134783
0.003229112
0.003152268
0.003102095
0.003167462
0.003170678
0.003151288
0.003148715
0.002997256
0.002708903
0.002619631
0.002857456
0.003209343
0.003301869
0.002976397
0.002576957
0.002408874
0.002415682
0.002424807
0.002302204
0.002116078
0.002045341
0.002034268
0.001987771
0.001920533
0.001914984
0.002073955
0.002276335
0.002366472
0.002371304
0.002416599
0.002496689
0.002631359
0.002932543
0.003292191
0.003289995
0.003119881
0.003097977
0.003202421
0.003294688
0.003321086
0.003356568
0.003427507
0.003502256
0.003543876
0.003500776
0.003385214
0.003288222
0.003309062
0.003388814
0.003415138
0.003424102
0.003511491
0.003528418
0.003437706
0.003337072
0.003329821
0.00338375
0.003335575
0.003209408
0.003143527
0.003179854
0.003263577
0.003335755
0.00333885
0.003316022
0.003315222
0.003342191
0.003324266
0.003271498
0.003268429
0.003313012
0.003344809
0.003314895
0.003242957
0.003199796
0.003202781
0.003207661
0.003185796
0.003139976
0.003083022
0.00301953
0.002977909
0.002936251
0.002876908
0.002833832
0.002831982
0.002864164
0.002872559
0.002818602
0.002741647
0.002695967
0.002668388
0.002613929
0.002528251
0.002458347
0.002420549
0.002404435
0.002374244
0.002276607
0.002125353
0.002018198
0.002005167
0.002007306
0.001951784
0.001866184
0.001812723
0.00177742
0.001693272
0.001590255
0.001542964
0.001566231
0.001602792
0.001591971
0.001531506
0.001467068
0.0014211
0.001382946
0.001337097
0.001296498
0.001256162
0.001197437
0.001134912
0.001069993
0.0009991506
0.0009437361
0.0008973673
0.0008489041
0.0007967896
0.0007441804
0.0006880745
0.0006189682
0.000570081
0.0005635898
0.0005644489
0.0005235224
0.0004464238
0.0003723353
0.0003169957
0.0002930175
0.0002813521
0.0002603019
0.0002368424
0.0002176863
0.0001921814
0.00016666
0.0001481968
0.0001281429
0.0001044665
8.473966e-05
7.030752e-05
5.380138e-05
3.999911e-05
2.857396e-05
1.313977e-05
-7.817278e-06
-2.95086e-05
-4.791845e-05
-5.824021e-05
-5.930409e-05
-6.628856e-05
-8.427175e-05
-0.0001033801
-0.0001190848
-0.000131397
-0.0001432219
-0.0001574728
-0.0001753328
-0.0001865642
-0.0001877988
-0.0001892857
-0.0001972575
-0.0002048575
-0.0002098264
-0.000216077
-0.0002263067
-0.0002357982
-0.000237144
-0.0002395014
-0.0002517474
-0.0002669698
-0.0002739692
-0.0002738694
-0.0002774755
-0.0002861349
-0.0002946142
-0.0003000366
-0.0003036746
-0.0003082415
-0.0003139736
-0.000321935
-0.0003272681
-0.0003272493
-0.000329165
-0.0003368127
-0.0003458856
-0.0003524567
-0.000356846
-0.0003596964
-0.0003626014
-0.0003671482
-0.0003721855
-0.0003764627
-0.0003788778
-0.0003803632
-0.0003827911
-0.0003863976
-0.0003911814
-0.0003960073
-0.0003978359
-0.0003966383
-0.0003945023
-0.0003931569
-0.0003927365
-0.0003922656
-0.0003920174
-0.0003920884
-0.0003924191
-0.0003925136
-0.0003921284
-0.0003916566
-0.0003910228
-0.0003901432
-0.000388866
-0.0003882216
-0.0003885105
-0.0003887593
-0.0003883139
-0.0003880817
-0.0003882989
-0.0003886455
-0.0003886733
-0.0003882465
-0.0003877705
-0.000387905
-0.0003885124
-0.0003895348
-0.0003903961
-0.0003905608
-0.0003903018
-0.0003901513
-0.000390172
-0.0003902387
-0.0003903489
-0.0003905048
-0.0003906296
-0.0003906335
-0.0003904752
-0.0003902493
-0.0003901172
-0.0003901397
-0.0003901165
-0.0003900246
-0.0003899309
-0.0003898717
-0.000389823
-0.0003897233
-0.0003895799
-0.0003894531
-0.0003893472
-0.000389285
-0.0003892675
-0.0003892479
-0.0003892233
-0.0003891871
-0.0003891743
-0.0003891823
-0.0003891906
-0.000389198
-0.0003891952
-0.0003891904
-0.0003892066
-0.0003892315
-0.0003892479
-0.0003892537
-0.0003892581
-0.0003892696
-0.0003892952
-0.0003893251
-0.0003893425
-0.0003893445
-0.0003893453
-0.0003893501
-0.0003893549
-0.0003893538
-0.0003893437
-0.000389324
-0.0003893015
-0.0003892838
-0.000389263
-0.0003892295
-0.0003891875
-0.0003891441
-0.0003890971
-0.0003890412
-0.0003889759
-0.0003889037
-0.0003888261
-0.0003887418
-0.0003886494
-0.0003885481
-0.0003884391
-0.0003883228
-0.0003881994
-0.0003880681
-0.000387929
-0.000387782
-0.0003876273
-0.0003874645
-0.0003872936
-0.0003871145
-0.0003869272
-0.0003867318
-0.0003865285
-0.0003863171
-0.0003860974
-0.0003858696
-0.0003856335
-0.0003853893
-0.0003851368
-0.0003848761
-0.0003846072
-0.0003843301
-0.0003840448
-0.0003837512
-0.0003834494
-0.0003831394
-0.0003828212
-0.0003824948
-0.0003821603
-0.0003818175
-0.0003814666
-0.0003811076
-0.0003807404
NaN
NaN
