-0.003320235
-0.004310648
0.003273058
0.004606203
0.007966089
0.006520753
-0.003285522
-0.001076199
-0.002231856
-0.001828954
0.003935068
0.005100928
-0.0008273105
-0.00358233
-0.005944651
-0.006226171
-0.0007559134
0.007655004
0.008902463
0.001853239
-0.002061525
-0.005758008
-0.01007261
-0.009924719
-0.005052185
0.002732449
0.0100132
0.008627016
0.003202647
-0.0007692407
-0.00617627
-0.005132818
-0.0008386281
0.003911501
0.002729311
-0.0003551797
0.002989389
0.002661957
0.001506285
-0.004892188
-0.004329161
-0.001734295
-0.002825709
0.001521515
0.0004729407
0.007177385
0.002676109
0.003543093
6.079622e-05
-0.0009816609
-0.003487818
-0.01163866
-0.006636594
0.004176406
0.009989367
0.004119247
0.003178787
0.002708547
0.007486206
-0.003171795
-0.01303522
-0.007748578
0.001321239
0.003423437
0.004187393
0.00460965
0.006606786
0.004173043
-0.002897622
-0.006943987
-0.003171032
0.001723922
-0.005976083
-0.00185429
0.001911523
0.0003172369
-0.00232357
-0.004565558
1.42143e-05
0.006938966
0.002903817
-0.005109331
-0.00179538
-0.00445761
-0.00820206
-0.005475629
-0.0007836598
0.008090311
0.01109724
0.01100439
0.004927196
-0.006205116
-0.006659048
-0.008452239
-0.005705413
-0.001003246
0.003410261
0.003479587
-0.0007228464
0.004957499
0.008030726
0.003160191
-0.001369664
0.0015679
0.0007936856
-0.00716949
-0.008766847
-0.002869242
0.004588962
0.009507365
0.005072369
0.001772632
0.002294835
-0.008198962
-0.01330512
-0.004750418
0.006008504
0.009984425
0.005241387
-0.0006063116
-0.00506069
-0.007122149
-0.007326188
-0.005519808
0.003959011
0.004881052
0.005463431
0.004582111
-0.001618509
-0.002367229
-0.00382281
-0.003372011
-0.002404072
0.001266865
0.001714605
-0.004608417
-0.008128479
-0.002693961
0.006097376
0.009503113
0.005413891
0.002078449
0.000312786
-0.005342137
-0.00632138
-0.008517483
0.000324853
0.00122649
0.001334565
0.006599762
0.001948518
-0.004506086
-0.00737131
-0.000585295
0.004298421
0.005471376
-0.001969569
-0.003709734
-0.007032938
-0.004550304
0.001554351
0.003991085
0.004325599
0.003925714
0.002304889
-0.0005266772
-0.0009520631
0.0008369709
-0.005137215
-0.004349821
0.008505193
0.002167886
-0.0006024804
0.001644533
-0.0002149736
-0.0023764
-0.003984987
-0.007258213
-4.992096e-05
0.01213904
0.003008965
0.0009607578
-0.0001164095
-0.0004112367
-0.006370124
-0.008867132
-0.004678039
0.0008319533
0.002091605
0.000687018
0.0001545303
0.002719782
0.002619775
-0.001572473
-0.0007085811
-0.002509949
0.0007366628
0.001677055
0.0005152267
-0.001650281
0.00605271
0.006899262
0.004366554
0.003499506
-0.0001990626
-0.004526971
-0.007568659
-0.009724987
-0.005737856
0.004895596
0.004196847
0.004495659
0.00457925
0.001308062
-0.002312986
-0.007013195
-0.0004118038
-0.002176452
0.000543839
0.00830599
0.0002642619
0.0009088535
0.0003427049
0.002968137
0.008810648
0.0006944593
-0.0005132693
-0.007425857
-0.004544406
0.003042305
-0.002387203
-0.003627572
0.00458338
0.007886091
-0.002668917
-0.001828485
0.004146626
0.003190838
-0.00155323
-0.004746899
0.0005876529
0.003688405
-0.003527123
0.0001856282
0.00805284
0.005289611
-0.0001378562
-0.007930703
-0.009087431
-0.00150582
-0.001288608
0.0008196839
0.009288697
0.01196207
0.01108788
-0.001794767
-0.007655735
-0.003410542
-0.00744571
-0.003878817
0.001281315
0.007716448
0.01073764
0.001319933
-0.004165674
-0.002672442
0.004261471
0.009595005
0.001224838
-0.00314897
-0.003506016
-0.001103963
-0.001927149
-0.0007745963
0.005470817
0.00663765
0.002897264
-0.002997362
0.0008683916
-0.002915854
-0.004299021
-0.002168287
-0.001480852
0.003204981
0.003305915
0.00862007
0.002516344
-0.0002642212
-0.0001632866
-0.008449811
-0.004813557
-0.002556343
-0.005151267
-0.0005898726
0.003080043
0.005020038
0.005021013
0.001663129
-0.006316376
-0.007953521
-0.002521045
-0.006578649
-0.005517893
0.002807303
0.005801978
0.002059555
0.002064611
0.006392427
0.003989263
-0.002133839
-0.005829342
-0.005651905
-0.001140489
-0.004402492
-0.003451894
0.005060983
0.004048079
0.005174117
0.005569835
0.007092653
0.00636229
-0.003449131
-0.009205034
-0.01274855
-0.01172554
-0.005278158
-0.00294954
0.003477439
0.01139974
0.01274609
0.007544055
-0.002247986
-0.001822686
-0.007480666
-0.009731847
-0.002272628
0.005668032
0.006898111
0.01162883
0.009111432
-0.003027627
-0.003168427
-0.01005244
-0.006530425
-4.12246e-05
0.0009634365
-0.001192882
-0.001249021
0.0010031
-0.0004504382
0.0006909034
0.001368145
0.001226327
-0.00562199
-0.009458249
-0.007158185
-0.001843003
0.0001255592
0.001131242
0.0008782449
-0.0007150318
0.005483471
0.01182682
0.007705978
-0.002654198
-0.004855394
-0.00606515
-0.007679846
-0.009432241
-0.006130537
0.0001046873
0.006022692
0.01007614
0.008579762
0.007748427
-8.112752e-05
-0.004744602
-0.009368297
-0.00979673
0.003670295
0.0003073216
-0.001212512
0.004049634
-0.0008035591
0.0001674476
0.0006039745
0.0005978215
0.004921569
0.003639396
0.0004498237
0.001033231
-0.0007099806
0.002203107
0.005712896
0.005765904
0.002663032
-0.001983099
-0.00324589
-0.007845101
-0.01553287
-0.007614643
-0.0005185332
-0.004391503
0.002184406
0.01199372
0.01075235
0.002579057
-0.007249693
-0.003925542
0.003390888
0.003501019
0.004324131
0.002518702
0.003129653
-0.005919814
-0.01319958
-0.009408271
0.003708901
0.004631973
0.008121367
0.004094379
-0.005201928
-0.007418415
-0.008584301
-0.0006558686
-0.002349095
0.0002875786
0.003710672
0.003155767
0.003167981
0.003642255
0.003248509
0.003954324
0.001785779
-0.0002430255
-0.00541547
-0.01444759
-0.01949151
-0.001551783
0.01024755
0.008564529
0.006853965
0.0005350415
0.006474478
0.002016035
-0.009727249
-0.005085251
-0.002347593
-0.004331515
-0.002769918
-0.001077761
0.005580777
0.006668076
0.008791696
0.007376933
0.01097751
0.00668839
-0.007431489
-0.01464597
-0.01753157
-0.01081898
0.0007559684
0.006074228
0.002627628
0.0117413
0.02112427
0.01590083
-0.002638708
-0.0182947
-0.01490935
-0.000750745
0.002728456
-0.006719821
-0.0007018395
0.008831063
0.009667445
0.003347508
-0.00326415
-0.003050987
0.003213836
0.00938278
0.01185218
0.004300087
-0.003323409
-0.01319193
-0.01628051
-0.009089518
-0.008599933
-0.008629529
0.005938097
0.0172101
0.007896467
0.001568372
-0.01056454
-0.01665498
-0.009389531
-0.003377665
0.005879841
0.01101553
0.01339109
0.0196549
0.02203251
0.005875696
-0.01859106
-0.03202651
-0.02588612
-0.008651194
0.007661654
0.01943551
0.01706093
0.0150658
0.009839308
0.0006266572
-0.01378494
-0.02347801
-0.01850348
-0.003077005
0.004528105
0.008128694
0.01474542
0.01006565
-0.003019934
-0.01062404
-0.002365113
0.009851418
0.01671703
0.01030225
0.006514972
0.004294424
-0.006504324
-0.01939407
-0.02150446
0.0001297331
0.01268082
0.01234014
0.01572143
0.003516105
-0.004674502
0.01247373
-0.004019674
-0.01494184
-0.009431806
-0.0130773
-0.004204318
0.01185966
0.00801935
0.008586466
0.00611602
-0.001345284
0.007079911
-0.005018312
-0.009777638
-0.0173899
-0.01379032
-0.009510409
-0.007881472
0.002285884
0.02144964
0.02289702
0.004327916
-0.009028988
-0.01965739
-0.01362919
0.0004998451
0.01725844
0.01111498
-0.00488474
-0.01978796
-0.01461657
-0.001088305
-0.0009067458
0.01032855
0.02243901
0.01793265
0.01113741
0.004109611
-0.01500519
-0.03494721
-0.0385886
-0.01294479
0.007542933
0.009567634
0.01162701
0.008853634
-0.002120543
-0.003912682
0.006067
0.0008558215
-0.01270304
-0.01893524
-0.003144613
0.00452579
-0.009436988
-0.001994045
0.001207738
0.005016421
0.01757977
0.01694328
0.009908352
0.002312415
0.009650299
-0.002516258
-0.02095072
-0.01724607
-0.008353704
-0.00564152
0.01044491
0.02811131
0.01049184
-0.00380958
0.007260485
0.002042171
0.002633776
0.01031744
-0.0005751318
-0.009700045
-0.02436662
-0.01033957
-0.002398866
0.0005836202
0.005403127
0.01339483
0.008273421
-0.01054251
-0.004664244
-0.008289316
0.002011672
0.001304819
0.01923031
0.03601237
0.02880812
0.008764112
-0.004464258
-0.02278753
-0.03897798
-0.02474489
-0.01214278
0.003286766
0.01430992
0.02388059
0.01617143
0.004524065
0.004506735
0.01012287
-0.0005177641
-0.02026903
-0.02476008
-0.02390633
-0.007115081
0.01123269
0.01846348
0.009368152
0.0005533236
0.008702115
0.008517508
0.0147028
0.005345331
-0.0166734
-0.0278281
-0.02370117
-0.00402638
0.02120129
0.01643689
0.0165389
0.02042613
0.02748965
0.01205604
-0.01516877
-0.01268199
-0.01413344
-0.006090727
-0.01074293
-0.02455984
-0.005043145
0.02447567
0.02274882
0.0215126
0.02257137
0.01482346
0.01338019
-0.0001705019
-0.01635686
-0.01149145
-0.01283784
-0.0177175
-0.01942803
-0.02829792
-0.02331827
0.001082183
0.02273272
0.02332536
0.02596207
0.02126702
0.02307856
0.01524294
0.0009894792
-0.006778824
-0.03767359
-0.0426379
-0.02753577
0.005224605
0.0163875
0.01674248
0.01098358
-0.002732343
-0.003328006
-0.003027087
-0.007221309
-0.01006607
0.007975708
0.01544926
0.009656704
-0.009662077
-0.0141623
-0.01306271
-0.01009144
-0.0096518
-0.01791684
-0.0007940808
0.01822384
0.02774249
0.01725998
-0.000421702
-0.004408861
0.002824998
0.002846438
-0.01041763
-0.01097962
-0.01086026
-0.0015864
0.009844761
0.005707662
-0.008900758
-0.02012788
-0.008559016
-0.001240495
-0.005375553
0.005873028
0.007557069
0.009277832
0.02028468
0.01480423
0.007672416
-0.001907402
-0.01675857
-0.02041526
-0.01333032
-0.006766593
-0.004559291
0.004182132
0.02280939
0.03082865
0.0144128
0.002692002
-0.01436135
-0.02265801
-0.005813708
-0.009617265
-6.392211e-05
0.001652761
0.004606704
0.009315048
0.003040032
-0.005692164
-0.02011392
-0.02281995
-0.02028625
0.001516271
0.004699715
0.0115368
0.01965194
0.01475393
-0.000455268
-0.006414084
-0.006639479
-0.003782435
-0.00963109
-0.008485605
0.002599779
-0.001180315
-0.00420357
-0.004602365
0.002671279
0.004840845
0.009217691
-0.0009598445
-0.01038054
0.003755666
0.01616501
0.01566626
0.01188617
-0.003684111
0.006693395
0.00403632
-0.01394014
-0.01919005
-0.01473466
-0.002894475
0.01599595
0.01937523
0.006949623
0.01662639
0.009589437
0.006676342
-0.001313291
-0.01414283
-0.008896938
0.002269029
0.006402096
0.009099003
0.00932649
-0.008767264
-0.02409886
-0.01811755
-0.006346722
0.0002170052
0.007270332
0.00963166
0.008228168
0.007680454
-0.001808578
-0.00769395
-0.008758804
-0.02003997
-0.0168453
-0.00654022
-0.004030992
0.006350595
0.01611202
0.01145269
-0.003932961
0.0003602468
0.008634515
-0.006217677
-0.03118929
-0.02015694
0.008536707
0.01271465
0.009890303
0.002117932
0.003118581
0.01260257
0.0191051
0.007434286
-0.01020862
-0.008328738
-0.008721408
-0.008243001
-0.001286571
0.0009003373
-0.001685334
0.003452434
0.004769283
-0.004199548
-0.005878438
0.00570573
0.003130259
-0.01424439
-0.008150883
0.003643405
0.01723595
0.01419434
-0.01656679
-0.01169217
0.008109112
0.01788788
0.02341631
0.0102206
0.001724028
-0.003779863
-0.01297717
-0.02222447
-0.0261137
-0.007364025
0.002125064
0.01950998
0.03403378
0.01887253
-0.003047238
-0.001712029
8.932118e-05
-0.01776269
-0.009226279
-0.00207095
0.00424492
0.006520569
0.004266399
0.01001005
0.005112038
-0.003525292
-0.009908422
0.0001865471
0.01095777
0.007869246
-0.002216484
-0.01344869
-0.008556744
-0.004210494
-0.007950805
-0.003442375
0.002333915
0.008356024
0.01049092
0.004563724
0.01293898
0.02179363
0.003105214
-0.01310868
-0.009209187
-0.0005126366
-0.006148106
-0.006400015
-0.006947726
-0.01109705
-0.001892547
0.011394
0.005879911
0.004218362
0.009208232
0.005099702
0.004040972
-0.0121464
-0.01918947
-0.003162178
-0.001136428
-0.01644557
-0.008658869
-0.001055759
0.003461851
0.013566
0.02284701
0.008157
-0.003605609
-0.005239619
-0.00828225
-0.01180224
-0.01145133
-0.001126861
-0.00350343
0.01203426
0.01992501
0.01366836
0.01661721
0.002747278
-0.01800969
-0.0260799
-0.02106249
-0.0003717632
0.006833546
-0.004353784
-0.008008414
-0.007103644
-0.005466515
0.009268436
0.01220606
-0.007721646
-0.009128197
-0.009296468
-0.01150066
-0.01061935
-0.006509738
0.01110875
0.02477168
0.02199833
0.01084976
-0.008332333
-0.01667897
-0.003381193
0.005072596
-0.002254035
-0.01196441
9.202364e-05
0.01430881
0.01581844
0.01279927
0.005491
0.01011469
0.004872938
-0.01822391
-0.01611962
-0.01038821
-0.009134606
-0.01048812
0.01033521
0.02402568
0.02293227
0.01653078
-0.004531172
-0.01058586
-0.01325517
-0.01050931
-0.0158143
-0.00935767
0.006710419
3.947752e-06
-0.005959963
0.0001457847
-0.002401127
0.005890481
0.01248379
0.01516744
0.009894066
0.004266755
-0.001174917
-0.006372809
0.007738919
0.01385385
-0.0003098446
-0.01385133
-0.001175769
0.01488619
0.01545028
0.01384279
-0.004481477
-0.01395113
1.478289e-06
-0.01124298
-0.03283635
-0.02652456
-0.002987011
0.02729376
0.02469075
-0.01377649
-0.01323076
0.001735726
0.0001414931
-0.004942159
-0.009200633
-0.006899485
-0.01055004
-0.0009650712
0.01545696
0.002002163
-0.00563965
0.008182397
0.008595524
0.01721556
0.02155569
-0.01119036
-0.02876493
-0.01983175
-0.004410337
0.01409657
0.02549714
0.008812003
-0.01042721
-0.0169817
-0.006225779
-0.002642493
-0.01617889
-0.01720906
-0.003451275
0.01826761
0.02878486
0.03210498
0.01545147
-0.003311406
-0.01111132
-0.01949876
-0.01237301
0.0009227158
-0.0008887788
-0.004533213
-0.0007469483
0.02005088
0.01790177
0.007118347
-0.009663688
-0.01898137
-0.002219678
-0.005230693
-0.009920628
-0.01116704
-0.008855699
-0.0001724144
0.01363943
0.005801774
-0.0189128
-0.0214485
-0.01424319
-0.01222765
0.006610754
0.0153685
0.002151364
0.007179987
-0.001908188
-0.01275382
0.0082837
0.007633982
-0.01404304
-0.01144303
0.004166053
0.01579408
0.0007776602
-0.01531383
-0.01184887
0.01696207
0.01831053
-0.007233304
-0.005513561
0.01276487
0.02612688
0.0216848
0.008134129
-0.003330647
0.01005178
0.01873914
0.001668439
-0.02362142
-0.01829088
0.007065326
0.004231788
-0.00250835
-0.005314348
-0.001412826
0.01238066
0.01735318
0.01298658
-0.007815279
0.0002641623
0.02335902
0.003399685
-0.002170514
0.007807146
0.005295929
0.00639143
-0.004175749
-0.0160679
-0.002847668
0.004147513
-0.007693646
0.01326534
0.01272781
0.004547435
-0.002806744
-0.004242884
-0.001065564
-0.008910364
0.006872116
0.004102836
-0.0009410442
0.001815016
0.003186935
0.008728615
0.01518727
0.003264514
-0.01948249
-0.01789738
-0.008264488
-0.005545149
0.005178129
0.01612377
0.02078824
0.01951633
0.01526703
0.007838384
-0.009530156
-0.02110816
-0.02344496
-0.01433533
0.001768456
0.007172434
0.008388292
0.00910843
0.01816197
0.01735006
-0.006867776
-0.02988712
-0.02799704
-0.005936464
-0.008158006
-0.01806831
-0.006228131
0.01855993
0.01627923
-0.00343226
-0.01584666
-0.01980118
-0.01364955
-0.01373011
-0.02321405
-0.03090382
-0.03101294
-0.0168798
-0.006516591
0.001384345
0.008436641
0.007137177
0.01866931
0.02730158
0.0167905
-0.01210608
-0.02128709
-0.01466727
-0.001519454
0.009849481
-0.006898904
-0.01547505
-0.008433973
0.009298741
0.01740673
-0.004127488
-0.007914734
-0.00260154
0.01071254
0.01481703
0.009312104
0.005820658
-0.007523988
-0.0006512141
0.00576358
0.008729754
-0.006226492
-0.004754619
0.009227555
-0.006859872
0.002415002
0.002068215
0.007268188
0.0162289
0.01239984
0.002204947
0.00212948
-0.008868147
-0.01336225
-0.004736102
-0.01223615
-0.002594076
0.0132955
0.03020914
0.0215922
0.004825452
-0.01389766
-0.002569524
0.02048657
0.005450758
-0.01719119
-0.01419646
0.02299888
0.03948616
0.02634756
-0.004607392
-0.02131804
-0.002356231
0.005264201
-0.01020409
-0.01078853
0.007912152
0.02076314
0.02425869
0.01431574
0.001250574
0.002682665
-0.001092346
-0.0164872
-0.004672525
0.009231105
0.01044389
0.003419163
-0.008507686
-0.0002130374
0.006760711
0.002069742
-0.002119389
-0.008429101
-0.004380711
-0.001254402
-0.0140962
-0.01568738
-0.003709516
0.008440732
0.00279504
-0.004735611
-0.007437582
-0.01045167
0.002088214
0.008679462
-0.009418391
-0.01831177
0.004753505
0.009985092
-0.006030939
-0.02459187
-0.02778549
0.0001625223
0.01668143
0.002624817
-0.01335756
-0.003400309
0.006809897
0.000780684
-0.009882389
-0.02026088
-0.0149783
-0.008299329
0.0009398364
0.004982102
0.004799529
0.0009582148
0.00206696
0.004996407
-0.01291887
-0.01548518
-0.007840277
-0.005965511
0.003818334
0.00730572
0.005155565
0.00351235
-0.002062965
-0.007496499
-0.02126241
-0.01757715
-0.01449981
-0.01090124
0.005077064
0.003943848
0.003673553
-0.01206606
-0.01018416
0.003769445
-0.002518851
-0.01146119
-0.007201663
0.01075544
0.009377424
0.0001219476
-0.009994409
-0.003517405
0.007332338
0.0035665
0.005068964
-0.0001003928
-0.00364999
0.01041582
0.01590444
0.004819078
0.001435742
0.01529346
0.01801584
0.02163786
0.01409293
-0.006343787
-0.006802785
-0.001401882
-0.0007429611
0.01430102
0.0160697
0.01143074
0.01096766
0.006008428
0.01309335
-0.00489639
-0.01038195
0.001801953
0.002801553
0.003352354
-0.001713984
0.003092256
0.01977027
0.01743243
0.0006534385
0.004579419
0.00523426
0.00459472
-0.0034388
-0.01879082
-0.0217223
-0.01108064
0.01220494
0.01698874
0.00536482
0.006167559
0.01504258
0.007178378
-0.01834814
-0.0262307
-0.02472518
-0.007734023
0.01051887
0.01028019
0.02589945
0.02613711
0.01443465
0.00311469
-0.02065539
-0.03177543
-0.0240316
-0.01937632
-0.01224652
0.007301781
0.02629214
0.006859097
-0.007431105
0.0001505534
0.002195651
-0.0003574109
-0.02692433
-0.02247408
0.007212002
0.008935801
0.004227477
-2.388549e-05
-0.003338888
0.006054289
0.006153226
-0.01033915
-0.01144484
-0.008378722
-0.007310784
0.00483333
0.008321727
0.01218956
0.009421282
-0.0003584826
0.003106454
0.00282289
-0.003932573
-0.009558898
-0.002755501
0.004321254
0.009112192
0.005597267
0.001634563
0.001768179
-0.006324506
0.002559689
0.005095405
0.002814681
0.0003360765
-7.600813e-05
0.003992767
-0.008543038
-0.01217934
-0.002579107
0.007407708
0.007119043
-0.0125741
-0.02468151
-0.01855641
-0.01155819
-0.002654623
0.01093585
0.02122152
0.01706808
0.01808808
-0.000379031
-0.01482938
-0.006882563
-0.02139921
-0.02733255
-0.0127843
-0.002910707
0.009685267
0.01494336
0.01773714
0.02921417
0.01791562
0.002838996
0.006051989
0.002986883
-0.007683343
-0.01141859
-0.009138897
0.003375476
0.02513105
0.0190294
0.01434963
0.01984029
0.01046852
-0.004491826
-0.008713612
-0.0128589
-0.01412779
0.01498505
0.009809558
-0.00372891
-0.005130397
-0.01567822
-0.007617172
-0.00244068
0.009219952
0.02039711
0.003836376
-0.005181452
-0.00809764
-0.004121688
-0.002731436
0.001529096
-0.0007567319
-0.009173781
-0.0001070085
0.002175744
-0.009575685
-0.001397333
0.01637514
0.01362929
0.007582721
0.002882553
-0.0009342966
0.0007140147
-0.006551453
-0.01260006
0.004984728
0.01419022
0.01825797
0.01997462
0.01233277
0.0005568631
-0.01055094
-0.01086206
-0.004654345
-0.002230834
0.003525017
0.01033656
0.0196461
0.02331707
0.005833239
-0.00726459
-0.009609581
-0.00669341
-0.007899058
-0.0112416
-0.01567046
-0.002618549
0.006372741
0.005405771
0.006941882
0.003387172
-0.004313838
-0.01583475
-0.003803859
0.002186591
0.01362384
0.01033943
-0.005124799
-0.00110907
-0.00709444
-0.01092965
-0.0138438
-0.00791761
-0.002648301
0.001959028
0.001170557
-0.009335454
-0.004305844
-0.001671195
-0.002566766
-0.004984175
-0.005698186
-0.008385898
-0.0156942
-0.01429681
-0.01286679
-0.009779261
-0.009370252
-0.005220902
-0.0005289138
0.002412755
-0.001353095
-0.003741947
0.001708922
-0.004141809
-0.021593
-0.02100651
-0.01012313
-0.007039674
-0.001341966
3.432518e-07
0.005346152
0.0063386
0.006954669
0.008972218
0.004186366
-0.0004495452
0.001317084
0.009166993
0.008327521
0.007131048
-0.0005220229
0.003971065
0.01755235
0.008351943
0.0004744705
-0.005700621
-0.01790901
-0.01042324
0.002353263
-0.007117449
-0.01899638
-0.01448187
6.943627e-05
0.01230534
0.009385072
-0.006737059
-0.004472671
0.003555737
0.005764025
0.009239154
-0.0003631391
-0.004215691
0.007952897
0.002257204
-0.003943387
-0.002399119
0.002247989
0.01116176
0.004154344
-0.01172503
-0.01867328
-0.008950652
-0.002723564
-0.001072196
-0.003205029
-0.003694641
0.002277446
-0.0006836252
-0.006329337
-0.0005969496
0.005625038
0.003856346
0.005645413
-0.006210058
-0.01090717
-0.0002940833
-0.0001706756
0.005563752
0.00946932
0.004672248
-0.0003482048
-0.003282757
-0.00297269
-0.004174262
-0.004055954
-0.006283647
-0.000632859
0.004138688
0.01121747
0.01067992
0.002452591
-0.004190681
-0.006055253
0.003685734
0.01062988
0.01484757
0.0002962372
-0.006920275
0.0005797724
0.00375502
-0.009852812
-0.005188365
0.006381482
0.01057979
0.01043494
-0.0008809544
-0.006695985
-0.004511159
-0.001811231
-0.006139104
-0.008491236
-0.006479808
0.005366458
0.01561847
0.01797669
0.002537962
-0.00448985
0.006607737
0.01513594
0.005951852
-0.00588628
-0.002965012
0.005644795
0.007128883
-0.001325909
0.003509899
0.009760447
0.002288934
-0.005486538
-0.005266229
0.0006681174
-0.002667295
-0.001324987
0.009691002
0.003686248
-0.004597184
-0.005868116
-0.007486868
-0.0024797
-0.001855473
-0.003076424
0.003319983
0.008035431
0.008086418
-0.002495073
-0.008432505
-0.001996317
0.003845211
-0.004317861
-0.004515753
-0.0009722853
-0.0007795171
0.001073811
0.001774539
0.005019147
0.01168483
0.01536907
0.008296371
0.004495839
0.0005800475
-0.003124604
-0.008249096
-0.009827048
-0.0022454
0.003395188
0.005455577
0.01609722
0.01403681
0.0005779018
-0.0009102898
0.0002055785
-0.0009827332
-0.0007522247
-0.005323876
-0.003618448
0.004651701
0.006752889
0.01170293
0.008830606
0.003296074
0.001135703
-0.002155848
-0.0055647
-0.00743437
-0.007626142
-0.007035574
-0.002992304
0.003046084
0.007010813
0.004511802
0.00197607
0.001180459
-0.0007208317
-0.006111543
-0.008287215
-0.007513044
-0.006525696
-0.003839027
0.001638362
0.007796091
0.01041646
0.005214449
9.301842e-05
0.002127908
0.003334557
-0.001134074
-0.003537204
0.0003877446
0.0002500339
0.003534423
0.007537913
0.009420823
0.01114461
0.005206161
0.0004101105
0.00371796
0.00100577
-0.0063974
-0.005435551
-0.006786041
-0.007670392
-0.001760522
0.005155068
0.009521678
0.01104657
0.009211577
0.001863487
-0.006169023
-0.008067252
-0.008709863
-0.005088873
0.002589677
0.005432407
9.16772e-05
0.004983588
0.01465317
0.005998468
-0.005246022
-0.01133237
-0.01292868
-0.005770331
-0.00111098
-0.00182397
0.00187658
0.00618301
0.007551842
0.006342112
-0.002716517
-0.007451367
-0.002091276
-0.0003960454
-0.006186595
-0.004030324
0.002599667
0.003919537
0.004011329
-0.00247384
-0.0005154492
-0.001795558
-0.004836187
-0.005735836
-0.008765245
-0.008490873
-0.009623083
-0.0007643913
0.0091755
0.005441271
0.0001811226
-0.000720566
-0.001342774
-0.001253023
-0.005982771
-0.01457832
-0.01134289
-0.0007920168
0.01151937
0.009866966
0.0001290183
-0.008696029
-0.01126848
-0.007838226
-0.002950394
0.0007481175
-0.003416551
-0.001043018
-0.001558126
-0.002539374
-0.003527762
-0.00138577
8.506226e-05
-0.002302766
-0.005257713
-0.007270181
-0.004754868
-0.003397256
-0.003892984
-0.008691072
-0.006786738
-0.001855046
0.006517106
0.005303299
0.001840391
-0.0009676755
-0.001219623
-0.0004923698
-0.001814297
0.0006071758
-0.002487511
-0.001753118
0.002503335
0.01091323
0.01313172
0.01134774
0.005331767
0.00364774
-0.0003853464
-0.005387433
0.0010763
0.003303973
0.003307027
0.0036732
0.0009997742
0.001090547
0.0004591609
0.002840855
0.003979168
-0.003134318
-0.003040485
0.002031969
0.001161903
-0.003093543
-0.0008434294
0.003499724
0.006514838
0.002680652
-0.006231094
-0.007631559
-0.007496925
-0.007356172
-0.005244777
-0.000310023
0.004714491
0.006649425
0.00303964
-0.005559986
-0.009856232
-0.01103332
-0.004840903
0.0008323316
0.003635286
0.00103632
0.001714615
0.00174215
-0.002254216
-0.001396401
-0.004154486
-0.004853191
0.001369824
0.001662558
-0.006639226
-0.006053752
-0.004428897
-0.001952342
0.001857353
0.005100948
0.005574223
0.001520738
-0.006251667
-0.008398773
-0.006945276
-0.007334921
-0.004755346
-0.002600091
-0.0005743755
0.00414312
0.005287555
0.001156551
-0.000608054
-0.006053838
-0.005035883
-0.0006713076
0.0009647679
0.003006803
-0.0002245609
0.002506994
0.00612085
0.003670806
-0.006781138
-0.006422102
-0.002069766
-0.001107911
0.0001762647
-0.0002194994
0.006723636
0.004399053
-8.283185e-05
-0.0006744359
-0.00103654
-0.001741364
-0.004021068
-0.003326452
-0.002171816
0.00213972
0.005958596
0.002696632
0.001227828
-0.003417255
-0.007177999
-0.008295924
-0.004742246
0.002636429
0.005688266
0.007957761
0.004131738
0.001546034
-0.005431789
-0.008234753
-0.002116797
0.00156642
0.006665396
0.01107689
0.01061381
0.006898965
0.003334061
-0.0009162823
-0.006074425
-0.00578169
-0.003230673
0.0005382233
0.0018326
0.002025376
0.007151892
0.007404849
0.003233045
0.003634922
0.006531718
0.005964596
0.0002709518
-0.003619332
-0.002678895
-0.001179498
0.001828478
0.003428854
0.000415771
-0.003418413
0.001514304
0.00309224
0.003691997
0.003879674
0.00484867
0.006811145
0.0007319432
-0.0004431002
-0.002388244
-0.001715047
0.003070789
0.002905546
0.006987581
0.009004119
0.008732795
0.007710751
0.003783748
-0.002867676
-0.004898499
-0.0009715025
0.001934474
0.0006380504
-0.002202653
0.0003595832
0.00526782
0.008322716
0.003382852
0.002257789
0.003317565
0.003319602
0.002605597
0.0006390336
0.0007400099
0.004177406
0.005439142
0.006194958
0.003515415
0.00150295
0.003880567
0.002922782
0.001938479
8.513476e-05
-0.002133369
-0.001160294
-0.0007441374
0.001677338
-0.001052186
-0.0003575699
0.002762606
-0.0004473383
0.003287897
0.001433533
0.001194848
-0.0009461359
-0.00147042
-0.003197285
-0.004911909
-0.004599794
-0.002067138
0.001060177
0.001337612
-0.0005177725
-0.001363357
0.001157058
0.001283533
-0.0005922518
-0.002158976
-0.003020882
-0.004564146
-0.004597812
-0.003470717
0.001704758
0.005601152
0.004034426
-0.0008085386
-0.001708184
-0.004101109
-0.006484855
-0.005219041
-0.002868967
0.0007918076
0.003615162
0.004086396
0.00563679
0.004895244
0.001528217
-0.0009116285
-0.007028575
-0.008609581
-0.007450867
-0.005098754
0.002558379
0.009064954
0.009391347
0.005617339
0.001427172
-0.003656514
-0.009069662
-0.009484809
-0.006075975
-0.001019843
0.003546689
0.001626022
0.001387334
0.001325107
-0.0001151409
-0.004372629
-0.004227796
-0.004840824
-0.002924253
0.002500099
-0.0001315093
-0.002271477
0.0001510137
0.003894405
0.002312377
9.692746e-05
-0.005694641
-0.00749087
-0.006860518
-0.007131849
-0.006368898
-0.001244428
0.004429822
0.003950413
0.003000783
-0.001138387
-0.003669017
-0.003821007
-0.005991577
-0.005914068
-0.00878844
-0.00690349
-0.00159032
-1.035139e-05
-0.0001011425
-0.001646454
-0.0003704451
0.001447183
0.0003771916
-0.0024982
-0.002415592
-0.002508424
-0.002312596
-0.002009669
-0.001584342
0.003851225
0.003923633
-0.0003562998
-0.001954653
-0.001278406
0.00206004
0.004555966
0.002560833
6.997911e-05
0.001523465
0.001261311
0.001528536
0.001379602
0.001711087
0.006199072
0.004883257
0.001485622
-0.001804914
-0.004354929
-0.003756205
0.000516559
0.004034522
0.001431466
0.00284007
0.001342693
-0.003105544
-0.00416126
-0.004562138
-0.0006484156
0.0007683466
-0.001773511
-0.0009656892
-0.002319247
-0.003896186
-0.005258923
-0.006168783
-0.001069823
0.001236378
0.001640279
0.001010919
-0.001239221
-0.001359601
-0.001294342
-0.001489183
-0.001255623
-0.001609584
-0.0004202857
0.003163973
0.004626631
0.001481949
-0.001034413
-0.001445496
-0.0002796583
0.001556318
-5.734444e-05
-0.002081047
-0.003817111
-0.005627635
-0.00364784
0.0006361359
-0.002441229
-0.004186474
-0.001978199
-0.001143864
-0.00240971
-0.002353636
-0.0007114624
0.000891951
0.001681404
0.001641597
0.00283599
-0.001571458
-0.002832205
-0.0009401339
-0.001477702
-0.0008055512
-0.001886781
-0.0008362096
-0.0003180793
0.0007579908
0.003540521
0.00620779
0.004929699
0.004150388
0.001639117
-0.002723455
-0.002496027
-0.00330798
0.0002711677
0.002991475
0.005391501
0.009708109
0.01012015
0.00778534
0.003321785
-0.0007541702
-0.001556945
-0.001769141
-1.885718e-05
0.001493767
0.00324711
0.004373152
0.004025295
0.004707638
0.0067935
0.007512561
0.006194682
0.003400864
0.0001684437
0.002123744
0.002975285
0.002552169
0.004589622
0.00508379
0.003029117
0.001358137
-0.0008943742
0.0005886792
0.001543524
0.000891092
0.00222358
0.002550193
0.002575489
0.0007221036
-0.0008278951
-8.547848e-05
0.001799653
0.0001097082
-0.001576234
-0.003377567
-0.002368001
0.001978601
0.002290351
0.00429362
0.003941323
0.002445293
0.001109707
-0.001824035
-0.00567213
-0.009543187
-0.008119545
-0.003362699
0.002698532
0.003841136
0.001309081
0.0001034587
-0.0006598256
-0.002916532
-0.003841819
-0.002828613
-0.002051775
-0.001654823
-0.0001529438
0.0006819513
0.0003277934
-0.0004641225
-0.001177577
-0.0001733345
-0.000740101
-0.0002557028
-0.002839421
-0.002285182
-0.001466073
-0.001119415
0.00121477
-0.001037096
-0.001662553
-0.002607782
-0.002523591
-0.001924327
-0.002470724
-0.001228508
0.001066085
0.001434675
-0.0006758567
-0.003216021
-0.002081513
-0.001224475
-0.001199611
-0.0007238744
-0.002831372
-0.002879635
-0.0002834956
-0.0002709161
-0.0003211973
-0.0003926767
-0.001216185
0.0002647887
0.0002057008
-0.0001679595
-0.0007438482
-0.001029278
-0.001168959
-0.0005905308
0.0002309014
2.24773e-05
-0.0003665589
-0.001371055
-0.0009377917
1.310198e-07
0.0001012474
0.0009605698
0.001354908
-0.0002436556
-0.002058601
-0.003286187
-0.003227885
-0.002575326
-0.0007234849
0.00259685
0.004386912
0.003443295
0.001464137
-0.0001466171
-0.0006880282
-0.002308658
-0.002074439
0.0001957659
0.0008630591
0.001436842
0.001475245
0.001649301
0.001955051
0.00135671
0.000433472
-0.000257775
-0.0003606728
-0.0004616786
-0.0004448061
-0.0003928834
-7.903746e-07
0.0009776209
0.001318889
0.001209887
0.001185734
0.0002307832
-0.000546596
-0.0003073451
0.0002434509
0.0004995423
0.0007814595
0.0005653035
0.0004778455
0.0005617152
0.0001394435
-0.0001477681
-0.0002863062
-0.0001444058
-4.375968e-05
0.0003856324
0.0008556421
0.0008259407
0.0006173828
0.0005623052
0.0004842716
0.0004371224
0.0002894308
-3.437844e-06
-0.0003053218
-0.0003248828
-0.0002741099
-1.896818e-05
0.000134731
0.000290697
0.0004559065
0.0002587989
0.0002142267
-1.55748e-06
-0.0001621805
-0.0001979681
-0.0001695043
-0.0001121137
9.71066e-05
0.0002492613
0.0001149077
-6.65153e-05
-2.878203e-05
6.748216e-05
9.442576e-05
0.0001076344
3.155914e-05
5.960534e-06
-2.324677e-05
5.052423e-06
-2.706013e-05
-3.544479e-06
5.397008e-05
5.297646e-06
-2.391592e-05
6.609012e-05
2.822208e-05
1.786982e-06
4.620933e-05
-2.280705e-05
-4.47958e-05
-7.643937e-05
-5.764635e-05
-5.225063e-05
-7.887706e-05
-7.318823e-05
-7.294821e-05
-6.634123e-05
-4.9586e-05
-4.136293e-05
-5.733444e-05
-6.057993e-05
-6.011032e-05
-5.601975e-05
-3.514552e-05
-3.278883e-05
-4.017597e-05
-2.43745e-05
-1.793105e-05
-2.397663e-05
-3.395936e-05
-5.766639e-05
-6.493439e-05
-5.354054e-05
-4.635444e-05
-4.4041e-05
-3.564876e-05
-2.915515e-05
-2.380284e-05
-2.392856e-05
-2.860572e-05
-2.41179e-05
-1.931977e-05
-1.55573e-05
-1.427871e-05
-1.631106e-05
-1.837637e-05
-1.766317e-05
-1.779841e-05
-1.662115e-05
-1.407866e-05
-1.451354e-05
-1.311046e-05
-1.171113e-05
-1.182416e-05
-1.208323e-05
-1.263525e-05
-1.278433e-05
-1.27226e-05
-1.271638e-05
-1.276378e-05
-1.281024e-05
-1.285065e-05
-1.293892e-05
-1.293852e-05
-1.302944e-05
-1.314205e-05
-1.330406e-05
-1.35192e-05
-1.375173e-05
-1.400132e-05
-1.427103e-05
-1.456011e-05
-1.486922e-05
-1.519539e-05
-1.553473e-05
