0.009148873
0.009132431
0.009115949
0.009099505
0.009083018
0.0090662
0.00904847
0.009029202
0.00900807
0.0089855
0.008962423
0.008939901
0.00891857
0.008898546
0.008879651
0.008861073
0.008841756
0.008822411
0.008805207
0.008791027
0.008778272
0.008763725
0.008745949
0.008726344
0.008706005
0.008685378
0.00866466
0.008643903
0.008623044
0.00860201
0.00858071
0.008559084
0.008537097
0.008514885
0.008492605
0.008470494
0.008448704
0.008427151
0.008405324
0.008382423
0.008357729
0.008331414
0.008305197
0.008282599
0.00826786
0.008263362
0.008265832
0.008263836
0.008243062
0.008204449
0.008161942
0.008109063
0.008022587
0.007893156
0.007742268
0.007612597
0.007524595
0.007474717
0.007470065
0.007521347
0.007620606
0.007725801
0.0077835
0.0077876
0.00776489
0.007734384
0.007705093
0.007680512
0.007660038
0.007640874
0.007619365
0.007592265
0.007558041
0.007518732
0.007481243
0.007456958
0.007457527
0.007486811
0.007531004
0.007554208
0.00751438
0.007414343
0.007317983
0.007267874
0.007251091
0.00724075
0.007206278
0.007119189
0.006971453
0.006793859
0.006657553
0.006625949
0.006692644
0.006795316
0.006870618
0.006918849
0.006989247
0.007107139
0.007245498
0.007346099
0.007390021
0.007404522
0.007402546
0.007373807
0.007296613
0.007153029
0.006950314
0.006726912
0.00650841
0.006270328
0.006002998
0.005731603
0.005449723
0.005154379
0.004905123
0.004753316
0.004693268
0.004714218
0.004802212
0.004909648
0.004945549
0.004827664
0.004603523
0.00441356
0.004305228
0.004246516
0.004204294
0.004154294
0.004085553
0.00400758
0.003951462
0.003961664
0.004075285
0.004292826
0.00456281
0.004834304
0.005119205
0.005405204
0.005616827
0.00572687
0.005753801
0.00566675
0.005403605
0.004938991
0.004349702
0.00379676
0.003397427
0.003168214
0.003038726
0.002945352
0.002886989
0.002909475
0.003064291
0.003352016
0.003672829
0.00387391
0.00391106
0.003851253
0.003769888
0.003740272
0.003831784
0.00408079
0.004454242
0.004852546
0.00521251
0.005559789
0.005879837
0.0061247
0.006356463
0.006659333
0.00697816
0.007098077
0.00678889
0.006061174
0.005120616
0.004157553
0.003328586
0.002753415
0.002459232
0.002323531
0.002128329
0.001843081
0.001711608
0.001877439
0.002234443
0.002578168
0.002769367
0.002827229
0.002814275
0.002762757
0.002685126
0.002591531
0.00251219
0.00251048
0.002670369
0.003047338
0.003598108
0.004170938
0.004638774
0.004942251
0.004965046
0.004664062
0.004258749
0.003996317
0.003938254
0.004080211
0.004391304
0.00475902
0.004971567
0.004826202
0.004399964
0.004006793
0.00379414
0.003760179
0.003916763
0.004271396
0.004775418
0.005308937
0.005794189
0.006310899
0.006923398
0.007585748
0.008289333
0.008978325
0.009381557
0.009218321
0.008428966
0.007155578
0.005680304
0.004250781
0.002922542
0.00160511
0.0004871735
5.444798e-06
0.0002635011
0.001010661
0.001934032
0.00281287
0.00358396
0.004292773
0.004909747
0.005189638
0.004920644
0.004157444
0.003157604
0.002257522
0.001658148
0.001324952
0.001040902
0.0006299308
9.356955e-05
-0.0004134659
-0.0007737586
-0.001046481
-0.001289071
-0.001420475
-0.001231797
-0.0004883287
0.0008829401
0.002579229
0.004007402
0.004786061
0.004881166
0.004470403
0.003837114
0.003197815
0.002505237
0.001580353
0.0004184654
-0.000834788
-0.00200588
-0.002918338
-0.003445428
-0.003558921
-0.003265897
-0.002544715
-0.001458646
-0.0001869331
0.001135592
0.002409217
0.003522278
0.004366553
0.004889273
0.00514572
0.005223665
0.005088749
0.00463286
0.003812114
0.002767729
0.0017852
0.00107296
0.000673503
0.0005066041
0.0005451375
0.0008635441
0.001535877
0.002498076
0.003504621
0.004296412
0.004755493
0.004948462
0.005022201
0.005029298
0.00492355
0.004629159
0.004126257
0.003534882
0.003089422
0.002908846
0.002862489
0.002750826
0.002428685
0.00186622
0.001212954
0.0007283262
0.0005158021
0.000468719
0.0004855049
0.0005113977
0.0005182364
0.0005012031
0.0004680016
0.0004311051
0.0004028515
0.0003938267
0.0004097008
0.0004459827
0.0004823975
0.0004845011
0.0004186645
0.0002824627
0.0001385287
0.0001292204
0.000439903
0.001196731
0.002318544
0.003471109
0.004250526
0.004374638
0.003812932
0.002804679
0.001726819
0.0009025518
0.0004590983
0.0002972493
0.000220281
0.0001445863
0.0001336992
0.0003418896
0.0009141376
0.001845687
0.002912146
0.003804884
0.004330215
0.004506292
0.004506797
0.004462147
0.004430493
0.004429233
0.00444979
0.004476313
0.004495099
0.004498258
0.004482101
0.004447536
0.004402566
0.004365895
0.004364245
0.004419207
0.004522269
0.004609634
0.004555247
0.004207824
0.003478564
0.002459546
0.001428395
0.0006421976
0.0001938244
-6.076664e-06
-9.953249e-05
-0.0001202161
-1.172617e-06
0.0003430831
0.0009085849
0.001504852
0.001800443
0.001610347
0.001060062
0.0004282158
-3.873578e-05
-0.0002817393
-0.0003021227
-3.203714e-05
0.0006029535
0.001561744
0.00261739
0.003477895
0.003973797
0.004146503
0.004183982
0.004207199
0.004233526
0.004214516
0.004075926
0.003783015
0.003404629
0.003139227
0.003204659
0.003544136
0.003835046
0.00396481
0.004069972
0.004285694
0.00464943
0.005045928
0.00520931
0.004933135
0.004332315
0.003632013
0.00294841
0.002472132
0.002415373
0.002695374
0.002971784
0.002928491
0.002580228
0.002211551
0.001886933
0.001472244
0.000909666
0.000310731
-0.0001222825
-0.0003448074
-0.0004475917
-0.0004611166
-0.0003503319
-7.966669e-05
0.000315315
0.0006668131
0.0007201998
0.0003788429
-0.0001975136
-0.0009387546
-0.001900391
-0.002962956
-0.003883717
-0.004504633
-0.004828668
-0.004957835
-0.004886507
-0.004510109
-0.003756827
-0.002730298
-0.001721077
-0.0009862747
-0.0006171302
-0.0005197754
-0.0005358944
-0.0005680061
-0.0005782486
-0.0005636739
-0.000538668
-0.0005196508
-0.0005166615
-0.0005310621
-0.0005568144
-0.0005828097
-0.0005960637
-0.0005866317
-0.0005546486
-0.0005166303
-0.000505578
-0.0005578906
-0.0006856931
-0.0008418936
-0.00089956
-0.0006725464
-2.106772e-06
0.001102127
0.002329185
0.003203714
0.003595105
0.003748026
0.003827577
0.003825597
0.003619184
0.003059035
0.00211932
0.001007826
7.242767e-05
-0.0004369206
-0.0005196329
-0.0004252575
-0.0004563092
-0.0008623891
-0.001743238
-0.002906069
-0.003879834
-0.004193014
-0.003623972
-0.002314006
-0.0006119255
0.00111588
0.002479976
0.003221163
0.003471845
0.003544766
0.003589697
0.003569006
0.003335825
0.002746482
0.001809193
0.000741459
-0.0001804585
-0.0007804545
-0.001037601
-0.00101304
-0.0007161531
-0.0001668779
0.0004848019
0.000918229
0.000824475
0.0002331514
-0.0004790413
-0.0008101081
-0.0004649455
0.0004954109
0.001768661
0.002930554
0.003601202
0.003572962
0.002851258
0.001598152
0.0002486311
-0.0005433992
-0.0004213627
0.0004097662
0.001508557
0.00243003
0.002944393
0.003145837
0.003370555
0.003914183
0.004834847
0.005916837
0.006830603
0.00736784
0.007557025
0.007604877
0.007660779
0.007750146
0.007785511
0.007599438
0.007036926
0.006084544
0.00498191
0.004114799
0.003548318
0.00289997
0.001873935
0.0005648747
-0.0005785592
-0.001167504
-0.001148643
-0.0005537752
0.0005138359
0.001751292
0.002739017
0.003124126
0.002763028
0.001775404
0.0004416538
-0.0008764184
-0.001848808
-0.002250058
-0.002062837
-0.001564551
-0.001116286
-0.0008559748
-0.0008341117
-0.001159119
-0.001921461
-0.003049381
-0.004218188
-0.00497997
-0.004996664
-0.00423968
-0.003062131
-0.001996551
-0.001364823
-0.001058505
-0.0009070227
-0.0009232358
-0.001263464
-0.00208822
-0.003350285
-0.004609617
-0.00521611
-0.004922177
-0.003956173
-0.002722421
-0.001647349
-0.001063444
-0.001133138
-0.00185428
-0.003102978
-0.004500427
-0.005487382
-0.005807184
-0.005558915
-0.004835934
-0.003761698
-0.002564971
-0.001443501
-0.0004931612
0.0002904791
0.001008735
0.001771982
0.002468846
0.002774064
0.002495753
0.00169139
0.0005702151
-0.000590493
-0.001420936
-0.001345961
-2.9804e-05
0.002016451
0.003852601
0.004796046
0.004665136
0.003732827
0.002388604
0.0009977019
-0.0001727299
-0.0009603736
-0.00132027
-0.001362561
-0.001274945
-0.001199226
-0.001250564
-0.001544072
-0.002156909
-0.003050899
-0.004047729
-0.004971275
-0.00578043
-0.00654971
-0.007292232
-0.00776413
-0.007676864
-0.006960848
-0.005758367
-0.004364149
-0.003081729
-0.0021896
-0.001888113
-0.002157082
-0.002724969
-0.003265525
-0.00358494
-0.003740053
-0.003857634
-0.003950958
-0.003901776
-0.003523565
-0.002702361
-0.001578554
-0.0005843869
-0.0002037174
-0.0007249332
-0.002090732
-0.003984997
-0.005960207
-0.007389357
-0.007656365
-0.006594691
-0.004551966
-0.002149436
2.104301e-05
0.001584985
0.002427786
0.002647484
0.002423256
0.001931382
0.00135962
0.0009725091
0.0009881785
0.001354091
0.001825976
0.002200708
0.002544438
0.003094068
0.003890188
0.004613239
0.00468615
0.003695733
0.001722357
-0.0006570699
-0.002589811
-0.003381462
-0.002833756
-0.001338556
0.0004270831
0.001823072
0.002577549
0.002737806
0.002477337
0.001929271
0.00121129
0.000490921
-0.0001150247
-0.0005549463
-0.0006452625
-0.0001843402
0.0007422708
0.001916848
0.003243468
0.004695789
0.006201342
0.007564806
0.008465463
0.008576638
0.007812303
0.006501286
0.005272653
0.004706208
0.004923066
0.005717966
0.006728073
0.007437898
0.007511514
0.00719478
0.006897114
0.006743294
0.006717976
0.006777019
0.006859244
0.006906852
0.006883305
0.0067873
0.006662538
0.006597312
0.00669918
0.007035883
0.007549977
0.007993587
0.007973279
0.007238236
0.005976799
0.004634046
0.003660846
0.003416267
0.004006064
0.005178551
0.006524423
0.007716979
0.008533637
0.008877268
0.008808354
0.00846305
0.00796147
0.007457208
0.00707666
0.006712266
0.00617919
0.00551234
0.005039937
0.005194304
0.006083804
0.007344872
0.008378724
0.008828885
0.008819143
0.00862124
0.00850232
0.008703407
0.009337334
0.01026104
0.01099112
0.01087737
0.009534917
0.007072649
0.004071027
0.001318612
-0.0005466778
-0.001417716
-0.001662468
-0.001780399
-0.002178711
-0.003022817
-0.004181417
-0.005339249
-0.006218729
-0.006662891
-0.006594232
-0.005892025
-0.004485946
-0.002559846
-0.0005916024
0.0008111284
0.001251624
0.0007502943
-0.0003222403
-0.00144407
-0.002218281
-0.002448193
-0.002082966
-0.001102232
0.0003549242
0.001852909
0.002795808
0.002771181
0.001970581
0.001017449
0.0003559739
9.203214e-05
7.675384e-05
0.000122449
0.0001220674
6.440138e-05
3.193445e-05
0.0001587022
0.0005552988
0.001213579
0.001968743
0.002629546
0.003104894
0.003267778
0.003016607
0.002570146
0.002275176
0.002217178
0.00230322
0.002398474
0.00234549
0.002011278
0.001373373
0.0006073042
3.59241e-05
-0.0001275793
0.0001620714
0.0009032097
0.001961893
0.003032864
0.00382819
0.004225741
0.004309997
0.004269511
0.004238336
0.004275355
0.004378873
0.004487969
0.004498737
0.004299038
0.003834543
0.003184158
0.002589751
0.002293213
0.002284325
0.002362359
0.002283668
0.001820381
0.0008633007
-0.0004813594
-0.001939629
-0.003189482
-0.003914389
-0.003923948
-0.003319609
-0.002522011
-0.002093272
-0.002439156
-0.003620358
-0.005408307
-0.007340828
-0.008923442
-0.009925358
-0.01053191
-0.01118027
-0.01230605
-0.01406312
-0.01632762
-0.01885846
-0.02147616
-0.02410466
-0.02671197
-0.02925027
-0.03162462
-0.03371469
-0.03545559
-0.03691209
-0.03821915
-0.03945335
-0.04065497
-0.04187974
-0.04322039
-0.04478654
-0.04664227
-0.04870842
-0.05077848
-0.05269937
-0.05433186
-0.05542947
-0.0559209
-0.05608124
-0.05621322
-0.05647671
-0.05690309
-0.05741103
-0.0579201
-0.05858635
-0.059749
-0.06152463
-0.06368014
-0.06574989
-0.06724337
-0.06779798
-0.06721814
-0.06574464
-0.0641864
-0.06342925
-0.06392561
-0.06561315
-0.06798955
-0.07040506
-0.07226465
-0.07323564
-0.07342969
-0.07330293
-0.07325466
-0.07354791
-0.07431921
-0.07550315
-0.07687572
-0.07825174
-0.07951023
-0.08056224
-0.08137777
-0.0820302
-0.08272116
-0.0836394
-0.08476763
-0.08599816
-0.08728494
-0.08863357
-0.09005158
-0.09148721
-0.09278424
-0.09369193
-0.09396832
-0.09356202
-0.09273388
-0.09185778
-0.09108842
-0.09032503
-0.08939919
-0.08838445
-0.08754371
-0.08704994
-0.08683363
-0.08659929
-0.08606139
-0.08510795
-0.08385156
-0.08253293
-0.08138848
-0.08060062
-0.08022597
-0.08014964
-0.08018632
-0.08021589
-0.0801869
-0.08009791
-0.07999053
-0.07993664
-0.08000841
-0.08022659
-0.08049256
-0.08054542
-0.07999701
-0.07848679
-0.075943
-0.07266682
-0.06903133
-0.06528041
-0.06134635
-0.05685636
-0.0512137
-0.04372271
-0.03406694
-0.0227753
-0.01094321
0.0003176331
0.009980507
0.01733246
0.02236476
0.02572619
0.02825625
0.03060669
0.03311293
0.03582771
0.03843319
0.04022384
0.04067246
0.03975758
0.03760557
0.0344477
0.03066363
0.0266748
0.02285427
0.0195808
0.01720412
0.01587451
0.01541408
0.0153654
0.01526875
0.01482974
0.01397503
0.0129247
0.01215801
0.01211627
0.01287212
0.01398676
0.01486153
0.01528376
0.01523214
0.01463133
0.01348117
0.01205222
0.01092669
0.01063165
0.01133223
0.01301126
0.01553959
0.0186659
0.02197298
0.02495577
0.02724645
0.02871358
0.02936537
0.02935819
0.02896539
0.02849907
0.02816527
0.02785429
0.02727231
0.02627566
0.02501797
0.02378811
0.02253234
0.0209272
0.01882213
0.01609559
0.01246968
0.007746976
0.002055627
-0.004138309
-0.0101919
-0.01558326
-0.02007433
-0.02376363
-0.02696733
-0.03000807
-0.03302602
-0.0362246
-0.03998677
-0.04458203
-0.05004382
-0.05626781
-0.06315762
-0.07063206
-0.07837714
-0.08575272
-0.09201426
-0.09659453
-0.09936224
-0.1006981
-0.1013729
-0.1020391
-0.1030442
-0.1043976
-0.1059208
-0.1073548
-0.1083262
-0.1083728
-0.1070148
-0.1038664
-0.09875743
-0.09176436
-0.08326677
-0.07378781
-0.06399142
-0.05464181
-0.04643429
-0.03990516
-0.03539645
-0.03291236
-0.03208578
-0.03233501
-0.03309363
-0.03423172
-0.03576412
-0.03751692
-0.03936335
-0.04128937
-0.04314109
-0.04472032
-0.04600703
-0.04706059
-0.047906
-0.04852578
-0.04876003
-0.04823074
-0.04668346
-0.04416131
-0.04062283
-0.03598416
-0.0304325
-0.02446319
-0.01870835
-0.01376389
-0.01010668
-0.008103157
-0.007786493
-0.008753582
-0.01038969
-0.01217455
-0.01401513
-0.0160731
-0.01842992
-0.02109266
-0.02401671
-0.02701299
-0.029699
-0.03161534
-0.03258133
-0.03280694
-0.03240822
-0.03128952
-0.02935835
-0.02667936
-0.02353465
-0.02041845
-0.01788963
-0.01624607
-0.01543814
-0.01522271
-0.01542589
-0.01603346
-0.01701394
-0.01812821
-0.01896167
-0.01936239
-0.01964451
-0.02017538
-0.02111618
-0.02237237
-0.02367619
-0.02472409
-0.02523067
-0.02501853
-0.02406053
-0.02230368
-0.01951862
-0.01557586
-0.01063552
-0.004991385
0.000876081
0.006344443
0.01089395
0.01428563
0.01654831
0.0179077
0.01860037
0.01886729
0.01895428
0.01900775
0.01909635
0.01926524
0.0195517
0.01996754
0.02048027
0.02110443
0.02205614
0.02350059
0.02525025
0.02682885
0.02773505
0.02779977
0.027154
0.02601543
0.02478186
0.02390807
0.0234259
0.02305267
0.02267562
0.02244463
0.02259452
0.02310115
0.02371069
0.02428085
0.0246502
0.02452004
0.02370956
0.0221373
0.01943948
0.01504243
0.008571299
0.0005273398
-0.007683085
-0.01483217
-0.02034568
-0.02438175
-0.02759811
-0.03074694
-0.03428177
-0.03838301
-0.04316901
-0.04861358
-0.0544429
-0.06019766
-0.06536855
-0.06962129
-0.07281569
-0.07487384
-0.07562222
-0.07496363
-0.07314172
-0.07045705
-0.06679686
-0.06184911
-0.05535733
-0.0471149
-0.03729041
-0.02661219
-0.01607758
-0.006404539
0.00252286
0.01129499
0.02005324
0.0284421
0.03590197
0.0419104
0.0461355
0.04836513
0.04864686
0.04730238
0.04475095
0.04139409
0.03739491
0.03270473
0.02710474
0.02027611
0.01196923
0.002158165
-0.008812989
-0.02031319
-0.03156534
-0.04178161
-0.0502572
-0.05651528
-0.06033664
-0.06159821
-0.06010263
-0.05567006
-0.04839292
-0.03865954
-0.02760567
-0.01697885
-0.007909383
-0.0003920255
0.006063896
0.01179766
0.01655049
0.0199297
0.02204603
0.02367316
0.02582408
0.02887824
0.03241618
0.03560599
0.03799008
0.03964376
0.04076268
0.04143847
0.04147219
0.04028573
0.03722966
0.03212936
0.0256404
0.01900417
0.01312861
0.008328359
0.004942681
0.003248281
0.003197541
0.004529938
0.006875083
0.009851822
0.01300442
0.01587652
0.01822554
0.02014231
0.02190138
0.02382667
0.02603137
0.02785367
0.02770041
0.02393424
0.0157638
0.003593463
-0.01082353
-0.02501322
-0.03695251
-0.04576667
-0.05161018
-0.0552073
-0.05714134
-0.05785356
-0.05772005
-0.05679877
-0.05506704
-0.05268141
-0.04981556
-0.04639249
-0.04200568
-0.03631098
-0.02958491
-0.02265699
-0.01648782
-0.01181732
-0.009012808
-0.0081865
-0.009064584
-0.01099703
-0.01320137
-0.01496879
-0.01588851
-0.01599208
-0.01567745
-0.01521959
-0.01454085
-0.01357213
-0.01249508
-0.01167048
-0.01114709
-0.01037253
-0.008564288
-0.00497088
0.001056625
0.009814507
0.0211423
0.03454619
0.04925485
0.06452263
0.07984692
0.09505623
0.1098275
0.1234774
0.1353778
0.1451971
0.1528964
0.1586377
0.1627635
0.1658017
0.168384
0.1708975
0.1735497
0.1764913
0.1797897
0.1833405
0.186814
0.1898191
0.1921834
0.1941454
0.1962355
0.1987875
0.2018206
0.2052991
0.209718
0.2161219
0.2252127
0.2364455
0.2477602
0.2565164
0.2607572
0.2600096
0.2553381
0.2483214
0.2403733
0.2321583
0.2232676
0.2124379
0.1980776
0.1790538
0.155005
0.1258532
0.09209741
0.05546593
0.0188002
-0.01482291
-0.04240764
-0.06181987
-0.0730142
-0.07810316
-0.07967251
-0.07952126
-0.07801835
-0.07432352
-0.06728127
-0.05632386
-0.04221369
-0.0268535
-0.01191955
0.001816258
0.01430333
0.0255221
0.03484762
0.04139244
0.04466441
0.04494335
0.04327556
0.04087017
0.03868675
0.03710904
0.03570434
0.03366912
0.03055063
0.02623573
0.02068072
0.0137558
0.00552916
-0.003351879
-0.0118206
-0.01880498
-0.02354929
-0.02588197
-0.02623059
-0.02547306
-0.02452348
-0.02401369
-0.02414292
-0.02464575
-0.02494717
-0.02451551
-0.02328433
-0.02173896
-0.02045691
-0.0197166
-0.01929894
-0.01879517
-0.01801037
-0.01707052
-0.01627866
-0.01576001
-0.01525678
-0.01415594
-0.01181704
-0.007864372
-0.002228735
0.004942344
0.01351716
0.02337668
0.03420352
0.04531921
0.05574614
0.06459223
0.07139381
0.07612726
0.07872792
0.07912583
0.07741267
0.07399116
0.06958249
0.06499968
0.06105456
0.05840913
0.05749447
0.05845747
0.06109037
0.06484444
0.06915486
0.07340205
0.07694878
0.0794182
0.08076923
0.08103762
0.08035695
0.07896257
0.07702515
0.07451683
0.07121423
0.06707062
0.06250065
0.05784357
0.05297219
0.04780057
0.04254219
0.03757782
0.03340054
0.03047349
0.0289494
0.02870016
0.02981621
0.0325499
0.03717914
0.04400394
0.05302287
0.06347734
0.07387986
0.08270675
0.08901198
0.09280361
0.09490102
0.09646533
0.09815413
0.10006
0.1020158
0.1039305
0.1058432
0.1076546
0.1090609
0.1097154
0.1096261
0.1092284
0.1089009
0.1086575
0.1080172
0.1062796
0.1028822
0.09760378
0.09076429
0.08312673
0.07554604
0.06862645
0.06255737
0.05695901
0.05087774
0.04331435
0.03388992
0.02318545
0.01261862
0.003628771
-0.003174705
-0.008356894
-0.01282025
-0.01724497
-0.02208623
-0.02739551
-0.03265228
-0.03699924
-0.03965809
-0.04034174
-0.03949289
-0.03804691
-0.03682989
-0.03613485
-0.03591021
-0.036001
-0.0363276
-0.0368066
-0.03716025
-0.03679066
-0.03485366
-0.03058981
-0.02381178
-0.0150959
-0.005359971
0.004499537
0.01389228
0.02251584
0.03017913
0.03653237
0.0411132
0.04380035
0.04501775
0.04543873
0.04565607
0.04594513
0.04630945
0.04660188
0.04668577
0.04672029
0.04717834
0.04830742
0.04995797
0.0519814
0.05438628
0.05728775
0.06056593
0.06382513
0.06688934
0.06995947
0.07348138
0.07775851
0.08261655
0.08739371
0.09110599
0.09283037
0.09209141
0.08911607
0.08477083
0.08026098
0.07644727
0.07378464
0.07231429
0.07132896
0.06939271
0.06498036
0.05716149
0.04608938
0.03292318
0.01937993
0.006827299
-0.003932149
-0.01252576
-0.0187489
-0.02235835
-0.0230471
-0.02084915
-0.01643087
-0.01123745
-0.007205116
-0.005989193
-0.008395184
-0.0142365
-0.02249285
-0.03183812
-0.04108784
-0.0494071
-0.05644222
-0.06214687
-0.06654966
-0.06983926
-0.07229506
-0.07385205
-0.07423642
-0.07323641
-0.07067891
-0.06634249
-0.05986994
-0.0508557
-0.03894983
-0.0244777
-0.008964434
0.004992447
0.01477247
0.01945398
0.01977415
0.01709156
0.01270992
0.007768599
0.003313333
0.0003979125
-7.594469e-05
0.002282215
0.007114094
0.01354359
0.02033699
0.02634706
0.03076516
0.0331785
0.0334108
0.03131883
0.02656059
0.01917532
0.01003068
0.0004074846
-0.008468188
-0.01598793
-0.0219497
-0.02617387
-0.02863259
-0.02961158
-0.0294894
-0.028364
-0.0256535
-0.02053377
-0.01261823
-0.002364309
0.008752684
0.01874385
0.02586766
0.02918738
0.02849765
0.02433652
0.01767695
0.009761466
0.001778568
-0.005537347
-0.01199579
-0.01776918
-0.02284069
-0.0265114
-0.02765218
-0.02523105
-0.01869873
-0.008366327
0.004738657
0.0192163
0.03366752
0.04711634
0.05896548
0.06883103
0.07664229
0.08255523
0.08641677
0.08750394
0.08454019
0.07691711
0.065683
0.0530822
0.04179528
0.03365877
0.02901901
0.02687479
0.0259767
0.02552239
0.02516446
0.02489517
0.02495138
0.02557668
0.02676314
0.02812415
0.02911531
0.02940458
0.02866583
0.02639509
0.02215114
0.01565882
0.006612945
-0.005113598
-0.01912037
-0.03408885
-0.04802746
-0.05950656
-0.06807427
-0.07419879
-0.07904729
-0.08387665
-0.08903971
-0.09431
-0.09971288
-0.1055174
-0.1119593
-0.1189665
-0.1259954
-0.1321512
-0.1365559
-0.1387328
-0.1387223
-0.1369753
-0.133888
-0.1298724
-0.1253054
-0.1200007
-0.1129949
-0.102781
-0.08827656
-0.06976894
-0.04906171
-0.02888941
-0.0115141
0.001561915
0.009312335
0.01134816
0.007991233
-4.054722e-05
-0.01141293
-0.0243016
-0.0363297
-0.04504677
-0.04915792
-0.04891121
-0.0452361
-0.03924062
-0.03169851
-0.02291357
-0.01286812
-0.001201413
0.01251017
0.02840389
0.04571702
0.06269459
0.07736763
0.08757787
0.09073514
0.08448378
0.06770149
0.04126978
0.009036783
-0.02313548
-0.04978322
-0.06816633
-0.07827942
-0.08193129
-0.08068431
-0.07551251
-0.06685485
-0.05483386
-0.03997996
-0.02353688
-0.007180961
0.007926937
0.02148822
0.03382762
0.0450803
0.05498936
0.06307365
0.06900965
0.0729261
0.07527332
0.07659536
0.07695402
0.07560059
0.07097592
0.06127355
0.04522582
0.02256617
-0.005142961
-0.03454864
-0.06171987
-0.08345991
-0.09841663
-0.1068866
-0.1096983
-0.1080431
-0.1035253
-0.0977457
-0.09230561
-0.08849225
-0.08704704
-0.08803255
-0.09090985
-0.09473402
-0.09874719
-0.1026576
-0.1066395
-0.1109214
-0.115348
-0.1191635
-0.1211245
-0.1197607
-0.1135227
-0.1011492
-0.08204046
-0.05726166
-0.02970025
-0.00293365
0.01986218
0.03637
0.04556322
0.04772104
0.04412963
0.03637302
0.02544382
0.01189029
-0.003909582
-0.02139055
-0.03957454
-0.05689945
-0.07170828
-0.08342103
-0.09263651
-0.1003927
-0.1073554
-0.1133581
-0.117419
-0.1183171
-0.1152069
-0.1078081
-0.09637794
-0.08147888
-0.06428873
-0.04665132
-0.030775
-0.01857504
-0.01086475
-0.006983381
-0.005290929
-0.003599183
8.912005e-05
0.006815879
0.01645927
0.02827462
0.04128464
0.05467352
0.06769182
0.07952582
0.08947314
0.09693699
0.1012731
0.101791
0.0979891
0.0899295
0.07881167
0.0668105
0.05634761
0.04936393
0.04729139
0.0506428
0.05866209
0.0696462
0.08174004
0.09319764
0.1024879
0.1086375
0.111396
0.1111648
0.1088264
0.1054809
0.101878
0.09826192
0.09422548
0.08861624
0.07985019
0.06678732
0.04966312
0.03035515
0.01173033
-0.003533128
-0.01386879
-0.01917934
-0.02035967
-0.01906523
-0.01714566
-0.0159903
-0.01627315
-0.01799246
-0.02078278
-0.02429195
-0.02814948
-0.03186775
-0.03495168
-0.03701579
-0.03797005
-0.03817446
-0.03837931
-0.0393123
-0.04136281
-0.04436057
-0.04752407
-0.04986327
-0.05108506
-0.05181598
-0.05294239
-0.05518377
-0.05883944
-0.06382374
-0.06978806
-0.07629197
-0.08262669
-0.08778475
-0.0910104
-0.09213412
-0.09126475
-0.08861835
-0.0842237
-0.07782232
-0.06900743
-0.05763318
-0.04443624
-0.03119611
-0.02012157
-0.01299865
-0.01088713
-0.01390375
-0.02140304
-0.03169023
-0.04223578
-0.05051749
-0.05482517
-0.05483397
-0.0514823
-0.04608054
-0.03963119
-0.03257532
-0.02496154
-0.01674065
-0.007876431
0.001567175
0.01134698
0.02092682
0.02959761
0.03681835
0.04237179
0.04626237
0.04840754
0.04845073
0.04571618
0.04007938
0.03267027
0.02540166
0.02021139
0.01822983
0.01939561
0.02269384
0.02681576
0.03081456
0.03444553
0.03797988
0.04172257
0.0456422
0.04940539
0.05299158
0.05695802
0.06218178
0.06942939
0.07883497
0.08948901
0.09948207
0.106662
0.1089498
0.1046133
0.09297147
0.07496071
0.052745
0.02936275
0.007563569
-0.01093698
-0.02563341
-0.0367873
-0.04532657
-0.05253514
-0.05942492
-0.06625477
-0.07270153
-0.07823813
-0.08247939
-0.08555771
-0.08805832
-0.09026289
-0.091863
-0.09239763
-0.09163546
-0.08963749
-0.08627924
-0.08111028
-0.07380026
-0.064444
-0.05357494
-0.04231763
-0.03215741
-0.02411516
-0.01843382
-0.01473515
-0.01188884
-0.008285135
-0.002816893
0.004618949
0.01331929
0.02217588
0.03016305
0.03642784
0.04022379
0.04083064
0.03797273
0.03213243
0.02438701
0.01622795
0.009281416
0.005046791
0.004530711
0.008126588
0.0156031
0.0262033
0.03869745
0.05192651
0.06483416
0.07628546
0.08473929
0.08824243
0.08473459
0.07271335
0.05182014
0.02353553
-0.008528062
-0.0400324
-0.0668876
-0.08647569
-0.09803764
-0.102236
-0.09981699
-0.09175188
-0.07942637
-0.06478839
-0.04999171
-0.03633935
-0.02421968
-0.01379445
-0.005634498
-0.0009662117
-0.001026175
-0.00636174
-0.01675634
-0.03055509
-0.04483391
-0.05691596
-0.065552
-0.07116445
-0.0752871
-0.0793075
-0.08376499
-0.08831363
-0.09232344
-0.09518529
-0.09635331
-0.09558065
-0.09272763
-0.08691675
-0.07664384
-0.06054953
-0.03820186
-0.01053088
0.02007837
0.05018302
0.07680742
0.09807719
0.1134179
0.1235339
0.1300051
0.1341761
0.1370974
0.1395077
0.1416925
0.1436324
0.1454067
0.1472473
0.1492298
0.1511518
0.1526167
0.1533986
0.1536284
0.1536973
0.1540723
0.15501
0.1562742
0.1570502
0.1561362
0.1521834
0.1440449
0.1313667
0.1151126
0.09740743
0.08095041
0.06775835
0.05859142
0.05306945
0.05050282
0.05010328
0.05109017
0.05262466
0.05385836
0.05421959
0.05349678
0.05173217
0.04912134
0.04588948
0.04227204
0.0384816
0.03453341
0.03025266
0.02530635
0.01919021
0.0114683
0.002248227
-0.007579524
-0.01665083
-0.02384863
-0.02881826
-0.03177134
-0.03331101
-0.03404074
-0.03426812
-0.03400951
-0.03351301
-0.0334114
-0.0343156
-0.03668405
-0.04079973
-0.04668048
-0.05395048
-0.06189874
-0.06955188
-0.07602188
-0.08096228
-0.08466386
-0.08756476
-0.08995774
-0.09180926
-0.09294597
-0.09331756
-0.09305878
-0.09251302
-0.0920632
-0.09190595
-0.09192758
-0.09188281
-0.09154749
-0.09079415
-0.08965612
-0.08825393
-0.08649998
-0.08379346
-0.07886263
-0.0702301
-0.05688387
-0.03866445
-0.01641272
0.008407084
0.03360755
0.05669591
0.07588118
0.0906448
0.1011169
0.1078941
0.1117891
0.1136421
0.1140483
0.113281
0.1114022
0.1082315
0.1036316
0.09781201
0.09154562
0.08594502
0.08167326
0.07879491
0.07703721
0.07594122
0.07499327
0.07376855
0.07208293
0.07008184
0.06790499
0.06539109
0.06222922
0.05841108
0.05465576
0.05204365
0.05143918
0.05335694
0.05773763
0.06386787
0.07060694
0.07687494
0.08169991
0.08390651
0.08168901
0.07320384
0.0576009
0.03591593
0.01120454
-0.01282061
-0.03287011
-0.0472151
-0.05574243
-0.05945262
-0.05990784
-0.05900285
-0.0583228
-0.05883729
-0.06074421
-0.06368107
-0.06701575
-0.07020961
-0.07297134
-0.07528633
-0.07723283
-0.07883517
-0.08004609
-0.080625
-0.07994899
-0.07704668
-0.0708467
-0.06058111
-0.04638623
-0.02954594
-0.01253628
0.001706764
0.01130591
0.01593938
0.01601051
0.01241635
0.006296797
-0.001061304
-0.008182042
-0.01376539
-0.01689516
-0.01728894
-0.01547053
-0.0126074
-0.009812939
-0.008102257
-0.008435287
-0.01133139
-0.01663198
-0.02376085
-0.03180364
-0.03977711
-0.04688492
-0.05272207
-0.05727123
-0.06079233
-0.06352402
-0.06552592
-0.06665441
-0.06684907
-0.06626613
-0.06498416
-0.06295855
-0.06007122
-0.05633282
-0.05182431
-0.04624019
-0.03920753
-0.0308797
-0.02192339
-0.0133217
-0.00619018
-0.001476315
0.0003617018
-0.000628948
-0.00409056
-0.009494246
-0.01607718
-0.0229423
-0.0289295
-0.03276991
-0.03372203
-0.0318172
-0.02732768
-0.02087672
-0.01343976
-0.006020512
0.0005386999
0.005555995
0.008603238
0.009622923
0.008979892
0.007473232
0.006263999
0.006577518
0.009076851
0.01359181
0.0192411
0.02489364
0.02946742
0.032103
0.03214166
0.02904372
0.0225614
0.01301932
0.001266503
-0.01133014
-0.02325475
-0.03302483
-0.03947059
-0.04217877
-0.0417103
-0.03918115
-0.03576862
-0.03240759
-0.02993004
-0.02884101
-0.02877477
-0.02886154
-0.02835449
-0.02680569
-0.02423539
-0.02124813
-0.01863584
-0.01681633
-0.01579417
-0.01527169
-0.01481884
-0.01404962
-0.01277482
-0.01092891
-0.008548508
-0.005928936
-0.003632118
-0.002284491
-0.002371632
-0.004106394
-0.007455036
-0.01208795
-0.0174674
-0.02291187
-0.02778365
-0.03170729
-0.03449681
-0.0357852
-0.03510346
-0.03206636
-0.02648456
-0.01865719
-0.009543439
-0.0004814063
0.00754475
0.0139634
0.01858273
0.02167078
0.02373009
0.02497703
0.02555276
0.02575867
0.0258441
0.02595399
0.02617814
0.02654024
0.02695786
0.02723465
0.02722611
0.02712081
0.02722426
0.02767271
0.02871171
0.03071486
0.03371612
0.03730967
0.04091364
0.04395288
0.04605681
0.04722787
0.04775578
0.04786224
0.04756674
0.0467114
0.04513504
0.04279825
0.03970921
0.03589862
0.03127008
0.0254002
0.01784373
0.008823544
-0.0008132187
-0.01016913
-0.01857728
-0.02573216
-0.03167863
-0.0367321
-0.041275
-0.04569618
-0.05030159
-0.05510743
-0.05990267
-0.0644496
-0.06843172
-0.0715231
-0.07385916
-0.07614103
-0.07916019
-0.08337273
-0.08869125
-0.09477279
-0.1011371
-0.1070644
-0.1118856
-0.1153307
-0.1172643
-0.1175151
-0.1160558
-0.113207
-0.1095274
-0.1054995
-0.1011939
-0.09617345
-0.08987312
-0.08220553
-0.07373618
-0.06546285
-0.05833797
-0.05280743
-0.04857417
-0.04492455
-0.0412741
-0.03718234
-0.03230861
-0.02649911
-0.01984269
-0.01267454
-0.005583652
0.0007109657
0.005691585
0.00923111
0.01152924
0.01284982
0.01329715
0.01287373
0.01167042
0.009960136
0.008252019
0.007141775
0.006957433
0.007651243
0.009018982
0.01055023
0.01141306
0.01097865
0.009141302
0.006138129
0.002457341
-0.001342045
-0.004758417
-0.007454909
-0.009377144
-0.010781
-0.01211472
-0.01385001
-0.01627162
-0.01929902
-0.02245845
-0.0250972
-0.0266931
-0.02707087
-0.02628467
-0.02457237
-0.02231051
-0.01986762
-0.01738587
-0.01482812
-0.01210396
-0.009159716
-0.006051559
-0.00290903
0.0002679586
0.003650883
0.007308027
0.01114592
0.01504158
0.01879938
0.02210084
0.02454287
0.02569102
0.0251309
0.022762
0.01897958
0.01452503
0.01026457
0.006821256
0.00457557
0.003753194
0.004302605
0.005829043
0.007791612
0.009689075
0.01133207
0.01283786
0.01431863
0.01539428
0.01541495
0.01418144
0.01209381
0.009930435
0.00843816
0.008000336
0.008464256
0.009257166
0.009730038
0.009466011
0.008392962
0.006646436
0.004484365
0.002140835
-0.0003246942
-0.003043588
-0.006193343
-0.009790383
-0.01356291
-0.01704781
-0.01979182
-0.02153778
-0.02234671
-0.02252748
-0.0224415
-0.02232155
-0.02232415
-0.02259698
-0.02325609
-0.02429093
-0.02550663
-0.02662171
-0.02734096
-0.0273643
-0.0263852
-0.02417318
-0.02092836
-0.01733578
-0.01402271
-0.01135878
-0.009462354
-0.00824023
-0.007482358
-0.006968005
-0.006539818
-0.006144564
-0.005586429
-0.004402615
-0.002226513
0.0009091168
0.004557802
0.008008369
0.01059068
0.01187321
0.01169797
0.01002887
0.007126053
0.003614729
0.0001619024
-0.00278236
-0.004993263
-0.006398887
-0.006971488
-0.006735725
-0.00581381
-0.004436258
-0.002937353
-0.001576351
-0.000351672
0.0009658368
0.002358212
0.003525328
0.004353748
0.00478575
0.004599793
0.003754018
0.002514736
0.001108949
-0.0003026303
-0.001529502
-0.002349388
-0.002575824
-0.002185663
-0.001346397
-0.0002757929
0.0008994733
0.00223045
0.003889434
0.006030287
0.008666317
0.01166081
0.01475742
0.01752732
0.01951654
0.02058205
0.02081618
0.02025978
0.01884965
0.01646545
0.01297459
0.008412416
0.003044214
-0.002748612
-0.008633487
-0.01444103
-0.02000861
-0.02497558
-0.02902049
-0.03206766
-0.0341003
-0.03511346
-0.0350875
-0.03394452
-0.03159145
-0.02827814
-0.02450337
-0.02028921
-0.01554932
-0.01068717
-0.006383913
-0.003244888
-0.001550337
-0.001165979
-0.001697563
-0.002640288
-0.003553541
-0.004246516
-0.004811195
-0.005520072
-0.006553083
-0.007817084
-0.009093111
-0.01015723
-0.01084087
-0.0111197
-0.01111428
-0.01092403
-0.01053613
-0.009832516
-0.008543315
-0.006322253
-0.003217383
0.0002192162
0.003530523
0.006554617
0.009342658
0.0119641
0.01434379
0.01629772
0.01767915
0.01853186
0.01910343
0.01970728
0.02051041
0.02152957
0.02278352
0.02411575
0.02512349
0.025626
0.02579581
0.02572377
0.02535831
0.02463553
0.02360489
0.02244748
0.02128931
0.02013625
0.01887627
0.01729988
0.01517931
0.01239973
0.009010824
0.005131319
0.0009129854
-0.00344701
-0.007611601
-0.01118511
-0.01397396
-0.01588112
-0.01676245
-0.01670021
-0.01612694
-0.01551099
-0.01518522
-0.01524675
-0.01567951
-0.01645154
-0.01746871
-0.0186347
-0.01999278
-0.0216553
-0.02364294
-0.02574992
-0.02758829
-0.02880191
-0.02907796
-0.02820076
-0.02633176
-0.02393801
-0.02121251
-0.01809095
-0.01450441
-0.01058661
-0.006623704
-0.002686648
0.001155115
0.004528877
0.007205623
0.009388358
0.01136925
0.01328832
0.01503845
0.01650851
0.01780165
0.01911612
0.02066057
0.02259146
0.02489356
0.02733662
0.02962398
0.03150909
0.03282677
0.03345272
0.03329029
0.03246797
0.03134515
0.03014395
0.02890444
0.02759158
0.02618234
0.02475358
0.02352569
0.022816
0.02287881
0.02365984
0.024737
0.02563634
0.0260102
0.02565355
0.02446323
0.02236996
0.01936373
0.01559047
0.01137235
0.007233389
0.003728949
0.001112236
-0.0007582187
-0.002089302
-0.003022702
-0.003605545
-0.00391224
-0.0041033
-0.004263829
-0.004356218
-0.004255603
-0.003817334
-0.002985994
-0.001914443
-0.0009191624
-0.0002316548
0.0001119001
0.0002436104
0.0002915424
0.0002774743
0.000144217
-0.0001777142
-0.0006840904
-0.001229315
-0.001618106
-0.001872158
-0.002186159
-0.002674158
-0.003273282
-0.003808419
-0.004204306
-0.004448384
-0.004363403
-0.003643677
-0.002053856
0.0003085548
0.00299178
0.005521054
0.007462208
0.008477352
0.008525935
0.007862873
0.006695212
0.005098345
0.003053447
0.0006348539
-0.001885235
-0.00419521
-0.006054205
-0.00741833
-0.008595096
-0.01012536
-0.01228035
-0.01500636
-0.01826433
-0.02196525
-0.02586741
-0.02967635
-0.03309362
-0.03584882
-0.03781649
-0.03903758
-0.03949348
-0.03908396
-0.0378233
-0.03582169
-0.03307889
-0.02951433
-0.02518125
-0.02052781
-0.01629756
-0.01304922
-0.01087835
-0.009485813
-0.008678373
-0.008474763
-0.008912791
-0.009950866
-0.01144963
-0.01318753
-0.01482043
-0.01590737
-0.01619427
-0.01585578
-0.01526382
-0.01468322
-0.0140566
-0.01315667
-0.01186376
-0.01015146
-0.008071988
-0.005830693
-0.003690495
-0.001724948
0.0002406772
0.002475613
0.004996876
0.007473539
0.009441135
0.01046573
0.01029454
0.008970693
0.006824682
0.00421171
0.001476611
-0.001048711
-0.003029438
-0.004187207
-0.004476929
-0.004183036
-0.003782266
-0.003600532
-0.003634524
-0.003753346
-0.003810577
-0.003669139
-0.003258376
-0.002634777
-0.002015831
-0.001641822
-0.001519639
-0.001498955
-0.001463029
-0.001373437
-0.00128276
-0.001329431
-0.001681197
-0.002430057
-0.003465383
-0.004489888
-0.005256094
-0.005684095
-0.005849507
-0.005836205
-0.005620444
-0.005118629
-0.004291989
-0.003206882
-0.001944802
-0.000504111
0.00115273
0.00301037
0.004968467
0.00695107
0.008966095
0.0108744
0.01238021
0.01333867
0.01379109
0.01381323
0.01341831
0.01258273
0.01138713
0.01004122
0.008780418
0.007862854
0.007527783
0.007865933
0.008766739
0.01001624
0.01137062
0.01261126
0.01352978
0.01395014
0.01379405
0.01307945
0.01192858
0.01070842
0.009883766
0.009516637
0.009387742
0.009393289
0.009562938
0.009953074
0.01051473
0.01097134
0.01084742
0.009783127
0.007744505
0.00484426
0.001297971
-0.00259835
-0.006493732
-0.01002632
-0.01285469
-0.01477253
-0.01584479
-0.01630131
-0.01628382
-0.01576897
-0.01468208
-0.01309764
-0.01129457
-0.009590804
-0.008115588
-0.006746074
-0.005325544
-0.003772994
-0.002103981
-0.0004347596
0.001151362
0.002868651
0.005145652
0.008191033
0.01169973
0.01495982
0.01753556
0.01949561
0.02097883
0.02199587
0.02236937
0.02188393
0.02046249
0.01815955
0.01509711
0.01134301
0.007106163
0.002777171
-0.001415117
-0.005363563
-0.008836039
-0.01153013
-0.01329293
-0.0143519
-0.01514315
-0.0157526
-0.0160541
-0.01599121
-0.01553329
-0.01471268
-0.01371223
-0.01277174
-0.01199541
-0.01131026
-0.01059839
-0.00995477
-0.009596071
-0.009617735
-0.0100215
-0.01072893
-0.01148653
-0.01194583
-0.01187698
-0.01115208
-0.009748085
-0.007921227
-0.006119477
-0.004609129
-0.003550627
-0.003152129
-0.003541347
-0.004657764
-0.006306771
-0.008167805
-0.009916252
-0.0114228
-0.01276468
-0.01398316
-0.01501136
-0.01573154
-0.01606071
-0.01597407
-0.01539699
-0.01427415
-0.01269277
-0.01085099
-0.008908708
-0.00683215
-0.004529375
-0.002184731
-0.0002029783
0.001049847
0.00144653
0.001088735
2.205736e-05
-0.001634768
-0.00355992
-0.005461923
-0.007134659
-0.008227026
-0.008397974
-0.007579913
-0.005737327
-0.002845272
0.0006146081
0.003844836
0.006532238
0.008723821
0.01050294
0.01202016
0.01343919
0.01473136
0.01570322
0.01614666
0.01601832
0.0155059
0.01485636
0.01421812
0.0135532
0.0128461
0.01219601
0.01161319
0.01107222
0.01065639
0.01035973
0.009982504
0.009387747
0.00867652
0.008181198
0.008231353
0.008914437
0.01009249
0.01148237
0.01280828
0.01381578
0.01428281
0.01412009
0.0133968
0.01220711
0.01061332
0.008626954
0.006352154
0.004046158
0.001944476
0.0001812068
-0.001195293
-0.002115561
-0.00244965
-0.002152134
-0.001342082
-0.0002021502
0.00109561
0.002443396
0.003745284
0.004864085
0.005634598
0.00594389
0.005794004
0.00525905
0.004517446
0.003929784
0.003896798
0.004604185
0.005998847
0.007855018
0.009894303
0.01190312
0.01383224
0.01561233
0.01706493
0.01816459
0.01908042
0.01990507
0.02043038
0.02012806
0.01855111
0.01557282
0.01121366
0.005662955
-0.0007050413
-0.007235545
-0.01311342
-0.01784251
-0.02126051
-0.0233163
-0.024154
-0.02405343
-0.02303967
-0.02101786
-0.01809889
-0.01460933
-0.01094849
-0.007462323
-0.004392088
-0.001869749
2.302501e-05
0.001245839
0.001981124
0.002589575
0.003223119
0.003931366
0.004839477
0.005933367
0.00697949
0.007764237
0.008215741
0.008394301
0.008360834
0.008090382
0.007554794
0.006848522
0.006234245
0.005983837
0.006237539
0.007085331
0.008513675
0.01031586
0.01228238
0.01436658
0.01640369
0.01801645
0.01888029
0.01878513
0.01760431
0.01538473
0.01235419
0.008738582
0.00489815
0.001402874
-0.001344195
-0.003337066
-0.004670375
-0.00539063
-0.005489849
-0.00511037
-0.004615794
-0.004285143
-0.004277991
-0.004859275
-0.00631319
-0.008744089
-0.01194994
-0.01534781
-0.01814117
-0.01974217
-0.02010369
-0.01926219
-0.01709195
-0.01366193
-0.009443665
-0.005140304
-0.001414298
0.001330569
0.002938549
0.003552973
0.003596409
0.003600377
0.003986743
0.004998071
0.006607859
0.008459649
0.0101236
0.01139958
0.01221797
0.01257607
0.01261219
0.01254914
0.01254875
0.01268962
0.01295707
0.01319537
0.01309514
0.01225801
0.01039214
0.007511565
0.003995116
0.0004544836
-0.002656193
-0.00516495
-0.007146457
-0.008783399
-0.01019419
-0.01125649
-0.01171575
-0.01145079
-0.0107345
-0.01016966
-0.01013982
-0.01052812
-0.01075857
-0.01023993
-0.008766076
-0.00651892
-0.003901246
-0.00121438
0.001359419
0.003690739
0.005702941
0.007401433
0.008885953
0.0102345
0.01138636
0.01220738
0.01262819
0.01274919
0.01278719
0.0129263
0.01327781
0.01385131
0.01453792
0.01523349
0.01596303
0.01668234
0.01718817
0.01735359
0.01715317
0.01653207
0.01549982
0.01419831
0.01279217
0.01145052
0.01038099
0.009789666
0.009771059
0.01016571
0.01068387
0.01133797
0.01231535
0.01368433
0.01541143
0.0173526
0.01919086
0.02057958
0.02138766
0.02167348
0.02154998
0.02105177
0.02018732
0.01904288
0.01774044
0.01637882
0.01508166
0.01402143
0.01336552
0.01315683
0.01324475
0.01337676
0.01326151
0.01260396
0.01123076
0.009213977
0.006861502
0.004593805
0.002697333
0.001189316
-0.0001877928
-0.001790612
-0.003851199
-0.006354537
-0.009063188
-0.01168536
-0.01392163
-0.01552563
-0.01644355
-0.0168561
-0.01702468
-0.01715757
-0.01728275
-0.01725603
-0.01685038
-0.01588456
-0.01438603
-0.01259463
-0.01064677
-0.008468707
-0.006076037
-0.003618825
-0.001220216
0.001030373
0.003060068
0.004807457
0.006117261
0.006593993
0.00579724
0.003564945
0.0002420751
-0.003405487
-0.006748021
-0.009407626
-0.0112081
-0.01212924
-0.01227279
-0.0118101
-0.01099837
-0.01010288
-0.009258687
-0.008391095
-0.007273674
-0.005766645
-0.004020659
-0.002189643
-0.0002023899
0.002018848
0.00450858
0.007393577
0.01076691
0.01446773
0.01793297
0.02044394
0.02172037
0.0218275
0.02081076
0.01876365
0.01599464
0.01303204
0.01044782
0.008541595
0.007366763
0.006845443
0.006854512
0.007248817
0.007884117
0.00850269
0.008738542
0.008395875
0.007548557
0.006390635
0.005117698
0.003831425
0.002557926
0.001298403
5.690206e-05
-0.001143278
-0.00226349
-0.003266671
-0.004138766
-0.004872118
-0.005336027
-0.005202394
-0.004287002
-0.002759881
-0.0009110039
0.0008624576
0.002043179
0.002272974
0.001538715
-2.822158e-05
-0.002239199
-0.004889948
-0.007753192
-0.01056448
-0.01296457
-0.01463904
-0.01561421
-0.01599804
-0.01562747
-0.01443776
-0.01270091
-0.01073031
-0.008733603
-0.006767888
-0.004943866
-0.003491404
-0.002469868
-0.001703779
-0.0009978631
-0.0003261846
0.0001428484
0.0003295027
0.0003359397
0.0002747405
0.000257221
0.0004081538
0.0008198006
0.001481876
0.002241523
0.00291939
0.003435086
0.00366605
0.003477771
0.003027931
0.002632567
0.002401593
0.002349769
0.002558766
0.003134375
0.004098667
0.005312032
0.006550157
0.007625601
0.008418107
0.00890898
0.009191348
0.009336097
0.009241364
0.008691455
0.007531105
0.005846216
0.003990752
0.002393121
0.001276796
0.0005358582
-8.120241e-05
-0.0007585863
-0.001449921
-0.002040142
-0.002474593
-0.00262773
-0.002432658
-0.002109768
-0.001876826
-0.001646997
-0.001213013
-0.0004417693
0.0006588593
0.002002437
0.003531042
0.005170224
0.006766007
0.008108942
0.009136504
0.01006914
0.01106411
0.01201587
0.01281016
0.01347474
0.0141583
0.01493719
0.01571136
0.01638063
0.01682502
0.01676937
0.01605902
0.01487448
0.0134756
0.01207822
0.01091044
0.01020813
0.01013347
0.01063239
0.01150158
0.01272557
0.01430046
0.01597344
0.01752016
0.01892059
0.0201473
0.02110355
0.02170658
0.02199193
0.02212414
0.02222292
0.02228994
0.02223095
0.02190654
0.02121748
0.02020876
0.01904012
0.01777952
0.01639683
0.01484864
0.01316628
0.01153273
0.01026114
0.009553755
0.009271006
0.009172166
0.009164156
0.009282311
0.009606218
0.01015555
0.01078832
0.01124211
0.01138284
0.01124689
0.01086048
0.01024802
0.009430489
0.008292994
0.006720439
0.004944126
0.003366564
0.002192177
0.001470886
0.00112827
0.0008984477
0.0004497412
-0.0003303345
-0.001199109
-0.001641823
-0.001204312
0.0003086289
0.002806636
0.005834801
0.00870769
0.01094377
0.01242258
0.01322223
0.01352848
0.01350912
0.01318958
0.01248695
0.01134018
0.009740739
0.007707645
0.005411177
0.003174052
0.001227399
-0.0004188855
-0.001962332
-0.003623755
-0.005452718
-0.007292888
-0.008941374
-0.01039618
-0.01177075
-0.01311744
-0.01439343
-0.01547373
-0.01620348
-0.01650365
-0.01642342
-0.01604963
-0.0154823
-0.01486437
-0.01426216
-0.01355027
-0.01262423
-0.01150936
-0.01017733
-0.008531654
-0.006517875
-0.004244604
-0.001985678
3.35402e-05
0.001767875
0.003352336
0.004941952
0.006530836
0.007949871
0.009067386
0.01005351
0.01113264
0.01223321
0.01313146
0.01364747
0.01372548
0.01340457
0.01273426
0.0118475
0.01094292
0.01006577
0.009058894
0.007706052
0.006042465
0.004425347
0.003095448
0.002043535
0.001193563
0.0004230431
-0.0003592349
-0.0009827185
-0.001090285
-0.000532188
0.0005166979
0.001663143
0.002472926
0.002660506
0.002226726
0.001467362
0.0008038445
0.000564152
0.0008896831
0.001852381
0.003394322
0.005267065
0.007262094
0.009321952
0.01125259
0.01270387
0.01345079
0.01344621
0.01277155
0.01162443
0.01028719
0.008996966
0.007958952
0.007356577
0.007260928
0.007601074
0.008251028
0.008950531
0.009272849
0.008868976
0.007667931
0.005814688
0.003497661
0.0007484205
-0.002256959
-0.005027637
-0.007178245
-0.008619652
-0.009436382
-0.009829228
-0.01000183
-0.01001176
-0.009766121
-0.009150775
-0.008195466
-0.007137063
-0.006267047
-0.005759387
-0.005597106
-0.005634632
-0.005746861
-0.005819469
-0.005709393
-0.005258099
-0.004357215
-0.003012945
-0.001309153
0.0006152055
0.002480611
0.003947424
0.004875751
0.005305636
0.005288953
0.0047774
0.003681862
0.002052898
0.0001409777
-0.001724313
-0.003313335
-0.004529616
-0.00523449
-0.005290946
-0.004701893
-0.003631035
-0.002344685
-0.001087539
-5.67917e-05
0.000604677
0.0008782277
0.000881664
0.0007440291
0.0005841609
0.0005731605
0.0009392016
0.001888411
0.003439734
0.005350729
0.007268726
0.008897334
0.01013992
0.01099678
0.01148869
0.01171364
0.01178666
0.01169013
0.01131765
0.01059701
0.009590277
0.008450394
0.007229955
0.005874521
0.004301018
0.002493438
0.0006012542
-0.00106144
-0.002244613
-0.003010657
-0.003667105
-0.004547466
-0.005723392
-0.0070288
-0.00825315
-0.009201523
-0.009755308
-0.009944159
-0.009889652
-0.009656077
-0.009290334
-0.008914055
-0.00874964
-0.008961578
-0.009433636
-0.01000505
-0.01070374
-0.01150775
-0.01226909
-0.01289106
-0.01322324
-0.01299731
-0.01216555
-0.01099371
-0.009683932
-0.008320867
-0.006964567
-0.005695539
-0.004635942
-0.003909797
-0.003552756
-0.003452086
-0.003443582
-0.003424852
-0.003358829
-0.003261735
-0.00319947
-0.003264241
-0.003527816
-0.003969016
-0.004411746
-0.00455239
-0.00419565
-0.003429077
-0.002364685
-0.001082549
9.926416e-05
0.000840608
0.001156821
0.001178458
0.0009027516
0.0002708967
-0.0006816788
-0.001738164
-0.002610334
-0.003118942
-0.0032859
-0.003282745
-0.003238868
-0.003217382
-0.003245993
-0.003320287
-0.003408588
-0.003452077
-0.003378767
-0.003135912
-0.002746852
-0.00235946
-0.002222704
-0.002468595
-0.002917401
-0.0033516
-0.003695734
-0.003780095
-0.003274166
-0.001835608
0.0006160852
0.003751669
0.007028203
0.009895317
0.01201441
0.01326151
0.01363822
0.01327243
0.01243511
0.01144494
0.01057664
0.009915957
0.009320101
0.008549685
0.007536947
0.006363712
0.00505955
0.003597866
0.001966049
0.0002468741
-0.001325732
-0.002441252
-0.003014157
-0.003328869
-0.003694056
-0.004227636
-0.004879564
-0.005589491
-0.006384835
-0.007163455
-0.007662545
-0.007730459
-0.007341342
-0.006514015
-0.005427547
-0.004426999
-0.003782903
-0.003543697
-0.003512097
-0.003383283
-0.002923401
-0.002061343
-0.0009595049
6.250517e-05
0.0009279525
0.002008596
0.003636409
0.005797852
0.00823248
0.01054084
0.01235564
0.01346803
0.01385267
0.01355059
0.01263375
0.0111484
0.009109391
0.006616457
0.004006353
0.001679367
-0.0002448049
-0.001709699
-0.002591794
-0.003040947
-0.003452859
-0.004021243
-0.004633977
-0.005005184
-0.004969922
-0.004586293
-0.003919625
-0.002895928
-0.001313711
0.0007910204
0.003036592
0.005099785
0.006838671
0.008232862
0.009243047
0.009748709
0.009662954
0.009000801
0.007878984
0.006657167
0.005838227
0.005551595
0.005504267
0.005415521
0.005127922
0.004618399
0.00403353
0.003560425
0.003172897
0.002743082
0.002304064
0.002107635
0.002452878
0.003345355
0.004574805
0.006037653
0.007712396
0.009539369
0.01135993
0.01301377
0.0145161
0.01592003
0.01713875
0.01796116
0.01816225
0.01763075
0.01640915
0.01463638
0.01247727
0.01003789
0.007232225
0.00391365
0.0001215133
-0.003721087
-0.006955797
-0.009261177
-0.01071525
-0.01149644
-0.01179689
-0.01175006
-0.01132501
-0.01043091
-0.009081843
-0.007418621
-0.00568914
-0.004270848
-0.003484463
-0.003271486
-0.003332746
-0.003422018
-0.003364052
-0.003045484
-0.002461108
-0.001764233
-0.001221873
-0.0009790363
-0.0009648672
-0.001074275
-0.001204378
-0.001212346
-0.0009195768
-0.0001648362
0.001095251
0.00277017
0.004713133
0.006643531
0.00817512
0.009106529
0.009534211
0.009685129
0.009772152
0.009860401
0.009867925
0.009640315
0.009052008
0.008132611
0.007099096
0.006187102
0.005483575
0.004896956
0.00429358
0.003673222
0.003034337
0.002312455
0.001609336
0.00115427
0.001058487
0.001358386
0.002093948
0.003203963
0.004514332
0.005893198
0.007228945
0.008371411
0.009145947
0.009426007
0.009228247
0.008689541
0.007906769
0.00681405
0.005298633
0.003553819
0.001978788
0.0007633733
-9.37986e-05
-0.0007028298
-0.001325771
-0.002246252
-0.00350043
-0.004913979
-0.006235472
-0.007159489
-0.007401865
-0.006826086
-0.005501635
-0.00366857
-0.001688936
7.209542e-05
0.00145811
0.002459665
0.003050932
0.003247992
0.003131401
0.002716145
0.001986888
0.0009650092
-0.0003689776
-0.002117144
-0.004327209
-0.006819255
-0.009170141
-0.01106692
-0.01258199
-0.01385619
-0.0148962
-0.01563002
-0.01600572
-0.01603866
-0.01572197
-0.01501103
-0.0139046
-0.01242131
-0.01051713
-0.008201458
-0.005608169
-0.00288738
-0.0002175087
0.002147194
0.003925804
0.004953234
0.005362631
0.005505759
0.005565363
0.005527827
0.005299911
0.00482166
0.004193331
0.003713622
0.003693052
0.004210571
0.005148416
0.006333683
0.007718022
0.009353777
0.01125622
0.01327008
0.0150796
0.01643899
0.01721431
0.01729357
0.01672606
0.01573523
0.01440058
0.01259511
0.01018548
0.007274169
0.004246256
0.001434305
-0.001010173
-0.00292848
-0.00421001
-0.004903989
-0.005184446
-0.00525343
-0.005185281
-0.004949061
-0.004512167
-0.003924907
-0.003283366
-0.002539881
-0.001594469
-0.0005537644
0.0003600308
0.001003879
0.001372736
0.001516963
0.001338872
0.0006425032
-0.0006754513
-0.002414151
-0.004131125
-0.005573488
-0.006661387
-0.007309224
-0.007489232
-0.007257646
-0.006647706
-0.00574251
-0.004756132
-0.003904511
-0.003247779
-0.002661931
-0.001984352
-0.001238068
-0.0005335775
3.279697e-05
0.0002212749
-0.0002312865
-0.001257385
-0.002567725
-0.003937925
-0.005205205
-0.006230973
-0.006924965
-0.007299055
-0.007467359
-0.00750083
-0.007338289
-0.006855232
-0.005989103
-0.004816796
-0.003481372
-0.002109803
-0.0008373203
0.0001835147
0.0008313112
0.001107123
0.001155101
0.001121596
0.001092195
0.001114805
0.001206394
0.001339657
0.001421836
0.001292913
0.0007699673
-0.0002472
-0.001694375
-0.003390865
-0.005075598
-0.006405436
-0.007149914
-0.007425298
-0.007462588
-0.007327628
-0.006943013
-0.00619742
-0.005030454
-0.003415483
-0.00134529
0.001029438
0.003388254
0.005460619
0.007112287
0.00833296
0.009134707
0.009539544
0.009676365
0.009740786
0.009841133
0.009978544
0.01006427
0.009935384
0.009418118
0.008436095
0.007133674
0.005784976
0.004399271
0.002831491
0.001273882
3.608793e-05
-0.0008319645
-0.001463904
-0.00200048
-0.00241339
-0.002679257
-0.002988908
-0.003572786
-0.004487972
-0.005542535
-0.006413032
-0.00691206
-0.00712819
-0.007383541
-0.007970443
-0.008956184
-0.01012187
-0.01108945
-0.01153453
-0.01132341
-0.01053201
-0.009292385
-0.007696764
-0.005755502
-0.003510133
-0.001070476
0.001529749
0.004280686
0.007078204
0.009657904
0.01161409
0.01255648
0.01239056
0.01145571
0.01019809
0.008862378
0.007544737
0.006293333
0.005162935
0.004223551
0.003514288
0.002967363
0.002453313
0.001934362
0.001314102
0.0003245827
-0.001183984
-0.00307627
-0.005092491
-0.007005813
-0.008733023
-0.01019407
-0.01131328
-0.01227864
-0.0133545
-0.01446402
-0.01530752
-0.01563851
-0.01542425
-0.01486845
-0.01422488
-0.01361418
-0.01297171
-0.0122823
-0.01162292
-0.01097271
-0.01033683
-0.009866723
-0.009625102
-0.009502394
-0.009434802
-0.00945266
-0.009634464
-0.01004369
-0.01064084
-0.01123521
-0.01161586
-0.01176361
-0.0117618
-0.01166812
-0.01153724
-0.01145807
-0.01156423
-0.01199644
-0.01281295
-0.01387367
-0.01487483
-0.01559382
-0.01598581
-0.01614688
-0.01614497
-0.01592608
-0.01538116
-0.01446849
-0.01328577
-0.01198154
-0.01067631
-0.009475697
-0.008469097
-0.007690652
-0.007070256
-0.006484058
-0.005951115
-0.005564232
-0.00523644
-0.004803251
-0.00423949
-0.003704314
-0.003391007
-0.003228928
-0.002943855
-0.002300893
-0.001237976
0.0001232815
0.001619264
0.003041581
0.00410503
0.004521765
0.004163404
0.003242341
0.002206714
0.001360349
0.0007847543
0.0004421909
0.000361993
0.0005627873
0.0008248427
0.0009640552
0.001141926
0.001667926
0.002749133
0.004354021
0.00621836
0.008028892
0.009642724
0.0111079
0.01240946
0.01339666
0.01386298
0.01370037
0.01300722
0.01202133
0.01102003
0.01014829
0.009396459
0.008722753
0.008273151
0.00829234
0.008760555
0.009353935
0.009650423
0.009416203
0.008712973
0.00770861
0.006523139
0.005103903
0.003300395
0.001051718
-0.001442147
-0.003740599
-0.005394381
-0.006149429
-0.006086366
-0.005593386
-0.005149444
-0.004954632
-0.005016343
-0.005334199
-0.00587577
-0.006514308
-0.007025551
-0.007261772
-0.007302299
-0.007299782
-0.007346999
-0.00745469
-0.007540966
-0.007446845
-0.007002255
-0.00614098
-0.005012294
-0.00392996
-0.003168523
-0.002867452
-0.003039236
-0.00367493
-0.004691289
-0.005830671
-0.006757703
-0.007240873
-0.00725836
-0.006976549
-0.006586537
-0.006293212
-0.006249409
-0.006306787
-0.006121066
-0.005665978
-0.005118554
-0.004500236
-0.003817532
-0.003133256
-0.002372522
-0.001432081
-0.000427211
0.0004244415
0.001002101
0.001342787
0.00154547
0.001552179
0.001156306
0.0001510035
-0.001464406
-0.00338706
-0.005172537
-0.006448988
-0.007120516
-0.00732882
-0.007316265
-0.007241686
-0.007174435
-0.007161151
-0.007258435
-0.007534522
-0.008020118
-0.008635691
-0.009186477
-0.009537126
-0.009705295
-0.009679628
-0.009363407
-0.008672318
-0.007667594
-0.006597322
-0.005731588
-0.005223667
-0.005068686
-0.005180264
-0.005499462
-0.005934193
-0.006277058
-0.006228738
-0.005635695
-0.004713088
-0.003784346
-0.002997577
-0.00231719
-0.001685601
-0.001210547
-0.000990705
-0.0009511999
-0.0009800839
-0.0009879149
-0.0008853271
-0.0005956233
-9.327019e-05
0.0005473226
0.001230183
0.002031012
0.003028037
0.004075294
0.004942232
0.005487265
0.005716792
0.005713803
0.005495698
0.005057743
0.004475226
0.003949556
0.003675072
0.003605525
0.003544435
0.003326006
0.002879585
0.002281376
0.001743726
0.001424061
0.001271491
0.001188336
0.001159573
0.001251372
0.001565315
0.002152144
0.0029106
0.003622303
0.00416323
0.004462931
0.004401655
0.004056847
0.003741949
0.003555444
0.003305767
0.002781412
0.001874105
0.0005816681
-0.001110667
-0.003221627
-0.005680747
-0.008353996
-0.01110434
-0.01372272
-0.01589054
-0.01726097
-0.01765957
-0.01721793
-0.01622901
-0.01496349
-0.01354545
-0.01200894
-0.01041341
-0.008902614
-0.007603268
-0.006362043
-0.004894593
-0.003198741
-0.001335805
0.0008115799
0.003273144
0.005879291
0.008430564
0.01071694
0.01252821
0.01374796
0.01437416
0.01438808
0.01372851
0.01233573
0.01037456
0.008254259
0.006233301
0.004288321
0.002216037
-0.0001056274
-0.002561002
-0.004969443
-0.007209101
-0.009270078
-0.011295
-0.01347878
-0.0157778
-0.01786494
-0.0194215
-0.02031299
-0.02057629
-0.02015899
-0.01885649
-0.0165529
-0.01342051
-0.009895902
-0.006445692
-0.003355336
-0.0006972988
0.001574376
0.003477557
0.005059692
0.006432927
0.007640573
0.008654331
0.009467799
0.01017089
0.01089918
0.01160712
0.01207519
0.0121875
0.01192281
0.01125338
0.01023602
0.009017688
0.007657792
0.006129058
0.004407546
0.002545705
0.0006304128
-0.00140318
-0.003658555
-0.006015036
-0.00822094
-0.01008958
-0.01157511
-0.01271911
-0.01348284
-0.01379473
-0.01361355
-0.01287068
-0.0115459
-0.009790314
-0.007779482
-0.005528722
-0.003171998
-0.001095854
0.0003417373
0.001040279
0.001222047
0.001203424
0.001178915
0.001230939
0.001362042
0.001505137
0.001538734
0.001319528
0.0007483921
-0.0001395261
-0.001135465
-0.002000012
-0.002673623
-0.003333353
-0.004241789
-0.005431728
-0.006717194
-0.007879063
-0.008731066
-0.009194706
-0.009371126
-0.009456261
-0.009540251
-0.009573145
-0.009409636
-0.008889023
-0.007961945
-0.006769785
-0.00555052
-0.004486965
-0.003652425
-0.002972681
-0.00224514
-0.001334488
-0.0003304155
0.0006197541
0.0014609
0.0022206
0.002857226
0.00315015
0.002965155
0.002443625
0.001858779
0.001439195
0.001214604
0.001154501
0.001325201
0.00185099
0.002795649
0.004059302
0.005418151
0.006617263
0.007394166
0.007555563
0.007090265
0.006170997
0.00502937
0.003809903
0.002524602
0.001116052
-0.0004508625
-0.002106526
-0.003636281
-0.004814145
-0.00568782
-0.006439332
-0.007014451
-0.007276125
-0.007186848
-0.006708749
-0.005838449
-0.00469578
-0.00344711
-0.00218569
-0.0009372072
0.0003091994
0.001580181
0.002892505
0.004228253
0.005516204
0.006634675
0.007446384
0.007869614
0.007907051
0.007555652
0.006785333
0.005652436
0.004308378
0.00288859
0.001546356
0.0004871446
-9.222599e-05
-0.000134074
0.0001622599
0.0004081974
0.0002808822
-0.0001622018
-0.0005625328
-0.0007653555
-0.0008236617
-0.0007988995
-0.0007420147
-0.0006947017
-0.0006847465
-0.0007231147
-0.0008005531
-0.0008799489
-0.000893896
-0.0007579199
-0.0004111277
0.0001231574
0.0006875978
0.001076336
0.001298827
0.001584096
0.002099601
0.002824361
0.003576883
0.004209189
0.00463392
0.004663832
0.004228794
0.003579721
0.002986311
0.002580848
0.002529491
0.002879651
0.003358711
0.003683785
0.003792696
0.003667589
0.003282573
0.002679602
0.002035181
0.001601626
0.001454312
0.001460123
0.001495308
0.001491676
0.001426617
0.001332707
0.001291789
0.001411905
0.001773663
0.002357828
0.002982958
0.003399146
0.00355823
0.003593913
0.003612976
0.00365218
0.003682505
0.003618483
0.003360814
0.002865025
0.002211972
0.001564507
0.0009558376
0.0003102301
-0.0003302034
-0.0009130403
-0.001508757
-0.00212882
-0.002718496
-0.003394203
-0.004327355
-0.005520203
-0.00688797
-0.008331366
-0.009690109
-0.01072938
-0.01120344
-0.01100294
-0.01025197
-0.009234098
-0.008271391
-0.007519831
-0.006917394
-0.006291348
-0.005603152
-0.004954445
-0.004349304
-0.003766253
-0.003246252
-0.002675073
-0.00177862
-0.0004449377
0.001221067
0.002994135
0.004510606
0.005414885
0.005711561
0.005706836
0.005639009
0.005630712
0.005726046
0.005887758
0.006006294
0.00592101
0.00548139
0.004644102
0.003581154
0.002623295
0.001985895
0.001647001
0.001381374
0.0009696825
0.0003788272
-0.0002190869
-0.0006171287
-0.0007814155
-0.0007523959
-0.00053434
-0.0001277487
0.0004172565
0.001013963
0.001686844
0.002585256
0.003686432
0.00473782
0.005492044
0.005818883
0.005714084
0.005203689
0.004352533
0.003342772
0.002391344
0.001585604
0.0008656796
0.0001673517
-0.0003363905
-0.0003676805
0.0001567284
0.001116982
0.002306415
0.003593784
0.004936233
0.006308915
0.00764257
0.008787123
0.009534796
0.009718271
0.009321978
0.008477707
0.007344322
0.005978914
0.004346692
0.002457453
0.0005049535
-0.001136013
-0.002165984
-0.002533697
-0.002344576
-0.001790516
-0.00100381
6.253841e-05
0.001528644
0.003231337
0.004794813
0.006051209
0.007011392
0.007743492
0.008397191
0.009095162
0.009720448
0.01006888
0.01005538
0.009635158
0.008799363
0.007660851
0.006397442
0.005112818
0.003842258
0.002591473
0.001352879
0.0001153915
-0.001134747
-0.002414174
-0.003736672
-0.005096161
-0.006444287
-0.007675482
-0.008643677
-0.009221638
-0.009392642
-0.009236576
-0.008783478
-0.008067796
-0.007172613
-0.006112718
-0.004918461
-0.003880693
-0.003266327
-0.002924344
-0.002554037
-0.002008729
-0.00133118
-0.0006252912
9.981925e-05
0.0007778942
0.001223105
0.001389559
0.001401977
0.001359164
0.001313792
0.001302406
0.001347379
0.001450239
0.001571637
0.001615921
0.001440411
0.0009147761
2.460301e-05
-0.001044172
-0.001993669
-0.002627417
-0.002939743
-0.003055393
-0.003017366
-0.002745398
-0.002126439
-0.001140269
9.50545e-05
0.001448801
0.002803196
0.004017021
0.004938217
0.005467071
0.005654401
0.005679446
0.00565891
0.005636252
0.005630107
0.005651651
0.005711468
0.005803503
0.005878826
0.00582535
0.005484784
0.004720543
0.003513054
0.001951764
0.0001351655
-0.001767434
-0.003531175
-0.005088126
-0.006502235
-0.007729723
-0.008608198
-0.008973569
-0.008817432
-0.008335422
-0.007741501
-0.0071096
-0.006312666
-0.005273612
-0.004091694
-0.002855181
-0.001596811
-0.0003186057
0.0009931108
0.002342081
0.003695392
0.004972768
0.006067231
0.006908554
0.007547571
0.008210353
0.009162554
0.01042654
0.01181016
0.01305463
0.01387941
0.01407349
0.01361838
0.01269657
0.01155711
0.01036357
0.009128848
0.007764998
0.006175321
0.004353845
0.002465311
0.0007647135
-0.0006759212
-0.001982645
-0.003270068
-0.004591549
-0.005933954
-0.007207628
-0.008271058
-0.008994349
-0.009354148
-0.009451638
-0.009371794
-0.009124164
-0.008704728
-0.008166235
-0.007597599
-0.006948695
-0.006042944
-0.004876004
-0.003631325
-0.002486818
-0.001558219
-0.000859033
-0.0002640889
0.0003737148
0.001033719
0.001665052
0.002301356
0.002877255
0.003269607
0.003557614
0.003926564
0.004439378
0.004978609
0.005373432
0.005670153
0.006057473
0.006612853
0.00721731
0.007652206
0.007863589
0.007949844
0.007962803
0.007885889
0.007671982
0.007288229
0.006771261
0.006215551
0.005611466
0.00478342
0.003659818
0.002363959
0.001027893
-0.0002321263
-0.001308384
-0.002147044
-0.0028027
-0.003445809
-0.004203755
-0.004990942
-0.00566283
-0.006099294
-0.006072243
-0.005451071
-0.004495535
-0.003625603
-0.003091904
-0.002892684
-0.002861281
-0.002880346
-0.002916142
-0.002976199
-0.003064929
-0.003133403
-0.003057988
-0.0026776
-0.002245471
-0.001164418
-8.998984e-05
0.000699812
0.001068997
0.001035057
0.0006734566
6.589401e-05
-0.0006452877
-0.001327317
-0.00198495
-0.002585681
-0.002973487
-0.003122369
-0.003175222
-0.003232851
-0.003312045
-0.003361955
-0.00328034
-0.002967259
-0.002407107
-0.001747017
-0.001254213
-0.00106613
-0.001089662
-0.001184824
-0.001214613
-0.001045329
-0.0006010101
6.468544e-05
0.0007239661
0.001106645
0.001126141
0.0008201625
0.0002522938
-0.0004429502
-0.001126821
-0.00181325
-0.00249781
-0.003004869
-0.003197776
-0.003057156
-0.002524169
-0.001573832
-0.0003085636
0.001113785
0.002511294
0.00364096
0.004231249
0.004113989
0.003415566
0.002532202
0.001739276
0.001041964
0.0002698801
-0.000669926
-0.001632912
-0.002416019
-0.002912346
-0.003145935
-0.003174136
-0.002965412
-0.002449585
-0.001632017
-0.0006683177
0.0002240366
0.0009525922
0.001592997
0.002267271
0.002898497
0.003281972
0.003309858
0.002930661
0.002123069
0.001006348
-0.0001768888
-0.001237576
-0.002088029
-0.002759203
-0.003420415
-0.004246117
-0.005176354
-0.006018951
-0.006682211
-0.007249267
-0.007877305
-0.008553734
-0.009155973
-0.009596028
-0.009706926
-0.009303651
-0.008507446
-0.007656952
-0.006915256
-0.006199415
-0.005328784
-0.004310078
-0.003366902
-0.002705615
-0.002392895
-0.0023412
-0.00242321
-0.00251474
-0.002467017
-0.002121595
-0.001376961
-0.0002958481
0.0008952701
0.001982839
0.002820422
0.003352657
0.00367245
0.003962719
0.004280565
0.004499419
0.00443222
0.004103445
0.003804544
0.003695353
0.003691
0.003644169
0.003396494
0.002821108
0.001910118
0.000758403
-0.0005813778
-0.002059889
-0.003535033
-0.004740802
-0.005429519
-0.005661992
-0.005705178
-0.005710388
-0.005676137
-0.005502089
-0.005054255
-0.004270155
-0.003221877
-0.00204551
-0.000857725
0.0002304932
0.001106163
0.001686057
0.001976372
0.002071071
0.002025537
0.001819218
0.001426525
0.0008968576
0.0003531158
-0.0001548331
-0.0006576015
-0.001079953
-0.001322458
-0.001433266
-0.001501515
-0.001535699
-0.001464052
-0.001178318
-0.0006081229
0.000185003
0.001008808
0.001706686
0.002257376
0.002756344
0.003275062
0.00376934
0.004234592
0.004719858
0.005150888
0.005428067
0.005568381
0.005586086
0.005402754
0.004892139
0.003979827
0.002718134
0.001250849
-0.0002932945
-0.001915049
-0.00362638
-0.00524059
-0.006479073
-0.007195714
-0.007511995
-0.007721763
-0.007951573
-0.008104264
-0.007994805
-0.007601497
-0.007076513
-0.006438322
-0.005644465
-0.004756933
-0.003844632
-0.002899069
-0.001854207
-0.0006396193
0.0007496594
0.002185564
0.003448764
0.00441592
0.005090579
0.005502429
0.00574187
0.005953437
0.006192432
0.006367584
0.006319585
0.006023639
0.005686572
0.005486054
0.005441563
0.0055426
0.005752531
0.005968265
0.006025449
0.005811773
0.005464686
0.005248398
0.005255184
0.005422639
0.005617774
0.005660919
0.005458755
0.005150835
0.004921321
0.004796231
0.004736231
0.004708218
0.004686464
0.004655185
0.004608409
0.004547628
0.004479134
0.004413276
0.004362981
0.004339102
0.004339914
0.004338528
0.004275194
0.004068479
0.003651088
0.003027232
0.002276497
0.001463659
0.0006235418
-0.0001986668
-0.0009218051
-0.001432089
-0.001631323
-0.001518131
-0.001227839
-0.0008985208
-0.0005251051
-8.003677e-05
0.0004233871
0.001014735
0.001678296
0.002280218
0.002780401
0.003297121
0.003845844
0.004308444
0.004586019
0.004669292
0.004636051
0.00456385
0.004494875
0.004444849
0.004406956
0.004356161
0.004255584
0.004069923
0.003785422
0.00343145
0.003058437
0.002646279
0.002122957
0.00152329
0.0009839462
0.0006283706
0.0005089834
0.000600988
0.0008540617
0.001176665
0.001423572
0.001486999
0.001362123
0.001090817
0.0007508011
0.0004624529
0.0003078893
0.000267132
0.0002875061
0.0003276899
0.0003472598
0.0003028298
0.0001577614
-9.046125e-05
-0.0003791758
-0.0005768665
-0.0005697641
-0.0003764297
-0.000123751
5.043107e-05
0.0001089612
0.0001070556
9.448796e-05
9.047715e-05
8.363112e-05
3.70714e-05
-8.97436e-05
-0.0003075804
-0.0005662572
-0.0007713792
-0.0008762647
-0.0009012875
-0.0008525052
-0.0007200557
-0.000513098
-0.0002874526
-0.0001237402
-4.466284e-05
-3.364396e-05
-0.0001039734
-0.0002865961
-0.0005865064
-0.0009452632
-0.001259771
-0.001460765
-0.001544787
-0.001560563
-0.001548694
-0.00151575
-0.001447098
-0.001327743
-0.001165531
-0.001006027
-0.0008970101
-0.0008097698
-0.0006707302
-0.0004478092
-0.0001868684
9.877336e-06
7.02465e-05
5.226238e-06
-0.0001012897
-0.0001900528
-0.00028619
-0.0004338875
-0.0006447935
-0.0008880128
-0.00112288
-0.001340729
-0.001566319
-0.001816506
-0.002049005
-0.002230971
-0.002401232
-0.002579941
-0.002727934
-0.002809068
-0.002820084
-0.002787592
-0.002734418
-0.002655148
-0.002524512
-0.002319453
-0.002046857
-0.001765027
-0.001550249
-0.001398515
-0.001234181
-0.001014119
-0.0007617822
-0.0005380372
-0.0003574594
-0.000184669
-1.753573e-05
0.0001229438
0.000234967
0.0003429907
0.0004755843
0.0006214604
0.0007401474
0.0008026841
0.0008090686
0.0007835622
0.0007468784
0.0007088327
0.0006731956
0.0006409452
0.000612958
0.0005902931
0.0005723791
0.0005540005
0.0005239301
0.0004675266
0.0003748734
0.0002518785
0.0001253092
2.626148e-05
-3.599209e-05
-8.218361e-05
-0.0001484638
-0.0002504227
-0.0003661974
-0.0004491553
-0.0004756139
-0.0004669569
-0.0004541346
-0.0004609477
-0.0004997739
-0.0005637591
-0.0006293688
-0.0006746388
-0.0006897289
-0.0006764697
-0.0006386599
-0.0005741009
-0.0004824975
-0.0003769863
-0.0002861147
-0.0002316298
-0.0002068511
-0.0001952949
-0.0001867048
-0.0001763173
-0.0001630153
-0.0001478811
-0.0001329526
-0.0001202691
-0.0001111349
-0.0001053319
-0.0001003283
-9.107335e-05
-7.122361e-05
-3.639878e-05
1.131742e-05
6.129371e-05
0.0001002716
0.0001212657
0.0001270482
0.0001269519
0.0001274351
0.0001298598
0.0001314618
0.0001267329
0.0001105798
8.24542e-05
4.989579e-05
2.603437e-05
1.715317e-05
1.789112e-05
2.284829e-05
3.125222e-05
4.532354e-05
6.741183e-05
9.624227e-05
0.0001243176
0.000142636
0.0001504564
0.000151438
0.0001467175
0.0001359039
0.0001198923
0.0001027784
9.060159e-05
8.786075e-05
9.540539e-05
0.0001100555
0.0001265676
0.0001396637
0.000146573
0.0001478063
0.0001460939
0.0001438879
0.0001424418
0.000142011
0.0001419824
0.0001411186
0.0001379566
0.0001315307
0.0001222696
0.0001126592
0.0001061616
0.0001038317
0.0001038065
0.0001043962
0.0001047583
0.0001045706
0.0001038696
0.0001028258
0.0001015901
0.0001002248
9.87121e-05
9.699987e-05
9.503568e-05
9.278948e-05
9.025156e-05
8.742649e-05
8.432665e-05
8.097318e-05
7.739416e-05
7.361691e-05
6.96472e-05
6.54483e-05
6.092961e-05
5.597186e-05
5.048833e-05
4.451614e-05
3.82781e-05
3.210262e-05
2.614057e-05
2.027769e-05
1.433212e-05
8.101512e-06
1.387426e-06
-5.861315e-06
-1.352393e-05
-2.147697e-05
-2.967071e-05
-3.811784e-05
-4.686885e-05
-5.597103e-05
-6.542508e-05
-7.515723e-05
-8.504347e-05
-9.501047e-05
-0.0001050974
-0.0001153763
-0.0001259062
-0.0001367388
-0.0001479074
-0.0001594106
-0.0001712218
-0.0001833074
-0.0001956469
-0.0002082336
-0.0002210674
-0.0002341503
-0.0002474836
-0.0002610678
-0.0002749022
-0.0002889855
-0.0003033159
-0.0003178906
-0.000332707
-0.0003477638
-0.000363062
-0.0003786024
-0.0003943846
-0.0004104077
-0.0004266705
-0.0004431714
-0.0004599088
-0.0004768812
-0.000494087
-0.0005115247
