0.0006039669
0.0006070525
0.0006100851
0.0006129204
0.0006150495
0.0006158141
0.00061562
0.0006142793
0.0006138485
0.000614644
0.0006221192
0.0006280091
0.0006250224
0.0006200706
0.0006144162
0.0006095418
0.000609049
0.0006143121
0.000630284
0.0006383873
0.0006375831
0.0006373111
0.0006352121
0.0006127072
0.0005962592
0.0005990997
0.000603846
0.0006052104
0.000638927
0.0006554755
0.0006086037
0.0005890705
0.0006017253
0.0006024298
0.0006007323
0.0006070374
0.0006071146
0.0006058406
0.000608381
0.0006073641
0.0006113859
0.000614248
0.0005408936
0.0004953861
0.0005908006
0.0006505277
0.0006451854
0.0006449904
0.0006499734
0.0006284199
0.0004316686
0.0002600622
0.0004342688
0.0007132712
0.0007328874
0.0006637051
0.0005868423
0.000361872
0.0002197583
0.0002693924
0.0004739975
0.0007525512
0.0008080711
0.0004402554
0.0001794922
0.0002323097
0.0002676631
0.000243241
0.0002411242
0.000254287
0.0002657723
0.0002678999
0.0002581538
0.0002449472
-5.474053e-05
-0.0003155399
7.884813e-05
0.0003905433
0.0006268039
0.001133762
0.001040476
0.0003771025
-3.780835e-05
-0.0004340008
-0.0005831509
-0.0005210741
-0.0002138234
0.0003597701
0.0005324302
0.0004747845
0.0003457161
0.0001742307
0.0001734539
0.00042816
0.0003860715
-0.000187716
-0.0005530619
-0.0004807137
0.0002065928
0.0007808864
0.0007708035
0.0007038056
0.000719435
0.0004777003
4.163557e-05
-8.720068e-05
-0.0002620161
-0.0004187332
-0.0003830645
0.0002440385
0.0006616532
0.0005991382
0.0005229817
0.0005112267
0.0008440903
0.0005157372
-0.0002382278
-0.0003469125
-0.0003571587
-0.0002178914
-8.948085e-05
-4.94394e-05
-8.039242e-06
-1.91548e-06
4.805575e-05
0.0001161656
0.0001170956
0.0001337242
0.000173868
-0.0002849389
-0.001049507
-0.0008256075
3.241591e-05
0.0004815357
0.0004657275
0.0004193877
0.0005180603
0.0006032318
0.0006024519
0.0006758361
0.0005662698
-0.0005646355
-0.001544964
-0.001432898
-0.001008852
-2.212677e-05
0.001107358
0.001225978
0.0006864958
-0.0003411939
-0.0009795342
-0.0008951112
-0.0007583724
-0.0007371116
-0.0006935082
-0.00107915
-0.001750402
-0.0009776256
-5.246763e-05
0.001054858
0.001128379
8.863845e-05
-0.001488468
-0.002622329
-0.003083477
-0.002880141
-0.001916214
-0.0002964802
0.0002503976
3.235871e-05
-0.0006354693
-0.001802907
-0.002280417
-0.002070835
-0.001346366
0.0001683713
0.0007010304
0.0005089564
0.000787086
0.0009929398
-0.0003482061
-0.002617362
-0.003963216
-0.003858722
-0.002348208
-0.000301884
0.001157641
0.001109325
-7.226276e-05
-0.0008086777
-0.00107313
-0.001031216
-0.0009738046
-0.0007799585
0.0005665881
0.00182985
0.001909564
0.001485025
2.58381e-05
-0.001918668
-0.002963163
-0.002828982
-0.002196808
-0.0007369932
-1.434686e-05
-0.0001179187
-0.0004885259
-0.0002244228
-1.650952e-05
-0.0002476474
-0.0005210386
-0.0006239519
-0.0004950692
0.0002522808
0.0005326894
-0.0005822486
-0.002606833
-0.004055474
-0.003082922
-0.0009276774
0.0005281856
0.0009679301
0.0009669251
0.001001969
0.001028475
0.0008607363
0.0007033516
0.0002248465
-0.0001456001
-0.000983562
-0.002510566
-0.002226682
-0.0007932343
-0.0004422861
-0.000259048
0.0005240674
0.0008058989
0.0007970663
0.0006316082
-7.889082e-05
-0.0007404162
-0.0008565841
9.210055e-05
0.00129265
0.00154054
0.0004862332
-0.001712355
-0.0041128
-0.004931626
-0.003624914
-0.001379818
0.0009206962
0.002737112
0.003138929
0.002967822
0.002303917
0.0003048123
-0.002475537
-0.00441174
-0.005137525
-0.004691754
-0.003848747
-0.003596109
-0.002327073
-0.0005079622
-5.313429e-05
-0.001015494
-0.001333448
-0.001950286
-0.003179563
-0.003522048
-0.00236482
-0.0007273667
-0.0004487387
-0.0006965474
-0.0006477095
-0.000499573
-0.0004436939
-0.0004010585
-0.0003557651
-0.0003439257
-0.0007207379
-0.002259487
-0.004048503
-0.004805654
-0.003229428
-0.001209796
0.001910722
0.004471533
0.004183174
0.001677643
-0.0002926208
-0.001646584
-0.001868437
-0.0002116492
0.00081997
0.0004272681
-0.001160329
-0.002036872
-0.001758204
-0.001183122
-0.0001449544
3.24671e-05
0.0006586679
0.001167529
0.001619498
0.002755971
0.001959853
0.0003382644
-0.001118194
-0.001307024
-0.001257289
-0.001223169
-0.000512827
0.001133219
0.001813987
0.001057108
0.0009400336
0.00176548
0.00202798
0.001987823
0.002000782
0.002055294
0.001671298
-5.530855e-05
-0.002048115
-0.003102145
-0.002761407
-0.001749206
-0.0002573034
0.0002100347
3.809991e-05
4.992358e-05
0.0002534027
0.001783942
0.004117981
0.005301926
0.004538601
0.002904992
0.002546165
0.002808427
0.003517725
0.003352999
0.00206408
0.00084812
-0.0003073822
-0.001273363
-0.002316598
-0.001750025
0.0005263193
0.003222127
0.004661849
0.004560549
0.003293265
0.0005607671
-0.002366271
-0.00388785
-0.003818703
-0.002983591
-0.002222507
-0.0009435
0.0007599505
0.001437917
0.001233819
0.0003010999
-0.0009180527
-0.00111625
-0.0003896478
0.001698902
0.00337313
0.002822599
0.001424169
0.0005408348
0.0001147051
-0.0005143443
-0.001318896
-0.00149567
-0.000450348
0.0007075137
0.002137305
0.002718558
0.003156285
0.004110449
0.00559214
0.005921183
0.005623909
0.00430619
0.002536155
0.001091292
0.0006652614
0.001123738
0.001961618
0.002553535
0.002460949
0.001890929
0.002086676
0.003362547
0.004588457
0.003474866
0.001521372
0.0003152369
0.0003440759
0.0005153889
0.0005185964
0.00122028
0.002718905
0.003116209
0.002917401
0.002884898
0.002963109
0.002853883
0.001130919
-0.002920184
-0.00720613
-0.009227821
-0.008928374
-0.006124475
-0.001858777
0.002462268
0.004123023
0.002288852
-0.0009080717
-0.002030411
-0.001171299
0.0005423919
0.001198394
0.000486233
-0.0008763545
-0.001537755
-0.001082469
0.0001131228
0.001159574
0.001180767
0.00114372
0.00245994
0.003644251
0.00334635
0.001273779
-0.001168419
-0.002744991
-0.00376632
-0.003901989
-0.004507569
-0.005843534
-0.006156581
-0.004803622
-0.003434364
-0.003470827
-0.003668716
-0.003579603
-0.003566252
-0.002956854
-0.001256628
0.0002985773
0.00153621
0.001538983
0.0005893001
-0.000677601
-0.001086483
-0.001145993
-0.002157542
-0.003499209
-0.004630392
-0.005525627
-0.005693933
-0.005530059
-0.003695758
6.005354e-05
0.003264591
0.004392725
0.004177622
0.003695177
0.002266396
6.111051e-05
-0.002139351
-0.004002628
-0.005183465
-0.004079224
-0.0009243902
0.002456565
0.004301657
0.004016514
0.001960871
4.84041e-05
-0.0006141634
-0.0005329062
-0.0003181399
0.0002028864
-0.0004251465
-0.002607949
-0.004762076
-0.006073973
-0.005938967
-0.005173698
-0.00431366
-0.003029582
-0.002703345
-0.00327171
-0.004814502
-0.005423898
-0.004457886
-0.001527985
0.002161298
0.003601173
0.001908122
-0.001744459
-0.006212918
-0.007927878
-0.00492477
0.0004157384
0.00435415
0.004923888
0.004172172
0.002360746
-0.001210318
-0.004265158
-0.005256532
-0.004101079
-0.001486345
-2.71947e-05
-0.001265122
-0.004382184
-0.007259514
-0.00769676
-0.005869211
-0.002684714
0.0007859569
0.00323376
0.002899154
0.0003304563
-0.002733254
-0.004872666
-0.005230618
-0.005822575
-0.006097828
-0.004048222
0.0008583967
0.007243628
0.0100644
0.009071964
0.00558817
0.002367097
0.0005029388
0.0009083031
0.002403383
0.002609155
0.002372622
0.00238022
0.00246547
0.003365115
0.006073145
0.01002403
0.0142904
0.01845815
0.02230713
0.02485254
0.02572649
0.02441289
0.02149783
0.01911341
0.01772459
0.01527069
0.0105211
0.00465901
-0.0007532155
-0.004078404
-0.004045969
-0.0005811866
0.003125134
0.00492767
0.003948351
-0.0002589968
-0.007386766
-0.01524366
-0.02099426
-0.02389295
-0.02472358
-0.02368956
-0.02006223
-0.01583855
-0.0122807
-0.009531342
-0.007444683
-0.006166055
-0.004433915
-0.001327585
0.003347851
0.007209713
0.007948441
0.006704384
0.003808576
3.043967e-05
-0.002348398
-0.002110796
0.0003917907
0.003674205
0.007692449
0.01052804
0.01088655
0.008613909
0.004696652
0.0002073221
-0.003726924
-0.003535354
0.00137835
0.006175427
0.00919317
0.0102841
0.009381242
0.007590756
0.005694947
0.003636323
0.002324361
0.001180543
7.045484e-05
-0.002378715
-0.01106674
-0.02765971
-0.04602763
-0.05526222
-0.04995908
-0.0313985
-0.001927734
0.02951403
0.05186203
0.06210179
0.06225639
0.05218111
0.02984407
-0.002558767
-0.02960573
-0.04097641
-0.03937483
-0.03192513
-0.02153923
-0.007473788
0.008819984
0.02524588
0.03433333
0.03516724
0.03120907
0.02525113
0.01897822
0.01088801
-0.001017617
-0.01585665
-0.02751198
-0.03217462
-0.03078111
-0.02485542
-0.01530412
-0.00691846
-0.0009752961
0.003867688
0.007700652
0.00812707
0.003070516
-0.006994729
-0.01638805
-0.01913307
-0.01634168
-0.008511285
0.00107064
0.007439291
0.008167902
0.00471488
-0.00121307
-0.005891545
-0.005092018
-0.001255352
0.003753585
0.008842415
0.01135977
0.01008848
0.007439455
0.006427834
0.009141812
0.01431695
0.01824153
0.01833952
0.0145465
0.01029238
0.00728079
0.004769673
0.0008505556
-0.005544707
-0.01338135
-0.01893311
-0.02063893
-0.01883986
-0.0159861
-0.01514772
-0.01659732
-0.01773497
-0.01613724
-0.009781334
-0.001013785
0.005201397
0.007031245
0.006184513
0.003476672
-0.000908097
-0.008171831
-0.01699142
-0.02404294
-0.02731296
-0.02519329
-0.01883002
-0.01321137
-0.01109353
-0.009368485
-0.005379627
0.0003688496
0.004608917
0.004458626
0.0008909359
-0.004179084
-0.007397838
-0.006373256
-0.003493021
-0.001088466
0.0003263675
0.00103964
0.0007841656
-0.001214363
-0.005213345
-0.00980089
-0.01417292
-0.01846084
-0.02311299
-0.02684443
-0.02661183
-0.02121051
-0.01039061
0.007358687
0.02569949
0.03619151
0.03952793
0.03711395
0.03128347
0.02578927
0.02336411
0.02518705
0.02790605
0.02679214
0.02068608
0.01044677
0.0002216882
-0.007000012
-0.01032701
-0.009487543
-0.005302008
0.001449245
0.008708987
0.01322552
0.01380817
0.01076394
0.007218339
0.006697496
0.009842489
0.0134099
0.01396576
0.01038269
0.002135633
-0.007623429
-0.01437589
-0.0147335
-0.007223946
0.005959959
0.01676252
0.01986667
0.01685976
0.008001006
-0.006176449
-0.01898888
-0.021635
-0.01344043
0.00113891
0.01665937
0.02661679
0.02727651
0.01993283
0.008776387
-0.001615066
-0.008071309
-0.009650247
-0.009172896
-0.009004335
-0.009036085
-0.009368378
-0.0117657
-0.01549365
-0.01810548
-0.01791711
-0.01420902
-0.007333893
-0.0006978184
0.001827656
0.0005812645
-0.0008046787
0.001245084
0.006363571
0.01268477
0.0162861
0.01554871
0.011441
0.006081232
-0.00138425
-0.01172974
-0.01986697
-0.02130683
-0.01549945
-0.006582056
-0.0005237432
-0.0005025217
-0.00358971
-0.004852804
0.0007983777
0.0164647
0.03356892
0.04160464
0.04112403
0.03478572
0.02083928
8.106218e-05
-0.01695977
-0.02177326
-0.01543473
-0.005092358
0.002400053
0.004244948
0.002949877
0.003474744
0.008611908
0.0176756
0.02397781
0.02282722
0.01523349
-0.000273646
-0.01699335
-0.02513354
-0.02428711
-0.01910106
-0.01293396
-0.007922255
-0.005494682
-0.00540611
-0.004913311
-0.002837146
0.0008723776
0.005749106
0.008851689
0.007733846
0.002445274
-0.004113339
-0.007011731
-0.004114206
0.001955648
0.005973503
0.005500769
-0.0003322384
-0.009005097
-0.0148095
-0.01470271
-0.01054647
-0.004753525
-0.0005396173
0.0008600691
-0.0003656245
-0.005999277
-0.01732044
-0.03094141
-0.04359392
-0.05176026
-0.05377674
-0.05010839
-0.04032614
-0.02764967
-0.01459708
-0.003262439
0.004327592
0.008028644
0.00859125
0.007638686
0.00778053
0.01185738
0.01956554
0.02758505
0.03122858
0.02971267
0.02470536
0.01641225
0.007588443
0.001417617
-0.001953324
-0.0004346138
0.006408664
0.01757533
0.02845224
0.03277877
0.02900108
0.0178756
0.004272961
-0.001978109
0.0006109824
0.005764216
0.00615501
-0.001509109
-0.01694624
-0.03084893
-0.03425873
-0.02926262
-0.02186806
-0.0162523
-0.01572966
-0.02021894
-0.02641795
-0.02850546
-0.02208911
-0.005220896
0.01886573
0.03486319
0.03705541
0.02887596
0.01463237
0.003919381
0.002993255
0.009555012
0.01843848
0.02477562
0.02854031
0.03025998
0.03135661
0.03071881
0.0279513
0.02155271
0.006473872
-0.01312752
-0.02504806
-0.0259705
-0.0228652
-0.02161371
-0.02190522
-0.02195626
-0.02178205
-0.02123836
-0.01857662
-0.01142457
0.0007358263
0.01187778
0.01565315
0.01046893
-0.003173113
-0.02132726
-0.03140296
-0.03053356
-0.02350601
-0.01515232
-0.01171419
-0.01432312
-0.01974559
-0.02234169
-0.01964232
-0.01294049
-0.002085097
0.0131947
0.02528587
0.02803981
0.02473777
0.02207048
0.02417249
0.03162809
0.0407402
0.042878
0.03732098
0.02688444
0.01464897
0.005334897
0.00204911
0.003797377
0.008963677
0.01446184
0.01610389
0.01245548
0.004985546
-0.002930972
-0.006926617
-0.00552815
-0.0009392288
0.003104389
0.003339759
-0.001402254
-0.007328471
-0.009742924
-0.004420456
0.007386014
0.01992433
0.02775114
0.02942026
0.02538961
0.01722362
0.009116531
0.005368505
0.007133775
0.01018119
0.01010993
0.005452815
-0.005312497
-0.01778957
-0.02855539
-0.03225666
-0.02816053
-0.01955383
-0.01165254
-0.00839747
-0.008721611
-0.01086049
-0.01374846
-0.01707014
-0.01991572
-0.01854743
-0.009719959
0.005368524
0.01976371
0.02696314
0.02733821
0.02217763
0.01360958
0.003005679
-0.006157515
-0.01081788
-0.01077144
-0.00815392
-0.003419857
0.002770234
0.008788127
0.01416348
0.01827516
0.02146012
0.02278869
0.0234005
0.02387326
0.02356159
0.02226089
0.01856145
0.009390197
-0.004456529
-0.02266843
-0.04134936
-0.05299607
-0.05616014
-0.05224884
-0.04273488
-0.02856797
-0.01368512
0.0005879399
0.01156847
0.01783454
0.02161638
0.02550302
0.02818376
0.02832177
0.02504416
0.01807368
0.01139525
0.009276977
0.01498946
0.02766372
0.04221862
0.05155751
0.05620177
0.05823714
0.05829955
0.05688988
0.05413799
0.05129705
0.04967237
0.04814059
0.04430021
0.03577696
0.02386932
0.01533915
0.0133389
0.01583327
0.0200332
0.02388281
0.02483711
0.02157945
0.01463752
0.005751705
-0.004520928
-0.01839192
-0.03603915
-0.05275295
-0.06371835
-0.0680935
-0.06786968
-0.06411586
-0.05736042
-0.04929744
-0.04136549
-0.03473877
-0.03204406
-0.03273749
-0.03581083
-0.04071307
-0.04689779
-0.0531719
-0.06000245
-0.06750047
-0.07326364
-0.07431805
-0.07128839
-0.06653567
-0.06041232
-0.05261582
-0.04200226
-0.02385259
0.000137295
0.019553
0.02954801
0.0324635
0.03190665
0.02725866
0.01648518
0.004292243
-0.006843287
-0.01869655
-0.03033746
-0.03927639
-0.04398967
-0.04346122
-0.03600832
-0.02020462
-0.002364001
0.008180962
0.01290254
0.01782276
0.02545487
0.03238022
0.03283254
0.02284487
-0.001584978
-0.0363221
-0.05828589
-0.05987595
-0.04807773
-0.02026289
0.0150379
0.03965286
0.04772759
0.04383369
0.03207712
0.0179224
0.01177765
0.01975004
0.04192912
0.06725596
0.08135629
0.08064005
0.06571572
0.03127398
-0.01393305
-0.0333006
-0.02308389
0.002530506
0.02917362
0.04582638
0.05155655
0.04699259
0.03001086
-0.002021436
-0.0340189
-0.04838825
-0.04801891
-0.04532139
-0.04563101
-0.04884215
-0.054205
-0.06005199
-0.06580094
-0.06938483
-0.06807306
-0.06146975
-0.04986255
-0.03277575
-0.0137072
0.001203685
0.005705903
0.001750559
-0.003803383
-0.004643942
0.00119634
0.01213839
0.02193405
0.0254483
0.02353968
0.01961833
0.01510603
0.00909372
0.0009288906
-0.007191869
-0.01186529
-0.01193716
-0.007610709
0.0009559584
0.009207858
0.01101872
0.004481582
-0.007923051
-0.01872332
-0.02406062
-0.02609399
-0.0264533
-0.02612224
-0.02383977
-0.0175795
-0.002852326
0.01822691
0.03592718
0.04311602
0.04341785
0.039375
0.03011431
0.01655032
0.002652176
-0.004598517
0.0003397515
0.01945468
0.04692469
0.06740374
0.07413246
0.07033407
0.0591275
0.04598474
0.03821345
0.03579536
0.03320549
0.02379464
0.004248213
-0.01976763
-0.03591767
-0.04139559
-0.03979818
-0.03367002
-0.02307814
-0.007721029
0.009376332
0.02213233
0.02715968
0.02594332
0.02179782
0.01397239
0.001578487
-0.01123491
-0.02013304
-0.02353456
-0.02192048
-0.01872073
-0.01361343
-0.00724533
-0.00425153
-0.0076782
-0.01733331
-0.02837834
-0.03479094
-0.03429827
-0.02661597
-0.0104558
0.01119389
0.03143447
0.04410356
0.04821444
0.04658122
0.03990785
0.02822387
0.01375184
0.002070056
-0.005364889
-0.009093367
-0.01158813
-0.01284748
-0.01148345
-0.006686261
0.003223863
0.0168984
0.03086257
0.04068444
0.04671555
0.05100902
0.05312546
0.05091054
0.04584532
0.041057
0.0375244
0.03238754
0.0212229
0.0004369199
-0.02580494
-0.04259895
-0.04538117
-0.03789805
-0.02255433
-0.004887883
0.007302761
0.01245943
0.01471855
0.01539556
0.01201756
0.002066089
-0.01114522
-0.01838148
-0.01875995
-0.01413448
-0.003780558
0.00783132
0.0155265
0.01864105
0.0184767
0.01677601
0.01670525
0.01969526
0.02326093
0.02353543
0.01663012
-0.001839053
-0.03043784
-0.05494001
-0.06360219
-0.05804212
-0.04353973
-0.01898551
0.004913084
0.0171906
0.01446421
0.0007431756
-0.01670141
-0.02716609
-0.02455846
-0.01090862
0.00766487
0.01903293
0.01713688
0.005500322
-0.007874381
-0.01386559
-0.009627689
0.001408527
0.01304464
0.01863837
0.01589088
0.005696594
-0.009714349
-0.02418636
-0.03401039
-0.0373021
-0.03393797
-0.02398041
-0.009200796
0.002412249
0.005087735
0.0009785609
-0.006157638
-0.01394629
-0.0200379
-0.0227361
-0.02134589
-0.01676695
-0.01179146
-0.008842153
-0.00925136
-0.0131293
-0.02019142
-0.02816877
-0.03334396
-0.03419386
-0.03199182
-0.02872101
-0.02224172
-0.008418436
0.01551267
0.0412105
0.05420662
0.05302124
0.04437795
0.03298797
0.02295543
0.01932987
0.02328007
0.03431045
0.04384646
0.04510573
0.03853577
0.02990726
0.02454146
0.02302586
0.02387591
0.0246041
0.02223938
0.01472572
0.001195576
-0.01426225
-0.02550659
-0.03269418
-0.03924697
-0.04570881
-0.05042176
-0.0523033
-0.05080125
-0.04564038
-0.03611818
-0.02273099
-0.01383336
-0.01291023
-0.01701254
-0.02109354
-0.02077755
-0.01515647
-0.006634927
0.001884175
0.01147653
0.02150514
0.0293228
0.03344463
0.03328174
0.02951725
0.02312786
0.01741864
0.01235705
0.006793876
0.001927295
-0.002768068
-0.007267999
-0.01088926
-0.01327084
-0.01431247
-0.01570672
-0.01853308
-0.02191209
-0.02307824
-0.02077732
-0.01856944
-0.01833266
-0.0196767
-0.02176093
-0.02110333
-0.01377328
0.001429411
0.01820617
0.02905051
0.03229263
0.02803182
0.01691057
0.005550821
0.001238986
0.006304396
0.01967837
0.03401272
0.04254698
0.04532655
0.04354283
0.03837056
0.03016768
0.01839134
0.003633599
-0.007627351
-0.01244194
-0.01267989
-0.01086315
-0.008119951
-0.005655814
-0.003419165
-0.002220251
-0.002061489
-0.0004581412
0.002928878
0.006524268
0.00910631
0.008352877
0.002315069
-0.007951561
-0.01784332
-0.02310888
-0.02574318
-0.02569972
-0.02199191
-0.01850217
-0.01783743
-0.02126655
-0.0279511
-0.03433796
-0.03656854
-0.03160245
-0.01638389
0.0041621
0.01949603
0.02500806
0.02209979
0.01333163
0.004715821
0.003599563
0.01089891
0.02104592
0.02796121
0.02726993
0.02043548
0.01071377
0.002289446
-0.001014441
-0.0005786822
0.001191178
0.001974394
0.0003593184
-0.004908032
-0.01202688
-0.01773712
-0.01954317
-0.01583767
-0.009598338
-0.005709568
-0.006407779
-0.01111194
-0.01636445
-0.01747111
-0.01457864
-0.006751911
0.005657265
0.01645582
0.01997191
0.01439907
0.0009646668
-0.01479928
-0.0281044
-0.03292842
-0.02799244
-0.01309904
0.005715157
0.01775395
0.02042932
0.01785947
0.01325263
0.01042027
0.01034614
0.01076151
0.01071607
0.01026299
0.006969875
-0.0006167475
-0.009049114
-0.01308139
-0.01009642
-0.00283026
0.005402755
0.01281846
0.01780955
0.02082885
0.02230566
0.02102008
0.01798821
0.01573832
0.01666167
0.02167969
0.02706368
0.02893301
0.02690263
0.02217451
0.01431941
0.003736803
-0.01104326
-0.02532539
-0.03073293
-0.0267992
-0.01850964
-0.0123195
-0.01162453
-0.0160244
-0.02371954
-0.03061796
-0.03305597
-0.03073007
-0.02363603
-0.01468725
-0.007093316
-0.002284342
0.000991979
0.005258805
0.01021317
0.01304724
0.0137968
0.01239176
0.009237133
0.005504739
0.003297014
0.003445747
0.005277572
0.007710459
0.009216401
0.01003953
0.01116535
0.01426018
0.01860511
0.02062996
0.01786516
0.01160186
0.004066243
-0.002522709
-0.007635783
-0.01191312
-0.01597251
-0.0178293
-0.01764426
-0.0162351
-0.01409661
-0.01042445
-0.004598877
0.002002365
0.005174591
0.00443335
-0.001203771
-0.009045289
-0.01653302
-0.02236908
-0.02503129
-0.02265849
-0.01223296
0.004753455
0.01897157
0.02518098
0.02462955
0.02128418
0.01653719
0.01088544
0.006333615
0.00408897
0.003162175
0.003181993
0.00424701
0.004403205
0.003618298
0.002716984
0.001845771
0.0001185276
-0.003886964
-0.008233753
-0.01047634
-0.01167185
-0.01500996
-0.02087868
-0.02852051
-0.03469204
-0.03810245
-0.03978069
-0.04110045
-0.0431121
-0.04518103
-0.04616221
-0.04513666
-0.04216452
-0.03734541
-0.03002554
-0.02222022
-0.01590877
-0.01251246
-0.01023423
-0.007583272
-0.006324327
-0.00712058
-0.00994064
-0.01427135
-0.01743108
-0.01745521
-0.01433265
-0.008353103
-0.0009681438
0.005626038
0.01065953
0.01392152
0.01609205
0.01785445
0.01939641
0.02147541
0.0238823
0.02611894
0.02759268
0.02570602
0.02037295
0.01303704
0.003963758
-0.003858433
-0.007683561
-0.006207783
-1.021311e-05
0.008745484
0.01741399
0.02425149
0.02740675
0.02693664
0.02326209
0.01723924
0.01075673
0.005053442
0.001306698
-0.0009644785
-0.003951573
-0.008066726
-0.01117365
-0.01170129
-0.01040057
-0.008033396
-0.005403261
-0.004394615
-0.00540058
-0.007631635
-0.01098217
-0.01362219
-0.01516827
-0.01657432
-0.01778586
-0.01824406
-0.01862123
-0.01747321
-0.01332349
-0.008119527
-0.003096879
0.001285333
0.004553792
0.007100537
0.01116431
0.01753852
0.02363529
0.02639136
0.02622763
0.02435272
0.02246964
0.02210353
0.0223909
0.02247116
0.02277335
0.02201173
0.01883841
0.01412971
0.009963878
0.007829808
0.007010254
0.006730987
0.00552877
0.002555924
-0.0006018489
-0.003016221
-0.003303842
-0.0004557667
0.004135252
0.008059216
0.009457112
0.008672497
0.007300515
0.006497651
0.007203303
0.009912051
0.01310873
0.01521606
0.01632323
0.01692925
0.01845089
0.02315733
0.03061741
0.03853096
0.04486551
0.04706649
0.04453006
0.03887564
0.03084783
0.02359472
0.02088377
0.02286256
0.02789662
0.03388021
0.03839935
0.04070106
0.04045988
0.03676628
0.02983324
0.02081476
0.0110867
0.003115204
-0.002663655
-0.007880085
-0.01360433
-0.02125694
-0.03114125
-0.04326581
-0.05334935
-0.05932011
-0.06011447
-0.05637927
-0.0509435
-0.04523653
-0.03972534
-0.03417587
-0.02774953
-0.01910918
-0.007483195
0.005848299
0.01676626
0.02244392
0.0234675
0.02251867
0.02079707
0.02040837
0.02151535
0.0224644
0.02150718
0.01857243
0.01438721
0.009121715
0.003295942
-0.0009859994
-0.001831684
0.001250477
0.005768351
0.008851896
0.009322643
0.008797774
0.008114776
0.00915157
0.01376012
0.02117521
0.02871284
0.03489367
0.03657152
0.03417965
0.03084438
0.02926002
0.03105876
0.0374077
0.04667958
0.05413557
0.0575906
0.05690183
0.05236696
0.04491058
0.03560367
0.02449165
0.01106279
-0.004736585
-0.0205516
-0.03333414
-0.04292183
-0.04953981
-0.05255521
-0.05281795
-0.05193308
-0.05200424
-0.05360474
-0.0557993
-0.05761667
-0.05849253
-0.05905092
-0.05937405
-0.05782337
-0.05412575
-0.04734278
-0.03865931
-0.02986315
-0.02384643
-0.0209643
-0.02066504
-0.0220734
-0.02305089
-0.02340667
-0.02264461
-0.02094504
-0.01982798
-0.01919977
-0.01849407
-0.01686456
-0.01379338
-0.009947104
-0.007627322
-0.008056616
-0.01161334
-0.01803908
-0.02513235
-0.03076117
-0.03397551
-0.03393083
-0.02974633
-0.02217345
-0.01561112
-0.01118529
-0.00903379
-0.008522543
-0.008139923
-0.006212224
-0.002652556
0.002151857
0.007158493
0.01147198
0.01595785
0.01926385
0.02140338
0.02297286
0.02516252
0.02850021
0.03226595
0.03519151
0.03571997
0.03454365
0.03337938
0.03260137
0.03188325
0.03109492
0.02834953
0.02353352
0.0177153
0.01224944
0.008512337
0.007419138
0.008753245
0.01133942
0.01391883
0.0160642
0.01653519
0.01512438
0.0112077
0.005322639
-0.000235939
-0.004005024
-0.007934378
-0.01432318
-0.02128754
-0.02641221
-0.02838071
-0.02776714
-0.02599385
-0.02412348
-0.02312047
-0.02372922
-0.0256874
-0.02753391
-0.02748945
-0.02646836
-0.02542814
-0.02394404
-0.02129669
-0.01679909
-0.01053285
-0.002423886
0.006678679
0.01560472
0.02269352
0.02821534
0.03102971
0.03108245
0.02859547
0.02403453
0.01763506
0.01084094
0.005184565
0.00013565
-0.004673674
-0.009466022
-0.01426648
-0.01853572
-0.02132623
-0.02207717
-0.02129574
-0.02045772
-0.02152786
-0.02419953
-0.02557483
-0.0248587
-0.02156684
-0.01617775
-0.01007856
-0.004149712
0.0004696312
0.004834338
0.01041727
0.01657153
0.02191588
0.02750534
0.0328208
0.03608607
0.03740278
0.03661398
0.03343986
0.02798037
0.02117124
0.01518255
0.01126967
0.009858975
0.009702835
0.008737977
0.005843809
0.001346066
-0.003560759
-0.008354594
-0.01256142
-0.01622693
-0.0193418
-0.02210601
-0.02509315
-0.02730444
-0.02728231
-0.02527236
-0.02236087
-0.01852942
-0.01464572
-0.01121083
-0.00654332
-0.0004194819
0.004549288
0.006945655
0.006535335
0.002874319
-0.002800967
-0.007251756
-0.01000199
-0.01159325
-0.01088727
-0.007779539
-0.004181345
0.001322296
0.009226703
0.0171451
0.02360831
0.02797254
0.03125916
0.03254281
0.03165027
0.02908203
0.0260199
0.02237021
0.01880541
0.01637338
0.01467122
0.01314617
0.01228282
0.01203443
0.01274082
0.01406656
0.01583762
0.01673265
0.01548346
0.01326355
0.01072892
0.007654927
0.005136652
0.003859368
0.003891028
0.003720733
0.002547071
0.001640771
0.002219652
0.005039987
0.009129694
0.01303816
0.01620433
0.01792911
0.01842936
0.01898765
0.01926732
0.01970999
0.0210521
0.02114595
0.01895895
0.01540126
0.0114499
0.006480959
0.0006684642
-0.004303662
-0.007323638
-0.009814272
-0.01265708
-0.01558005
-0.01814167
-0.01965161
-0.01971138
-0.01872586
-0.01633944
-0.01129236
-0.005215277
0.000516478
0.004667665
0.007151078
0.00880232
0.009518052
0.00951408
0.009454267
0.009204348
0.007627366
0.004359965
0.0004955059
-0.003031416
-0.005480741
-0.007088311
-0.007058427
-0.005645519
-0.004102673
-0.002418768
-0.002412121
-0.003861542
-0.006900859
-0.01049167
-0.01380129
-0.01696505
-0.01958819
-0.02093079
-0.02041135
-0.01799083
-0.01421389
-0.01132898
-0.01056198
-0.010551
-0.01131814
-0.01230497
-0.01317656
-0.0140691
-0.01428207
-0.01255255
-0.00827801
-0.001453963
0.006388076
0.01352073
0.017666
0.01946142
0.02007723
0.0192767
0.01729003
0.01383762
0.008932438
0.003468363
-0.002064085
-0.006735441
-0.01035025
-0.01263449
-0.01338771
-0.01238509
-0.01024533
-0.008008577
-0.0064407
-0.006010998
-0.006046285
-0.005203305
-0.004032585
-0.003439525
-0.003982826
-0.005800501
-0.008220222
-0.01020394
-0.009102294
-0.003730482
0.004523572
0.01424518
0.02200088
0.02838382
0.03263891
0.0337223
0.03208752
0.02743578
0.0188231
0.008365256
-0.002649344
-0.01415798
-0.0253262
-0.0353572
-0.04237672
-0.0449291
-0.04453463
-0.04130895
-0.03684058
-0.03308123
-0.03049257
-0.02874958
-0.02740007
-0.02632824
-0.02544713
-0.02489641
-0.02489319
-0.02443829
-0.02236087
-0.0187248
-0.0152422
-0.0120637
-0.009623265
-0.008446044
-0.006929344
-0.004668823
-0.00214029
-0.0001325613
0.001037133
0.002195769
0.003292075
0.005168121
0.007764451
0.01191552
0.01690229
0.02036334
0.02113048
0.01943502
0.01568013
0.01020101
0.004963888
0.002102954
0.001004925
0.001649927
0.003393337
0.005239101
0.00592035
0.005697559
0.004887119
0.004203048
0.003687627
0.003752976
0.004214239
0.00517633
0.006074945
0.006226602
0.005406337
0.003811397
0.003538473
0.004031142
0.005291995
0.006498332
0.006610787
0.006438433
0.006506323
0.00659775
0.006317978
0.00494356
0.003484744
0.00155909
-0.002369319
-0.00812076
-0.01375329
-0.01714454
-0.01748483
-0.0156432
-0.01255197
-0.008775861
-0.004956085
-0.001799452
0.0001656771
0.001284312
0.002284626
0.002636073
0.003401842
0.004906235
0.00529935
0.005020659
0.004780245
0.00546064
0.008772872
0.01289475
0.01603721
0.01802746
0.01959117
0.02131693
0.02295987
0.02385352
0.023755
0.02250246
0.02019971
0.01786717
0.01696945
0.01858129
0.0220854
0.02626455
0.02940625
0.03160753
0.03297519
0.03427327
0.03663506
0.03911212
0.04131326
0.04282145
0.04293466
0.0427797
0.0413763
0.03779868
0.03373253
0.0292157
0.0227878
0.01379657
0.002693519
-0.008953574
-0.01942332
-0.02667833
-0.02998853
-0.03142801
-0.03215943
-0.03212149
-0.03189793
-0.03179086
-0.03099325
-0.02908649
-0.02756496
-0.0268268
-0.0276184
-0.03027978
-0.03323639
-0.03498817
-0.03523925
-0.03490855
-0.03354506
-0.03234281
-0.03225159
-0.03210909
-0.032211
-0.03231874
-0.03224118
-0.03218706
-0.03199719
-0.03064132
-0.03026033
-0.03161388
-0.03218389
-0.03192368
-0.03122665
-0.02957625
-0.0272205
-0.02454246
-0.02320684
-0.02377025
-0.02483809
-0.02625408
-0.02670009
-0.02481285
-0.02078383
-0.01550011
-0.009824274
-0.004036879
0.0005590726
0.003553595
0.00446102
0.004226371
0.003621866
0.00377367
0.004637579
0.006000685
0.006933364
0.006303337
0.004468965
0.002907727
0.002154514
0.002166325
0.002684773
0.00400414
0.005525521
0.007234491
0.008933712
0.01054398
0.01217708
0.01258552
0.01246605
0.01361742
0.01542258
0.01715197
0.0180897
0.01840898
0.01767259
0.01653341
0.0153283
0.01501337
0.01522772
0.01527497
0.01576011
0.01761629
0.02021147
0.02361474
0.02728546
0.02941308
0.02979486
0.02816798
0.02545368
0.02249888
0.01937102
0.01718397
0.01486706
0.01201276
0.00913711
0.006351767
0.002941514
-0.0001348185
-0.003007022
-0.006982664
-0.01114694
-0.01427836
-0.01687813
-0.01884477
-0.02027049
-0.02079195
-0.02024545
-0.01934592
-0.01797449
-0.01845738
-0.02005677
-0.02122371
-0.02165389
-0.01951411
-0.01546367
-0.01073445
-0.006291737
-0.003284754
-0.002081775
-0.002119234
-0.002539888
-0.003696237
-0.004596301
-0.004558019
-0.004441988
-0.005277248
-0.007664206
-0.009954776
-0.01189519
-0.01343168
-0.01132143
-0.005428903
0.002214698
0.009956839
0.01581809
0.01984694
0.02226837
0.02323013
0.02343724
0.02476691
0.02635947
0.02829031
0.02995632
0.03075855
0.03078464
0.03049593
0.02973018
0.02984318
0.03102967
0.03259822
0.03345625
0.03336549
0.03297431
0.03169678
0.03024037
0.02901685
0.02986198
0.03161605
0.03286344
0.03376342
0.0339488
0.03331952
0.03131457
0.02912582
0.02814009
0.02881325
0.02946112
0.02917808
0.02771035
0.02375151
0.01736894
0.009352962
0.001602459
-0.004526766
-0.008161979
-0.009338442
-0.009145675
-0.009100399
-0.01065137
-0.01368416
-0.01662342
-0.01883305
-0.01920262
-0.01766924
-0.01501239
-0.01203051
-0.01061784
-0.01081284
-0.01090489
-0.01034986
-0.009020605
-0.006944373
-0.005561602
-0.006167681
-0.007724302
-0.00954723
-0.01220573
-0.01477478
-0.01563442
-0.01606933
-0.01639954
-0.01670678
-0.0174318
-0.01856003
-0.01944768
-0.01979156
-0.01963066
-0.01949645
-0.01952528
-0.01950004
-0.01943192
-0.01936722
-0.01928607
-0.01860922
-0.01647712
-0.01340282
-0.01051371
-0.008981978
-0.0102408
-0.01312106
-0.0169692
-0.02154605
-0.0254588
-0.02793171
-0.02885562
-0.03007557
-0.03127835
-0.0327954
-0.0342113
-0.03630985
-0.03795294
-0.03810433
-0.03764467
-0.03678544
-0.03555397
-0.03342475
-0.03047703
-0.02723748
-0.02247757
-0.01726093
-0.01314081
-0.008029055
-0.00293662
0.0003138882
0.002329666
0.00481946
0.00723425
0.009477995
0.0128085
0.01695276
0.02047813
0.02333136
0.02518272
0.02603124
0.02616642
0.02638801
0.0268584
0.02747508
0.0276166
0.02752255
0.02728708
0.02654693
0.02643361
0.02728061
0.02771171
0.02709396
0.02524699
0.02294965
0.02037327
0.01818459
0.01704737
0.01655243
0.01686723
0.01824948
0.01986737
0.02057775
0.02084804
0.02097947
0.02055051
0.02003433
0.02002989
0.02006602
0.01919944
0.01675223
0.01409082
0.01250604
0.01151987
0.01030998
0.01006705
0.01023451
0.009496665
0.007817048
0.005362401
0.00150147
-0.002659492
-0.005260016
-0.006968542
-0.008736069
-0.009708619
-0.01099387
-0.01281716
-0.01450871
-0.01630939
-0.01854636
-0.02030773
-0.02146507
-0.0221986
-0.02264141
-0.02179105
-0.02043178
-0.01893119
-0.01661845
-0.01357767
-0.0106401
-0.007769135
-0.005568689
-0.003049609
0.000781246
0.004872002
0.008120491
0.009759845
0.009849186
0.009466494
0.008153565
0.007063118
0.007080287
0.007532196
0.008431239
0.009460866
0.01053723
0.01215876
0.01323327
0.01273992
0.01165864
0.01017649
0.008376769
0.005899728
0.002868936
-0.0006690366
-0.004098082
-0.006673641
-0.007837618
-0.008113706
-0.008667804
-0.008132999
-0.006825215
-0.004921319
-0.002403431
-0.0003772055
0.00140584
0.002972423
0.003313518
0.003098902
0.002983817
0.002281288
0.00169189
0.00100958
-0.0005709814
-0.002230058
-0.004242921
-0.005842269
-0.00687299
-0.008872308
-0.01118259
-0.01358075
-0.01679691
-0.02112774
-0.0256577
-0.02956023
-0.03251841
-0.03394209
-0.03381392
-0.03237423
-0.03134372
-0.03155846
-0.03249651
-0.03403436
-0.03550099
-0.0362789
-0.03659735
-0.03609858
-0.0343214
-0.03243472
-0.03124275
-0.03007024
-0.02835141
-0.0260883
-0.02340517
-0.01978292
-0.01507147
-0.01031894
-0.004303903
0.0005329625
0.002797141
0.003177365
0.003168382
0.003347161
0.003119419
0.00292603
0.002287555
0.001188034
0.0003045137
0.0002201963
0.0007867643
0.002124168
0.003831691
0.005615772
0.006644522
0.007237248
0.006972539
0.00557318
0.003952563
0.002562837
0.001759333
0.001335411
0.00118166
0.001190736
0.001766528
0.002978195
0.00514532
0.007245416
0.009093619
0.01053204
0.01088116
0.01165558
0.01320928
0.01547261
0.01836212
0.02089115
0.02176242
0.02176589
0.02098267
0.01871727
0.01612382
0.01429177
0.01333255
0.01316803
0.01358129
0.01361125
0.0128099
0.01237989
0.01289882
0.01355411
0.01372442
0.01451401
0.01634419
0.01859379
0.01996801
0.02075216
0.02161484
0.02197167
0.02221696
0.02333623
0.02423672
0.02420781
0.02355816
0.02287256
0.02250537
0.02196301
0.0207592
0.01971951
0.01805435
0.01576866
0.01374924
0.01245723
0.01172636
0.01151021
0.01147003
0.01134341
0.0105559
0.009061465
0.00652269
0.004572455
0.00308637
0.001833608
0.0007548186
0.0001475783
0.0001629999
0.0002416866
0.0001111375
-0.0001562527
0.0006972441
0.002626738
0.004264217
0.006124924
0.00802537
0.008837593
0.009468945
0.01018306
0.01141523
0.01295736
0.01468922
0.01593288
0.01570367
0.01479606
0.01407661
0.01276592
0.01016473
0.007384953
0.004674828
0.002377372
0.0004962159
-0.0009085202
-0.002106593
-0.003942585
-0.005666682
-0.007179542
-0.008948612
-0.01069495
-0.01221498
-0.013088
-0.01344359
-0.01423225
-0.0145673
-0.01436549
-0.01356522
-0.01258374
-0.01206115
-0.01171562
-0.01111188
-0.01097203
-0.01108139
-0.01118755
-0.01218567
-0.01434285
-0.01626872
-0.01826183
-0.02023904
-0.02158708
-0.02305296
-0.02378171
-0.02365536
-0.02356217
-0.02370666
-0.02383692
-0.02383323
-0.02388577
-0.0245646
-0.0251313
-0.02506639
-0.02451448
-0.02334523
-0.02275755
-0.02278931
-0.02229027
-0.0219256
-0.02083374
-0.01891062
-0.01692172
-0.01523684
-0.01399672
-0.01344545
-0.01353757
-0.01361889
-0.01357792
-0.01296414
-0.010916
-0.008373277
-0.006187907
-0.004025116
-0.002010626
3.371702e-05
0.002129143
0.004045662
0.006259731
0.008272898
0.009968247
0.01099102
0.01141438
0.01138681
0.01127121
0.01125005
0.01126442
0.01126112
0.01124383
0.01114111
0.01077676
0.009479708
0.007064602
0.004605681
0.00290389
0.001440013
6.948162e-05
-0.001232794
-0.00210728
-0.002785237
-0.003005836
-0.00365754
-0.004177747
-0.004401203
-0.004163091
-0.003709384
-0.003062092
-0.002291958
-0.001059892
0.0001753508
0.001534987
0.001893283
0.002249525
0.003427591
0.004025023
0.00376089
0.003208015
0.002516889
0.002328734
0.002383672
0.002431213
0.002999824
0.003723902
0.004719346
0.005692932
0.006895018
0.00884834
0.01039107
0.01150707
0.01244753
0.01287496
0.0124959
0.01155757
0.0112174
0.01133178
0.01086377
0.009742817
0.008714127
0.007356173
0.005261598
0.003115967
0.001174124
-0.0006568235
-0.001954287
-0.002576576
-0.002077372
-0.001520039
-0.001103733
0.0009046734
0.002230308
0.002886365
0.004141693
0.005194154
0.00658535
0.008198656
0.01007595
0.01109679
0.01128383
0.01118995
0.01114113
0.01063737
0.009962707
0.01023187
0.01083388
0.01105161
0.01086646
0.01053049
0.00974379
0.009222972
0.009109509
0.009420212
0.01000022
0.01126728
0.01302074
0.0141146
0.01395375
0.01283591
0.01086757
0.008820563
0.007140498
0.005539049
0.005034693
0.005109686
0.005039417
0.005530957
0.007030521
0.008335948
0.009438649
0.01035945
0.01177573
0.01212489
0.01182424
0.01112765
0.009589781
0.009007795
0.008733153
0.00742888
0.006264166
0.00482888
0.003546631
0.002048907
0.001348876
0.001483337
0.001111761
3.497242e-05
-0.0009857635
-0.001287658
-0.001854451
-0.003189778
-0.003886563
-0.003808946
-0.003993619
-0.004336353
-0.004489066
-0.004258453
-0.003638505
-0.001966606
0.0003194035
0.002482754
0.003300378
0.00305586
0.002933156
0.002943408
0.002905161
0.002774565
0.002690876
0.002648849
0.002609046
0.002256181
0.0007272683
-0.0006474051
-0.0012003
-0.0006307066
6.988661e-05
0.0009966891
0.00197524
0.001185619
-0.0005993469
-0.002393928
-0.003590045
-0.004774313
-0.005591358
-0.006133618
-0.007146785
-0.007708994
-0.006586678
-0.005415618
-0.004172468
-0.002612435
-0.001121636
-0.000224255
-0.0001270945
-0.001318124
-0.003455325
-0.005849828
-0.008121939
-0.01050005
-0.01269523
-0.01376433
-0.01369422
-0.01357981
-0.01369401
-0.01374446
-0.01351835
-0.01271163
-0.01174568
-0.01142979
-0.0116198
-0.01172882
-0.01172704
-0.01172074
-0.01176204
-0.01182684
-0.01207263
-0.01217294
-0.01199959
-0.01223214
-0.01239701
-0.01215139
-0.01197441
-0.01108578
-0.009660518
-0.007667643
-0.005495438
-0.003642843
-0.00152404
-0.0001169127
-9.878871e-05
-0.0004428981
-0.001888643
-0.004506583
-0.006702897
-0.008579067
-0.01017618
-0.01053121
-0.01033791
-0.01038023
-0.01046672
-0.01045399
-0.01024911
-0.01026748
-0.01068304
-0.01081249
-0.01085985
-0.01158957
-0.01216734
-0.01290259
-0.01395392
-0.01466562
-0.01490185
-0.01528801
-0.01583009
-0.0160291
-0.01596375
-0.01599495
-0.01606623
-0.01607466
-0.01605421
-0.01543014
-0.01502907
-0.01511684
-0.01467672
-0.01355136
-0.01199455
-0.0111021
-0.009882776
-0.008508627
-0.006877324
-0.00530433
-0.003807207
-0.002113974
-0.0004388916
0.0006961013
0.001949798
0.002784171
0.002708757
0.002314681
0.001452926
0.0003903626
-6.415751e-06
0.0001041149
8.513365e-05
-3.96083e-05
-6.635723e-05
0.0009596922
0.002976186
0.005018078
0.006825642
0.008658205
0.01068303
0.01256096
0.01420732
0.0163042
0.01921482
0.02186314
0.02424741
0.02624587
0.02664438
0.02638
0.02627698
0.02622361
0.02620375
0.02624708
0.02684176
0.02703682
0.02602767
0.02417394
0.02172628
0.01920507
0.01708789
0.01552417
0.01398119
0.01318041
0.01216953
0.01124981
0.01119062
0.01128666
0.01114364
0.01106612
0.01110594
0.01157625
0.01194702
0.01217858
0.01204512
0.01122341
0.01079768
0.01137923
0.01217345
0.01285055
0.01325185
0.01354309
0.01472227
0.01569015
0.01563993
0.01602787
0.01761345
0.01839122
0.01947103
0.01996902
0.01918909
0.01810205
0.01685211
0.01573155
0.01444218
0.01266732
0.01130486
0.01047693
0.009080718
0.007352126
0.005999521
0.005436772
0.004612575
0.003265288
0.00278974
0.001942241
0.0008167834
0.0005827646
0.0001342959
-0.001217591
-0.001992144
-0.001895204
-0.00179114
-0.001838031
-0.002118424
-0.003480234
-0.004350078
-0.004266363
-0.004884359
-0.005719212
-0.005845597
-0.006939511
-0.008722272
-0.01070412
-0.01279937
-0.01465457
-0.01602231
-0.01708344
-0.01865616
-0.02015728
-0.02050683
-0.0202599
-0.02040288
-0.02123258
-0.02159966
-0.02152104
-0.02153223
-0.0212205
-0.02044354
-0.02024532
-0.01963717
-0.01804322
-0.01741929
-0.01697294
-0.01630538
-0.01558444
-0.01484902
-0.01341542
-0.01271968
-0.01209433
-0.01179402
-0.01186319
-0.011934
-0.01197598
-0.01199021
-0.01198759
-0.01198728
-0.01198955
-0.01182936
-0.01044716
-0.00899506
-0.00759195
-0.006368925
-0.004886861
-0.003675062
-0.00246795
-0.001264287
0.0001371608
0.001014343
0.001313695
0.0006356919
-0.0001865657
-0.001301758
-0.0024464
-0.002909319
-0.003499006
-0.003685747
-0.003855223
-0.00463709
-0.005184995
-0.006140287
-0.006068883
-0.004873073
-0.004621135
-0.004690139
-0.003445412
-0.002280818
-0.0019304
-0.0008290151
0.000242246
0.00168369
0.003570785
0.005181427
0.00680454
0.007682787
0.008853106
0.009791611
0.009764152
0.009298414
0.008162584
0.007206065
0.007154588
0.007296677
0.00726052
0.007165693
0.007135507
0.006753328
0.00607409
0.005565728
0.004842145
0.00437904
0.003740286
0.003444933
0.002690121
0.001222773
0.0008241075
0.001056796
0.001082609
0.0006009286
-0.0006220955
-0.00188885
-0.003451595
-0.004684446
-0.005875824
-0.006597958
-0.00723625
-0.007550493
-0.007493029
-0.007439159
-0.007423116
-0.006811998
-0.00628186
-0.006322467
-0.006411279
-0.006386308
-0.006371407
-0.006380482
-0.006378437
-0.006449244
-0.006484388
-0.005875072
-0.004481347
-0.003215806
-0.001799122
-0.001303439
-0.001483256
-0.001871149
-0.003376339
-0.004719356
-0.005301715
-0.005973399
-0.006569347
-0.006567957
-0.006480323
-0.006976948
-0.008072727
-0.00897445
-0.00903398
-0.00887178
-0.008779722
-0.00811789
-0.007618605
-0.007665662
-0.007828943
-0.007914587
-0.007482578
-0.006493144
-0.005065328
-0.003151971
-0.001189669
3.588856e-05
0.0006347462
0.0005838816
0.0003395506
-0.0003209983
-0.0006530954
8.337307e-05
0.0006997881
0.0007199682
0.001358829
0.001906605
0.001819188
0.001255391
0.0002687553
-0.0006411027
-0.0008398704
-0.0007212155
-0.0006857555
-0.000699831
-0.0002568647
0.0004000989
0.0009597213
0.001678999
0.002800707
0.004124387
0.005481134
0.006855159
0.008126697
0.007925624
0.006758397
0.006252027
0.005804564
0.005215623
0.004612606
0.003947102
0.003981623
0.004451402
0.004386457
0.004216252
0.003923254
0.003678542
0.002681921
0.001807313
0.002504411
0.003791527
0.004014466
0.004903762
0.006183289
0.006322813
0.006159315
0.006218224
0.00625603
0.006551895
0.007432817
0.008426893
0.008665377
0.00852723
0.008520338
0.009046121
0.01034064
0.01103083
0.01120053
0.01266572
0.01337782
0.01243174
0.01184425
0.01198501
0.01152409
0.01061863
0.009628444
0.008497088
0.007760516
0.006358853
0.00501118
0.003791278
0.003077588
0.002916234
0.002527033
0.001256763
0.0005907464
-3.69951e-05
-0.001251687
-0.001789783
-0.00237265
-0.003366282
-0.003162361
-0.001879665
-0.001560971
-0.001772905
-0.001730532
-0.001648168
-0.001663251
-0.001679283
-0.00167328
-0.001665794
-0.000769744
0.0008123374
0.002325639
0.003147389
0.003095769
0.002983518
0.003124229
0.003913818
0.004894266
0.005408475
0.005566973
0.006884393
0.008008983
0.007944845
0.007762214
0.007812937
0.007811295
0.007677195
0.006912373
0.006230561
0.006255203
0.006041151
0.005105515
0.00347937
0.001397259
-0.0009113784
-0.002527113
-0.003361314
-0.003441404
-0.003345475
-0.003353652
-0.003555022
-0.004445117
-0.005595816
-0.006142828
-0.005494777
-0.004332334
-0.003527253
-0.00348294
-0.003606237
-0.004136575
-0.004965497
-0.005798162
-0.006245791
-0.006079284
-0.005408393
-0.004860619
-0.004216287
-0.003597082
-0.003063783
-0.002185164
-0.0009758349
0.0004226109
0.001430025
0.00224475
0.003193465
0.003573378
0.003465219
0.003400577
0.003370469
0.003349433
0.003351175
0.00335577
0.003355843
0.003356098
0.003357407
0.003327919
0.002645767
0.001480632
0.0007185273
0.000690381
0.0007935972
0.0007761147
0.0006587349
-0.0006699519
-0.001925479
-0.002234717
-0.003195478
-0.004263985
-0.004291338
-0.003438021
-0.002434285
-0.001786473
-0.00176119
-0.001727126
-0.0009257557
0.0001470703
0.0006022786
0.0005060927
0.0003330685
-0.0006193784
-0.0006623982
0.0004535772
0.001396525
0.002757383
0.004369119
0.006771532
0.008999145
0.01109549
0.01248313
0.01273261
0.01250952
0.01263741
0.01364626
0.01467378
0.01506094
0.01531632
0.0151725
0.01497358
0.01493447
0.01442223
0.01310649
0.01219598
0.01141383
0.01014785
0.008474818
0.006834989
0.005083922
0.003089688
0.001107795
2.481726e-05
0.0001303674
0.0003053448
0.0002543607
0.0002262558
0.0002163102
-0.0004240289
-0.001849603
-0.003034006
-0.004186233
-0.005235044
-0.005829995
-0.005346318
-0.005637544
-0.006470755
-0.007207476
-0.0076771
-0.008840306
-0.01041681
-0.01171562
-0.01261867
-0.01330954
-0.01340063
-0.01332569
-0.01340212
-0.01275983
-0.01162863
-0.01093904
-0.01094438
-0.01103406
-0.01098968
-0.0109863
-0.01171688
-0.01252034
-0.01281977
-0.01356406
-0.01377684
-0.0129913
-0.01183173
-0.01056445
-0.009229089
-0.008281143
-0.007151819
-0.006348101
-0.006214726
-0.00546083
-0.005109377
-0.005698262
-0.006289416
-0.006297079
-0.005168073
-0.003793356
-0.003357802
-0.002666777
-0.001585106
-0.00114758
-0.001264943
-0.001319002
-0.001402484
-0.002129985
-0.002711111
-0.002647918
-0.002854759
-0.003591869
-0.004626398
-0.005935307
-0.006206273
-0.006040298
-0.005500601
-0.003763019
-0.001462871
0.0005334191
0.002042483
0.003557488
0.004695247
0.005796813
0.006180527
0.006042443
0.005984492
0.006008923
0.005998761
0.006010572
0.006278708
0.007013035
0.007887624
0.008196391
0.008064297
0.007990494
0.007986706
0.007328586
0.005812619
0.004300083
0.002494089
0.0007787657
-0.00064658
-0.002033576
-0.003441831
-0.003777184
-0.004774011
-0.005834886
-0.005802509
-0.004671472
-0.003378135
-0.003188529
-0.002888163
-0.00139693
-0.0004504064
7.159898e-05
0.0006162286
0.001120551
0.001159829
0.001120583
0.001747378
0.002743821
0.003433905
0.003529001
0.004118218
0.005251303
0.005598372
0.005295903
0.004342038
0.003232461
0.002946814
0.002189644
0.0009490775
0.0002696729
-0.0008632437
-0.001426336
-0.001871313
-0.002242742
-0.00221183
-0.002121311
-0.002110779
-0.002097909
-0.001856997
-0.001879824
-0.00212031
-0.002116303
-0.002021213
-0.001944151
-0.001906573
-0.001688933
-0.0009054522
0.0003067936
0.001641739
0.002307163
0.002921187
0.003811465
0.0040758
0.003976034
0.004557734
0.005649628
0.005799751
0.005574604
0.005543664
0.005523131
0.005475987
0.005898945
0.006645573
0.007138275
0.007114728
0.007807155
0.008618063
0.008547075
0.008268298
0.008162114
0.007996315
0.007057444
0.00601254
0.005276574
0.004149586
0.003771041
0.003690668
0.002573856
0.001443404
0.0004429873
-0.0005108914
-0.001766252
-0.002999393
-0.004090418
-0.005140401
-0.006194506
-0.006746838
-0.007473316
-0.008051303
-0.00812397
-0.00864088
-0.008467828
-0.007613285
-0.007345173
-0.007373964
-0.007270819
-0.007126416
-0.007038072
-0.006974163
-0.006868267
-0.006745658
-0.0066309
-0.006562654
-0.007205242
-0.007799334
-0.007625528
-0.007395944
-0.007870368
-0.008642098
-0.00857731
-0.008240983
-0.008075846
-0.00808976
-0.007940535
-0.007583019
-0.007349672
-0.006553748
-0.005643808
-0.005339079
-0.004533591
-0.003374924
-0.002472375
-0.002240934
-0.002065926
-0.001582097
-0.001165111
-0.0007885002
-0.0006353157
-0.0005912994
-0.0005341051
-0.0004667731
-0.0004133454
-0.0003867328
-0.0003384235
-4.530059e-05
0.0006299682
0.001255519
0.001992473
0.002422967
0.002887248
0.003358689
0.003414196
0.003724931
0.004342104
0.004442054
0.004699529
0.005281212
0.005335617
0.005122973
0.004995893
0.004923084
0.004831587
0.004513196
0.003779678
0.003463803
0.003515717
0.003484554
0.003245941
0.00282197
0.002599609
0.002701576
0.002716582
0.00252594
0.002395775
0.002503621
0.002716476
0.002865253
0.002812115
0.002925588
0.003370274
0.003809434
0.004101977
0.004178748
0.004306191
0.004445711
0.004370524
0.004199685
0.004241351
0.004423758
0.004491563
0.00433655
0.004142611
0.00399257
0.003811668
0.003627063
0.00335194
0.002874203
0.002503077
0.002102831
0.001744033
0.001608342
0.001293561
0.0009039865
0.0007800868
0.0007599199
0.000693371
0.0005918722
0.0003768562
0.0002283461
7.915905e-05
-0.000263909
-0.0004202637
-0.0004560306
-0.0007317819
-0.0008996531
-0.0008676749
-0.0008041594
-0.0006813503
-0.0007223264
-0.0008787109
-0.0009046704
-0.0008758724
-0.0008739084
-0.0008782216
-0.0008961425
-0.0009847643
-0.001031802
-0.00107742
-0.001178718
-0.001269444
-0.001259379
-0.001213597
-0.001196676
-0.001267958
-0.001363108
-0.001441203
-0.00150869
-0.001541475
-0.001566409
-0.001587424
-0.001585652
-0.001513103
-0.001376564
-0.001255386
-0.00114519
-0.001073365
-0.0009759299
-0.0008397892
-0.0007229242
-0.0006121944
-0.0005238434
-0.0004640077
-0.0004109483
-0.0003916088
-0.0004164106
-0.0004135411
-0.000424313
-0.0004508303
-0.0004527852
-0.000445278
-0.0004509812
-0.0004312133
-0.00040391
-0.0003821018
-0.0003280955
-0.0002504729
-0.0002069457
-0.000176786
-0.0001594642
-0.0001513238
-0.000140965
-0.0001160134
-8.724225e-05
-6.331345e-05
-3.893914e-05
-1.635688e-05
7.045401e-06
1.826909e-05
1.543306e-05
2.079448e-05
2.393598e-05
1.857026e-05
1.37713e-05
1.426626e-05
1.973613e-05
1.733448e-05
1.530178e-05
1.505639e-05
9.966108e-06
4.197168e-06
-2.601702e-07
-4.990115e-06
-1.355418e-05
-2.05058e-05
-2.431666e-05
-3.025212e-05
-3.287803e-05
-3.289188e-05
-3.562167e-05
-3.774321e-05
-3.666251e-05
-3.419946e-05
-3.162583e-05
-3.102941e-05
-3.088045e-05
-3.028461e-05
-2.95732e-05
-2.972599e-05
-3.108695e-05
-3.045456e-05
-2.891584e-05
-2.781212e-05
-2.665025e-05
-2.541957e-05
-2.379171e-05
-2.184697e-05
-2.044506e-05
-1.925595e-05
-1.7468e-05
-1.554224e-05
-1.385627e-05
-1.232021e-05
-1.088966e-05
-9.600589e-06
-8.528423e-06
-7.593849e-06
-6.690095e-06
-5.910888e-06
-5.218995e-06
-4.646113e-06
-4.143132e-06
-3.73014e-06
-3.472437e-06
-3.334611e-06
-3.313112e-06
-3.403255e-06
-3.602337e-06
-3.898402e-06
-4.279328e-06
-4.740464e-06
-5.279675e-06
-5.894847e-06
-6.585106e-06
-7.350606e-06
-8.191178e-06
-9.106464e-06
NaN
