0.00148176
0.001471432
0.00146107
0.001450697
0.001440326
0.001429848
0.001419306
0.001408329
0.001397194
0.001386424
0.001376091
0.001362916
0.001346945
0.001332292
0.001326434
0.001330331
0.001337836
0.001339036
0.001335247
0.001326509
0.001312584
0.001282481
0.001249439
0.001229277
0.001215044
0.001175934
0.001115106
0.001092874
0.001137505
0.001176172
0.001170421
0.001081118
0.0009622542
0.0009408166
0.001033943
0.001111002
0.001106931
0.001026538
0.0009784375
0.00100862
0.00104547
0.001188813
0.001258402
0.001077563
0.000653471
0.0001349666
0.0002273109
0.0007659818
0.0009791626
0.0005559256
0.0003341967
0.001388157
0.003464048
0.005043612
0.004849749
0.002725992
6.057038e-05
-0.00156679
-0.001677406
-0.0007357457
-0.0001330812
-0.0005793757
-0.0008338212
-0.0006171997
7.358637e-06
0.0005872744
0.0007675451
0.0006147214
0.0005342762
0.0005443463
0.00143496
0.001904252
0.001109406
0.0002521055
-0.0008505541
-0.002830245
-0.003155957
-0.001084329
0.0007721681
0.0009429406
0.0003669249
6.918074e-05
0.0002635317
0.0005357112
0.004534595
0.01201887
0.0160036
0.01213303
0.003940454
-0.002062437
-0.002519758
0.001474356
0.00712807
0.01043558
0.01014175
0.007373464
0.00237076
-0.005501632
-0.0122594
-0.01374577
-0.0123181
-0.007616666
0.002025116
0.009287027
0.006874249
0.0004613502
-0.003961663
-0.007594303
-0.01012297
-0.008847641
-0.003959931
0.0002590625
0.0009602275
-0.0009542518
-0.00192901
0.001787754
0.008592072
0.008851182
0.0003444895
-0.005601818
-0.004536931
-0.0009031669
0.0007407942
0.0001946251
-0.0004275831
0.002423444
0.01153693
0.02178908
0.02283061
0.01133781
-0.004854562
-0.01725787
-0.02002024
-0.01424627
-0.006266138
-0.0007360413
0.0004488753
-0.0009572851
-0.003775863
-0.004663415
-0.00237102
0.002149054
0.009364294
0.01561877
0.02125516
0.03097996
0.03893159
0.03881096
0.03028392
0.01396465
-0.003646764
-0.009905623
-0.005558022
-0.001279887
-0.002757033
-0.007882352
-0.01260196
-0.01164447
-0.005215956
-0.0005195185
-0.002912081
-0.00917227
-0.01366303
-0.01054085
-0.002899699
0.001295567
0.002766624
0.005666877
0.008096316
0.00745373
0.003460947
0.001438922
0.001709941
0.003423396
0.008070944
0.01100771
0.01169712
0.01073268
0.005701755
-0.004415062
-0.01172421
-0.009355235
-0.005187399
-0.008187086
-0.01455276
-0.02065457
-0.02535135
-0.0220246
-0.014786
-0.01593331
-0.02389812
-0.02824602
-0.02688283
-0.01925531
-0.007509342
-0.0003018356
-0.0005515447
-0.003040568
-0.006747003
-0.01201105
-0.01879698
-0.02864337
-0.03812228
-0.03618932
-0.02357101
-0.01393232
-0.01720644
-0.03060983
-0.0416999
-0.04392557
-0.03996245
-0.03574497
-0.03451914
-0.03712845
-0.03987971
-0.03387203
-0.02013877
-0.009853261
-0.008083025
-0.0106833
-0.01395745
-0.01606499
-0.01564665
-0.01033123
-0.004204989
-0.004069731
-0.005609105
-0.004021386
-0.006397312
-0.01327015
-0.01379551
-0.006435565
0.002949798
0.00848558
0.006125952
-0.0006825685
-0.003564883
-0.002093175
-0.000195791
-0.0002711625
-0.001017857
-0.003986416
-0.00704478
-0.005374159
0.005811509
0.0215024
0.03005137
0.02644126
0.0179724
0.01355879
0.01303388
0.01419884
0.01640478
0.01881818
0.01887547
0.0132866
0.007193322
0.00311001
-4.228161e-07
0.004965027
0.01704147
0.02427931
0.02310908
0.01972417
0.01144305
0.001100011
0.001559824
0.01077067
0.01916867
0.02465397
0.02752327
0.02805014
0.02564233
0.01980033
0.01796828
0.02605718
0.03286513
0.02642599
0.01436067
0.004431948
-0.002303402
-0.008392271
-0.01661666
-0.02172606
-0.01834014
-0.007971152
-0.0002106895
-0.002040112
-0.01435351
-0.02886527
-0.03457865
-0.03105463
-0.0269538
-0.02521374
-0.02596182
-0.02769532
-0.02972378
-0.02924851
-0.02043782
-0.002152557
0.01364275
0.01692348
0.008366838
-0.001414793
-0.003724385
-0.001471088
0.003377353
0.009446022
0.01440737
0.01948031
0.02572934
0.03477602
0.04404157
0.04828307
0.04909999
0.04977634
0.04853691
0.04607111
0.04439808
0.04424383
0.03940896
0.02416556
0.001893724
-0.0150729
-0.01716263
-0.009017479
-0.00115839
0.000453327
-0.002495482
-0.008182828
-0.01245749
-0.01462811
-0.02400626
-0.04011369
-0.05121648
-0.05710943
-0.06041261
-0.06403195
-0.06812832
-0.06079424
-0.03374848
0.003455908
0.03650733
0.05440445
0.05997889
0.06605359
0.07592856
0.08058178
0.07837823
0.07195679
0.0604734
0.04878722
0.03843324
0.0252209
0.008898718
-0.002301752
-0.003707305
0.003462216
0.01200487
0.01543393
0.01961751
0.02874137
0.03727598
0.03897195
0.04011006
0.04344357
0.04574038
0.04690585
0.04943466
0.05071236
0.04843727
0.04112348
0.03224045
0.02788196
0.0276646
0.02790816
0.02556457
0.0192415
0.01101928
0.002810566
-0.003957105
-0.01048206
-0.01903385
-0.03108366
-0.04244731
-0.04812383
-0.04393407
-0.03775339
-0.0400045
-0.0513084
-0.06192008
-0.0666967
-0.06676903
-0.06203185
-0.05359542
-0.04363973
-0.03725987
-0.03846681
-0.04242909
-0.04528183
-0.04606969
-0.04404895
-0.04359366
-0.05005361
-0.06298056
-0.07796933
-0.08846433
-0.08478782
-0.06354036
-0.03021302
-0.003590903
-0.0004574622
-0.01180832
-0.02219115
-0.02573748
-0.02268941
-0.0174321
-0.01915333
-0.03118237
-0.04403931
-0.04864285
-0.04519782
-0.03833888
-0.03254063
-0.03188209
-0.03754051
-0.04709307
-0.05377738
-0.05091624
-0.04056569
-0.03148391
-0.02906302
-0.03453639
-0.04339086
-0.04507227
-0.03502125
-0.01930644
-0.005838498
0.002158668
0.008592132
0.01410195
0.01598907
0.01493061
0.01142218
0.00472903
-0.003482542
-0.01101613
-0.01947493
-0.02781521
-0.0321749
-0.03205528
-0.02920092
-0.02575623
-0.02614263
-0.02962709
-0.03165523
-0.0310768
-0.03177071
-0.03533677
-0.04185715
-0.05092502
-0.05919529
-0.06286883
-0.06110819
-0.05395372
-0.04585952
-0.04448025
-0.05175302
-0.06421197
-0.07500396
-0.07884969
-0.07611296
-0.06808128
-0.05824071
-0.05154796
-0.04711929
-0.03350145
-0.004999112
0.03200824
0.06435817
0.08371912
0.09158587
0.09422962
0.09661844
0.1008256
0.1072228
0.1112554
0.1099254
0.1038075
0.09605536
0.09153801
0.08803996
0.08334849
0.08045526
0.08089909
0.08361994
0.08822318
0.0974359
0.1060885
0.1089385
0.1088422
0.1083503
0.1080752
0.10925
0.1106149
0.1105377
0.112576
0.1170451
0.1180566
0.1156432
0.1130634
0.1098121
0.1071068
0.1051596
0.1019205
0.09490441
0.08292651
0.06471846
0.04533403
0.03440174
0.03465863
0.03768195
0.0364807
0.02964545
0.01863185
0.005953889
-0.00221732
-0.003364341
-0.001686241
-0.004316569
-0.0114563
-0.019019
-0.02609199
-0.03323079
-0.03957809
-0.04453976
-0.04577845
-0.04053631
-0.03018191
-0.01938637
-0.01433974
-0.01915574
-0.02662145
-0.02169929
-0.003041011
0.01552934
0.02081317
0.01069647
-0.002402544
-0.005959707
-0.002464886
0.006162553
0.01587828
0.01765636
0.008639326
-0.003743316
-0.01083249
-0.01200011
-0.007503244
-0.002026616
-0.0007183359
-0.00738759
-0.02095308
-0.03239451
-0.02958244
-0.01383964
-0.0008849797
0.0008555382
-0.00342807
-0.00472157
0.001122528
0.01425698
0.02822646
0.03269378
0.02416527
0.008059889
-0.007945543
-0.01991591
-0.02757341
-0.03501368
-0.04441634
-0.05199948
-0.05188507
-0.04545954
-0.03835282
-0.03487532
-0.03810655
-0.04544418
-0.05186534
-0.05577159
-0.06151
-0.07208701
-0.08556799
-0.09863086
-0.1046249
-0.1011545
-0.09481879
-0.09217426
-0.09312375
-0.09624077
-0.09921681
-0.09945174
-0.09933372
-0.1025771
-0.1069043
-0.1110385
-0.1142729
-0.1106997
-0.08965011
-0.03826347
0.03372861
0.08879688
0.1066987
0.1062552
0.1098885
0.117857
0.1259279
0.1350819
0.1435358
0.1474694
0.1491692
0.1509762
0.1499346
0.1407777
0.1263281
0.1146814
0.108853
0.1076334
0.1099478
0.1117142
0.1063719
0.0897074
0.06340702
0.03749566
0.02230648
0.01826748
0.01774437
0.01401171
0.01108962
0.01537007
0.02765142
0.04590038
0.06220808
0.06834123
0.06015134
0.04156051
0.01639251
-0.01251706
-0.03631329
-0.05066688
-0.06432648
-0.08743243
-0.1133334
-0.1265609
-0.126221
-0.1213473
-0.1170443
-0.1109676
-0.1039922
-0.1029442
-0.1069935
-0.1095447
-0.1059558
-0.0918334
-0.07023638
-0.04591275
-0.02272987
-0.002471431
0.0159696
0.03107742
0.03612279
0.02954031
0.0176293
0.005444183
-0.007472214
-0.01660302
-0.02115809
-0.02318779
-0.02090823
-0.01453181
-0.006192489
-0.000920246
-0.0004039556
-0.003620106
-0.005736622
-0.001822304
0.00661806
0.01354374
0.01723531
0.01855932
0.01802128
0.01781233
0.01667573
0.01590346
0.01742384
0.01770237
0.01261682
0.003686586
-0.003873498
-0.008554232
-0.01172858
-0.01436298
-0.0197734
-0.02638948
-0.02799641
-0.01981176
-0.0006287862
0.02086081
0.03179232
0.02741922
0.01691288
0.009098234
0.0029532
-0.001944288
-0.007995443
-0.01592365
-0.02318998
-0.02323767
-0.01515386
-0.005284616
0.005646794
0.01604642
0.02162252
0.022364
0.01861039
0.01265657
0.005038714
-0.003371163
-0.0103261
-0.01106292
-0.001879142
0.01137256
0.01849422
0.01137917
-0.005545842
-0.02542637
-0.04353723
-0.05493068
-0.05913508
-0.05923002
-0.05792782
-0.05418851
-0.04752353
-0.04118711
-0.03487144
-0.02517191
-0.01277998
-0.003031356
7.747243e-05
-0.000955991
-0.002107813
-0.001871296
-0.001293704
0.0007643274
0.001662058
-0.0002482806
-0.001903552
-0.002382989
-0.001946905
-0.0013273
0.00229148
0.01142506
0.02184996
0.02842717
0.03255838
0.0382448
0.04578516
0.0509236
0.05083595
0.04735836
0.03974839
0.02903603
0.01947362
0.008723727
-0.0006307196
-0.003488628
-0.002128307
-0.0007710329
-0.001000493
-0.001584092
-0.001838878
-0.004338603
-0.0110379
-0.01652747
-0.01559976
-0.008144088
-0.0009891833
0.004669212
0.01314948
0.02351489
0.03018584
0.02966549
0.02402398
0.01500993
0.006696938
0.003137323
0.003586232
0.002633838
-0.0004392953
-0.002235817
-0.002003796
-0.001275708
-0.001176522
-0.002146009
-0.003961261
-0.005278945
-0.004074232
0.0007627887
0.009259566
0.01984906
0.02771062
0.02933995
0.02625534
0.01972331
0.01318669
0.006001654
-0.002082808
-0.008704604
-0.01439644
-0.01710936
-0.01666255
-0.0140309
-0.00781401
0.005877934
0.02250517
0.03073227
0.02645843
0.01633235
0.00797464
0.004189737
0.004449813
0.007833981
0.01126132
0.00750852
-0.0009057876
-0.01011911
-0.01979786
-0.02677328
-0.02780134
-0.02208083
-0.01578208
-0.01421736
-0.01775785
-0.0199289
-0.01433398
-0.003745568
0.008324568
0.01277784
0.0059799
-0.00637958
-0.0157607
-0.02074733
-0.02520884
-0.030386
-0.03705828
-0.04381936
-0.04656016
-0.04406553
-0.03992968
-0.03726714
-0.03781617
-0.03605986
-0.02946205
-0.02071019
-0.01400148
-0.0108478
-0.01034178
-0.01228631
-0.01528706
-0.01636693
-0.01424119
-0.008603367
0.000179441
0.01014785
0.0175397
0.01816811
0.0134329
0.007772978
0.005083425
0.005603259
0.006648805
0.008203402
0.01301844
0.02082165
0.02749764
0.02748809
0.0207636
0.01230632
0.003972813
-0.001458135
-0.003109132
-0.002326348
0.002996588
0.01369237
0.02638641
0.03639099
0.04231575
0.04695618
0.05099982
0.05438331
0.05703838
0.05830328
0.05697596
0.05325355
0.04917136
0.04566266
0.04114014
0.03374732
0.02464162
0.01688794
0.01118378
0.006725774
0.002239364
-0.001252071
-0.002174512
-0.004251503
-0.0079409
-0.0104728
-0.0105699
-0.009162936
-0.007878316
-0.007599592
-0.006970916
-0.006006393
-0.009794301
-0.01538395
-0.01964804
-0.01985917
-0.01681396
-0.01730561
-0.0218735
-0.02593065
-0.02845433
-0.03119052
-0.03375778
-0.03520871
-0.03712072
-0.03718725
-0.03420023
-0.02950674
-0.02529411
-0.02303232
-0.02298231
-0.02407007
-0.02385442
-0.02027012
-0.01477258
-0.007596916
0.004091824
0.01883741
0.03068282
0.03525627
0.03314272
0.02862982
0.02446188
0.01893952
0.01087106
0.001484408
-0.007119582
-0.01394041
-0.01704481
-0.01643996
-0.01253463
-0.006874007
-0.002111271
-0.0004931039
0.0004159569
0.0005454575
-0.0005322838
-0.001474291
-0.001504076
-0.001152784
0.001787617
0.008646242
0.01899274
0.0297663
0.03952087
0.04554319
0.04614759
0.04257118
0.03324105
0.01685646
-0.001214261
-0.0133426
-0.01710483
-0.0160281
-0.01454982
-0.01218417
-0.006620495
0.000863056
0.009236297
0.01690635
0.02138741
0.02164815
0.01788008
0.008602188
-0.001852546
-0.009836033
-0.01497751
-0.01627699
-0.01607713
-0.0143389
-0.0111572
-0.009346931
-0.01075135
-0.01407488
-0.01644777
-0.01640737
-0.01866181
-0.02373575
-0.02772415
-0.02976084
-0.03026928
-0.02720486
-0.019338
-0.008308685
0.002201984
0.00815161
0.008178438
0.003349209
-0.002114388
-0.006952033
-0.01228194
-0.01817425
-0.02236448
-0.02080145
-0.01632588
-0.01430421
-0.01507887
-0.0190888
-0.02436151
-0.02617856
-0.02188431
-0.01553568
-0.01209645
-0.01171007
-0.01302652
-0.01349328
-0.01261416
-0.01045478
-0.007029372
-0.003018209
-0.0006877276
0.001536642
0.005399039
0.00931315
0.01169826
0.01249898
0.01234304
0.01156017
0.01122472
0.01273111
0.01704907
0.02380058
0.03073188
0.03898644
0.04596749
0.04961723
0.05110906
0.05117087
0.04793996
0.04074316
0.03077496
0.02026295
0.01082066
0.00281578
-0.001670231
-0.004199118
-0.009140437
-0.01706455
-0.0262894
-0.0336939
-0.03721787
-0.03709635
-0.03388945
-0.02864079
-0.02167581
-0.0149798
-0.01110842
-0.01021012
-0.01067453
-0.01091679
-0.01034943
-0.007917855
-0.003648575
0.002815667
0.01259291
0.02382414
0.03644913
0.04764877
0.05444638
0.05836894
0.06162939
0.06445833
0.0658465
0.06416484
0.0601053
0.05632758
0.05283547
0.04930982
0.04545355
0.04386838
0.04328125
0.0405628
0.03747797
0.03722956
0.04118012
0.04553797
0.04765648
0.04858501
0.04733024
0.0432088
0.03566523
0.02640897
0.01789077
0.01177115
0.005254816
-0.00127555
-0.006924625
-0.0124856
-0.01958968
-0.02849902
-0.0349682
-0.03641558
-0.03454769
-0.03161417
-0.02451974
-0.01537549
-0.009564532
-0.007958596
-0.008657547
-0.00977244
-0.01135454
-0.01322009
-0.01461628
-0.01484287
-0.01524776
-0.01678662
-0.01976548
-0.02396924
-0.02854599
-0.03359442
-0.0395321
-0.04486978
-0.04738089
-0.04918842
-0.05194081
-0.05262594
-0.05089219
-0.04876902
-0.04838781
-0.04751482
-0.04637655
-0.04285689
-0.03538088
-0.02418025
-0.01279542
-0.00518754
-0.00162948
-0.0008415517
-0.001064972
-0.001933662
-0.004898537
-0.00904819
-0.01201046
-0.01428557
-0.0160851
-0.01731097
-0.01718947
-0.01581712
-0.0150881
-0.01513335
-0.01549194
-0.0151313
-0.01376895
-0.009040649
-0.002787886
0.002665048
0.008271033
0.01340853
0.01592057
0.01577592
0.01269661
0.008263555
0.005967724
0.006826788
0.009998456
0.01337786
0.01636307
0.02167028
0.02968203
0.03696528
0.04262603
0.04599025
0.04645415
0.04149881
0.03162874
0.02101364
0.01070804
0.00158172
-0.007775569
-0.01721129
-0.02492405
-0.02918667
-0.03027113
-0.02978316
-0.02955252
-0.02956153
-0.02830571
-0.02246734
-0.01553547
-0.01142685
-0.009623792
-0.008831644
-0.009960665
-0.01139492
-0.01264414
-0.01268798
-0.01180976
-0.009823491
-0.006151219
-0.003268077
-0.003740815
-0.00769532
-0.01372425
-0.02053031
-0.02659894
-0.03156282
-0.03607526
-0.04200398
-0.04667427
-0.0504432
-0.05465881
-0.05706353
-0.05858749
-0.06039962
-0.06401743
-0.06982232
-0.07428319
-0.07665845
-0.07794713
-0.07789511
-0.07693956
-0.07293711
-0.06564122
-0.05475847
-0.04384367
-0.03489844
-0.02810332
-0.02144782
-0.01604317
-0.01283792
-0.009367501
-0.005393908
-0.001915444
-0.0005078305
-0.0006545741
-0.001103924
-0.001129711
-0.001681302
-0.003656401
-0.00605183
-0.007839294
-0.01007967
-0.01294001
-0.01538582
-0.01716053
-0.01715994
-0.01579593
-0.01520168
-0.0137217
-0.008483366
-0.002303258
0.002400558
0.005587659
0.006821364
0.004190513
-0.0001650929
9.390835e-05
0.004497581
0.008387237
0.01076212
0.01162427
0.01244438
0.01572335
0.0201686
0.02348955
0.02552593
0.02711271
0.02793028
0.02804244
0.02779971
0.02708458
0.02539544
0.02257741
0.01816112
0.01481873
0.01443603
0.01506073
0.01563132
0.01556103
0.01500045
0.01335409
0.009610598
0.005872479
0.002180445
-0.0006602929
-0.001501847
-0.001068174
-0.0007278316
-0.0007091137
0.0005502744
0.00567555
0.01232525
0.01767468
0.02040767
0.01991523
0.01708476
0.01575163
0.01727172
0.01901515
0.01928752
0.01712696
0.01521422
0.01346002
0.01054354
0.007678142
0.003607463
-0.0004272484
-0.00180003
-0.001236973
-0.0006061094
-0.0006754639
-0.0009461824
-0.001014329
-0.0009106683
-0.0008547163
-0.0008738337
-0.0009080384
-0.0009075154
-0.0008940918
-0.0008882055
-0.0009054546
-0.001241139
-0.002102609
-0.00325272
-0.005601825
-0.008991115
-0.01231985
-0.01549055
-0.01677838
-0.01938007
-0.02471167
-0.0290644
-0.02973236
-0.02693734
-0.02110402
-0.01517634
-0.01315207
-0.01320714
-0.01369841
-0.01344395
-0.01126895
-0.008660249
-0.007174366
-0.005897546
-0.005564297
-0.006860656
-0.008457061
-0.007530734
-0.004471516
-0.001629263
-0.0004967519
-0.0006810964
-0.001059314
-0.001728136
-0.003305497
-0.005390275
-0.007838969
-0.01056949
-0.01322134
-0.01525422
-0.01696606
-0.01706923
-0.01577835
-0.01491207
-0.01500624
-0.01564818
-0.01620066
-0.01560801
-0.01380581
-0.01159882
-0.01058749
-0.0106347
-0.009977257
-0.008031869
-0.005071395
-0.001932904
0.002278432
0.007744906
0.01042712
0.009037964
0.00600443
0.005098392
0.007003847
0.01177398
0.01698389
0.02031667
0.02255437
0.02533197
0.02778247
0.02849219
0.02807589
0.02840178
0.02956844
0.03156695
0.03422713
0.03588123
0.03561224
0.03292569
0.02854417
0.02353081
0.01801468
0.01364773
0.01129221
0.01125383
0.01239601
0.01395286
0.01500863
0.01499799
0.01655025
0.01914384
0.01840233
0.01562656
0.01343153
0.01178164
0.01005167
0.008666656
0.006616365
0.002563371
-0.002406871
-0.008734838
-0.01694137
-0.02600415
-0.03616356
-0.04437481
-0.04972085
-0.05328273
-0.05550975
-0.05584566
-0.05352912
-0.04899928
-0.04317399
-0.03587621
-0.0299465
-0.02325761
-0.0159179
-0.01011088
-0.005127155
-0.001860694
-0.0004736291
-0.0006026308
0.0005818196
0.005632705
0.01267301
0.01622925
0.01770817
0.02076267
0.02505724
0.02861439
0.03091394
0.03188927
0.03300868
0.03547417
0.04064837
0.04559008
0.04798195
0.05033667
0.05325471
0.05653903
0.05871011
0.05910896
0.05862337
0.05840901
0.05788396
0.05770636
0.05825549
0.05941687
0.05980737
0.05901511
0.05701668
0.05426452
0.05156603
0.04954357
0.04814166
0.04855518
0.05043598
0.05212977
0.05302419
0.05302058
0.05216649
0.05099271
0.04866426
0.04604669
0.04534126
0.04351468
0.03969571
0.03763784
0.03778295
0.03729242
0.03529415
0.03208411
0.02763122
0.02268207
0.0179865
0.01205636
0.00431328
-0.001299064
-0.003906012
-0.005626229
-0.007254471
-0.008543667
-0.008787653
-0.008556714
-0.008348837
-0.00778171
-0.007473373
-0.008103379
-0.008637212
-0.009455668
-0.01164117
-0.01445739
-0.01585846
-0.01867021
-0.02210922
-0.02066228
-0.01621386
-0.01398086
-0.01457385
-0.0155961
-0.01662791
-0.01705863
-0.01582774
-0.01297488
-0.01038145
-0.009090407
-0.007828235
-0.0054028
-0.003506229
-0.002481662
-0.001280647
-0.000708022
-0.0005559274
0.001546938
0.005490106
0.007215182
0.006905881
0.006059171
0.006126237
0.007387844
0.01015859
0.01255892
0.01321907
0.01269256
0.01197995
0.00982374
0.007184876
0.005412949
0.002785538
-0.0003529637
-0.001526654
-0.001245794
-0.001391066
-0.004536861
-0.008956227
-0.01329988
-0.0159335
-0.01940593
-0.02487142
-0.0290711
-0.0303515
-0.02977976
-0.02856776
-0.02621741
-0.02097064
-0.01587968
-0.01406644
-0.01314458
-0.01159354
-0.01028641
-0.01007829
-0.01039043
-0.01022413
-0.009580074
-0.009253489
-0.009330304
-0.009839651
-0.01038511
-0.01019644
-0.00923595
-0.008389234
-0.007552999
-0.00569858
-0.003476699
-0.001719411
-0.0007950757
-0.000602256
0.001649595
0.00760928
0.01357482
0.01778961
0.02090939
0.02410122
0.02716005
0.0283959
0.02779735
0.02475284
0.0190973
0.01370381
0.011588
0.01008026
0.007649218
0.005566556
0.002601212
-0.0004389177
-0.001540751
-0.00113612
-0.0006514835
-0.000710964
-0.00162284
-0.003388192
-0.005422793
-0.006745833
-0.007509937
-0.007274845
-0.005711825
-0.005174781
-0.00599582
-0.006112764
-0.004416986
-0.002723362
-0.002386725
-0.004834721
-0.008829749
-0.01107252
-0.01029012
-0.007869229
-0.006223714
-0.006211688
-0.007355391
-0.009212188
-0.009834932
-0.008945235
-0.006173534
-0.002426069
-0.0003391668
-0.0002569575
0.001783371
0.005786449
0.007705989
0.00663745
0.002767692
-0.0008436607
-0.001748345
-0.001123816
-0.002712742
-0.008659761
-0.01442165
-0.01647969
-0.01627594
-0.01585821
-0.01600677
-0.01621787
-0.01557023
-0.01340833
-0.01035922
-0.00825821
-0.007374984
-0.007506387
-0.009059906
-0.01187466
-0.01507398
-0.01801193
-0.02147244
-0.02464574
-0.02755254
-0.02890215
-0.02898204
-0.02856157
-0.02746328
-0.02492333
-0.01983703
-0.01550569
-0.01214109
-0.007077224
-0.002061316
0.002887311
0.00967989
0.01707449
0.02108204
0.02113665
0.0193565
0.01834537
0.01713356
0.01445613
0.0119923
0.01072336
0.009866743
0.008898745
0.007719128
0.00406236
-0.0003672264
-0.00266477
-0.003698532
-0.003724164
-0.003075001
-0.00197969
-0.0008700675
0.001488565
0.005821198
0.009761293
0.01302344
0.01558224
0.01607589
0.0150224
0.01621236
0.01833081
0.01740216
0.01413187
0.009796811
0.003968494
-0.0008633066
-0.003357888
-0.005261536
-0.007244125
-0.0100224
-0.01166264
-0.01125058
-0.01098071
-0.01043171
-0.007036288
-0.002454342
-6.60244e-05
-0.0002563178
0.0006841982
0.004162771
0.007796127
0.00927488
0.008190357
0.003969295
-0.0005959973
-0.002009239
-0.002022024
-0.004401316
-0.01011898
-0.01518339
-0.01954555
-0.02398233
-0.02631859
-0.02676133
-0.02687537
-0.02603391
-0.02133058
-0.01604572
-0.01294467
-0.01043401
-0.007280625
-0.003310317
-0.0006600119
-0.0001737002
0.001563189
0.005981284
0.009932766
0.01306665
0.0149028
0.01672133
0.01918957
0.02198952
0.02480076
0.02693043
0.02762791
0.02610007
0.02204778
0.01692659
0.01315801
0.009852353
0.004380445
-0.000728449
-0.002941928
-0.005148758
-0.010578
-0.01582074
-0.0192475
-0.0226684
-0.0256584
-0.02827551
-0.03114381
-0.03417624
-0.03641661
-0.03752009
-0.03749643
-0.03729758
-0.03721797
-0.03731519
-0.03663022
-0.03490764
-0.03238329
-0.03019569
-0.02931062
-0.02882779
-0.02804758
-0.02755335
-0.02610706
-0.02124328
-0.0157025
-0.0135943
-0.01292796
-0.01172179
-0.009712295
-0.00735321
-0.004605475
-0.002773042
-0.001741198
-0.001437581
-0.001686997
-0.002982121
-0.005238502
-0.008244868
-0.01086656
-0.01225241
-0.01285532
-0.01296042
-0.01260921
-0.01304623
-0.01267989
-0.01040197
-0.006343691
-0.002845722
-0.001350713
-0.0009795467
-0.0009845866
-0.0009676648
-0.0009125695
-0.0009251908
-0.0009157193
-0.0008588805
0.001497256
0.004852467
0.007214393
0.008569514
0.008157183
0.007685714
0.009499758
0.01161817
0.01324627
0.0153172
0.01653769
0.01637102
0.01518251
0.01570097
0.0183222
0.02051712
0.020759
0.02017116
0.01923387
0.01905857
0.01980384
0.02037155
0.02034994
0.02015069
0.02008157
0.02016585
0.02019555
0.02019961
0.02015331
0.0201608
0.01984011
0.01970814
0.02032944
0.02152677
0.02295276
0.0247065
0.02463596
0.02346969
0.02264455
0.02141058
0.01820063
0.01329965
0.008680309
0.005549218
0.00247469
-0.0005161195
-0.00157757
-0.001231249
-0.0007504116
-0.000781586
-0.0008867717
0.001090759
0.004977029
0.008052779
0.01048738
0.0122446
0.01215999
0.01118074
0.01001845
0.008822348
0.008424869
0.008524081
0.008742552
0.009419025
0.01112193
0.01355295
0.0152193
0.01702157
0.0195763
0.02136436
0.02297626
0.02393216
0.02425396
0.02331619
0.02147455
0.01792429
0.01390134
0.009795646
0.006795521
0.005307627
0.002834873
-0.00031384
0.001118827
0.006339436
0.01209573
0.01539203
0.01733307
0.02016931
0.02297949
0.02473504
0.02480815
0.02344714
0.02202751
0.02101244
0.01961507
0.01893644
0.01826922
0.01621233
0.01471026
0.01441871
0.01459232
0.01461541
0.01617793
0.01834401
0.01928478
0.01898156
0.01889036
0.01899373
0.01726544
0.01546257
0.01553966
0.01598861
0.01574876
0.01426292
0.01226058
0.01111681
0.01018062
0.008285773
0.007369712
0.007950019
0.008022491
0.004452633
0.001581556
0.0009352786
-0.0001042656
-0.0009350345
-0.001261171
-0.00101646
-0.0008129676
0.00123591
0.004914721
0.007259851
0.008036224
0.009436323
0.01256639
0.01537648
0.01501335
0.01217757
0.009411927
0.008205532
0.007709822
0.006335317
0.004841599
0.002350642
-0.0005465762
-0.003046629
-0.006810173
-0.01170112
-0.015297
-0.01848183
-0.02225441
-0.02549538
-0.02819376
-0.02971052
-0.02864619
-0.02619163
-0.02377504
-0.01971021
-0.01575989
-0.01540506
-0.01692261
-0.01715393
-0.0170964
-0.01667888
-0.01575203
-0.01547371
-0.01532421
-0.01402676
-0.01186062
-0.009645323
-0.008444268
-0.008333382
-0.0079662
-0.007004526
-0.00713316
-0.007573831
-0.007793297
-0.006294251
-0.002816661
-0.0005231536
-0.0003205508
-0.0009547956
0.0008455162
0.003524283
0.004659318
0.00484231
0.004730784
0.004797816
0.004860423
0.004890976
0.004843573
0.004841948
0.004834891
0.004887047
0.005535589
0.007214627
0.008659392
0.008973957
0.007971472
0.006742709
0.006334695
0.005855784
0.003040694
-0.0005622262
-0.001854685
-0.001320673
-0.0006665402
-0.000660686
0.001102713
0.004159246
0.005589329
0.005284183
0.004997027
0.00584336
0.008114483
0.01047924
0.01113226
0.0114056
0.01140522
0.01119379
0.01026635
0.008881249
0.007584288
0.005969796
0.002770428
-0.0006610607
-0.00175759
-0.001245939
-0.0006771989
-0.0007751807
-0.001024583
-0.001798801
-0.003340678
-0.004084741
-0.002704125
-0.0009820117
-0.0004930522
-0.002242712
-0.00528053
-0.008482892
-0.01062472
-0.01128914
-0.01107297
-0.01062324
-0.01182103
-0.0139981
-0.01496393
-0.01469992
-0.01428415
-0.01492214
-0.01600824
-0.01482534
-0.01172194
-0.009927896
-0.01003429
-0.01135935
-0.01182486
-0.01100572
-0.009911273
-0.009071474
-0.00888449
-0.00895264
-0.006751848
-0.004086309
-0.003397413
-0.004441311
-0.005418546
-0.005176626
-0.004646412
-0.004484085
-0.004050517
-0.003769801
-0.003678847
-0.00314902
-0.002788748
-0.00204795
-0.001144639
-0.0007229435
-0.0008377101
-0.001013249
-0.001720532
-0.003047653
-0.004988916
-0.007330425
-0.009489685
-0.01139555
-0.01323554
-0.01510121
-0.01628886
-0.01583822
-0.01455718
-0.01332185
-0.01178074
-0.01057
-0.01022771
-0.01046218
-0.01063281
-0.01125303
-0.01155745
-0.01168362
-0.01349366
-0.01592787
-0.01681726
-0.01614861
-0.01534455
-0.01885812
-0.02541433
-0.02833005
-0.0269929
-0.02563453
-0.02646039
-0.02853566
-0.03027341
-0.03053624
-0.03021968
-0.03135013
-0.03326823
-0.03437386
-0.03423506
-0.0325432
-0.03069732
-0.0304736
-0.030654
-0.02943304
-0.02708182
-0.02407432
-0.01955605
-0.01547827
-0.01435442
-0.01502784
-0.01562669
-0.01551653
-0.016218
-0.01703858
-0.01675459
-0.01618038
-0.01597435
-0.01615412
-0.01625374
-0.01625263
-0.01615913
-0.01616858
-0.01596755
-0.01854224
-0.02367595
-0.02774979
-0.02994155
-0.0306356
-0.03167093
-0.03318288
-0.03387821
-0.0336865
-0.03236924
-0.03110963
-0.03107064
-0.03084086
-0.02929276
-0.02697176
-0.02484743
-0.02378583
-0.02443338
-0.02699711
-0.02892303
-0.02921305
-0.02931031
-0.02884118
-0.02861584
-0.02816848
-0.02608012
-0.02252917
-0.01812933
-0.01534433
-0.01399237
-0.01210098
-0.009760445
-0.007504942
-0.005039689
-0.002918479
-0.002318984
-0.00194159
-0.0012072
-0.000683321
-0.0006932172
-0.0008796148
-0.001618979
-0.002598283
-0.003005231
-0.002883373
-0.002720136
-0.003081086
-0.00466381
-0.007118473
-0.008690632
-0.008149239
-0.0060556
-0.005685991
-0.005582432
-0.003121749
-0.0007237755
-8.967477e-05
-0.0006198442
0.001387478
0.005469447
0.008421529
0.009947215
0.01124887
0.01182559
0.01119145
0.01085693
0.00964858
0.008846664
0.00986718
0.01092474
0.01141723
0.01123916
0.01087301
0.01234446
0.01500259
0.01584752
0.01505741
0.0142994
0.01442932
0.01604394
0.01886843
0.02063382
0.02077814
0.0195934
0.01874869
0.01826621
0.01675701
0.01515834
0.01493889
0.01370937
0.01070868
0.007097291
0.004827238
0.004514416
0.00433995
0.002201424
0.001467119
0.001681562
0.0003423073
-0.0008785835
-0.001100975
0.001351947
0.005309312
0.007539425
0.006728757
0.003022369
-0.0006968916
-0.001618822
-0.0008543638
0.001754079
0.005380377
0.008096888
0.008480205
0.00727488
0.00655486
0.006366001
0.006194883
0.005705645
0.00547455
0.005795979
0.006104415
0.006152109
0.006360528
0.006806971
0.006739766
0.00653631
0.006713394
0.006663424
0.006589063
0.007512966
0.009791265
0.01223872
0.01458661
0.01651175
0.01702912
0.01674727
0.01516656
0.0141528
0.01524801
0.01636953
0.01588972
0.01481086
0.01473637
0.01582817
0.0164666
0.01633656
0.01437631
0.01139704
0.01014348
0.008788929
0.006371671
0.002741237
-0.000504514
-0.001350432
-0.0008121948
-0.000341799
-0.0004780493
-0.0006645115
-0.0007184662
-0.000594833
-0.0005046141
0.001538983
0.004958604
0.007158603
0.008204229
0.01017945
0.01259644
0.01484295
0.01623686
0.01583226
0.01487574
0.01451571
0.01479145
0.01623381
0.01695288
0.01571556
0.01596589
0.01855125
0.02125596
0.02213028
0.02209808
0.0222187
0.02320522
0.02434385
0.02475516
0.02456113
0.0250722
0.02614981
0.0273185
0.02757428
0.02742445
0.02785598
0.02827065
0.02774834
0.02658208
0.02541023
0.02380254
0.02224498
0.02105175
0.02047277
0.01847614
0.01579752
0.01393284
0.01089754
0.007310687
0.005899918
0.006335524
0.006973839
0.007305401
0.007947192
0.009953142
0.01232998
0.01445835
0.01584541
0.01612181
0.01558318
0.01496213
0.01515211
0.01613652
0.01693948
0.01571072
0.0127059
0.009983303
0.008092268
0.006487146
0.00334536
-6.294112e-05
-0.001213406
-0.0006914204
-0.0001233363
-0.0001927746
-0.0004284521
-0.0004893369
-0.0003868454
-0.0003401048
-0.0003478417
-0.0003826758
-0.0003703281
-0.0003641791
-0.0003459224
-0.0003565368
0.003484768
0.003391888
0.003324852
0.003228706
0.003162171
0.003061045
0.002999513
0.002891961
0.002835198
0.002793531
0.004407641
0.007220323
0.008779511
0.008599553
0.008625116
0.01013402
0.01397611
0.01753336
0.01804758
0.01698971
0.01630435
0.0169987
0.01774547
0.01651343
0.01527579
0.01481567
0.01400584
0.01207174
0.009017412
0.006419881
0.00319328
0.0001334353
-0.001028523
-0.0007420346
-0.0004300664
-0.0005829745
-0.0009168741
-0.001077408
-0.001142739
-0.001213408
-0.001360691
-0.001496173
-0.001655374
-0.002381652
-0.00348061
-0.003977051
-0.003983846
-0.003873036
-0.003970559
-0.00349608
-0.002698287
-0.002355859
-0.002514461
-0.0009450237
0.002314587
0.004895032
0.005684793
0.005150244
0.003412031
-0.0003259297
-0.003827699
-0.004859979
-0.0043447
-0.003964921
-0.004193797
-0.004535217
-0.004667148
-0.004598689
-0.00294648
8.773375e-05
0.001845266
0.002817586
0.003745188
0.004632857
0.004871155
0.003496635
0.001107337
-0.0005340865
-0.001332666
-0.001918851
-0.002322363
-0.002857667
-0.004697906
-0.007001847
-0.007889299
-0.007678525
-0.007389026
-0.008037259
-0.009326713
-0.01134631
-0.01276969
-0.01254863
-0.01192276
-0.01170165
-0.01186187
-0.0112473
-0.01032758
-0.009697605
-0.009296029
-0.009192631
-0.008783636
-0.008139171
-0.007880782
-0.007993288
-0.008176852
-0.008233951
-0.008672635
-0.009386957
-0.01055757
-0.01221021
-0.01366549
-0.01495494
-0.01599579
-0.01674289
-0.01692342
-0.01654443
-0.01746982
-0.0189314
-0.01898348
-0.01856594
-0.01848237
-0.01887058
-0.01917458
-0.01929402
-0.01929773
-0.01938599
-0.01983428
-0.02028428
-0.02073916
-0.02100316
-0.02096461
-0.02075712
-0.01995679
-0.01980046
-0.02009297
-0.01928127
-0.0174993
-0.01533241
-0.01368671
-0.0129764
-0.01263499
-0.01188043
-0.0105188
-0.00957032
-0.008827477
-0.007835829
-0.00704334
-0.006273221
-0.00499111
-0.003270782
-0.002164669
-0.001707952
-0.0008945776
0.0001689898
0.0007246111
0.001019836
0.001145694
0.001111059
0.001163817
0.00145197
0.002091546
0.002542816
0.002513374
0.002599742
0.002929055
0.003188303
0.003025302
0.002695253
0.002562464
0.002628362
0.002712332
0.002673793
0.002528567
0.002569581
0.00297464
0.003397097
0.00368248
0.003951236
0.004086187
0.004136511
0.004492898
0.004938011
0.00507103
0.004952299
0.004823084
0.00477558
0.004754057
0.00470725
0.004641373
0.004575158
0.004467063
0.004336964
0.004258021
0.004178508
0.004105907
0.004048848
0.003992357
0.003909292
0.003816955
0.003732128
0.003660185
0.003617503
0.003564673
0.003520997
0.003501161
0.003472982
0.003426418
0.003354329
0.003271197
0.003183452
0.003106941
0.00304439
0.002988004
0.002938124
0.002892517
0.002844785
0.002787946
0.002724797
0.002658969
0.002591845
0.002522474
0.002450407
0.002375817
0.002294956
0.00221392
0.002137147
0.002059119
0.001979089
0.001896721
0.001811453
0.001725954
0.00163938
0.001551664
0.001462846
0.001371571
0.001277948
0.001184383
0.001092886
0.001001873
0.0009102821
0.0008175246
0.0007243201
0.0006312492
0.0005384477
0.0004460018
0.000354201
0.0002627466
0.0001714989
8.062606e-05
-9.699566e-06
-9.951395e-05
-0.0001888139
-0.0002775444
-0.0003656695
-0.0004531655
-0.000540004
-0.0006261586
-0.0007115935
-0.0007962797
-0.000880189
-0.000963298
-0.001045581
-0.00112701
-0.001207559
-0.001287204
-0.001365919
-0.001443681
-0.001520464
-0.001596245
-0.001671
