-0.0003996646
-0.0003995345
-0.0003997674
-0.0004006707
-0.000401588
-0.0004025965
-0.0004037685
-0.0004048899
-0.0004056582
-0.0004089096
-0.000419035
-0.0004377502
-0.0004609166
-0.0004716293
-0.0004663718
-0.000458442
-0.0004495639
-0.0004370126
-0.0004134207
-0.0003718037
-0.0003418004
-0.0003281815
-0.0003317502
-0.0003515298
-0.0003829077
-0.0003886004
-0.0003605285
-0.0003247425
-0.0002834915
-0.0002310291
-0.0002134146
-0.0002158527
-0.0001877901
-0.0001594633
-0.0001633004
-0.0001881634
-0.0001757035
-0.0001245515
-8.899744e-05
-6.989106e-05
-5.228347e-05
-5.956654e-05
-0.0001175994
-0.0001772965
-0.0001892698
-0.0001857586
-0.0001860727
-0.0001202493
7.934587e-05
0.0002907229
0.0003870254
0.0004165969
0.0003792413
0.0001971157
-8.277001e-05
-0.0003924383
-0.0006409418
-0.0007218945
-0.0006294344
-0.0004313073
-0.0003246479
-0.0003888576
-0.0006750799
-0.001194988
-0.001872472
-0.002355772
-0.002397728
-0.002064651
-0.001626156
-0.001321109
-0.001197136
-0.0010475
-0.0008798934
-0.0008277512
-0.000847813
-0.0008622768
-0.0008682365
-0.000901541
-0.0009468436
-0.0008193486
-0.0003930174
2.884429e-05
8.999034e-05
-0.0002229146
-0.0002718248
0.0002062045
0.0009290154
0.001847974
0.002907623
0.003628556
0.003806383
0.003363213
0.002612463
0.001847416
0.001304342
0.001179933
0.001248364
0.001293102
0.001307524
0.001350135
0.001423654
0.001291549
0.0006653461
-0.0004334364
-0.001882262
-0.003399256
-0.004721347
-0.004983879
-0.004213866
-0.003271927
-0.002650847
-0.002351768
-0.002330447
-0.002383742
-0.00218353
-0.001678512
-0.001131192
-0.0002532295
0.0006124209
0.0008993382
0.0008607359
0.0008250984
0.0008489796
0.0008806367
0.0008955263
0.0008942446
0.0009093634
0.0009638098
0.001001501
0.0007342288
7.748399e-05
-0.0006003575
-0.00136561
-0.001732103
-0.001383561
-0.0003065986
0.0007668045
0.001479606
0.002244125
0.002603293
0.002240252
0.001428983
0.001053507
0.001113672
0.001222021
0.001219851
0.001006108
0.0007994409
0.001011945
0.001229699
0.001325998
0.001385374
0.001021535
-0.0001710781
-0.001595563
-0.002834162
-0.004106089
-0.005021096
-0.004962679
-0.00368444
-0.001446343
0.000938013
0.001850685
0.000861031
-0.001566434
-0.003407878
-0.003857459
-0.0037309
-0.003212862
-0.002284398
-0.00183416
-0.001912558
-0.002108187
-0.001815499
-0.0003970213
0.001971986
0.004371538
0.00566653
0.006582611
0.007300902
0.007615693
0.00685193
0.005570335
0.005086913
0.005251006
0.005419139
0.004978892
0.003779919
0.002606082
0.001405621
-0.0002240592
-0.001674297
-0.002609279
-0.003722362
-0.004810849
-0.006056405
-0.007903789
-0.009548282
-0.009630944
-0.008063514
-0.005913173
-0.003853049
-0.002401744
-0.001989077
-0.002070544
-0.002194759
-0.002279051
-0.001869326
-0.0003979404
0.001721846
0.003934165
0.005355224
0.004819388
0.00258648
-0.0001682243
-0.001939642
-0.002292376
-0.002221825
-0.002256732
-0.0018009
-0.0002796608
0.001325466
0.002357031
0.003335738
0.003778287
0.003782251
0.003700274
0.003614117
0.00365769
0.004212498
0.004858367
0.004388846
0.00337529
0.001910389
0.0005354713
0.0001696449
0.001507661
0.003755792
0.005927819
0.006986786
0.006393455
0.0052823
0.003648297
0.001953016
0.0008356142
-0.0002922476
-0.002314549
-0.004791209
-0.006216732
-0.005938704
-0.00416641
-0.001973528
-0.000497261
-0.0001481829
0.0002464486
0.001305527
0.001925802
0.001884126
0.00142505
0.001082009
0.001909089
0.003323182
0.003939608
0.003703399
0.002841949
0.001505809
0.0001082248
-0.0004362891
-1.861795e-05
0.0009969857
0.001315364
-9.011132e-05
-0.001796584
-0.002358703
-0.002202522
-0.00199586
-0.002025574
-0.002651843
-0.003512323
-0.003219293
-0.002355377
-0.001998669
-0.002079394
-0.002235818
-0.002206404
-0.001624977
-0.0009565393
-0.001453158
-0.00254256
-0.003971212
-0.004944978
-0.004978297
-0.004553755
-0.003793842
-0.001665702
0.001041731
0.002087251
0.001859072
0.001558559
0.00203918
0.00370309
0.005410824
0.00601754
0.005489439
0.003831543
0.00168054
-9.380703e-06
-0.0004727466
0.0002772437
0.001590749
0.001601016
-0.000153737
-0.001908624
-0.00195827
-0.0007644213
0.0003748155
0.001480844
0.002010906
0.001582333
-2.079154e-05
-0.002226053
-0.004001016
-0.00414725
-0.002039095
0.001829812
0.005689146
0.007368243
0.006165809
0.003269615
0.0001206501
-0.001211007
-0.0001665301
0.002043462
0.003273798
0.001902043
-0.0007168211
-0.002735564
-0.003523674
-0.002377501
-0.0002236428
0.001971913
0.003751327
0.004421876
0.004053572
0.003720966
0.003659744
0.003640962
0.004048077
0.005317446
0.007013667
0.008568412
0.008592934
0.006346507
0.00322943
0.001670241
0.001882613
0.002440623
0.002179672
0.001470491
0.001002448
0.001932465
0.004308493
0.007104835
0.009470658
0.009601865
0.006476335
0.0009783286
-0.004691574
-0.009482023
-0.0137115
-0.0164268
-0.01708316
-0.01663751
-0.0157429
-0.01494554
-0.01464232
-0.01470104
-0.01530994
-0.01604852
-0.01543681
-0.01329375
-0.009407222
-0.004705427
-0.0001652797
0.002628746
0.002677738
0.001199354
0.0003386312
0.001288763
0.004563601
0.008445651
0.01108563
0.01184193
0.0109404
0.01082862
0.01243181
0.01413199
0.01472565
0.01476549
0.01426949
0.01224607
0.009130359
0.006536787
0.004565921
0.00294145
0.001787635
0.0007079325
-0.0008640313
-0.003319896
-0.006985148
-0.01075454
-0.01306663
-0.01322028
-0.01175266
-0.01037977
-0.008811512
-0.007371622
-0.00675729
-0.0061651
-0.004748235
-0.002223318
0.0004084914
0.00257368
0.004369423
0.004280428
0.002574547
0.001370039
0.0008483744
0.00101524
0.00163257
0.001896603
0.001747224
0.001630759
0.002378779
0.004077074
0.00518422
0.00554527
0.005437141
0.006226565
0.009344206
0.013633
0.01706311
0.01818387
0.01659125
0.01187312
0.00618827
0.001071009
-0.003793946
-0.007536641
-0.01040201
-0.01389471
-0.01743861
-0.01947695
-0.02029893
-0.02111319
-0.02190139
-0.02330288
-0.02582359
-0.02953983
-0.0328306
-0.03393571
-0.0328809
-0.02972378
-0.02558502
-0.02134803
-0.01776107
-0.01629499
-0.01701883
-0.01820186
-0.01935315
-0.0199474
-0.01965117
-0.01765781
-0.01353954
-0.008438572
-0.004010069
0.000254547
0.005431163
0.0112857
0.01805899
0.02589441
0.03275909
0.03750162
0.04040675
0.04123317
0.04055542
0.03889354
0.03727272
0.03574411
0.03238062
0.02559623
0.01570225
0.006195288
-0.0006525651
-0.005802307
-0.01011501
-0.01371793
-0.01574902
-0.01566867
-0.01404745
-0.01181483
-0.008914661
-0.004973863
-0.0003100222
0.003966923
0.006602033
0.00631664
0.003378235
-0.0005475769
-0.004962342
-0.008872346
-0.0110786
-0.010678
-0.007236729
-0.001697167
0.004270399
0.00882362
0.01239808
0.01656412
0.02254762
0.02966875
0.03600889
0.04123466
0.04539484
0.04763485
0.04808952
0.04722748
0.04502351
0.04262329
0.04105349
0.04072888
0.04079595
0.04008403
0.03755412
0.03253557
0.02566229
0.01774386
0.01069592
0.005253072
0.001173315
-0.001304749
-0.002759468
-0.003878307
-0.004532862
-0.002824354
0.0004236215
0.001677132
-0.0009392271
-0.006952747
-0.014946
-0.0230133
-0.02853606
-0.03016506
-0.03031229
-0.03046572
-0.03045569
-0.02935812
-0.02657146
-0.02271304
-0.01870426
-0.01484606
-0.01096149
-0.006875817
-0.003136411
-0.001237991
-0.002278431
-0.005607067
-0.00961214
-0.01318926
-0.01521336
-0.01670588
-0.01874275
-0.02172494
-0.02549151
-0.02935193
-0.03293728
-0.03570493
-0.03656417
-0.03640131
-0.03627689
-0.03630205
-0.0363185
-0.03628277
-0.03635379
-0.03652629
-0.03612205
-0.03411389
-0.03104836
-0.02813936
-0.02479467
-0.02045452
-0.01502487
-0.009146838
-0.002811157
0.004526071
0.01241986
0.0203922
0.02825563
0.03541595
0.04152152
0.04711268
0.05162769
0.05555156
0.05951779
0.06286948
0.06447132
0.06441422
0.06275718
0.05970041
0.05657166
0.05312195
0.04779296
0.04002888
0.02956791
0.01689341
0.004217796
-0.006778342
-0.01473334
-0.02013508
-0.02453543
-0.02813447
-0.03113525
-0.03411503
-0.03604671
-0.03665836
-0.03680854
-0.03548498
-0.03095919
-0.02471801
-0.01863549
-0.0138237
-0.01124416
-0.01084167
-0.01082555
-0.009407112
-0.005574499
0.001224368
0.009564297
0.0181655
0.02479142
0.02709637
0.0274815
0.02850992
0.03193913
0.03662455
0.03984814
0.03990301
0.03592769
0.02773506
0.01649323
0.004937878
-0.005280425
-0.01433399
-0.02147917
-0.02441729
-0.022814
-0.01902318
-0.01507084
-0.01066875
-0.004956528
0.0002870248
0.001835518
-0.001181754
-0.007478849
-0.01432461
-0.01916169
-0.02242021
-0.02547674
-0.02876811
-0.03059399
-0.03104119
-0.03032683
-0.02657314
-0.01862495
-0.007498609
0.004332207
0.01558913
0.02473479
0.02828591
0.02735802
0.02390596
0.01883113
0.01725796
0.01949813
0.02270981
0.02553886
0.02675423
0.02561143
0.02051275
0.01174181
0.002235276
-0.003266398
-0.003210753
0.000384803
0.004731297
0.00838626
0.01085448
0.01174358
0.01074985
0.009427035
0.008745447
0.008081565
0.006421843
0.0047903
0.004901279
0.00610704
0.006163639
0.00523655
0.005330764
0.006195469
0.007080352
0.007668631
0.007234433
0.006327089
0.004198902
0.0009055673
-0.001388819
-0.001157456
0.001697335
0.005876796
0.01077715
0.01764822
0.02563086
0.03138095
0.03394317
0.03466411
0.03357223
0.03171227
0.02792702
0.0201979
0.008034752
-0.006512054
-0.01961462
-0.02921596
-0.03431667
-0.03701916
-0.04049569
-0.04475035
-0.04822654
-0.05094514
-0.05238421
-0.05031834
-0.04538668
-0.04017926
-0.03699195
-0.03642771
-0.03589407
-0.03344341
-0.02983022
-0.0255534
-0.02161458
-0.01683293
-0.01031034
-0.002959655
0.003693584
0.008872596
0.01435657
0.02040681
0.02488245
0.02659161
0.02836098
0.03117216
0.03294082
0.03296625
0.03136973
0.02860975
0.02530746
0.02032691
0.01339474
0.004268467
-0.007162275
-0.0194114
-0.02995881
-0.03671391
-0.04115953
-0.04469657
-0.04635425
-0.04643734
-0.04591817
-0.04436587
-0.04078878
-0.03716426
-0.0342226
-0.02951185
-0.02215764
-0.01405788
-0.007450275
-0.003376421
-0.001121019
0.000230271
0.0003424703
-0.0005976936
-0.002385678
-0.00525938
-0.005921132
-0.001190354
0.007527861
0.0167629
0.0253489
0.03319431
0.04119562
0.04885983
0.054402
0.05570937
0.05314216
0.04734676
0.03941575
0.03156624
0.02655426
0.02540977
0.02573478
0.02592474
0.02634283
0.02722225
0.02801209
0.02969984
0.03307811
0.03718562
0.03958184
0.03945933
0.0377418
0.03556876
0.03267099
0.02780429
0.01979934
0.008729516
-0.004053095
-0.01685802
-0.02702916
-0.03357452
-0.03870296
-0.04530399
-0.04994245
-0.05097609
-0.05029083
-0.04806178
-0.04315878
-0.03420332
-0.01992743
-0.002880829
0.01206147
0.02225175
0.02740403
0.02806966
0.02577398
0.02151212
0.01643447
0.01212478
0.007892065
0.001913639
-0.006825909
-0.01840587
-0.02963362
-0.03608725
-0.03732222
-0.03695759
-0.03645184
-0.03449615
-0.03087274
-0.02765406
-0.02618371
-0.02532821
-0.02499726
-0.02503561
-0.02500769
-0.0248394
-0.02517706
-0.02714596
-0.03041167
-0.03335015
-0.03465661
-0.0325306
-0.02712232
-0.02128924
-0.01732518
-0.01481448
-0.01184823
-0.00719722
0.0003134487
0.0100835
0.01996391
0.02756047
0.03138478
0.03206894
0.03130543
0.0293344
0.02677188
0.02415166
0.02098826
0.01968241
0.01983659
0.01942739
0.01817962
0.01805126
0.01980141
0.02170258
0.02149444
0.01852095
0.01349453
0.006366369
-0.001785978
-0.009411788
-0.01521713
-0.01926406
-0.02338669
-0.02934321
-0.03773241
-0.04798217
-0.05645184
-0.06100485
-0.06232878
-0.06258682
-0.0620394
-0.05824435
-0.04969989
-0.03860478
-0.02866734
-0.01931331
-0.01186102
-0.007806794
-0.004975141
0.0001085507
0.007752797
0.01649747
0.02467231
0.03058134
0.03486445
0.03706325
0.03802805
0.03913886
0.03909689
0.03681565
0.03340694
0.03012905
0.02336496
0.01064874
-0.001790629
-0.009912012
-0.01319424
-0.01191919
-0.007005704
0.0007685919
0.009216542
0.01665345
0.02201703
0.02503551
0.0259461
0.02606236
0.02472246
0.02017205
0.01389352
0.007992468
0.003892478
0.002515691
0.00385206
0.006160823
0.007837493
0.008227585
0.007905071
0.007659856
0.008676677
0.0114935
0.01382355
0.01393681
0.01177903
0.008166134
0.004139439
-0.000284631
-0.005173428
-0.009783004
-0.01451945
-0.01941343
-0.0233527
-0.02494997
-0.02419627
-0.02356262
-0.02562792
-0.03010182
-0.03552048
-0.04316108
-0.05295835
-0.06284396
-0.0716475
-0.07818863
-0.08233104
-0.08324879
-0.07984936
-0.0744345
-0.07036084
-0.06805695
-0.06571471
-0.06310331
-0.06210152
-0.06238852
-0.06239789
-0.06029554
-0.05514383
-0.04730852
-0.0385439
-0.03245366
-0.0274528
-0.02077261
-0.01201182
-0.004039676
0.001459119
0.005486979
0.009629366
0.01500898
0.02030865
0.02444212
0.0265334
0.02726572
0.02469594
0.01751319
0.007640412
-0.003880384
-0.01561835
-0.02526816
-0.03097656
-0.0329756
-0.03372755
-0.03492023
-0.03469906
-0.03126092
-0.02561136
-0.01959061
-0.01371309
-0.008682418
-0.006449492
-0.005941264
-0.005296424
-0.00415195
-0.004309098
-0.006122819
-0.00794732
-0.009757342
-0.01195283
-0.01412353
-0.01567381
-0.017775
-0.02134884
-0.02521459
-0.02753635
-0.0270572
-0.02362114
-0.01906242
-0.01592497
-0.01599787
-0.01717366
-0.01493779
-0.008651612
-0.001816144
0.004062597
0.009159247
0.01318221
0.01560939
0.01793644
0.02159002
0.02528001
0.02674834
0.02608185
0.02562718
0.0248136
0.02156836
0.01685152
0.01348664
0.01348447
0.0176513
0.02397452
0.02825909
0.03069088
0.03256045
0.03541064
0.03858436
0.0400372
0.04010768
0.04057268
0.0419953
0.04365353
0.04663567
0.05071017
0.05494109
0.05813121
0.0590672
0.05810153
0.05597097
0.05450128
0.05473811
0.0568293
0.05990415
0.06298741
0.06655573
0.06958334
0.07067573
0.07068311
0.06956434
0.06649233
0.06300324
0.06012455
0.05639558
0.05139134
0.0459401
0.04062932
0.03720306
0.03490906
0.03162499
0.02778927
0.02586462
0.02490545
0.02073533
0.01257927
0.003795811
-0.004293206
-0.01170427
-0.0175845
-0.02119709
-0.0229052
-0.02375453
-0.02293194
-0.01948789
-0.01599189
-0.01594754
-0.01935984
-0.02315177
-0.02557719
-0.0278387
-0.03085828
-0.0335083
-0.03527488
-0.0363059
-0.03823619
-0.04295743
-0.04674173
-0.04435271
-0.0356238
-0.02595055
-0.0193588
-0.01519107
-0.01232424
-0.01135594
-0.01242531
-0.01511912
-0.0176836
-0.0198133
-0.02159188
-0.0214824
-0.01758562
-0.009709594
-0.000218236
0.007743045
0.01305374
0.01770475
0.024428
0.03220748
0.04030362
0.04778697
0.05227302
0.05267367
0.05112677
0.05033079
0.05088305
0.05260446
0.05450226
0.05577782
0.05626304
0.05583949
0.0547199
0.05235185
0.04854404
0.04533402
0.04491516
0.04622486
0.04714072
0.0476339
0.04791847
0.04783584
0.04641087
0.04310969
0.03908137
0.03507628
0.03071945
0.02588871
0.02114374
0.0155617
0.008582106
0.0008331953
-0.006302383
-0.01253106
-0.01924038
-0.02580609
-0.03111669
-0.03457334
-0.03848033
-0.04622999
-0.05669172
-0.06838897
-0.08070696
-0.09217363
-0.1003371
-0.1047238
-0.1061744
-0.1075022
-0.1092067
-0.109872
-0.1079214
-0.10217
-0.0916766
-0.06966554
-0.03571986
0.0008261152
0.03036699
0.04972324
0.06229725
0.07018848
0.07379152
0.07423012
0.07461112
0.07708062
0.0814179
0.08644981
0.08848536
0.08716081
0.08302922
0.07566904
0.06174142
0.04147601
0.02110608
0.006519544
-0.0003615349
-0.002851658
-0.003256601
0.0001077887
0.006938008
0.01515509
0.02326648
0.02994795
0.03986385
0.05439165
0.06740364
0.0741188
0.07720109
0.081443
0.08732594
0.0950398
0.105635
0.1172519
0.1240542
0.1193315
0.09910999
0.05530827
-0.01220725
-0.05739317
-0.0429169
-0.01432061
-0.01371822
-0.02487715
-0.02596075
-0.02108358
-0.01881968
-0.01909001
-0.01953315
-0.02027351
-0.02287105
-0.02765643
-0.03527518
-0.04481207
-0.05403914
-0.06101737
-0.06510888
-0.06793181
-0.07066362
-0.0741133
-0.07720734
-0.07745182
-0.07214546
-0.05992086
-0.04390831
-0.03020736
-0.02109093
-0.0159219
-0.01390648
-0.01319838
-0.01222636
-0.01151133
-0.01171775
-0.01376084
-0.01799875
-0.02280614
-0.02579848
-0.02712776
-0.02796794
-0.02965213
-0.03266179
-0.03915285
-0.04921099
-0.0564941
-0.05937547
-0.06067198
-0.06160288
-0.06299828
-0.06669711
-0.07045395
-0.06784819
-0.05444189
-0.03373037
-0.01437092
-0.002525512
0.001188043
0.001715792
0.003217648
0.005547136
0.008823488
0.0129959
0.01547516
0.01590899
0.01586904
0.01542724
0.01323992
0.009440382
0.005720171
0.001692712
-0.003522733
-0.009967532
-0.01760704
-0.02547979
-0.03224769
-0.03841382
-0.04610692
-0.05383139
-0.06017588
-0.06495221
-0.06829871
-0.06889351
-0.06623845
-0.06309174
-0.06214748
-0.06250422
-0.06198136
-0.05954755
-0.05570944
-0.05063203
-0.04744203
-0.04893072
-0.05303079
-0.05634036
-0.05935753
-0.06396033
-0.06835125
-0.06935702
-0.06437881
-0.05291192
-0.03813491
-0.02488839
-0.01339066
-0.002224697
0.009295416
0.02114866
0.03169755
0.03980456
0.04506908
0.04914367
0.05458667
0.06353386
0.07797133
0.09808689
0.1202023
0.1354893
0.1360501
0.1264185
0.1180906
0.1141395
0.1093581
0.101281
0.08989663
0.06865175
0.03369615
0.003523276
0.002252279
0.02002209
0.02378328
0.009690372
-0.001383363
-0.001117265
0.003658065
0.006232754
0.00619275
0.006294435
0.00771697
0.008769831
0.008067469
0.00612688
0.003879106
0.00169445
-0.0006341209
-0.003570102
-0.005042775
-0.004232346
-0.003917781
-0.005947146
-0.01046146
-0.0170609
-0.02267108
-0.02599464
-0.02870153
-0.03134227
-0.03426091
-0.0378031
-0.04249812
-0.04610802
-0.04741317
-0.04802362
-0.04886596
-0.05088445
-0.05310675
-0.05354856
-0.05295323
-0.05396007
-0.05788432
-0.05921021
-0.05004382
-0.03480599
-0.023262
-0.01627422
-0.0107981
-0.009060949
-0.01453809
-0.02231148
-0.0248118
-0.02163583
-0.01801729
-0.0166636
-0.01515432
-0.0117324
-0.006624511
0.0002241591
0.009517375
0.0212226
0.03388467
0.04679188
0.05929957
0.07130062
0.08225476
0.09232822
0.1017928
0.1097425
0.1152871
0.1186215
0.1204909
0.1194911
0.1110041
0.08598413
0.049244
0.03167326
0.04431206
0.059958
0.06122708
0.05725394
0.05793757
0.06251305
0.06700756
0.06904892
0.06782534
0.0646121
0.06286174
0.06290295
0.06313011
0.06406522
0.06923825
0.07899771
0.08724913
0.08726928
0.08094702
0.07390492
0.06350517
0.04804099
0.03242264
0.01945415
0.007251182
-0.004374107
-0.01286933
-0.02023716
-0.0303687
-0.04243413
-0.05416624
-0.0644409
-0.07309016
-0.0802798
-0.0874604
-0.09425537
-0.1004655
-0.107328
-0.112749
-0.1155882
-0.1171242
-0.1186038
-0.1186106
-0.1145058
-0.1052492
-0.09212645
-0.07700789
-0.06150031
-0.04670793
-0.03466991
-0.02665234
-0.02291683
-0.02337773
-0.02650086
-0.0296326
-0.03249317
-0.03742109
-0.04566493
-0.05453482
-0.06160361
-0.0657987
-0.06816039
-0.06909914
-0.06572884
-0.05462979
-0.03830092
-0.02457768
-0.01478255
-0.005844145
0.003684632
0.0129308
0.0217112
0.02966848
0.03790927
0.04799454
0.05858139
0.06654512
0.0725641
0.07987963
0.08809036
0.0940815
0.09686461
0.09790375
0.09844356
0.0999998
0.1036068
0.1094025
0.1162572
0.1235559
0.1295064
0.131842
0.1286758
0.1196944
0.1077091
0.09431097
0.08089821
0.06850066
0.05656628
0.04365201
0.02690956
0.01097477
0.008388825
0.01586108
0.01709376
0.008473351
-0.001080337
-0.007746514
-0.01416141
-0.02247674
-0.03230278
-0.04263127
-0.05261497
-0.06114997
-0.06818727
-0.07392899
-0.07920946
-0.08381843
-0.08781655
-0.09129543
-0.09189162
-0.08682551
-0.07284932
-0.05129818
-0.02898601
-0.01096418
0.003031736
0.01519053
0.02488316
0.0302308
0.03459272
0.04188098
0.05110956
0.0594463
0.06660891
0.07459468
0.08401275
0.09002277
0.09096207
0.0912099
0.09443868
0.09997656
0.1065731
0.1154039
0.1278526
0.1426616
0.1522473
0.1503096
0.1412957
0.1348887
0.1321953
0.1296939
0.1279438
0.1255396
0.1129455
0.08123116
0.03160044
-0.01436556
-0.0259359
-0.01588367
-0.01814977
-0.03312772
-0.04448754
-0.05005369
-0.05755998
-0.06790492
-0.07666522
-0.08175615
-0.08489375
-0.08718052
-0.08826012
-0.08764246
-0.08644549
-0.08521103
-0.08509956
-0.08654842
-0.08944042
-0.09394958
-0.09963365
-0.1064934
-0.1130716
-0.1192456
-0.125018
-0.1310403
-0.1360624
-0.1396432
-0.1414896
-0.1413653
-0.1402118
-0.1390742
-0.1373431
-0.1347716
-0.1297569
-0.1169633
-0.09512672
-0.07164338
-0.05397625
-0.04317508
-0.03593539
-0.03086404
-0.02804344
-0.02606732
-0.02437544
-0.02428278
-0.02697459
-0.03157184
-0.03507126
-0.03827486
-0.04402229
-0.0499351
-0.05624591
-0.06305483
-0.0672016
-0.06687441
-0.06378001
-0.06152945
-0.06042886
-0.05727427
-0.04911835
-0.03717862
-0.02532309
-0.01478832
-0.006986435
-0.00214559
0.00078271
0.001921961
0.003107125
0.007301572
0.01548515
0.02460999
0.03185696
0.04047195
0.05080031
0.06054492
0.06965608
0.07651975
0.08013553
0.08235428
0.08452468
0.08750444
0.09023651
0.09445868
0.1001695
0.1060976
0.1085678
0.09839466
0.07195358
0.03865382
0.01071119
-0.007237092
-0.0189966
-0.02824209
-0.03544212
-0.04289266
-0.05287813
-0.06303146
-0.07113372
-0.07700752
-0.08085421
-0.08229027
-0.08121679
-0.07843404
-0.07344516
-0.06471498
-0.04994428
-0.02922447
-0.005772352
0.01410778
0.027311
0.03663006
0.04409046
0.04921236
0.05151712
0.05262968
0.0562004
0.06316474
0.07169267
0.08061439
0.0875455
0.08979836
0.09120229
0.09571889
0.1023542
0.1064427
0.1068186
0.1070826
0.109292
0.1085572
0.09559594
0.06709816
0.03145487
0.002333683
-0.01523244
-0.02647562
-0.03531632
-0.04132161
-0.04507775
-0.05047506
-0.0607665
-0.07260571
-0.08042404
-0.08092053
-0.07361981
-0.0583626
-0.03651342
-0.01516909
0.002132476
0.01789162
0.03157254
0.03870891
0.03846916
0.03331685
0.02592968
0.0175596
0.0103744
0.004757805
9.959164e-05
-0.002928053
-0.004141542
-0.002692858
0.001817775
0.008949014
0.01705956
0.02514231
0.03261396
0.03831712
0.04194262
0.04407096
0.0446875
0.0440673
0.04211964
0.03825321
0.03046672
0.01867043
0.005126392
-0.008571459
-0.02053384
-0.02934463
-0.03673021
-0.04484763
-0.05162402
-0.05600826
-0.05933748
-0.06154717
-0.0625022
-0.06110298
-0.05714973
-0.05121289
-0.0438847
-0.03657544
-0.03054711
-0.02475894
-0.01943252
-0.0141906
-0.009998793
-0.008564142
-0.01037131
-0.01318366
-0.01473282
-0.01608074
-0.01747479
-0.01851093
-0.01965658
-0.02064561
-0.02224172
-0.02589933
-0.03098645
-0.03587113
-0.0399225
-0.04079249
-0.03551673
-0.02566829
-0.0165105
-0.01261204
-0.01434953
-0.01970547
-0.02547651
-0.03001343
-0.03351819
-0.03548476
-0.03527138
-0.03348617
-0.03228261
-0.03304425
-0.03457891
-0.03739185
-0.04220749
-0.04414447
-0.04120015
-0.03607852
-0.03171348
-0.02677434
-0.01859782
-0.007641477
0.004756226
0.01654768
0.02590186
0.02946984
0.02725566
0.02053671
0.01101096
0.001711335
-0.006792963
-0.01501215
-0.02247708
-0.02962718
-0.03471222
-0.0361305
-0.03500779
-0.03204339
-0.02780674
-0.0225108
-0.01752768
-0.01277724
-0.008411398
-0.005062792
-0.002032245
0.001486378
0.005507531
0.0101125
0.01464627
0.01750506
0.01944912
0.02145431
0.02260216
0.02159716
0.01935986
0.01703797
0.01549178
0.01572448
0.01703063
0.01718386
0.01562278
0.0135211
0.01133298
0.008666683
0.005409642
0.00204613
-0.0004681695
-0.001950591
-0.002399339
-0.001986882
-0.0004831074
0.002149387
0.005431597
0.007676776
0.008152697
0.008088643
0.009783326
0.01286414
0.01559476
0.01835135
0.02200919
0.02578601
0.02814517
0.03082716
0.03400421
0.03678227
0.03888655
0.04072901
0.04230668
0.04156507
0.03473085
0.02099495
0.00470097
-0.008648785
-0.01768037
-0.02241225
-0.02381246
-0.0237653
-0.02307581
-0.02205808
-0.02172765
-0.02143567
-0.01959786
-0.01605332
-0.01171013
-0.007012546
-0.002350387
0.002305458
0.007085403
0.01118116
0.01472764
0.01786344
0.0219024
0.02594827
0.02792561
0.02935076
0.03068553
0.03108283
0.03136978
0.0328046
0.03543035
0.03850164
0.04080427
0.0431032
0.04695609
0.05196616
0.05692459
0.06230927
0.06804443
0.07346203
0.07775773
0.07976238
0.08014969
0.08112083
0.08345171
0.0858147
0.08609479
0.08116098
0.06747178
0.04691616
0.03418666
0.03758403
0.04553594
0.0468177
0.04303515
0.04079572
0.04124932
0.04199631
0.04214764
0.04175678
0.04066977
0.03926166
0.03813427
0.03641907
0.03346404
0.03089407
0.02970545
0.02912053
0.02622651
0.02050374
0.01536209
0.01140867
0.007461899
0.003388451
-0.0004328844
-0.00487225
-0.0101487
-0.01530315
-0.01884315
-0.02072376
-0.02129296
-0.02089884
-0.02050253
-0.0204952
-0.02143692
-0.02424641
-0.02877136
-0.03281074
-0.03671974
-0.04168273
-0.04561806
-0.04884841
-0.05185494
-0.05456719
-0.05709646
-0.05941018
-0.06063362
-0.06070936
-0.06049319
-0.06089033
-0.06242256
-0.06445729
-0.06655046
-0.0686499
-0.0701948
-0.07017337
-0.06889151
-0.06724883
-0.06451092
-0.05974991
-0.05284564
-0.04439084
-0.03632937
-0.03087225
-0.02680286
-0.02395112
-0.02432878
-0.02641683
-0.02549845
-0.02093017
-0.01478713
-0.00789308
0.0003730172
0.009968624
0.0191798
0.02679274
0.03120535
0.03304238
0.03448994
0.03678888
0.03877774
0.03939136
0.03867989
0.03686592
0.03537783
0.0355388
0.03579679
0.03419802
0.03247876
0.03145922
0.03141027
0.03076757
0.02698427
0.02040755
0.01259772
0.003407889
-0.006069151
-0.01540255
-0.02455288
-0.03218981
-0.03542334
-0.03551171
-0.03527823
-0.03508923
-0.03344224
-0.02895716
-0.02180355
-0.01420854
-0.00724167
-0.0002692129
0.005675009
0.009575943
0.01183301
0.01363271
0.0151826
0.01621293
0.01665215
0.01599475
0.01559212
0.01568391
0.01481344
0.01228208
0.009700102
0.007222062
0.004320196
0.001726754
-0.0004754434
-0.00152502
-0.0002660879
0.001927538
0.002594699
1.776147e-05
-0.00558636
-0.01326482
-0.02175378
-0.02783266
-0.02932774
-0.02897067
-0.03086484
-0.03591871
-0.04242076
-0.04695081
-0.04916422
-0.05091324
-0.05291981
-0.05444077
-0.05479232
-0.0551496
-0.05662507
-0.05842446
-0.05974076
-0.06102591
-0.06226879
-0.06231011
-0.06134322
-0.06032591
-0.05830467
-0.05533927
-0.0525778
-0.04933975
-0.0441029
-0.03635942
-0.02837342
-0.0214892
-0.01728163
-0.01453335
-0.01157136
-0.007253779
-0.0002036105
0.007643121
0.01324617
0.01579244
0.01731789
0.01971174
0.02332617
0.02643207
0.0282988
0.03030209
0.03185098
0.03246766
0.03127861
0.02922455
0.02767852
0.02628172
0.0238947
0.02154754
0.0190672
0.01528001
0.01098891
0.007856765
0.005347263
0.00185825
-0.002240621
-0.005277974
-0.006603476
-0.008007355
-0.009577397
-0.01012741
-0.009526577
-0.008407608
-0.007929712
-0.00749932
-0.006462634
-0.005661959
-0.005392555
-0.005731271
-0.00596967
-0.006181019
-0.006906368
-0.008085609
-0.0093765
-0.01072919
-0.01242433
-0.0126977
-0.01092518
-0.008375286
-0.005716013
-0.002006893
0.00278046
0.007189956
0.01009928
0.01166515
0.01102041
0.007775038
0.004129344
0.00169947
-0.000572532
-0.003737733
-0.007045626
-0.00989208
-0.01211548
-0.01355692
-0.0139492
-0.01388302
-0.01387156
-0.01371289
-0.01302499
-0.0117638
-0.009975407
-0.008028391
-0.006125571
-0.003794688
-0.0006027511
0.00317396
0.007325776
0.01081488
0.01302366
0.01408552
0.01498656
0.01551789
0.01570485
0.01523477
0.01314648
0.01006751
0.007613267
0.005295466
0.001950718
-0.002071963
-0.006198868
-0.009984797
-0.01270089
-0.01395389
-0.01420463
-0.01329045
-0.01040968
-0.006017874
-2.678323e-05
0.00749013
0.01522102
0.02188555
0.02634375
0.02750909
0.02715273
0.02699321
0.02726854
0.02738631
0.02614269
0.02384843
0.02384188
0.02611754
0.02736427
0.02731336
0.02707772
0.02700583
0.02707603
0.02724634
0.02730378
0.02629775
0.02414924
0.02263196
0.02158766
0.02070112
0.01994047
0.0198107
0.01958423
0.01897683
0.01841619
0.01917751
0.02204647
0.02570687
0.02801401
0.03063997
0.03436918
0.03834165
0.04077924
0.04180212
0.04288274
0.04461528
0.04618826
0.0471533
0.04830811
0.04944108
0.0506583
0.05242318
0.05447576
0.05621141
0.05733259
0.05847712
0.06022681
0.06219881
0.06388472
0.06558146
0.06794164
0.069878
0.07005789
0.06816044
0.06420792
0.05802205
0.049919
0.04136223
0.03354385
0.02830242
0.02594403
0.02310281
0.01979265
0.01797015
0.01744227
0.01702322
0.0155175
0.01310392
0.01072953
0.009506981
0.008943465
0.008125546
0.007187512
0.00536783
0.003010619
0.001252963
0.0001083584
-0.0007116247
-0.002175345
-0.00413699
-0.00614171
-0.008354185
-0.01100638
-0.01367736
-0.01652271
-0.02024424
-0.02430219
-0.02840458
-0.03148932
-0.03352849
-0.03584853
-0.03911135
-0.04224893
-0.04446376
-0.04538405
-0.04422452
-0.04063025
-0.0365968
-0.03521384
-0.03506723
-0.03386046
-0.03158723
-0.02870261
-0.02565301
-0.02286753
-0.02088424
-0.01992011
-0.01975409
-0.02007469
-0.02082854
-0.02159821
-0.02235355
-0.0233643
-0.0238974
-0.02401664
-0.02364203
-0.02180363
-0.01826343
-0.01353108
-0.00855225
-0.005317368
-0.004218737
-0.004112537
-0.004482787
-0.0059221
-0.008989699
-0.013209
-0.01628691
-0.01821946
-0.01956636
-0.02022434
-0.02066949
-0.02104743
-0.0219076
-0.02354664
-0.02614189
-0.02980809
-0.03321205
-0.0351374
-0.03707674
-0.04015767
-0.04153549
-0.04148622
-0.04206856
-0.04306023
-0.04141871
-0.03692712
-0.03303555
-0.02970863
-0.02603777
-0.02151132
-0.01616961
-0.01154256
-0.008037184
-0.003973617
0.001116867
0.005680259
0.008850302
0.01089262
0.01309251
0.01489955
0.01548543
0.01502772
0.01334207
0.01023265
0.005489938
-0.0007503867
-0.007729218
-0.01441919
-0.02101701
-0.02700365
-0.03089683
-0.03239308
-0.03373088
-0.03518844
-0.03572615
-0.03570434
-0.03567734
-0.03533829
-0.03401062
-0.03152983
-0.02749487
-0.02256396
-0.01788109
-0.0126225
-0.006823943
-0.002536645
-0.0001165507
0.00143788
0.00213822
0.001908657
0.001183314
-0.0003647091
-0.002456386
-0.004520197
-0.005960801
-0.006622894
-0.007417145
-0.008199815
-0.007957783
-0.0068356
-0.006202203
-0.00613475
-0.006611593
-0.008113289
-0.01054648
-0.01359006
-0.01683519
-0.02058525
-0.02378001
-0.02630208
-0.02861872
-0.02975142
-0.02886041
-0.0259925
-0.02163204
-0.01674568
-0.01251976
-0.008832766
-0.006196577
-0.004221247
-0.002772377
-0.002317074
-0.00240833
-0.002573712
-0.002588975
-0.002007333
-0.0009165828
-0.0005088663
-0.0005807477
-4.07847e-05
0.001117697
0.001132288
-0.0001091832
-0.000767924
-0.0001490526
0.001108349
0.001206222
7.167644e-05
-0.001084925
-0.002140342
-0.00256732
-0.002580064
-0.002515994
-0.002069122
-0.001182583
-0.0002600327
0.001784968
0.004856541
0.007339594
0.009106402
0.01088219
0.01243982
0.01206932
0.01053661
0.009608551
0.008489189
0.005373497
0.00168635
-0.0003110208
-0.001013558
-0.002381322
-0.00452148
-0.00620892
-0.00642532
-0.005710122
-0.005066953
-0.004806291
-0.005206815
-0.005702657
-0.006022463
-0.006531276
-0.008764456
-0.01282964
-0.01643954
-0.01810582
-0.01760574
-0.01681742
-0.0183347
-0.02073385
-0.02044378
-0.01723082
-0.01380836
-0.01032795
-0.006540346
-0.003040649
-0.001179951
-0.002454107
-0.005134554
-0.00663817
-0.006285023
-0.004619161
-0.002638033
-0.0004505834
0.00267298
0.006426963
0.01009767
0.01430625
0.01844251
0.02266288
0.02674137
0.03050569
0.03426663
0.03756814
0.03910329
0.03991543
0.04116759
0.04362143
0.04638196
0.0497314
0.05356493
0.05624298
0.05779427
0.05928748
0.06178393
0.06482395
0.06756876
0.06996155
0.07264044
0.07538471
0.0776465
0.07941249
0.08063007
0.08110683
0.08073651
0.08020682
0.07976279
0.07922876
0.07762813
0.07460215
0.07031682
0.06559189
0.0612255
0.05622456
0.05102629
0.04675415
0.04366624
0.04079747
0.03837793
0.03637964
0.03470473
0.0335165
0.03252542
0.03157217
0.03089116
0.03032415
0.02895901
0.02647671
0.02288369
0.01909593
0.01584762
0.01291842
0.01045233
0.008780662
0.007585523
0.006738182
0.005764493
0.004771367
0.003454511
0.002471934
0.002069921
0.0016109
0.0008455018
-0.0001766168
-0.0005685703
-0.000994389
-0.002474353
-0.004296437
-0.005633327
-0.006778938
-0.007849285
-0.008762661
-0.0106216
-0.01304141
-0.014161
-0.01358512
-0.01223532
-0.01050616
-0.008309668
-0.005482804
-0.002628424
-0.000807647
-0.0003332757
-0.0008357514
-0.002381219
-0.004900593
-0.008005398
-0.01074444
-0.01300312
-0.01469089
-0.01593267
-0.01635729
-0.01629578
-0.01623746
-0.0162441
-0.01626164
-0.01625126
-0.01624823
-0.0162855
-0.01631277
-0.01619046
-0.01602353
-0.01670974
-0.01906544
-0.02190014
-0.0241131
-0.02621303
-0.02889326
-0.0317386
-0.03406907
-0.03555733
-0.03594128
-0.0357851
-0.0356465
-0.03581419
-0.03621919
-0.03545709
-0.03135901
-0.02497714
-0.01974325
-0.01630533
-0.01430461
-0.01334488
-0.01327256
-0.01429708
-0.01663181
-0.01966853
-0.02213412
-0.02459059
-0.02757874
-0.02987014
-0.03115103
-0.031848
-0.0316603
-0.03027821
-0.02781942
-0.02382711
-0.01877173
-0.01375764
-0.008801939
-0.004453457
-0.0005732282
0.003230876
0.006932491
0.01068489
0.01442856
0.01704797
0.0189746
0.02099408
0.02262231
0.02265323
0.02092004
0.01828728
0.01466705
0.008868477
0.001658049
-0.004475753
-0.008624472
-0.01141504
-0.01329174
-0.01422614
-0.01439009
-0.01431433
-0.01430405
-0.01431496
-0.0142799
-0.01425142
-0.01464786
-0.01562303
-0.01703342
-0.01952084
-0.02247926
-0.02588673
-0.02920984
-0.03147178
-0.03208286
-0.03199281
-0.031934
-0.03147061
-0.03042377
-0.02963559
-0.02910849
-0.0288823
-0.02888878
-0.02917422
-0.02973798
-0.03000312
-0.0299419
-0.02983898
-0.03008055
-0.03089448
-0.03172514
-0.0320265
-0.03195842
-0.03147
-0.0305713
-0.02962397
-0.02757097
-0.02473686
-0.02276601
-0.02132307
-0.01982478
-0.01839569
-0.01836069
-0.02005802
-0.02221343
-0.02363834
-0.02445649
-0.02620571
-0.02859433
-0.02993841
-0.03007797
-0.0298969
-0.02987766
-0.03000281
-0.02988976
-0.02893024
-0.02692691
-0.02434164
-0.02164624
-0.01876906
-0.0160352
-0.01273718
-0.009484939
-0.007851135
-0.006441796
-0.004570858
-0.002985425
-0.001973626
-0.0009992593
-0.0006030934
-0.0006305113
-0.0005241167
-0.0003858886
-0.00134716
-0.003996959
-0.006409857
-0.007757827
-0.008421016
-0.008117218
-0.00684978
-0.005356874
-0.003576123
-0.001386933
0.0008382409
0.002769622
0.005037131
0.007294774
0.009004567
0.01009294
0.01125954
0.0130814
0.01476382
0.01529291
0.0146443
0.01339259
0.01283289
0.01333943
0.01450609
0.01557858
0.01658676
0.01697474
0.01713855
0.01783415
0.01889777
0.01998662
0.0207418
0.02092725
0.02086599
0.02087813
0.02093813
0.02084018
0.02058456
0.02105456
0.02336923
0.02617192
0.02622203
0.02393071
0.02219623
0.02107364
0.02056257
0.02107979
0.02327183
0.02599753
0.02701184
0.02685628
0.02668237
0.02670259
0.02674622
0.02671146
0.02671388
0.02686189
0.02691337
0.02592202
0.02383249
0.02236649
0.02088634
0.01891593
0.01692392
0.01550675
0.01438379
0.01234224
0.01022932
0.009131825
0.009167577
0.00999773
0.01132503
0.01311071
0.01465131
0.01557746
0.01648274
0.01733142
0.01876223
0.02080969
0.02337637
0.02590941
0.02733155
0.02873277
0.03018729
0.03124631
0.03224202
0.03260763
0.03275988
0.03364649
0.03521936
0.03692211
0.03835094
0.03830745
0.03644915
0.03410528
0.03231562
0.03030411
0.02816974
0.02707729
0.02599074
0.02321208
0.02002946
0.01790131
0.01699924
0.01690381
0.01719844
0.01772413
0.01822377
0.01879138
0.01907189
0.01884391
0.0180379
0.01700458
0.01602756
0.01521641
0.01445418
0.01395982
0.0145569
0.01502459
0.0150342
0.01549158
0.01656805
0.01709668
0.01705339
0.0170304
0.01712776
0.01674579
0.0152338
0.01311056
0.01101819
0.009369242
0.008301056
0.006934778
0.004610828
0.002040212
1.675687e-05
-0.001099998
-0.002317781
-0.003531261
-0.004281868
-0.004673319
-0.005352396
-0.006391157
-0.007496175
-0.008263542
-0.008357067
-0.008236602
-0.008769673
-0.01013103
-0.01090517
-0.01079059
-0.01117694
-0.01218673
-0.01328517
-0.01423179
-0.01508693
-0.01626075
-0.01826933
-0.0206649
-0.0225016
-0.02365058
-0.0238813
-0.02425876
-0.02603979
-0.02843886
-0.03002343
-0.03095954
-0.03159521
-0.03181139
-0.03186382
-0.03175679
-0.03088409
-0.02850581
-0.02451556
-0.01970679
-0.01410358
-0.008758337
-0.005000457
-0.002820106
-0.002213122
-0.002575743
-0.003666706
-0.00510307
-0.006423835
-0.008518127
-0.01210336
-0.01638436
-0.01979694
-0.0209171
-0.02040245
-0.01994954
-0.01991201
-0.02019178
-0.02094972
-0.02202232
-0.02312646
-0.02368602
-0.02314926
-0.0220398
-0.02089227
-0.02008481
-0.02014293
-0.02101261
-0.02185462
-0.02209029
-0.02202088
-0.02199161
-0.02199492
-0.02195604
-0.02193418
-0.0222419
-0.02269696
-0.02230679
-0.02041768
-0.0170513
-0.01323968
-0.008901932
-0.00527009
-0.002526021
-9.64708e-05
0.001895278
0.0025888
0.002570197
0.002368847
0.001441152
-0.0007664728
-0.003873582
-0.006899428
-0.009886696
-0.0123406
-0.01435642
-0.01581985
-0.01624947
-0.01618568
-0.01610759
-0.01603574
-0.01602492
-0.01655328
-0.01762783
-0.01816184
-0.01819561
-0.01814399
-0.0176688
-0.01663229
-0.01566148
-0.01462227
-0.01364596
-0.01259375
-0.01212391
-0.0121309
-0.01218395
-0.01228319
-0.01236917
-0.01186046
-0.01027561
-0.008707629
-0.007963633
-0.007269139
-0.006533477
-0.006261988
-0.006329748
-0.006424133
-0.00619497
-0.005429719
-0.004451177
-0.003442198
-0.002157915
-0.0007940748
-0.0002705923
-0.0007598486
-0.00190569
-0.00302837
-0.004117921
-0.004114811
-0.002993866
-0.001857604
-0.0008373006
-0.0004872385
-0.0002834406
0.0005225529
0.001374626
0.001372032
0.0005773964
-0.0001583933
-0.0008461278
-0.002395653
-0.004282238
-0.005313698
-0.005215735
-0.00470687
-0.004488619
-0.003542214
-0.001414887
0.0001439904
0.001114026
0.001672351
0.002472596
0.003563732
0.004094889
0.003522616
0.002747857
0.002322372
0.001366546
-0.0004697735
-0.002164086
-0.002682364
-0.002101339
-0.0007890983
0.0006229829
0.002442694
0.004844683
0.006876142
0.007012939
0.006391668
0.006882747
0.006960397
0.005958287
0.005135942
0.004642704
0.004214719
0.003413501
0.002668866
0.002520766
0.002342713
0.001302323
-7.115402e-05
-0.0005767444
-0.0004822093
-0.0004613688
-0.0005621365
-0.0001578831
0.001355637
0.003375638
0.005547266
0.008037848
0.01104705
0.01431436
0.01656933
0.01877418
0.02200069
0.02564992
0.02750983
0.02880909
0.03088621
0.03368166
0.03642684
0.03885783
0.04162114
0.04440152
0.04617049
0.04681821
0.04723754
0.04743752
0.04726294
0.04679002
0.04607534
0.04458609
0.04276742
0.04100994
0.03931715
0.03817077
0.03666456
0.03491809
0.03366848
0.03277941
0.03183081
0.03054626
0.02901187
0.02771467
0.0253292
0.02015249
0.01521365
0.01175289
0.009026071
0.006646605
0.003820689
0.001800885
0.001071753
0.0007063873
0.0007550623
0.001181628
0.001652922
0.00270525
0.004270448
0.005325454
0.005600303
0.005560376
0.00505649
0.003789552
0.002475413
0.00124336
8.955361e-05
-0.0008375067
-0.002359308
-0.00411974
-0.005375144
-0.006337034
-0.007308884
-0.008080871
-0.008315237
-0.008254917
-0.008185846
-0.008204548
-0.00833037
-0.008357964
-0.00773478
-0.006594796
-0.006598568
-0.007738223
-0.008354099
-0.00830751
-0.008203321
-0.008251837
-0.008296204
-0.007848227
-0.006864464
-0.005895869
-0.004340286
-0.002349651
-0.0007897564
0.000171033
0.001131784
0.00159672
0.001646676
0.001599691
0.001128787
0.0001576386
-0.0007757023
-0.002289227
-0.004338973
-0.006342426
-0.007782929
-0.008911574
-0.01067699
-0.01224799
-0.01314449
-0.01314139
-0.0120226
-0.01010373
-0.00849539
-0.008052351
-0.00820168
-0.008302007
-0.008197935
-0.008048038
-0.008499964
-0.01011767
-0.01200874
-0.0130789
-0.01326046
-0.0130988
-0.01276811
-0.0127061
-0.01351765
-0.01452785
-0.01560147
-0.01649708
-0.01748693
-0.01844415
-0.01970088
-0.0208632
-0.02201763
-0.02374192
-0.02603351
-0.02836275
-0.02987783
-0.03084294
-0.03142897
-0.03152586
-0.03199636
-0.03360363
-0.03523824
-0.03571754
-0.03558113
-0.03556864
-0.0356893
-0.03524701
-0.03369544
-0.03190139
-0.03046097
-0.02878257
-0.02658834
-0.02414127
-0.02192374
-0.01940102
-0.01655639
-0.01485215
-0.01425558
-0.01374451
-0.01231743
-0.01026798
-0.00794661
-0.005478667
-0.003481691
-0.001913042
-0.0006365416
-0.0006842067
-0.001868472
-0.002752443
-0.00299339
-0.002577611
-0.002298236
-0.002387314
-0.002446874
-0.001916233
-0.0008757021
-0.0004208193
-1.793512e-07
0.001246999
0.002622372
0.003496206
0.003466707
0.002592588
0.001452059
0.0006561516
0.0006833855
0.001255265
0.001800692
0.002525226
0.003241398
0.003926597
0.004954748
0.005996061
0.007060119
0.007430688
0.007368233
0.007829538
0.008885295
0.009416725
0.009650216
0.01011881
0.01038303
0.01036048
0.0102802
0.01046965
0.01120073
0.01225558
0.01355085
0.01481653
0.01550814
0.01615079
0.01704024
0.01831019
0.02025905
0.02230945
0.02410103
0.02618294
0.0271081
0.02700535
0.02688783
0.02705156
0.0271363
0.02607213
0.02393942
0.02295417
0.02255864
0.021384
0.02004034
0.01920822
0.01906949
0.01916719
0.01897593
0.01842395
0.01788323
0.01735421
0.01713431
0.0171392
0.01717537
0.01723004
0.01723925
0.01681602
0.0158397
0.01463879
0.01248529
0.009785898
0.006664869
0.002822574
8.332138e-05
-0.001045778
-0.002132042
-0.003285756
-0.004279785
-0.00528877
-0.006554296
-0.007780115
-0.008238446
-0.008711167
-0.009700075
-0.01018289
-0.01037287
-0.01104557
-0.01210023
-0.01317992
-0.01393081
-0.01414714
-0.01414003
-0.01395475
-0.01324944
-0.01193771
-0.01012236
-0.008624862
-0.007747018
-0.0065492
-0.005041517
-0.003511191
-0.002536407
-0.001823651
-0.0008351626
-0.0003590659
-0.0003088091
-0.0002744122
-0.0006797082
-0.002180389
-0.004334105
-0.00645476
-0.007854883
-0.008230263
-0.008747614
-0.009816665
-0.009816672
-0.008704957
-0.008151206
-0.008204598
-0.00785988
-0.006825896
-0.005799305
-0.004565986
-0.003369335
-0.002062397
-0.0006981419
-0.0001901859
-0.0007454102
-0.001908063
-0.002685378
-0.003162389
-0.003387193
-0.003451849
-0.003199316
-0.002185905
-0.0008927345
6.831593e-05
0.001270032
0.002690228
0.004265224
0.005801688
0.007059888
0.007485392
0.007491849
0.007532511
0.007088888
0.005687227
0.004220233
0.003856589
0.005268674
0.007434452
0.009219166
0.01040034
0.01160336
0.01286342
0.01335917
0.01338592
0.01335744
0.01285924
0.01160636
0.01041659
0.009219331
0.007250086
0.004707227
0.00260865
0.001107074
-1.099501e-05
-0.0003444708
-0.0007801091
-0.002272915
-0.004033569
-0.005462857
-0.00734047
-0.01007338
-0.01314371
-0.01593337
-0.01812654
-0.01982568
-0.02102481
-0.02177063
-0.022004
-0.02179262
-0.02106226
-0.01979559
-0.01797737
-0.01618573
-0.01495591
-0.01405979
-0.01318713
-0.01217263
-0.01071154
-0.009014867
-0.007620664
-0.005368903
-0.002550239
-0.0002237451
0.00125022
0.001909058
0.002362509
0.002330861
0.001840108
0.001381087
0.0006484439
-0.000598797
-0.00216296
-0.003411522
-0.004337265
-0.005249597
-0.006295972
-0.007401478
-0.007953013
-0.007370532
-0.006272362
-0.005442736
-0.004986744
-0.004566257
-0.004347078
-0.004053407
-0.003525765
-0.003498446
-0.003993708
-0.004505412
-0.005283904
-0.006317305
-0.007131868
-0.007356041
-0.007088464
-0.006590151
-0.005934164
-0.004639314
-0.002854877
-0.001040952
4.381295e-05
0.001193717
0.002923909
0.005257005
0.00703583
0.007985846
0.009108038
0.01002528
0.01080372
0.01209997
0.01312604
0.01334275
0.0132511
0.01328884
0.01337132
0.01287695
0.01155424
0.01048658
0.009984755
0.009526576
0.009317666
0.009367339
0.009406107
0.009112376
0.008545014
0.008512962
0.009033269
0.009545044
0.01026661
0.01127045
0.01238525
0.01321665
0.01301024
0.01172355
0.009960476
0.007653142
0.005151162
0.002841368
0.001198725
1.920621e-05
-0.0009333374
-0.002055859
-0.002542415
-0.00198604
-0.0009009088
-0.0003990603
6.106324e-05
0.001075707
0.001652066
0.00166728
0.001178874
0.0001930567
-0.001047285
-0.003126281
-0.005137026
-0.006403421
-0.007367237
-0.008118492
-0.00817075
-0.007421081
-0.006141479
-0.004379515
-0.002408656
-0.000402487
0.001619804
0.003383749
0.004395541
0.00465299
0.004385393
0.003340964
0.00173822
0.0003948246
-0.0003359871
-0.0004073759
-0.0003285219
-0.0008519926
-0.001932655
-0.002407245
-0.002564116
-0.003274542
-0.004380669
-0.005224096
-0.005211097
-0.004619146
-0.004057049
-0.003506345
-0.003244704
-0.003461793
-0.004243728
-0.005446227
-0.006911481
-0.008656014
-0.01100794
-0.01305523
-0.01403651
-0.01422778
-0.01421479
-0.01376178
-0.01230959
-0.01033454
-0.008051343
-0.005250813
-0.002495112
-0.0005615529
0.0008077879
0.002469232
0.004260286
0.005762095
0.006960433
0.007688601
0.008499472
0.008978666
0.008408853
0.007629507
0.007416156
0.007013168
0.00572691
0.004371378
0.003556753
0.003386367
0.003503006
0.003584927
0.003330788
0.002524373
0.001690687
0.001357341
0.001552616
0.002563342
0.004547533
0.007070951
0.009627696
0.0123835
0.01464284
0.015846
0.01677972
0.01718897
0.01722948
0.01723979
0.01696167
0.01614941
0.01540493
0.01524
0.0148623
0.01357239
0.01198576
0.01067893
0.01003065
0.00939282
0.00848535
0.007249405
0.00549015
0.003492557
0.001516876
-0.0004049027
-0.002362536
-0.004407347
-0.006375392
-0.007770846
-0.008682557
-0.01023739
-0.01185002
-0.01218053
-0.01134303
-0.0100107
-0.008342925
-0.006418411
-0.003888302
-0.0007862199
0.001517473
0.002711674
0.003325285
0.003526151
0.003571401
0.003359
0.002576233
0.001342541
8.35676e-05
-0.001083755
-0.002843787
-0.004606052
-0.006170518
-0.007309414
-0.008007313
-0.008720129
-0.009751559
-0.01026796
-0.01032005
-0.01025615
-0.009737083
-0.008736733
-0.008073482
-0.007167312
-0.005409103
-0.003079925
-0.000986444
0.0001786042
0.001121158
0.001792583
0.002333143
0.002589089
0.0025715
0.002282023
0.001770777
0.001530572
0.001287315
0.0007917105
0.0003962949
-4.56515e-05
-0.00103923
-0.002953283
-0.004311586
-0.004370016
-0.003533716
-0.002173072
-0.0003325547
0.001230405
0.00172562
0.001483329
0.0007348173
-0.0006178397
-0.00258811
-0.00392416
-0.003133547
-0.001253044
0.0002388188
0.002256558
0.004790898
0.00692467
0.007606871
0.007465459
0.007344417
0.007340495
0.007406534
0.007487331
0.007443431
0.006880471
0.006261002
0.006770543
0.007726615
0.009005082
0.0107213
0.01307491
0.01516042
0.01619739
0.01632854
0.01594055
0.01538331
0.01521671
0.0152602
0.01480403
0.01379191
0.01305927
0.01208698
0.01059092
0.009116471
0.007831134
0.00678223
0.005719002
0.005787657
0.006930477
0.007536389
0.007460165
0.007292501
0.007533883
0.00837572
0.009189566
0.009430765
0.00941208
0.00939548
0.00914279
0.008437507
0.007741872
0.006978952
0.005412262
0.003871927
0.003384281
0.00321239
0.002760368
0.002520161
0.002531861
0.002312731
0.001778584
0.001468089
0.001464917
0.001580254
0.001748293
0.001419421
0.0002440362
-0.0009607381
7.240148e-05
0.001271349
-0.003829029
-0.008872368
-0.01144594
-0.01300085
-0.01423963
-0.01554889
-0.01665047
-0.01771682
-0.01762699
-0.01654433
-0.01597155
-0.01573391
-0.01524924
-0.01500076
-0.01524146
-0.01574422
-0.01600142
-0.01651632
-0.0175056
-0.01796745
-0.01824494
-0.01903688
-0.01957573
-0.01902814
-0.01821951
-0.01797008
-0.01759751
-0.01644483
-0.01494336
-0.0128956
-0.01039083
-0.008180314
-0.006244586
-0.004263334
-0.002253086
-0.0007643486
-8.545536e-05
0.0005875194
0.001308027
0.001796761
0.002314729
0.002795948
0.003268631
0.003460286
0.003889131
0.004924954
0.00598166
0.007037168
0.00748986
0.007524068
0.007488981
0.006987335
0.005946409
0.00521074
0.004531883
0.0035928
0.002292251
0.0007628486
-0.0002225525
-0.0008769553
-0.001839653
-0.002793609
-0.003859188
-0.004798508
-0.005781111
-0.006488243
-0.007317174
-0.008106966
-0.008090577
-0.007292442
-0.006518295
-0.005872351
-0.004624096
-0.002862647
-0.001032778
0.0001195347
0.001299307
0.002695501
0.004273497
0.00580317
0.007060147
0.007527975
0.00770282
0.007888984
0.007838215
0.008162639
0.008672465
0.008948578
0.008655277
0.008600539
0.008850093
0.008874902
0.009156508
0.00938324
0.009405466
0.009387655
0.009368889
0.009336144
0.009344964
0.009610642
0.01007758
0.0102928
0.01077727
0.01199392
0.0130475
0.01389658
0.01491096
0.01489532
0.01387028
0.01307778
0.01209155
0.01062065
0.009294389
0.008271162
0.007643857
0.007471512
0.006977018
0.005911713
0.005398282
0.005417642
0.005417653
0.005391534
0.00589657
0.006997428
0.007541382
0.007506889
0.007380238
0.007366223
0.007512293
0.007623723
0.006893345
0.00497726
0.003321848
0.002573739
0.002731215
0.003134993
0.002912394
0.002370863
0.001421877
0.0002586783
-0.001223721
-0.003857827
-0.006312929
-0.007767056
-0.009074746
-0.01136049
-0.01342576
-0.01490679
-0.01578931
-0.01656072
-0.01762412
-0.01764355
-0.01658422
-0.01572051
-0.01493053
-0.01423592
-0.01401092
-0.01399895
-0.0139761
-0.01420742
-0.01500725
-0.01586192
-0.01616342
-0.01587304
-0.01505846
-0.01409589
-0.0131465
-0.01188058
-0.01011532
-0.00862505
-0.007723584
-0.00634885
-0.004565037
-0.002709092
-0.0009592952
-0.0003003325
9.917394e-05
0.001034952
0.001815843
0.002619642
0.003357713
0.003635539
0.003600771
0.00329255
0.002784185
0.002568152
0.002353169
0.001674464
0.0007433715
-0.001007041
-0.003016931
-0.005391432
-0.007196072
-0.008353267
-0.008707839
-0.00915122
-0.01018035
-0.01076923
-0.01083861
-0.01036003
-0.008887339
-0.006614232
-0.003755118
-0.0009251107
0.001092613
0.002176086
0.002718086
0.003396457
0.004985748
0.006583741
0.007074983
0.006943041
0.006810407
0.006821822
0.006924931
0.006942053
0.006379417
0.00527754
0.004780642
0.004805668
0.004606748
0.004098336
0.003844614
0.003600636
0.002869905
0.002077172
0.00155069
0.001067929
0.0008321585
0.0007917267
0.0008197766
0.0010938
0.001401333
0.001129004
0.0004396222
-0.000535901
-0.001692235
-0.00369107
-0.005870446
-0.007569778
-0.008904157
-0.01026609
-0.01143506
-0.01237367
-0.0130191
-0.01317298
-0.01311569
-0.01301385
-0.01269505
-0.01220845
-0.01200063
-0.01147509
-0.009950477
-0.008400765
-0.007641959
-0.006978796
-0.006272391
-0.005736191
-0.005220678
-0.004974009
-0.004911303
-0.004888672
-0.005100827
-0.005561188
-0.005751549
-0.005694553
-0.005647503
-0.005609838
-0.005331109
-0.004791933
-0.004499612
-0.004427563
-0.004404179
-0.004604953
-0.005062003
-0.005253063
-0.005136847
-0.004991106
-0.00518207
-0.005874488
-0.006463794
-0.006537533
-0.006866326
-0.007982492
-0.008887024
-0.008854651
-0.008212347
-0.00737205
-0.006352149
-0.005862918
-0.005817514
-0.005798803
-0.005721955
-0.005625961
-0.005543887
-0.005456686
-0.005366088
-0.005303284
-0.005269377
-0.005039433
-0.004310531
-0.003134883
-0.001788169
-0.000730637
0.000333939
0.001784185
0.003225701
0.004481557
0.006115234
0.007781875
0.008751147
0.009497389
0.009989253
0.01035859
0.01047761
0.01038921
0.01026201
0.01017561
0.0103238
0.01068574
0.0108196
0.01072462
0.01059848
0.01048559
0.01051531
0.01082689
0.01155289
0.01267112
0.01310899
0.01314903
0.01338057
0.01343077
0.01308742
0.01256393
0.01230994
0.01185107
0.01057121
0.009056656
0.008016636
0.007340071
0.006623537
0.005283158
0.003316562
0.001785822
0.0006733815
-8.273247e-06
-0.0001696346
6.215897e-05
0.0006317346
0.001141802
0.001465639
0.001992264
0.002535779
0.00255565
0.001999226
0.001092509
-0.000113942
-0.001459178
-0.002809681
-0.004087253
-0.005016947
-0.005570482
-0.006127183
-0.006336709
-0.006268995
-0.006134464
-0.005704485
-0.004956991
-0.004397072
-0.003716429
-0.002739785
-0.00170228
-0.0005006652
0.0004811314
0.0007690349
0.0006940675
0.0006497058
0.0007187124
0.0007797268
0.0004775856
-0.000309685
-0.0009253855
-0.001188583
-0.001400751
-0.001459653
-0.001436112
-0.001537171
-0.001634193
-0.001414737
-0.001255837
-0.001251291
-0.0009601741
-6.099234e-05
0.0009506489
0.001749475
0.002677491
0.003861646
0.00494379
0.005529061
0.005934513
0.006047508
0.006076762
0.00623313
0.006253942
0.006144579
0.006031071
0.005918031
0.005680335
0.005325883
0.005094754
0.004847774
0.004492936
0.004405473
0.004576841
0.004608015
0.004495042
0.004474199
0.004593231
0.004706161
0.004943379
0.00528296
0.005518768
0.005497755
0.00522992
0.004716276
0.004112667
0.003648653
0.003443726
0.003355579
0.003256097
0.003136804
0.00301142
0.002893023
0.002794441
0.002705467
0.002509901
0.002090342
0.001578896
0.001185394
0.001012165
0.0009523763
0.0009842181
0.001096935
0.001101958
0.001010622
0.0009084003
0.0007702543
0.0005519039
0.0001602208
-0.0006062195
-0.001418041
-0.001983125
-0.002250005
-0.002525739
-0.003054113
-0.003400069
-0.003495206
-0.003635058
-0.003778035
-0.003780734
-0.00376777
-0.003834816
-0.003838695
-0.003748904
-0.003582518
-0.003429841
-0.003430912
-0.003425653
-0.003349067
-0.003260292
-0.003190914
-0.003125309
-0.002986297
-0.002769976
-0.002641436
-0.002698475
-0.002855097
-0.002866513
-0.002869075
-0.003081096
-0.003344662
-0.003484389
-0.003540921
-0.003577852
-0.003577419
-0.00356781
-0.003605794
-0.00358712
-0.003521303
-0.003399322
-0.003246526
-0.003097181
-0.002923542
-0.00270582
-0.002453891
-0.002170251
-0.001982435
-0.001880039
-0.001785793
-0.001647928
-0.001440278
-0.001217911
-0.001018686
-0.0008231873
-0.0005743326
-0.0003113675
-0.0001853593
-0.0001237267
-1.526888e-05
9.884326e-05
0.0001803256
0.000272924
0.000379966
0.0004887004
0.0006115371
0.0007244773
0.0007592708
0.0007459725
0.0007370585
0.0007512249
0.0007660935
0.0007447804
0.0007267925
0.0006903422
0.0005887849
0.0004767841
0.0004252675
0.000441779
0.0004851607
0.0005329218
0.0006166022
0.0007169566
0.0007941384
0.0008352765
0.0008670466
0.0008976949
0.0009130053
0.0009264554
0.0009170444
0.0008852898
0.0008315327
0.0007663476
0.0007425274
0.000752571
0.0007434401
0.0007219812
0.0007132373
0.0007110642
0.0007020724
0.0006891816
0.000680136
0.0006582533
0.0006320864
0.0006114919
0.0005813522
0.0005338938
0.0004805098
0.0004333038
0.0003870575
0.0003413724
0.0003035991
0.0002805576
0.0002697298
0.0002629036
0.0002580884
0.0002528059
0.0002417449
0.0002292146
0.0002174485
0.0002074579
0.0001976644
0.0001888536
0.0001821308
0.0001794606
0.0001777239
0.0001756628
0.000172698
0.0001692821
0.0001642798
0.0001591172
0.0001557484
0.0001531819
0.0001508417
0.0001476638
0.0001416079
0.0001341148
0.0001270015
0.0001208823
0.000115543
0.0001101369
0.0001047412
9.897332e-05
9.311462e-05
8.758327e-05
8.237192e-05
7.715877e-05
7.180717e-05
6.687504e-05
6.272944e-05
5.904123e-05
5.547142e-05
5.181934e-05
4.820071e-05
4.500169e-05
4.204546e-05
3.916375e-05
3.639631e-05
3.391587e-05
3.171937e-05
2.961026e-05
2.760671e-05
2.573662e-05
2.398567e-05
2.230336e-05
2.064116e-05
1.897852e-05
1.731252e-05
1.567862e-05
1.40992e-05
1.257482e-05
1.110284e-05
9.681944e-06
8.314621e-06
7.004097e-06
5.748739e-06
4.546701e-06
3.397767e-06
2.301862e-06
1.259338e-06
2.707475e-07
-6.634797e-07
NaN
