-4.853244e-05
-4.787796e-05
-4.713914e-05
-4.638058e-05
-4.557641e-05
-4.471938e-05
-4.379984e-05
-4.290995e-05
-4.205622e-05
-4.097485e-05
-3.941606e-05
-3.826941e-05
-4.03442e-05
-4.574655e-05
-4.899813e-05
-5.458478e-05
-6.565815e-05
-7.265811e-05
-7.556527e-05
-8.011188e-05
-8.58635e-05
-8.094927e-05
-5.578808e-05
-3.026001e-05
-2.143517e-05
-4.283415e-06
3.635802e-05
6.531552e-05
7.343677e-05
5.273783e-05
8.758403e-06
-8.630286e-06
-7.505095e-06
-2.508744e-05
-4.476015e-05
-1.719188e-05
7.62368e-06
-1.340268e-05
-6.447081e-05
-9.095496e-05
-0.0001197911
-0.0001812545
-0.0002223329
-0.0002336478
-0.0002077742
-0.0001401824
-7.212044e-05
-5.492326e-06
2.616648e-05
8.923558e-05
0.000218229
0.0002971125
0.0003459395
0.0003798454
0.0002867069
0.0001105081
3.488373e-05
4.550038e-05
6.249758e-05
6.702965e-05
6.577864e-05
6.401065e-05
6.563398e-05
8.308903e-05
0.0001019192
3.433976e-05
-0.000190792
-0.0004158558
-0.0005201318
-0.0006192839
-0.0007970987
-0.0009293563
-0.0007967391
-0.0008083371
-0.001102548
-0.001309241
-0.001351245
-0.001216605
-0.0009280035
-0.000738377
-0.0006562764
-0.0007114627
-0.0008211437
-0.0007095154
-0.0003147993
0.0002589048
0.0007545291
0.00073268
0.0003266226
0.0001214295
0.0001394608
0.000175606
0.0001837826
0.0002010895
0.0002121798
7.355707e-05
-0.0002270172
-0.0003820922
-0.0003883494
-0.000361818
-0.0003301411
-0.0003487953
-0.0005611735
-0.0008014633
-0.0004882743
0.0002970507
0.001124428
0.001551837
0.001612894
0.001594765
0.001609801
0.001591955
0.001485301
0.001169236
0.0003672254
-0.0005785408
-0.001053033
-0.0006108568
0.0003959127
0.00133956
0.001643069
0.001266497
0.0005468729
0.0002290057
0.0002729894
0.0003472918
0.0003499779
0.0002826101
0.0002572633
0.0006106232
0.00137917
0.001840457
0.001908868
0.00147572
0.0004014067
-0.0003108772
-2.114993e-05
0.0007347047
0.001611601
0.001943589
0.001905062
0.001977508
0.002123682
0.001541207
-0.0003386874
-0.002393524
-0.003735547
-0.004146458
-0.004098151
-0.003612905
-0.002731957
-0.002400742
-0.002378724
-0.001799924
-0.0006082995
0.0001121813
-0.0005784775
-0.001842931
-0.002632165
-0.002661519
-0.001945818
-0.0006761022
0.0004161084
0.0003978147
-0.0007347221
-0.001929353
-0.002343172
-0.001929864
-0.0007769068
0.0003130876
0.0006392839
0.0005609105
0.0004850373
0.0004894788
0.0005813978
0.0006750464
0.0003159331
-0.0008667556
-0.00205654
-0.002432355
-0.002364543
-0.00231456
-0.002325725
-0.002343586
-0.002401759
-0.002506271
-0.002242819
-0.001063382
0.0008122061
0.002692757
0.003643427
0.003788212
0.003826263
0.003706063
0.002703789
0.0008359527
-0.0006714073
-0.001541737
-0.002342599
-0.002281491
-0.001395451
-0.0009128621
-0.0008662889
-0.0009075577
-0.001351883
-0.002322938
-0.002886101
-0.0025647
-0.001169099
0.0009385796
0.003021072
0.004062987
0.004191602
0.004232971
0.004200273
0.00314159
0.0005118054
-0.002394984
-0.003759423
-0.003867093
-0.003773337
-0.003566184
-0.002742108
-0.001560007
-0.000505642
0.0005585665
0.0005140406
-0.001024134
-0.002621559
-0.003148002
-0.002993697
-0.002716973
-0.002829788
-0.004378592
-0.007172125
-0.008832742
-0.007839679
-0.004821333
-0.002442693
-0.001224762
-0.001069547
-0.001364493
-0.0009147875
0.001111531
0.003329075
0.003180618
0.001257496
0.0009892316
0.003393193
0.006473251
0.008401067
0.008832579
0.008178096
0.006526808
0.004821741
0.003958464
0.003139882
0.001128832
-0.001214989
-0.002834565
-0.003472765
-0.003621821
-0.003333239
-0.003123246
-0.002702101
-0.00168728
-0.0005571291
0.0006029986
0.000597147
-0.0009235605
-0.002780575
-0.004613874
-0.006555403
-0.007398136
-0.006341303
-0.003533038
-0.0009674052
0.0004585687
0.001545089
0.003348658
0.004722439
0.004821432
0.004067382
0.002881858
0.002055933
0.002994726
0.004053288
0.004494326
0.004988372
0.006627594
0.009172713
0.01062945
0.009223139
0.006789381
0.004861128
0.003169138
0.001485356
0.0008067172
0.0004347798
-0.0005172895
-0.001598692
-0.002737311
-0.00312396
-0.00289131
-0.003040507
-0.004504553
-0.006504822
-0.006546328
-0.004804684
-0.003546032
-0.003028418
-0.00311202
-0.003341168
-0.002343022
0.0006313744
0.003515274
0.004787751
0.005432444
0.006064405
0.00536713
0.003057505
-0.000382758
-0.002943789
-0.004675772
-0.00634998
-0.006993793
-0.006937461
-0.006987545
-0.007141
-0.006232817
-0.003562023
-0.0008527861
0.0008066323
0.001165882
0.0004956286
-0.0006716897
-0.001171321
-0.001048073
-0.0009224511
-0.00137487
-0.00247127
-0.003378727
-0.003879836
-0.003103105
-0.00041191
0.003144326
0.004982483
0.005086553
0.004613451
0.004027398
0.00374039
0.003742131
0.0042867
0.005384461
0.005968591
0.005979188
0.005457552
0.004384053
0.003322312
0.002253547
0.001882749
0.002001247
0.001604739
0.0002780701
-0.001103547
-0.001969042
-0.002119743
-0.001517028
-0.0006526067
-0.0007441398
-0.001424419
-0.002856175
-0.005656666
-0.007337176
-0.00621404
-0.003882273
-0.00203161
-0.001160253
-0.0003215198
0.001205084
0.002427724
0.003466349
0.004434962
0.005514625
0.005906035
0.005728162
0.006111056
0.007791833
0.009640428
0.009836578
0.007713817
0.003952603
0.0002409519
-0.002303058
-0.003705155
-0.003920674
-0.003686344
-0.004206305
-0.006014349
-0.007280649
-0.006098644
-0.003649297
-0.002379256
-0.003671447
-0.005881622
-0.006484608
-0.004544199
-0.000974492
0.003004561
0.00519566
0.006157056
0.006818547
0.006374922
0.004711293
0.003039719
0.002032219
0.002870528
0.004831022
0.007515947
0.008820957
0.007569326
0.005340492
0.004742722
0.006124055
0.007643531
0.006917566
0.003711919
0.0002941822
-0.0006149902
0.0006386575
0.001016753
-0.0008491509
-0.003973701
-0.006422493
-0.007052554
-0.006801087
-0.006619294
-0.006896156
-0.007771683
-0.008626653
-0.008694705
-0.008060847
-0.007271539
-0.006974642
-0.008664642
-0.01235433
-0.01546103
-0.01480606
-0.01216493
-0.01040047
-0.00954807
-0.008849961
-0.00791174
-0.006282902
-0.004125385
-0.0029568
-0.00278807
-0.001705013
0.001899547
0.007887089
0.01484387
0.02064421
0.02311573
0.02197802
0.01936677
0.01712085
0.01597151
0.01542146
0.01545057
0.01472442
0.01258787
0.01015671
0.008961346
0.008674879
0.007697291
0.005696169
0.003101941
-0.0001281749
-0.002286076
-0.002801733
-0.001471088
0.0007118202
0.001202802
-0.0009232861
-0.004829673
-0.008556813
-0.01061383
-0.01135743
-0.01235431
-0.01412912
-0.01423356
-0.01179435
-0.008819578
-0.007008527
-0.005878781
-0.004398269
-0.003714151
-0.003811043
-0.003644247
-0.002736137
-0.001902996
-0.002281094
-0.003102637
-0.002212591
0.0003772573
0.003651922
0.006308888
0.007903526
0.007822439
0.006039339
0.003794738
0.002732325
0.003446696
0.004162202
0.004224351
0.003932992
0.003684715
0.00468507
0.007609529
0.009948926
0.008983933
0.003825338
-0.00371261
-0.009624219
-0.01108003
-0.009103879
-0.007879065
-0.009244834
-0.01172958
-0.0135382
-0.01340008
-0.01166691
-0.01043577
-0.01183635
-0.01645949
-0.02215818
-0.02608211
-0.02739837
-0.02716106
-0.02630082
-0.02504119
-0.02331
-0.02146412
-0.01958477
-0.01668308
-0.01222105
-0.007604225
-0.002548464
0.004007587
0.01179262
0.01985812
0.02712644
0.0328318
0.03705007
0.03918809
0.03914284
0.03761541
0.03496624
0.03069042
0.02523281
0.01990257
0.01680882
0.01661404
0.01808953
0.01916898
0.01808047
0.01560591
0.01314661
0.01153654
0.01016882
0.008084445
0.003728805
-0.00353598
-0.01171208
-0.0181488
-0.0211954
-0.02180663
-0.02196098
-0.02223465
-0.02340643
-0.02619907
-0.02998809
-0.03316466
-0.03409936
-0.0316163
-0.02640106
-0.02147336
-0.01850639
-0.01604424
-0.0114811
-0.004212446
0.005257307
0.01699766
0.02956212
0.03965894
0.0453045
0.04828263
0.05078488
0.05293762
0.05401893
0.0533611
0.05155552
0.05069973
0.05092477
0.05128323
0.05042355
0.04730726
0.04322411
0.03927679
0.03520445
0.03031888
0.02487519
0.01956791
0.01403439
0.007514866
-0.0002019616
-0.007983401
-0.01538326
-0.02139791
-0.02509146
-0.02664184
-0.02816956
-0.03165116
-0.03468776
-0.034998
-0.03340238
-0.03165373
-0.03040043
-0.02984835
-0.02938364
-0.0286164
-0.02761847
-0.02712883
-0.02614284
-0.02296966
-0.01756263
-0.01174886
-0.006614069
-0.001469278
0.003928805
0.008068503
0.009521778
0.008385654
0.006343774
0.003392529
-0.00140579
-0.006742341
-0.01129911
-0.01472027
-0.01746492
-0.01919285
-0.01915013
-0.01781545
-0.01627488
-0.01428335
-0.01162372
-0.008791435
-0.005677449
-0.001389665
0.00384762
0.007802578
0.009228294
0.008860837
0.007956464
0.008020539
0.01007351
0.01362247
0.01709856
0.01930542
0.01980071
0.01981792
0.02009147
0.01896127
0.01421579
0.00682357
-0.001161169
-0.008461867
-0.01505979
-0.01918785
-0.01989073
-0.01774262
-0.01374039
-0.01079502
-0.01044954
-0.01139324
-0.01183692
-0.01112506
-0.009910271
-0.01055372
-0.01418797
-0.02002583
-0.02564899
-0.02709548
-0.02371208
-0.01783247
-0.01215573
-0.009096636
-0.008011706
-0.006649328
-0.001707094
0.008419891
0.02101142
0.03074582
0.03516998
0.03507966
0.0339498
0.03497405
0.03741437
0.03892006
0.03754091
0.03332262
0.02733639
0.02177898
0.01937876
0.0214701
0.02669687
0.03055885
0.03079269
0.02707474
0.01989238
0.01175351
0.005124133
0.001208146
-0.0009664729
-0.003604955
-0.008094568
-0.01405534
-0.01941459
-0.02355864
-0.02700158
-0.03002789
-0.03344027
-0.03754201
-0.04107233
-0.04302582
-0.04238598
-0.03901494
-0.03539199
-0.03361981
-0.03344828
-0.03368375
-0.03241553
-0.02876219
-0.02284966
-0.01584133
-0.008401102
-0.001340152
0.005901927
0.01263737
0.01731674
0.01866726
0.01625324
0.01321335
0.01132924
0.009973359
0.009753651
0.0121217
0.01767041
0.02441016
0.02940239
0.03122684
0.03061608
0.02939882
0.02834274
0.02723921
0.02584121
0.02370858
0.01914885
0.01162019
0.004602176
0.002129727
0.00350069
0.005301953
0.005772259
0.004990083
0.005015322
0.007971075
0.01388614
0.02048236
0.02511249
0.02770397
0.03069842
0.03483417
0.03830552
0.0399973
0.04016456
0.04007817
0.04041346
0.03981427
0.03554529
0.02666584
0.0152697
0.006280092
0.001397615
-0.001511337
-0.004140678
-0.007580282
-0.01165113
-0.01639281
-0.02253679
-0.03052339
-0.03850909
-0.04311862
-0.04289917
-0.03818627
-0.03075693
-0.02378888
-0.02113116
-0.02390291
-0.02998359
-0.03467082
-0.03552568
-0.03412398
-0.03216363
-0.03011744
-0.02748125
-0.02355513
-0.01787933
-0.01199194
-0.0101783
-0.01422443
-0.02131238
-0.02782789
-0.03069394
-0.02745507
-0.01879143
-0.006573526
0.0077845
0.0224868
0.03591081
0.04726568
0.05628592
0.0620013
0.06398698
0.0624306
0.05988557
0.05845564
0.05644083
0.04931639
0.03389716
0.01479415
-0.002160158
-0.01427278
-0.0219289
-0.02755461
-0.03174647
-0.03401257
-0.03601729
-0.0394411
-0.04300662
-0.04610835
-0.04882641
-0.0506365
-0.05114801
-0.0504852
-0.04877967
-0.04730678
-0.04670764
-0.04503082
-0.04002651
-0.03100918
-0.01989312
-0.01004964
-0.00253636
0.003558312
0.008268261
0.01107457
0.01154025
0.01214925
0.01568504
0.02088146
0.02477836
0.02668302
0.02787741
0.03098612
0.0360168
0.04099873
0.04373879
0.04291234
0.03923269
0.03447433
0.0307116
0.03018335
0.03193561
0.03299972
0.03147652
0.02692982
0.01966816
0.01138016
0.00382594
-0.001487263
-0.004793332
-0.007780697
-0.009658084
-0.009482719
-0.008776919
-0.009732987
-0.01122001
-0.0121655
-0.01412259
-0.01738044
-0.01979387
-0.01961065
-0.01649731
-0.01227604
-0.009753723
-0.009787303
-0.0119126
-0.01510011
-0.01736521
-0.01674657
-0.01378404
-0.0104816
-0.007468186
-0.002992215
0.003496388
0.01120751
0.02010765
0.02963928
0.03619735
0.03661261
0.03025693
0.02029307
0.01138906
0.007057384
0.007573128
0.009216673
0.008549587
0.006085519
0.004377955
0.004793944
0.007609829
0.01154316
0.01436867
0.01451647
0.01200985
0.008280598
0.004560667
-0.001402682
-0.0121321
-0.02633859
-0.0395144
-0.04744652
-0.04879512
-0.04582096
-0.04040608
-0.03408181
-0.0281353
-0.02332619
-0.01886265
-0.01476343
-0.01216158
-0.01207707
-0.01382046
-0.01564838
-0.01717596
-0.01965703
-0.02356022
-0.02830298
-0.03173069
-0.03068279
-0.02582426
-0.02005949
-0.01534478
-0.01240414
-0.01186492
-0.01240406
-0.01132197
-0.00664011
-0.0002025548
0.004840117
0.005156191
-0.001182335
-0.01210515
-0.02343448
-0.03165327
-0.03573299
-0.03547807
-0.0303863
-0.021478
-0.01266638
-0.008179864
-0.007705469
-0.008315265
-0.008181578
-0.006439052
-0.002626034
0.002792949
0.007890968
0.01236549
0.01604013
0.01888036
0.02211207
0.02604003
0.02816497
0.02815665
0.02688721
0.02472653
0.02260571
0.0215877
0.02138632
0.02187322
0.02223828
0.02103492
0.01634512
0.006971904
-0.005884018
-0.01820716
-0.02631898
-0.02845539
-0.02530209
-0.01783022
-0.00898037
-0.001647608
0.004026174
0.00761878
0.009297756
0.009140979
0.007537747
0.005504086
0.003283216
0.0006904489
-0.001623468
-0.002548366
-0.0007659254
0.003079219
0.005171797
0.003370295
-0.0007719734
-0.004871499
-0.008510338
-0.01065895
-0.01028303
-0.008776473
-0.007172778
-0.00416937
0.0006958887
0.004934081
0.005167795
0.001213554
-0.004951623
-0.01215481
-0.01798545
-0.02008123
-0.01786287
-0.01256243
-0.006509891
-0.0008952624
0.003138882
0.003061826
-0.001540181
-0.007679046
-0.01295846
-0.01827479
-0.0248839
-0.03356548
-0.04101816
-0.04400426
-0.04317408
-0.04077784
-0.03980642
-0.04123914
-0.04368095
-0.04569397
-0.045896
-0.04394323
-0.04187948
-0.04082884
-0.04101665
-0.04381234
-0.04814016
-0.05042796
-0.04841508
-0.04254973
-0.03567642
-0.03111859
-0.0301085
-0.03023635
-0.02838558
-0.02466909
-0.02063202
-0.01793705
-0.01615594
-0.01443947
-0.01222031
-0.00882943
-0.003797318
0.002544614
0.007757
0.01063648
0.01106906
0.01121649
0.01358362
0.01787697
0.02225239
0.0276822
0.03476746
0.04185396
0.04628649
0.04741974
0.04592004
0.04249483
0.03838732
0.03427542
0.03060769
0.02805459
0.02596393
0.02235313
0.01673873
0.008597293
-0.0009062182
-0.009191715
-0.01573974
-0.02071592
-0.02579997
-0.03204928
-0.03989197
-0.04842524
-0.05546532
-0.059301
-0.05929937
-0.05622498
-0.05182971
-0.0476416
-0.0432529
-0.03821492
-0.03370786
-0.03039747
-0.0278327
-0.02404171
-0.01769232
-0.008575861
0.003718082
0.01812228
0.03169315
0.04316566
0.05205533
0.05763471
0.05901538
0.05562915
0.04741905
0.03572184
0.02303698
0.01306726
0.006921221
0.002665213
-0.001292555
-0.004836402
-0.008495606
-0.01269589
-0.01670551
-0.0177265
-0.01315217
-0.004062297
0.006579605
0.01460201
0.01891302
0.02197696
0.02586151
0.03105469
0.03776143
0.0444192
0.04959664
0.05226148
0.0525487
0.05112365
0.04972355
0.05004896
0.05302022
0.05749691
0.06070641
0.06081748
0.05735062
0.0513877
0.04563921
0.04207257
0.04231794
0.0460708
0.04986235
0.04942164
0.04354406
0.03503291
0.02676749
0.02008774
0.01435208
0.008277705
-0.0004390955
-0.01269944
-0.02876856
-0.04685614
-0.06310126
-0.07524893
-0.08013187
-0.07599002
-0.06504787
-0.04974176
-0.0336479
-0.02142715
-0.01607635
-0.01539298
-0.0164428
-0.01810364
-0.01951794
-0.01852923
-0.01510441
-0.01329962
-0.01396997
-0.01312036
-0.007680873
0.001858574
0.01104165
0.01866686
0.02611462
0.03469052
0.04411384
0.05091695
0.05290631
0.053319
0.0555202
0.0584368
0.05940579
0.05768612
0.0548099
0.05215123
0.04887673
0.04359921
0.03804902
0.03373968
0.03163232
0.03236797
0.0336891
0.03245493
0.02821072
0.02255907
0.0183639
0.01835147
0.02404623
0.03402803
0.04300425
0.04779536
0.0503798
0.05257318
0.05586706
0.06066362
0.06477274
0.06599737
0.06486991
0.06268816
0.06138659
0.0608897
0.0582215
0.04942213
0.03453177
0.01819392
0.005167515
-0.002037319
-0.005304061
-0.008317707
-0.01355086
-0.02189753
-0.03140389
-0.04127253
-0.05173357
-0.06255596
-0.07332992
-0.08321155
-0.09092389
-0.09532716
-0.0971061
-0.098904
-0.1015237
-0.1034267
-0.1033357
-0.1013363
-0.09679161
-0.08568526
-0.06525321
-0.0391153
-0.01566406
-0.0006403192
0.007969213
0.01446143
0.02123453
0.02907333
0.03840083
0.04920034
0.06066182
0.07299546
0.08602583
0.09836308
0.1075043
0.1114427
0.110054
0.1051946
0.09637259
0.08279191
0.06627427
0.05069173
0.03925724
0.03194772
0.02571993
0.01884258
0.01248055
0.006947624
0.0005739527
-0.008882615
-0.02111249
-0.03249276
-0.0388002
-0.03973848
-0.03709691
-0.03324438
-0.02931344
-0.0272321
-0.02657764
-0.02627566
-0.02654051
-0.02893213
-0.03391871
-0.03942885
-0.04390793
-0.04703635
-0.05019298
-0.05464805
-0.05990543
-0.06460299
-0.06722753
-0.06771887
-0.0679846
-0.0686431
-0.06849276
-0.0669945
-0.06258083
-0.05593046
-0.04943989
-0.04361894
-0.03656061
-0.02725023
-0.0160955
-0.004926393
0.004674153
0.01145419
0.01481097
0.0149262
0.01277559
0.01147667
0.01356742
0.01952482
0.0276858
0.03606761
0.04500485
0.05509722
0.06555005
0.07494823
0.08069162
0.08077532
0.07541071
0.06593247
0.05361198
0.04123045
0.03277306
0.03139414
0.03472555
0.03840571
0.04196703
0.04418995
0.04101526
0.0289689
0.01118233
-0.005703003
-0.017827
-0.02526274
-0.03255974
-0.04201039
-0.0519132
-0.0596577
-0.06394426
-0.06554008
-0.06610794
-0.06846741
-0.07487454
-0.08330987
-0.09108201
-0.09646495
-0.09945829
-0.1015235
-0.102452
-0.10209
-0.1008439
-0.09765851
-0.09094768
-0.08057068
-0.06737982
-0.05210077
-0.03607116
-0.02105761
-0.008918738
7.55883e-05
0.006337831
0.01032076
0.01397661
0.01930247
0.02541529
0.03079694
0.03478067
0.03417419
0.02553971
0.009049773
-0.009386801
-0.0225704
-0.02580484
-0.02127458
-0.01710665
-0.01777725
-0.02062052
-0.02003079
-0.01374601
-0.004790275
0.003898435
0.009988435
0.01294171
0.01529117
0.01928558
0.0260419
0.03526714
0.0445423
0.04984221
0.04867553
0.04270881
0.03747676
0.03544676
0.03537524
0.03408284
0.03087295
0.02758505
0.02606655
0.02586654
0.02611861
0.02759358
0.03074217
0.03423193
0.03706168
0.03982367
0.04446344
0.04934126
0.05169535
0.05062051
0.04664646
0.04158496
0.03805155
0.0382122
0.04135877
0.04478022
0.04760076
0.05067441
0.05479627
0.05900067
0.06119213
0.06149662
0.06140251
0.06071149
0.05670754
0.04698413
0.03368521
0.02107438
0.0120448
0.005452209
0.0001824923
-0.003339345
-0.005031052
-0.004929403
-0.004175746
-0.005035129
-0.009186155
-0.0164544
-0.02496477
-0.03300393
-0.03930007
-0.04450515
-0.0494977
-0.05410293
-0.05883349
-0.0635676
-0.06752822
-0.0704147
-0.0727031
-0.07503256
-0.07758832
-0.0810939
-0.0857779
-0.09165011
-0.09770716
-0.1001804
-0.09708304
-0.09118618
-0.08605957
-0.08299774
-0.08140538
-0.08014322
-0.07809614
-0.07574409
-0.07475279
-0.07607847
-0.07970382
-0.08234757
-0.08043023
-0.07112595
-0.05384766
-0.03232084
-0.01223485
0.002806116
0.01388739
0.02406775
0.03494361
0.04692469
0.05927528
0.07025473
0.07878299
0.08493703
0.08988226
0.09423114
0.09773957
0.1004251
0.1015696
0.1001998
0.09633717
0.09226886
0.09047778
0.09039939
0.09101536
0.09233887
0.09415852
0.09602699
0.09671892
0.09662098
0.09656619
0.09662758
0.09650199
0.09621212
0.09706856
0.1005379
0.1049696
0.1075949
0.1078412
0.1067155
0.1058114
0.1036086
0.09684853
0.08587715
0.07308366
0.06070746
0.04946737
0.03793542
0.02490151
0.009739842
-0.007262962
-0.02278055
-0.0348918
-0.04404489
-0.05252501
-0.06103239
-0.06731703
-0.07132204
-0.0757782
-0.08270724
-0.0909249
-0.09872287
-0.1052155
-0.1107612
-0.1164599
-0.1214751
-0.1244078
-0.1261934
-0.1275465
-0.1283572
-0.1287748
-0.1278983
-0.1250584
-0.12036
-0.114026
-0.1063696
-0.09915127
-0.09413321
-0.09135344
-0.09069638
-0.09061425
-0.08996485
-0.08919562
-0.08844272
-0.08703078
-0.08496819
-0.08158764
-0.07454713
-0.06142633
-0.04440654
-0.02811489
-0.01489868
-0.004543877
0.004748081
0.0136362
0.02171778
0.02809203
0.03200526
0.03469414
0.03804371
0.04157792
0.04434462
0.04689091
0.04941162
0.05245179
0.05705898
0.06273866
0.06941955
0.0763436
0.08168664
0.08423431
0.08481213
0.08444504
0.08287362
0.07802158
0.06921318
0.05897471
0.05088335
0.0458164
0.04210571
0.03789904
0.03263584
0.02715709
0.02180108
0.01653327
0.01068183
0.004125543
-0.002519181
-0.009438073
-0.01695215
-0.02342124
-0.02844391
-0.03262663
-0.03682609
-0.04190978
-0.04656631
-0.04967643
-0.04805076
-0.03956324
-0.02590221
-0.009181286
0.008572546
0.0262134
0.04170776
0.0544338
0.0652748
0.07345266
0.07810048
0.07926734
0.07838171
0.07713196
0.07637653
0.0764577
0.07696164
0.07740444
0.07855426
0.08077326
0.08337461
0.08624598
0.08860541
0.08941964
0.08887249
0.08707595
0.08496858
0.08429853
0.08632751
0.08971375
0.09118416
0.08883016
0.08320025
0.07741222
0.07461939
0.07512991
0.07647637
0.07623213
0.07350952
0.06942845
0.06609377
0.06494743
0.06601197
0.06954059
0.0737385
0.07481162
0.06991891
0.06051608
0.05020452
0.04248599
0.03795307
0.03443974
0.03063843
0.02640548
0.02213832
0.01825147
0.01438134
0.01080209
0.007084941
0.003111032
-0.0005706103
-0.003603224
-0.006645809
-0.01062386
-0.01524132
-0.01919315
-0.02197907
-0.02457683
-0.02806156
-0.03133796
-0.0334405
-0.03580752
-0.03926596
-0.04430727
-0.0512552
-0.05802652
-0.06313477
-0.06758282
-0.07247559
-0.07702529
-0.08062479
-0.08269866
-0.08285875
-0.08053029
-0.07499958
-0.06678966
-0.0575543
-0.04951114
-0.04337871
-0.0388074
-0.03602054
-0.0351753
-0.03643569
-0.04044809
-0.04548029
-0.04938912
-0.05161142
-0.0530711
-0.05524256
-0.05983003
-0.06658511
-0.07231795
-0.07582327
-0.0781818
-0.07868627
-0.07773491
-0.07701497
-0.07778176
-0.07987687
-0.08354145
-0.09016524
-0.09790173
-0.1043739
-0.1088667
-0.1109822
-0.1108267
-0.1089122
-0.1062664
-0.1038563
-0.1019853
-0.1014788
-0.1028916
-0.1049706
-0.1062457
-0.1058764
-0.1035853
-0.1006847
-0.09846811
-0.09391688
-0.08218679
-0.06311085
-0.04200681
-0.02404662
-0.009640749
0.00305764
0.01406383
0.02314622
0.03051694
0.03657354
0.04275379
0.05010904
0.05805935
0.06593927
0.07371643
0.08155733
0.08947332
0.09678797
0.1026184
0.1065853
0.1078112
0.1069434
0.1057366
0.1040324
0.09952147
0.09241667
0.0835842
0.07318023
0.06186782
0.05092123
0.03946105
0.02715533
0.01498142
0.003642368
-0.00629956
-0.01524264
-0.02372419
-0.03173576
-0.03932076
-0.04666279
-0.05367398
-0.05946585
-0.06352496
-0.06497735
-0.06393372
-0.06100828
-0.05663604
-0.05177983
-0.04767847
-0.04379443
-0.03930034
-0.03265923
-0.02329812
-0.0128915
-0.004032121
0.003831856
0.01196298
0.02035277
0.02888305
0.03663186
0.04266294
0.04665068
0.04830371
0.047525
0.04531883
0.04301968
0.04070345
0.03554543
0.02505883
0.01090114
-0.001636701
-0.007665695
-0.008988077
-0.0112543
-0.01547447
-0.01879914
-0.01993088
-0.01993974
-0.02001961
-0.01961082
-0.01685118
-0.01124683
-0.00396299
0.003283162
0.008777666
0.01215586
0.01352097
0.01335903
0.01128758
0.006189291
-0.002849617
-0.01553424
-0.02662851
-0.03018277
-0.0283414
-0.0279609
-0.03108595
-0.03438151
-0.03511008
-0.03396169
-0.03356477
-0.03427524
-0.03486849
-0.036019
-0.04035145
-0.04764023
-0.05538198
-0.06142097
-0.06396089
-0.06330963
-0.06109018
-0.05888026
-0.05524387
-0.04638272
-0.03037898
-0.01160923
0.003512189
0.0132261
0.01895958
0.02121471
0.02124391
0.02132783
0.02344245
0.02782571
0.03315308
0.0387425
0.04480753
0.05230302
0.06198076
0.0733175
0.08389178
0.09311665
0.1007379
0.1055789
0.1081924
0.1092434
0.1090813
0.1081638
0.1073964
0.1073322
0.1070718
0.1052092
0.1016778
0.09722444
0.09180117
0.08487753
0.07489422
0.06049559
0.04246469
0.02368776
0.007805257
-0.004458823
-0.01460772
-0.02346165
-0.03156478
-0.0392017
-0.04577753
-0.05116161
-0.05649652
-0.0629293
-0.07116423
-0.08044032
-0.08963374
-0.09788359
-0.1056663
-0.1133519
-0.1203169
-0.1256921
-0.1292914
-0.1318431
-0.132185
-0.1270376
-0.1128392
-0.09017085
-0.06543678
-0.04556115
-0.03310246
-0.02494767
-0.01783528
-0.01228161
-0.009322617
-0.008153346
-0.007865158
-0.006885247
-0.00377741
0.00151763
0.008050682
0.01532632
0.02257453
0.0292802
0.03480658
0.03907875
0.04324893
0.04756498
0.05046125
0.05122197
0.05025789
0.04732215
0.04246912
0.03539879
0.02717613
0.01938465
0.01386035
0.01167221
0.01161493
0.01149713
0.01009904
0.00752446
0.003895766
0.0001099448
-0.003169471
-0.006343496
-0.01040447
-0.0165123
-0.02301601
-0.02787135
-0.03090947
-0.03228054
-0.03334464
-0.03514936
-0.03723568
-0.03846994
-0.03876543
-0.03971162
-0.0412345
-0.0425914
-0.04314219
-0.04324999
-0.04259538
-0.03993541
-0.035528
-0.03014155
-0.02312568
-0.01407672
-0.003646873
0.007870416
0.01937713
0.02939148
0.03726267
0.04273346
0.04609447
0.04876615
0.05200018
0.05623432
0.06107128
0.06619925
0.07020664
0.07257266
0.07392719
0.07477709
0.07565126
0.07641467
0.07826283
0.08200762
0.08695559
0.0918637
0.0956075
0.09792961
0.09933226
0.1002317
0.1008102
0.1003861
0.09943518
0.09733935
0.09427978
0.0917747
0.08966898
0.087187
0.08407994
0.07998618
0.07509027
0.07083867
0.06831916
0.06614337
0.0628325
0.05862036
0.05386562
0.04883073
0.04378465
0.03959544
0.03704671
0.03500424
0.03242044
0.02967554
0.02694808
0.02380784
0.02058734
0.0168197
0.01142806
0.004243478
-0.002793545
-0.008012095
-0.01092831
-0.0124444
-0.01500081
-0.01875761
-0.02315735
-0.02714938
-0.03037723
-0.03309968
-0.03484065
-0.03524882
-0.03498442
-0.03478821
-0.03557051
-0.03773662
-0.03961611
-0.04034012
-0.04071402
-0.04091679
-0.0409857
-0.04075834
-0.03998276
-0.03895208
-0.03808919
-0.03753616
-0.0375307
-0.03865077
-0.03996979
-0.0407486
-0.0411403
-0.04163636
-0.04215217
-0.04244083
-0.04227594
-0.042383
-0.04329264
-0.04560241
-0.04845294
-0.05103903
-0.05331957
-0.05458012
-0.05464239
-0.05347578
-0.05079842
-0.04652423
-0.04091782
-0.03526641
-0.03071176
-0.02752252
-0.02628791
-0.02656776
-0.02811192
-0.03147582
-0.03508632
-0.0381871
-0.04073476
-0.04235406
-0.04382246
-0.04595469
-0.04695072
-0.04657633
-0.04602757
-0.04661856
-0.04842744
-0.05108511
-0.05423058
-0.05647162
-0.0575837
-0.05823897
-0.05897454
-0.05960564
-0.05910094
-0.05805468
-0.05664108
-0.05539863
-0.0547234
-0.05437756
-0.05362539
-0.05229504
-0.05103388
-0.05051375
-0.04965722
-0.04718279
-0.04356054
-0.04068791
-0.0382325
-0.03590574
-0.03459047
-0.03290541
-0.0301876
-0.02737515
-0.025141
-0.02315211
-0.02120624
-0.01985604
-0.01908495
-0.01719404
-0.01368224
-0.009974797
-0.00688955
-0.004396505
-0.003511391
-0.003628962
-0.003870987
-0.003801128
-0.00276306
-0.0002260117
0.002910176
0.005139865
0.007547428
0.00980658
0.01201077
0.01515703
0.01895958
0.02232182
0.02538185
0.02724665
0.02762596
0.02780317
0.02829315
0.02825442
0.02768301
0.02785568
0.02890205
0.02973795
0.03052115
0.0312392
0.0314939
0.03147001
0.03124642
0.03077985
0.029923
0.02806723
0.02524047
0.02072175
0.01481777
0.008882736
0.004371158
0.001823892
0.0002962286
-0.0008331341
-0.001833363
-0.002732472
-0.003415672
-0.004519357
-0.006605325
-0.00868286
-0.01080485
-0.01172985
-0.01174024
-0.01133186
-0.009816384
-0.006478407
-0.0007133137
0.006656351
0.01408385
0.02098543
0.02651064
0.03051509
0.0349694
0.0390214
0.04152044
0.04273277
0.04340837
0.04511675
0.04800502
0.05084788
0.05273944
0.05413183
0.05609406
0.05808035
0.05916428
0.06056874
0.06307743
0.06600246
0.06776283
0.06850748
0.06877266
0.06804106
0.0651951
0.06014145
0.05312463
0.04621558
0.0411207
0.03794564
0.03662144
0.03734494
0.03884948
0.03951636
0.03908767
0.03749116
0.03489072
0.03177621
0.02948407
0.02820608
0.02753834
0.02788919
0.02902214
0.02960509
0.02942075
0.0286815
0.02711615
0.02405454
0.01939092
0.01279147
0.005211041
-0.001744893
-0.007769786
-0.01351562
-0.01937304
-0.02511251
-0.03034631
-0.03477056
-0.03805287
-0.04064705
-0.04329144
-0.04627265
-0.04871214
-0.05074479
-0.0527984
-0.05398739
-0.05308072
-0.05032966
-0.04592761
-0.04062566
-0.03534038
-0.03076119
-0.02650753
-0.0222048
-0.01722251
-0.01188315
-0.007409155
-0.004084558
-0.00155415
0.001176899
0.003964352
0.005755852
0.006536367
0.007286762
0.008574847
0.01142716
0.01524658
0.01906557
0.02197578
0.02469468
0.02720702
0.02851487
0.02851408
0.02748065
0.02549988
0.02267558
0.01934017
0.01627095
0.01438804
0.01304669
0.01170252
0.009956461
0.00795509
0.005989753
0.004061065
0.002061356
-2.464842e-06
-0.001577342
-0.002022597
-0.001649753
-0.001027405
-0.0007792462
-0.0008253882
-0.0008702464
-0.0008582134
-0.0008308174
-0.0008612049
-0.0009283146
-0.0007471596
0.0001641523
0.001826291
0.004263824
0.007833655
0.01196683
0.01543389
0.0171839
0.01722328
0.01587979
0.01495257
0.01556185
0.01687252
0.01753669
0.01662279
0.014889
0.01400029
0.01434362
0.01501932
0.01568115
0.01572996
0.01470997
0.01270846
0.0102561
0.007563222
0.00387143
-0.0003359252
-0.004133336
-0.007947617
-0.01108289
-0.01199375
-0.01069315
-0.007216891
-0.00244713
0.00143591
0.003748586
0.004367392
0.003559375
0.001432141
-0.001116646
-0.003654791
-0.005849783
-0.007893141
-0.00998328
-0.01249847
-0.01621036
-0.01910014
-0.01977374
-0.01940478
-0.01919363
-0.02013638
-0.02230644
-0.02438858
-0.02651792
-0.02755343
-0.02742153
-0.02604891
-0.02314082
-0.02001534
-0.01823388
-0.01725337
-0.016759
-0.01752323
-0.01954406
-0.02190607
-0.02395424
-0.02602054
-0.02725053
-0.02734828
-0.02708265
-0.02762821
-0.02990002
-0.03328012
-0.03709658
-0.0405704
-0.04348079
-0.04640687
-0.04880627
-0.05080404
-0.05277285
-0.05432462
-0.05487775
-0.05462179
-0.05337696
-0.05114094
-0.04842364
-0.04497657
-0.04108043
-0.03688833
-0.03219107
-0.02744097
-0.02317678
-0.01966726
-0.01729569
-0.01597043
-0.01518677
-0.01376934
-0.01173593
-0.009616297
-0.00781528
-0.006843898
-0.006691313
-0.006984642
-0.007446633
-0.008073056
-0.00956356
-0.011868
-0.01429879
-0.01592051
-0.01642922
-0.01548987
-0.01359634
-0.012093
-0.01131316
-0.009927123
-0.007398859
-0.004335028
-0.001953192
0.0004032268
0.003836543
0.00749081
0.01021709
0.01171904
0.01123837
0.009215419
0.00791401
0.007806556
0.007479398
0.006022693
0.004418187
0.003249569
0.001963477
0.001789841
0.003190016
0.004010302
0.003998416
0.004009685
0.004121076
0.003198133
0.0005995722
-0.001987911
-0.004036048
-0.005963138
-0.00749835
-0.008081012
-0.007677212
-0.0059556
-0.002729425
0.001633664
0.00636155
0.01088915
0.01473285
0.01861114
0.02188014
0.02536139
0.02937732
0.03299079
0.03521411
0.03622982
0.03679425
0.03754219
0.03876533
0.03915003
0.0378778
0.03536733
0.03311629
0.03206421
0.03262814
0.03453288
0.0366176
0.0387513
0.04025072
0.04072046
0.04011102
0.03928004
0.03859551
0.0375067
0.03578368
0.03248108
0.02708966
0.01962692
0.01140008
0.004479443
0.0003589124
-0.001655391
-0.002118242
-0.001954794
-0.001894
-0.002220614
-0.002814778
-0.002828887
-0.002248639
-0.001747543
-0.001348524
-0.0007223267
0.001001313
0.00351642
0.006047948
0.008798965
0.01152931
0.01359347
0.01487693
0.01531811
0.01461418
0.01364357
0.0137794
0.01540912
0.01761102
0.01943156
0.02047975
0.02123644
0.02271001
0.02529523
0.02733576
0.02668348
0.02321149
0.01917134
0.01524282
0.01221364
0.01126118
0.01184681
0.01349129
0.01559377
0.01768613
0.01919706
0.01958034
0.01946366
0.01947836
0.01960772
0.01915791
0.01770834
0.01628599
0.01605442
0.01711018
0.01759799
0.01642254
0.01392886
0.01104179
0.008515466
0.007172068
0.005973654
0.004720756
0.003894448
0.003811571
0.004061445
0.003406968
0.0009914542
-0.001894417
-0.003703076
-0.004659135
-0.005639902
-0.005626587
-0.004356612
-0.003056828
-0.001817722
-0.0001257943
0.0018149
0.003709891
0.005874453
0.008763234
0.01174265
0.01312826
0.01198145
0.009666534
0.007462222
0.006195847
0.006191833
0.006306964
0.005721781
0.003019615
-0.001255892
-0.003876718
-0.004705348
-0.005442089
-0.006125524
-0.006983703
-0.007798578
-0.00804645
-0.007711211
-0.007112995
-0.007031992
-0.007528506
-0.008332198
-0.00982689
-0.01132711
-0.01257182
-0.01416767
-0.01518744
-0.01525322
-0.01432244
-0.01323885
-0.01224661
-0.0118504
-0.01136908
-0.01029952
-0.009749697
-0.009975646
-0.01059021
-0.01115869
-0.01171868
-0.01174207
-0.01100031
-0.00976972
-0.008193372
-0.00639472
-0.004603584
-0.003899629
-0.003707329
-0.003450746
-0.00366958
-0.004408762
-0.00573452
-0.006948571
-0.008068197
-0.009699873
-0.01216277
-0.01545314
-0.01871751
-0.0218797
-0.02503057
-0.02796833
-0.03106552
-0.03358005
-0.03499209
-0.03529585
-0.03569964
-0.03680203
-0.0374603
-0.0370816
-0.03550916
-0.03300394
-0.02992838
-0.02690146
-0.02402905
-0.02227842
-0.02185935
-0.02256537
-0.02341089
-0.02363518
-0.0236179
-0.02369774
-0.02348461
-0.02220686
-0.02036629
-0.01932683
-0.01854392
-0.01797252
-0.01844815
-0.02008675
-0.02229134
-0.02350611
-0.02363251
-0.02396661
-0.02497939
-0.02582505
-0.02661883
-0.02722947
-0.02741243
-0.02797671
-0.02914909
-0.02926569
-0.02771313
-0.02554126
-0.02350172
-0.02167098
-0.01982966
-0.01738824
-0.01407701
-0.01081742
-0.008114597
-0.005741367
-0.003281046
-0.001041193
0.0007159485
0.002050489
0.003199262
0.004568769
0.006861457
0.009150125
0.01131535
0.01277126
0.01301546
0.01218206
0.01119537
0.009676836
0.007635322
0.00560878
0.004152699
0.003244031
0.001981791
0.000915347
0.0006430084
0.001016539
0.001654307
0.001707759
0.0009899968
-0.0002140016
-0.002025528
-0.00457204
-0.00717228
-0.008596941
-0.009577714
-0.01029258
-0.01059954
-0.009848234
-0.008375131
-0.006728178
-0.004221712
-0.0006956867
0.003092223
0.005810197
0.008270415
0.01092254
0.01251349
0.01369015
0.0158715
0.01849188
0.01999822
0.02111624
0.022189
0.0234715
0.02522908
0.02675044
0.02773169
0.02877088
0.02928955
0.02902104
0.02810611
0.02727478
0.02716063
0.02733185
0.0265382
0.02410067
0.02083758
0.01639249
0.0115437
0.008146309
0.006778638
0.006474466
0.007191674
0.007722007
0.007702499
0.007558149
0.00770034
0.008503776
0.009862171
0.01121102
0.01166656
0.01156722
0.01151954
0.01160515
0.01157375
0.01102121
0.01046294
0.01099779
0.01148127
0.01171783
0.01261441
0.01417306
0.01577655
0.01709615
0.01757484
0.01745862
0.01704858
0.01676848
0.01754067
0.01877262
0.01970362
0.021411
0.02413907
0.02692298
0.02937724
0.03205929
0.03479598
0.03704885
0.0387861
0.04000379
0.04071451
0.04082404
0.04074336
0.04122035
0.0423199
0.04295372
0.04300853
0.04240542
0.04086544
0.03938228
0.03837081
0.03683535
0.03536044
0.0349645
0.03464746
0.03318973
0.03104932
0.02916158
0.02801429
0.02743335
0.02679581
0.02542619
0.02403987
0.02352661
0.02418636
0.02486247
0.0246421
0.02390363
0.02263838
0.02093391
0.01845598
0.01574097
0.01304105
0.009851838
0.00664219
0.003606731
0.0008410383
-0.001142076
-0.002087002
-0.002251755
-0.002152275
-0.001869005
-0.001593004
-0.001819216
-0.002213127
-0.00298859
-0.00455965
-0.006609527
-0.007786245
-0.008483958
-0.009987791
-0.01147658
-0.0119032
-0.01233618
-0.01383079
-0.01518032
-0.01545296
-0.01568564
-0.01567571
-0.01491738
-0.01365533
-0.01241486
-0.01144969
-0.009900086
-0.008344719
-0.007841124
-0.007945179
-0.008040171
-0.008003168
-0.007957882
-0.008026596
-0.008148275
-0.00772192
-0.006169966
-0.004098803
-0.002278745
-0.0008229534
0.0004198788
0.001116398
0.001397851
0.001190983
0.000574831
-0.001154901
-0.004180041
-0.007749186
-0.01103909
-0.01404169
-0.01665341
-0.01842768
-0.0201978
-0.02342803
-0.02757797
-0.03126178
-0.03365121
-0.03495034
-0.03578303
-0.03706288
-0.03833598
-0.03907865
-0.03945602
-0.04013995
-0.04117856
-0.04225668
-0.04302465
-0.04322144
-0.04316541
-0.04313301
-0.04314775
-0.04315736
-0.04314393
-0.04313408
-0.04317718
-0.04322437
-0.04298167
-0.04221985
-0.0414215
-0.04086943
-0.04035303
-0.04037254
-0.04094631
-0.04134493
-0.04122924
-0.04018095
-0.03804926
-0.03566803
-0.03424451
-0.03342888
-0.03228812
-0.03031334
-0.02820596
-0.02650904
-0.0245663
-0.02313681
-0.02155736
-0.02005909
-0.0195735
-0.01965704
-0.0197452
-0.01973396
-0.01970901
-0.01970387
-0.01971299
-0.01972069
-0.01972045
-0.01969614
-0.01968114
-0.01974954
-0.01984863
-0.01942551
-0.01792577
-0.01587742
-0.01375981
-0.01172711
-0.01030686
-0.009901537
-0.009475784
-0.008497119
-0.007962788
-0.007670896
-0.007199633
-0.00720251
-0.007704188
-0.00801757
-0.008165597
-0.008177229
-0.007172877
-0.005034247
-0.003547169
-0.002382031
-0.001031049
0.0009646428
0.003252265
0.005196433
0.007206391
0.009136753
0.0109019
0.01203204
0.01323742
0.01465103
0.01617394
0.01765385
0.01917315
0.02043196
0.02121828
0.0214265
0.02099613
0.01999985
0.0185273
0.01597887
0.01347525
0.01124657
0.009013219
0.007191708
0.005887651
0.00596145
0.007112415
0.00799065
0.008513509
0.008491729
0.007975872
0.007189415
0.005798065
0.004383135
0.002620385
-0.0006464625
-0.003443332
-0.005217523
-0.007250929
-0.008261096
-0.007791345
-0.006165307
-0.004173589
-0.002132051
0.0003561204
0.002874329
0.00428023
0.00565058
0.007344644
0.009128896
0.01090503
0.01203982
0.01323454
0.01463869
0.01621028
0.01772736
0.01899378
0.01950348
0.01954753
0.01906386
0.0175151
0.01543216
0.01359476
0.01238077
0.01166285
0.01142277
0.01163501
0.01256086
0.01412706
0.01619939
0.01853099
0.01973463
0.02044381
0.0211067
0.02135903
0.02134466
0.02130299
0.02128959
0.02130252
0.02134343
0.02135976
0.02098781
0.02004862
0.01857203
0.01590478
0.01332027
0.01178018
0.01136493
0.01138997
0.01186446
0.01336522
0.01540561
0.01744241
0.01938004
0.02127995
0.02322585
0.02528739
0.02733057
0.02873729
0.02926548
0.03021419
0.03230038
0.03439934
0.03510976
0.03549461
0.03644613
0.03699052
0.03705449
0.03702316
0.03671142
0.0359178
0.03526913
0.03511321
0.03418164
0.03186407
0.02998823
0.02868829
0.02758355
0.02720684
0.02679427
0.02555345
0.02402708
0.02252513
0.02112625
0.01940082
0.0173873
0.01557216
0.01431198
0.01360555
0.01347638
0.01357626
0.01334956
0.01254212
0.01172832
0.01143225
0.01142235
0.01171799
0.01256841
0.013399
0.01339169
0.01262931
0.01185611
0.01092712
0.009154524
0.007346651
0.00565348
0.004311005
0.002890305
0.0002846131
-0.002199777
-0.003693211
-0.004826804
-0.006578689
-0.007817481
-0.008253122
-0.008889752
-0.009925751
-0.01100534
-0.01166485
-0.01183642
-0.01252701
-0.01403715
-0.01505118
-0.01609912
-0.01742029
-0.01795782
-0.01739165
-0.01620308
-0.0156404
-0.01569273
-0.0160113
-0.01649383
-0.01694529
-0.01775246
-0.01878376
-0.01946995
-0.01965535
-0.02021554
-0.02132039
-0.02132642
-0.02017596
-0.01955836
-0.01967235
-0.01983587
-0.01932444
-0.01813974
-0.0175394
-0.01785287
-0.01877042
-0.01951355
-0.01965602
-0.02005976
-0.02136376
-0.02271187
-0.02351962
-0.02372558
-0.02364818
-0.02333319
-0.02298227
-0.0232566
-0.02405058
-0.02511985
-0.02563655
-0.02592398
-0.02616813
-0.02546981
-0.02405768
-0.02236385
-0.01958845
-0.01581897
-0.01228463
-0.009542225
-0.006847566
-0.004651128
-0.003707025
-0.003023755
-0.002326766
-0.002076919
-0.002112822
-0.002108396
-0.002039073
-0.002276425
-0.003121885
-0.003960658
-0.004112802
-0.003921944
-0.004374021
-0.006041064
-0.007694665
-0.008105091
-0.007909595
-0.008319003
-0.009782831
-0.0112976
-0.01283983
-0.01543824
-0.01743239
-0.01801783
-0.01860043
-0.02027848
-0.02264342
-0.02419899
-0.02572279
-0.02710222
-0.02751711
-0.02790674
-0.0291622
-0.03054441
-0.03139826
-0.0313788
-0.03057237
-0.02931636
-0.02763752
-0.0256636
-0.02316281
-0.02020003
-0.01774433
-0.01528822
-0.01236439
-0.009941574
-0.007750355
-0.005087411
-0.002345957
-5.280324e-05
0.001951488
0.003427751
0.003858558
0.003767596
0.003697569
0.003711557
0.003735684
0.003733015
0.003718796
0.003717702
0.00374947
0.003767715
0.003672478
0.003548869
0.004045629
0.005678966
0.007311407
0.007806785
0.007687769
0.00759792
0.007606972
0.007609729
0.007622507
0.007719563
0.007740791
0.007144129
0.006039078
0.005984918
0.006975479
0.007815185
0.009119453
0.01089773
0.01169419
0.0118751
0.01199429
0.0119298
0.01228014
0.0128233
0.0129405
0.0121324
0.01108558
0.009790221
0.008628702
0.007483195
0.005830404
0.003587962
0.0007944775
-0.001979706
-0.004243269
-0.006153243
-0.007557745
-0.008499785
-0.009763814
-0.01092723
-0.0116207
-0.01251474
-0.01432864
-0.01611975
-0.01741022
-0.01824341
-0.01919723
-0.02020872
-0.02136574
-0.02186313
-0.02132638
-0.02019471
-0.01942508
-0.0187578
-0.01791882
-0.01672141
-0.01468417
-0.01211058
-0.009885709
-0.008184799
-0.006541744
-0.004609744
-0.002979957
-0.0010492
0.001696993
0.004740637
0.007301104
0.0091839
0.01085158
0.01202433
0.01331325
0.01433291
0.0146346
0.01435394
0.01348492
0.01240265
0.01168647
0.01157693
0.01120996
0.009751537
0.007714495
0.005572458
0.003453651
0.002024501
0.00215762
0.002761927
0.002240664
0.002120686
0.003045075
0.004081945
0.005595161
0.007541113
0.009600201
0.01162295
0.01329118
0.01440591
0.01561406
0.01742414
0.01901734
0.01949741
0.01937827
0.01925359
0.01926433
0.01941509
0.0195202
0.0187758
0.01685597
0.01523724
0.01464503
0.01497945
0.01582715
0.01737808
0.01885744
0.01978444
0.02117543
0.0229387
0.0247579
0.02653034
0.02744941
0.02813267
0.02898674
0.02993501
0.03125139
0.03310383
0.03457487
0.03491337
0.03532755
0.03689246
0.03844761
0.03885784
0.03924089
0.04073965
0.04233662
0.04306455
0.04369796
0.04466076
0.045744
0.0465279
0.04671609
0.04665473
0.04667285
0.04671822
0.04644182
0.04569194
0.04505662
0.04444206
0.0424941
0.03920061
0.03590913
0.03274526
0.02918321
0.02529456
0.02105314
0.01633333
0.01175311
0.007664272
0.003168797
-0.002096911
-0.006274973
-0.008822676
-0.01192878
-0.01560706
-0.01847551
-0.02063569
-0.02277961
-0.02412945
-0.0255472
-0.02746743
-0.02975049
-0.03209369
-0.03386822
-0.0350756
-0.03539683
-0.03539192
-0.03589361
-0.03645974
-0.03592701
-0.03541896
-0.03520668
-0.0345452
-0.03323919
-0.03161225
-0.0306186
-0.03043024
-0.03027815
-0.02985135
-0.02958255
-0.0290412
-0.02803513
-0.02758891
-0.02737341
-0.02659309
-0.02572394
-0.02570062
-0.02657459
-0.027446
-0.02769067
-0.02760271
-0.02754617
-0.02758787
-0.02765693
-0.02746342
-0.02671386
-0.02550644
-0.02399774
-0.02224391
-0.02001656
-0.01808094
-0.01637689
-0.01413282
-0.01207253
-0.01078474
-0.01015955
-0.01006135
-0.009849094
-0.009044374
-0.008225706
-0.007996459
-0.008055702
-0.007891672
-0.007441871
-0.006928489
-0.005850114
-0.004524315
-0.004061643
-0.004175437
-0.004015756
-0.00323982
-0.002430096
-0.001921578
-0.001396273
-0.001118718
-0.00135846
-0.002196575
-0.003190504
-0.003886709
-0.004597075
-0.006074535
-0.007580521
-0.008595643
-0.01002836
-0.01146942
-0.01248013
-0.01380835
-0.01488602
-0.01487001
-0.01376217
-0.01246859
-0.01174365
-0.01058134
-0.008852726
-0.007565653
-0.006083435
-0.004643346
-0.003653109
-0.0024478
-0.001332198
-0.0003009156
0.001226825
0.002991189
0.003695295
0.004143082
0.005152576
0.005704905
0.005483708
0.004867399
0.004321301
0.003808721
0.003591302
0.003605003
0.003634668
0.003655449
0.003644519
0.003580094
0.00353911
0.003983464
0.005049505
0.006111847
0.007178449
0.007622196
0.007579771
0.007515121
0.007511548
0.007534222
0.007542605
0.007536417
0.007505022
0.007495911
0.007588353
0.007684136
0.007173479
0.005631158
0.004097159
0.003104199
0.001671064
0.0001840222
-0.0008186244
-0.001981533
-0.003112526
-0.00440131
-0.006225896
-0.007795806
-0.008253813
-0.008134894
-0.008077231
-0.008138721
-0.007985896
-0.007270913
-0.006028702
-0.004274523
-0.002271323
-0.0002071151
0.001764843
0.003174993
0.004048191
0.005499026
0.007301727
0.008693972
0.009470302
0.009203831
0.00778523
0.005790688
0.00278218
-0.001356839
-0.004709339
-0.007007704
-0.00807824
-0.00813803
-0.008019778
-0.008463009
-0.009545491
-0.01041481
-0.01118714
-0.01137622
-0.01078051
-0.01071798
-0.01095472
-0.01129694
-0.01184672
-0.01209285
-0.0120029
-0.01189183
-0.01235817
-0.0136879
-0.01502303
-0.01590508
-0.01618397
-0.01559632
-0.01393092
-0.01239881
-0.01199114
-0.01162501
-0.01023806
-0.008659221
-0.007145968
-0.005103183
-0.003664661
-0.002632538
-0.00195308
-0.001438016
-0.001430236
-0.001936284
-0.00250582
-0.003329361
-0.004005068
-0.004126313
-0.004548503
-0.006123655
-0.007845382
-0.008463109
-0.007882086
-0.006228568
-0.004407458
-0.002974317
-0.001590301
-0.0001095611
0.001740066
0.00328221
0.003694471
0.003598635
0.003680488
0.003759561
0.00276941
0.0006101368
-0.0007073483
-0.001408958
-0.002015313
-0.002644821
-0.003637577
-0.00491437
-0.006803283
-0.008072988
-0.008265099
-0.008124796
-0.00812775
-0.008235268
-0.007878258
-0.006478535
-0.004194454
-0.0008933044
0.002903857
0.005936625
0.008649995
0.01079443
0.01191299
0.0130677
0.01448722
0.01607298
0.01753394
0.01874636
0.01966718
0.02091932
0.02213304
0.02309608
0.02406908
0.02530146
0.02656246
0.02729095
0.02803923
0.02877762
0.02903012
0.02897581
0.02892501
0.0289796
0.02905061
0.02878112
0.02796008
0.02721787
0.02702451
0.02660501
0.02539606
0.02413625
0.02282859
0.0211129
0.01965081
0.0187199
0.01730285
0.0155651
0.01398935
0.01245153
0.01148203
0.0112804
0.0113578
0.01139691
0.01140265
0.01138283
0.011309
0.01127906
0.01177484
0.01284191
0.01360274
0.01415049
0.01459811
0.01482632
0.01455382
0.01452559
0.01487771
0.01510835
0.01617374
0.0183484
0.01939569
0.01924913
0.0190446
0.01956374
0.02071174
0.02123726
0.02118641
0.02114577
0.02120254
0.02095441
0.0201243
0.01938147
0.01924432
0.01886058
0.01733329
0.01543349
0.01410475
0.01345123
0.01331595
0.01311335
0.0124697
0.01174911
0.01051623
0.008182348
0.006179285
0.00467899
0.003309165
0.001826172
0.0005450958
-0.0004677095
-0.001149112
-0.001339174
-0.001580548
-0.002094456
-0.002316147
-0.002279861
-0.00265305
-0.003645942
-0.004896296
-0.006757743
-0.008500669
-0.009745932
-0.01040154
-0.01113441
-0.01189308
-0.0121527
-0.01211523
-0.0120616
-0.01205835
-0.01207789
-0.01211868
-0.01211422
-0.011981
-0.01189877
-0.01267626
-0.01454733
-0.0158728
-0.01636515
-0.01679426
-0.01697533
-0.01675762
-0.01649095
-0.01650433
-0.0160297
-0.01534218
-0.01479694
-0.01377134
-0.01254919
-0.01205743
-0.01157015
-0.01058748
-0.01013515
-0.01009505
-0.009617168
-0.00905299
-0.009579201
-0.01014768
-0.01029029
-0.01023889
-0.009676556
-0.00862414
-0.008122554
-0.008058421
-0.008011017
-0.008518981
-0.01016197
-0.01179789
-0.01218878
-0.01197143
-0.01244256
-0.01392901
-0.01479845
-0.01395525
-0.01252448
-0.01196239
-0.01177061
-0.01135302
-0.01131781
-0.01157108
-0.01159584
-0.01187492
-0.01208944
-0.01209823
-0.01212204
-0.01217757
-0.01193098
-0.01109265
-0.01028198
-0.01012067
-0.01021834
-0.009735928
-0.00862137
-0.008070342
-0.008110488
-0.008227411
-0.008228643
-0.00811572
-0.008075546
-0.008610746
-0.009712855
-0.01024406
-0.01022309
-0.01014409
-0.0100904
-0.01005421
-0.01030667
-0.01111821
-0.01193339
-0.01219006
-0.01212587
-0.01205531
-0.01205409
-0.01215639
-0.0122344
-0.01174349
-0.01026375
-0.008707088
-0.007222974
-0.005169371
-0.003715244
-0.002716056
-0.002085821
-0.001353657
-0.0005991533
-0.0001052942
0.0003803714
0.0007801019
0.00128586
0.002027308
0.003101667
0.003664748
0.003714323
0.003200715
0.001863544
0.0002986874
-0.001007292
-0.001644632
-0.002091917
-0.002727227
-0.003712355
-0.004727465
-0.006279171
-0.007779431
-0.008505542
-0.009188431
-0.009933792
-0.01045385
-0.01071292
-0.01047908
-0.01022811
-0.009657312
-0.008584798
-0.008161734
-0.008277899
-0.007859226
-0.006321363
-0.004758137
-0.003625988
-0.00195724
0.0002355697
0.002898743
0.005097546
0.006783697
0.007917078
0.009413527
0.01090533
0.011648
0.01234242
0.01307119
0.01356717
0.01397383
0.01435715
0.01538755
0.01718768
0.01876413
0.01968294
0.02074515
0.02195077
0.02377033
0.0261021
0.02732617
0.02803715
0.0287417
0.02905153
0.02876432
0.02789901
0.02714827
0.02699596
0.0266243
0.02533677
0.02373768
0.02241529
0.02178698
0.02134596
0.02068774
0.01969583
0.01875098
0.01727055
0.01531645
0.01329666
0.01111973
0.008862182
0.006692947
0.004436475
0.002733853
0.000930986
-0.0002952593
-0.0005778143
-0.0003154492
0.0005135432
0.001848836
0.003196745
0.003637874
0.00349451
0.003601902
0.004406096
0.005694269
0.006939252
0.007875407
0.009352889
0.01107028
0.01236948
0.01362372
0.01483882
0.01528389
0.01547072
0.01612194
0.0169036
0.01770821
0.01875751
0.01923371
0.01918242
0.01910628
0.01917783
0.01926008
0.01879415
0.01750599
0.01620154
0.01497467
0.01372541
0.01272798
0.01175891
0.01136033
0.01092041
0.009715483
0.008428913
0.007141051
0.005705683
0.004533563
0.00332922
0.00161327
-0.0001917008
-0.001702358
-0.00293852
-0.003626033
-0.004116706
-0.004345739
-0.00434546
-0.004229667
-0.004131096
-0.004643194
-0.006186105
-0.007732922
-0.008739129
-0.01012645
-0.01154043
-0.01276675
-0.01477878
-0.01682402
-0.01831769
-0.01945981
-0.02034304
-0.02164214
-0.02295765
-0.02374168
-0.02382713
-0.02370323
-0.0242177
-0.02541029
-0.02597376
-0.02542656
-0.02430205
-0.02360574
-0.02288707
-0.02162255
-0.02026268
-0.01978871
-0.0199252
-0.01983838
-0.0190783
-0.01776032
-0.01623207
-0.01501029
-0.01382027
-0.01238531
-0.01110847
-0.009811783
-0.008592136
-0.008175351
-0.007961939
-0.007226716
-0.006497417
-0.006265466
-0.005789637
-0.004720857
-0.00418455
-0.004271997
-0.004394458
-0.003944267
-0.002738726
-0.001458317
0.0003434797
0.002700794
0.003823383
0.003832783
0.002921524
0.001002894
-0.0005250002
-0.001208207
-0.001545291
-0.002315931
-0.003383004
-0.004065866
-0.004203955
-0.004915065
-0.006719004
-0.008025792
-0.008737501
-0.009843636
-0.01102239
-0.01233745
-0.01411157
-0.01563617
-0.01634346
-0.01696308
-0.0176626
-0.01845761
-0.01952549
-0.02000957
-0.01997634
-0.01990042
-0.01989733
-0.01992079
-0.01992382
-0.01990924
-0.01990596
-0.0199412
-0.01996571
-0.01974129
-0.0191903
-0.01866404
-0.01818929
-0.01798821
-0.01757172
-0.01661174
-0.01557898
-0.01401208
-0.01250942
-0.0117829
-0.01113604
-0.01041375
-0.0096717
-0.00873115
-0.008032256
-0.006794928
-0.005002377
-0.003741106
-0.002564013
-0.001468834
-0.0001787192
0.001657259
0.00318338
0.003601627
0.003742275
0.004430327
0.005213205
0.005741997
0.006456294
0.007180457
0.007672501
0.008358204
0.009108989
0.009899993
0.01090464
0.01133555
0.01156444
0.01228979
0.01305652
0.01347831
0.0141178
0.0153838
0.0172669
0.01883465
0.01929029
0.01924712
0.01919363
0.01872718
0.0177012
0.01692391
0.01617449
0.01546259
0.01497051
0.01446423
0.01419515
0.01415858
0.01443521
0.01521188
0.01600416
0.01651389
0.01699339
0.01721658
0.01724895
0.01723609
0.01697306
0.01644252
0.01616326
0.0161296
0.01619087
0.01650614
0.01682283
0.01634335
0.01534718
0.01424918
0.01295572
0.01175297
0.01134272
0.01089665
0.009653276
0.00858842
0.008061799
0.007591087
0.00739336
0.007478445
0.007518789
0.006984003
0.005938885
0.005474762
0.005211135
0.004422489
0.003876096
0.004426809
0.00525154
0.005492838
0.005683597
0.006427226
0.007220916
0.007494888
0.007674545
0.007943332
0.0079709
0.007970074
0.007566409
0.00733024
0.007889997
0.008775391
0.008567157
0.007754866
0.006972316
0.005932631
0.004928777
0.003940179
0.003588353
0.00315831
0.001660777
-0.0001561486
-0.001465398
-0.00261198
-0.003773199
-0.004728652
-0.006058766
-0.00734708
-0.008034488
-0.008093088
-0.008524856
-0.01013161
-0.01177878
-0.01228395
-0.01215313
-0.01205743
-0.01209906
-0.0121356
-0.01205696
-0.01197712
-0.01245369
-0.01377346
-0.01507064
-0.01605378
-0.01696986
-0.01796267
-0.0190006
-0.01977638
-0.02001276
-0.01994863
-0.01982349
-0.01979979
-0.02035307
-0.02145124
-0.02194362
-0.02189894
-0.0220524
-0.02255004
-0.02290053
-0.02320963
-0.02323706
-0.02222746
-0.02095617
-0.01964382
-0.018129
-0.0169211
-0.01620773
-0.0155911
-0.01458318
-0.01353532
-0.01244135
-0.01201317
-0.01212918
-0.01203276
-0.01123306
-0.009864218
-0.008576705
-0.008151064
-0.007792401
-0.006797803
-0.005736908
-0.004657294
-0.00419311
-0.00405037
-0.003875785
-0.0036133
-0.002733139
-0.002252503
-0.002533778
-0.002893836
-0.002625089
-0.002323575
-0.002287484
-0.002320447
-0.002345544
-0.002375662
-0.002374699
-0.002114788
-0.001613588
-0.001360244
-0.001096278
-0.0005951484
-0.0003925827
-0.0004136811
-0.0001354564
0.000439402
0.0004251158
-0.0001982503
-0.0003386931
0.0004297575
0.001777329
0.003310293
0.004523146
0.005711839
0.007147252
0.008425229
0.009722735
0.01094472
0.01135928
0.01156152
0.01229792
0.01306601
0.01332103
0.01355481
0.01406457
0.01412676
0.01363507
0.01304791
0.01222309
0.01155653
0.01143961
0.0109894
0.009394334
0.007755024
0.007260995
0.007391567
0.007441581
0.007364625
0.007585949
0.008400817
0.009210944
0.009452967
0.009436978
0.009449889
0.009210882
0.00840967
0.007593292
0.007340753
0.007401185
0.007449985
0.007441665
0.007424938
0.007423893
0.007431604
0.007439218
0.007426853
0.007398726
0.007422167
0.007653015
0.007922595
0.007925628
0.008211212
0.008251173
0.007771033
0.007029348
0.005940505
0.004927486
0.003958075
0.003566121
0.003080709
0.001825971
0.0008086521
0.0003084448
-0.0004057749
-0.001168065
-0.001429069
-0.001389704
-0.001357498
-0.001363875
-0.001196182
-0.0007551744
-1.192535e-05
0.00153524
0.003282661
0.004561315
0.005810871
0.007060507
0.007498798
0.007443905
0.007655416
0.008164009
0.008344455
0.008534006
0.009554085
0.01100771
0.01163505
0.01106593
0.0094141
0.007829645
0.006875283
0.005896074
0.005166684
0.004813907
0.005120939
0.005913134
0.007016841
0.007601212
0.007649101
0.007047467
0.005490982
0.004029858
0.003112275
0.001432379
-0.0009122194
-0.002765806
-0.003947793
-0.004300386
-0.00472032
-0.005708328
-0.006466404
-0.007249549
-0.008078325
-0.008443421
-0.007885716
-0.006185013
-0.004609767
-0.004260119
-0.004034113
-0.002544869
7.471049e-05
0.002685494
0.004125783
0.005582086
0.007035285
0.007556739
0.007557183
0.007488868
0.007013658
0.006005743
0.005229582
0.004409887
0.003662988
0.003519366
0.003678322
0.003211377
0.001577395
-2.60071e-05
-0.0005080303
-0.0006447887
-0.001088003
-0.001376756
-0.001431766
-0.001401854
-0.001126252
-0.0006034021
-0.0003468477
-0.0003023856
-0.000285801
-0.0005911645
-0.001412782
-0.001936341
-0.001612273
-0.00148981
-0.001983371
-0.002754083
-0.003774493
-0.0047204
-0.00602519
-0.007299025
-0.008078963
-0.008261748
-0.008196584
-0.00817062
-0.008180269
-0.008189009
-0.008186696
-0.008198277
-0.008202608
-0.008159725
-0.008108699
-0.008358416
-0.009129508
-0.009921201
-0.01042488
-0.01106782
-0.01173097
-0.01268461
-0.01453377
-0.01635942
-0.01762965
-0.01802387
-0.01822742
-0.01868511
-0.01872303
-0.0185043
-0.01850974
-0.01797113
-0.01702292
-0.01629958
-0.01556547
-0.01403103
-0.01250915
-0.01183466
-0.01113861
-0.009898741
-0.008616813
-0.008129638
-0.007680994
-0.006750065
-0.006252709
-0.0057535
-0.00472811
-0.00412564
-0.004108316
-0.004714564
-0.005801573
-0.006320037
-0.006370384
-0.006320336
-0.005771181
-0.004685432
-0.004203721
-0.004287368
-0.004127577
-0.003349916
-0.002513661
-0.002033733
-0.001613639
-0.001189218
-0.0003788926
0.0006537583
0.001387511
0.001622567
0.002048469
0.002635521
0.002625814
0.002636272
0.002060398
0.001632575
0.001351813
0.0005991391
-0.0001643888
-0.0004096877
-0.0005755871
-0.001060462
-0.00159618
-0.002146118
-0.002370597
-0.002345739
-0.002305115
-0.002300497
-0.002337001
-0.002364491
-0.002171288
-0.00150632
-0.000474564
0.001143025
0.002999289
0.003665012
0.003532584
0.003866591
0.004952336
0.006026794
0.007026604
0.007622803
0.008374547
0.00967059
0.01097228
0.01139855
0.01156966
0.01231513
0.01313271
0.01336289
0.01329574
0.01351137
0.01404376
0.01429324
0.01447028
0.01497899
0.01574317
0.01656021
0.01676931
0.01701357
0.01720334
0.0172199
0.01725148
0.01729766
0.01704316
0.01623601
0.0154652
0.01521924
0.01500245
0.01453758
0.01433428
0.01412762
0.01334443
0.01227117
0.0115544
0.01140486
0.01093691
0.009787056
0.009205266
0.009737451
0.0109349
0.01154877
0.0115203
0.01094632
0.009897115
0.009120341
0.008351677
0.007709611
0.007499167
0.006991082
0.005922972
0.005434929
0.005519765
0.005358049
0.004552201
0.003711486
0.003456956
0.003521116
0.003576026
0.003570212
0.003551612
0.00352766
0.003535419
0.003611531
0.003656726
0.003171664
0.002068768
0.001247016
0.000904239
0.001242684
0.002078238
0.003195243
0.003637752
0.003525119
0.00367394
0.004494203
0.005421394
0.005710357
0.005119173
0.003963761
0.003419447
0.003465318
0.003632436
0.003703122
0.003203164
0.001894882
0.0005988219
-0.0004367549
-0.001367132
-0.002054929
-0.002528334
-0.003297608
-0.00407721
-0.00433106
-0.004281433
-0.004233851
-0.004239563
-0.004253315
-0.004254412
-0.004250405
-0.004248802
-0.004249446
-0.004249735
-0.004249473
-0.004248544
-0.004248556
-0.004248931
-0.004249804
-0.004246446
-0.004242562
-0.004246273
-0.004266769
-0.004260876
-0.004188532
-0.004159278
-0.004639114
-0.005684219
-0.006483887
-0.00725946
-0.007914693
-0.008129995
-0.008576444
-0.009575869
-0.01035906
-0.01115196
-0.01188045
-0.01212129
-0.01208696
-0.01204366
-0.01202693
-0.01203766
-0.01210474
-0.01215085
-0.01170438
-0.01060852
-0.009531523
-0.008557775
-0.008222866
-0.007762993
-0.006237955
-0.004654404
-0.003883492
-0.00323332
-0.002556924
-0.002047349
-0.001319658
-0.0005861768
9.985439e-05
0.001094181
0.002122867
0.003285906
0.00376542
0.003181389
0.0020472
0.001579647
0.001433141
0.0007229076
-0.0003641385
-0.001188142
-0.001367075
-0.001288454
-0.001467422
-0.001970303
-0.002496398
-0.003293641
-0.00406447
-0.004313306
-0.004261069
-0.004194548
-0.004200304
-0.004291082
-0.004342695
-0.003853093
-0.002599673
-0.001373893
-7.930135e-05
0.001720218
0.003234359
0.003651578
0.003815452
0.00454236
0.005290564
0.005530596
0.005986524
0.007025467
0.007611568
0.007654936
0.00732067
0.006492509
0.005700549
0.005458578
0.005515056
0.005554117
0.00555661
0.00555856
0.005539043
0.005347631
0.005098736
0.004852689
0.004034412
0.003528235
0.003519192
0.003593176
0.00362611
0.003612576
0.003554504
0.003500265
0.003776117
0.00458928
0.005322596
0.005530167
0.005975918
0.007037463
0.007666365
0.007683912
0.007065917
0.005947599
0.005430859
0.005488487
0.005613053
0.005588693
0.005283478
0.004997974
0.005288395
0.005558968
0.005574574
0.005583248
0.005635031
0.005394807
0.004559768
0.00373627
0.003564217
0.003698041
0.003276484
0.00195088
0.0006115218
-0.0003947349
-0.001096664
-0.001558646
-0.002023522
-0.002229
-0.002484535
-0.003171129
-0.003858605
-0.004612016
-0.006191232
-0.007785029
-0.008272968
-0.008124554
-0.008056125
-0.008352234
-0.00866731
-0.008386613
-0.008093881
-0.008052792
-0.008090834
-0.008148905
-0.008175497
-0.007927728
-0.007200965
-0.006422463
-0.005639692
-0.004588044
-0.004110062
-0.004173438
-0.004248962
-0.003998457
-0.003490094
-0.003221591
-0.002905157
-0.002403505
-0.002640829
-0.003468789
-0.003775637
-0.004025838
-0.004136426
-0.004126835
-0.004596679
-0.005629884
-0.006410507
-0.007189559
-0.007922731
-0.008183049
-0.00813983
-0.008024431
-0.00800269
-0.008497751
-0.009540025
-0.0103152
-0.01109493
-0.01182544
-0.01207106
-0.0120322
-0.01197375
-0.01197225
-0.01203566
-0.01209273
-0.01181631
-0.01100482
-0.01027628
-0.01006317
-0.009592977
-0.008537511
-0.007996844
-0.008016164
-0.008103726
-0.00811438
-0.008090594
-0.008082253
-0.00808636
-0.008092808
-0.008095153
-0.008083216
-0.008067019
-0.008088907
-0.008160459
-0.008005001
-0.007216812
-0.005843338
-0.004498473
-0.004118135
-0.004237392
-0.003782657
-0.002659605
-0.002104519
-0.002179163
-0.002293327
-0.002048679
-0.00146768
-0.001151208
-0.001156212
-0.001468188
-0.002019856
-0.002272903
-0.002261484
-0.002218199
-0.002186099
-0.002180481
-0.002403238
-0.002918454
-0.003440989
-0.004024022
-0.0043043
-0.00402336
-0.003180469
-0.002404396
-0.002173821
-0.001968581
-0.001501676
-0.001248806
-0.001013064
-0.0003748556
0.0003782385
0.00144199
0.003058836
0.003796407
0.003669071
0.003541649
0.004053803
0.005103319
0.005618339
0.006113416
0.007081178
0.007571461
0.007804333
0.008449939
0.009217496
0.01002109
0.01108064
0.01155976
0.01148876
0.01139665
0.01164521
0.0122209
0.012534
0.01252973
0.01222073
0.01167241
0.01141442
0.01141075
0.01145859
0.01154863
0.01157367
0.01104247
0.009939252
0.009399502
0.00943978
0.009569219
0.009581266
0.009295243
0.008782835
0.00853944
0.008294128
0.007787026
0.007527289
0.007533783
0.007564799
0.007560725
0.00758149
0.007633493
0.007564621
0.006806778
0.005715465
0.004640858
0.003958524
0.00382442
0.003407074
0.00212937
0.0007858108
-0.0002757022
-0.0009866
-0.001180661
-0.001144892
-0.001130446
-0.001136488
-0.001103995
-0.001089113
-0.001351695
-0.001897934
-0.002164277
-0.002162696
-0.002127653
-0.002077036
-0.002026829
-0.00227532
-0.00308533
-0.003897739
-0.004139094
-0.004057435
-0.003997602
-0.004057761
-0.0041272
-0.003846001
-0.003008303
-0.002409811
-0.00267842
-0.003265671
-0.00387386
-0.004080874
-0.003777886
-0.003237964
-0.002989129
-0.002748575
-0.002242363
-0.001976016
-0.001973325
-0.002008678
-0.002008192
-0.001992065
-0.001979462
-0.001971631
-0.001968039
-0.001974302
-0.0019648
-0.001910632
-0.001873404
-0.002128655
-0.002699896
-0.002960405
-0.002663561
-0.002080605
-0.001850403
-0.001874814
-0.001657317
-0.001157876
-0.0008966635
-0.0006514291
-0.0001685007
9.670084e-05
0.0001272595
8.010485e-05
-0.0001553582
-0.0004384048
-0.0004156275
-0.0004123526
-0.0001442207
6.143772e-05
0.0002923317
0.0008136281
0.00131406
0.001574224
0.001295684
0.001051992
0.0008250192
0.0003341312
-0.0001577052
-0.0004495182
-0.0001829502
0.0002937283
0.00101007
0.001794633
0.002502639
0.002908197
0.00240181
0.002396234
0.002798938
0.002301925
0.002283358
0.003228011
0.003792021
0.003767911
0.003576978
0.003513498
0.004005491
0.00499904
0.005452638
0.005390417
0.005286849
0.005253683
0.005234265
0.005201139
0.005208657
0.005232887
0.004986986
0.004226437
0.00344771
0.003194079
0.003302739
0.003408716
0.002957316
0.001680489
0.0004666037
4.851656e-05
0.0004073568
0.000463134
-2.175593e-05
-0.0003197289
-0.0003149985
-0.0002228793
-0.0001914181
-0.0004423156
-0.0009576553
-0.001179951
-0.0009233358
-0.0004634778
-0.0002843503
-5.905192e-05
0.0006194606
0.001072646
0.0007808837
0.0004888325
0.0006906256
0.001166497
0.001346644
0.001348128
0.001689477
0.002114618
0.002077303
0.00251201
0.002876594
0.002850861
0.002770488
0.002937918
0.003347137
0.003528047
0.003656019
0.003980048
0.004356402
0.00496087
0.005516564
0.00566427
0.005636185
0.0055577
0.005079334
0.004207191
0.003788908
0.003551384
0.002924192
0.002325155
0.002165926
0.001795394
0.0005774537
-0.0006950371
-0.001309929
-0.001637807
-0.001728962
-0.001711339
-0.0019006
-0.002312506
-0.002504933
-0.00247591
-0.002433238
-0.002438115
-0.002434782
-0.002272169
-0.001922392
-0.001525063
-0.0007461908
4.253411e-05
0.000173806
0.0001058537
2.662939e-05
0.0002644295
0.0004565987
0.0002905558
-0.0001333009
-0.0005325243
-0.0009128126
-0.001072175
-0.001057621
-0.0010289
-0.00103132
-0.001073581
-0.001095154
-0.0009066091
-0.0004993866
-0.0003241866
-0.0005337472
-0.000914329
-0.001058006
-0.001207093
-0.00172458
-0.002264356
-0.002425855
-0.002370642
-0.002323138
-0.002314069
-0.002308625
-0.002287489
-0.00227021
-0.002274641
-0.002271795
-0.002112182
-0.001758297
-0.001417304
-0.001070477
-0.0009008824
-0.0009048163
-0.001092832
-0.001432807
-0.001577387
-0.00155988
-0.001551852
-0.001550282
-0.00138606
-0.001053593
-0.0008959097
-0.0008840837
-0.0008754191
-0.0009979246
-0.001451017
-0.002073653
-0.002635849
-0.003003845
-0.003361309
-0.004074084
-0.004782501
-0.00517577
-0.005206235
-0.005098498
-0.005015633
-0.00495541
-0.004893415
-0.004823393
-0.004753003
-0.004684049
-0.004615897
-0.004547118
-0.004478073
-0.004408993
-0.004339837
-0.004270595
-0.004201255
-0.004132622
-0.004063707
-0.003993299
-0.003920547
-0.003854136
-0.003798105
-0.0037265
-0.003547341
-0.003255589
-0.002944525
-0.002354493
-0.001640677
-0.001344947
-0.001361644
-0.001401053
-0.001256828
-0.0008210966
-0.0002929365
7.433336e-05
0.0002895054
0.0006392907
0.001088287
0.001440449
0.00177011
0.002221787
0.002415422
0.002370497
0.002303603
0.002266682
0.002242793
0.002211031
0.002176246
0.002141185
0.002108195
0.002073576
0.002040131
0.002008364
0.001978723
0.001937462
0.001887443
0.001866669
0.001949358
0.002019716
0.001854275
0.001719015
0.001783956
0.001872659
0.001733309
0.001588055
0.001543243
0.001525559
0.001499319
0.001462634
0.001427885
0.001395015
0.001363545
0.001330978
0.001298615
0.00126531
0.001233216
0.001202799
0.001174092
0.001137183
0.001092955
0.001070155
0.00112701
0.001181699
0.001059511
0.0009409391
0.0009036705
0.0008871853
0.0008601689
0.0008206165
0.0007913329
0.0007864548
0.0007671059
0.0005944476
0.0002726069
0.0001125443
0.000109121
0.0001304871
0.0001280389
8.059122e-05
-1.072223e-05
4.018324e-05
0.0003633282
0.0005364552
0.000508226
0.0004504647
0.0004138686
0.0003950982
0.0003901352
0.0003804648
0.0002509182
-5.409003e-05
-0.0003366228
-0.0004952967
-0.0005771896
-0.0006659257
-0.0007042963
-0.0006945146
-0.0006765803
-0.0006582442
-0.0006462999
-0.0006779174
-0.0007593484
-0.00082835
-0.0008982581
-0.0009576473
-0.001019492
-0.001030176
-0.001002524
-0.0009699463
-0.0009298798
-0.000892286
-0.0009349851
-0.001100833
-0.001255751
-0.001321066
-0.001295251
-0.001237916
-0.001188013
-0.001143839
-0.001099737
-0.001054291
-0.001009751
-0.0009662281
-0.0009238222
-0.000881032
-0.0008390084
-0.0007989437
-0.0007616526
-0.0007081163
-0.0006190627
-0.0004779586
-0.0002875192
-0.0001936887
-0.0001852516
-0.0001806095
-0.0001409757
-7.299886e-05
-3.23364e-05
-2.094464e-05
-3.461488e-05
-6.549767e-05
-7.039625e-05
-5.33344e-05
-3.526163e-05
-2.062846e-05
-7.38802e-06
6.32286e-06
1.996863e-05
3.326151e-05
4.599478e-05
5.848213e-05
7.060961e-05
8.2452e-05
9.378051e-05
0.0001049155
0.0001159613
0.000126917
0.0001362782
0.0001442202
0.0001550331
0.0001771603
0.0001982338
0.0001930188
0.0001882869
0.0001952025
0.0002051842
0.0002134787
0.0002183397
0.0002228873
0.0002381045
0.0002712934
0.0003012829
0.0003108537
0.000310754
0.0003108509
0.0003053486
0.0002917495
0.0002801096
0.0002740567
0.0002779428
0.0002870441
0.0003085206
0.0003201998
0.0003194766
0.0003172611
0.0003164231
0.0003158754
0.0003142421
0.0003130427
0.0003162196
0.0003226371
0.0003235279
0.0003240261
0.000331303
0.0003378098
0.0003383264
0.0003383198
0.0003410946
0.0003464959
0.0003434139
0.0003343114
0.0003296856
0.0003314548
0.0003321816
0.0003312227
0.0003238243
0.000314177
0.0003089994
0.0003076534
0.0003054796
0.0002966236
0.0002840222
0.0002718917
0.0002623557
0.000255834
0.0002489091
0.0002391625
0.0002283224
0.0002180042
0.0002083277
0.000199034
0.0001900417
0.000181393
0.0001730891
0.0001650958
0.0001574436
0.0001502196
0.0001433071
0.000136089
0.0001282356
0.0001209525
0.0001151202
0.0001100732
0.0001051964
0.0001004314
9.586217e-05
9.151381e-05
8.735727e-05
8.336804e-05
7.953819e-05
7.589692e-05
7.245831e-05
6.913057e-05
6.566667e-05
6.215189e-05
5.916016e-05
5.656581e-05
5.406492e-05
5.165238e-05
4.947834e-05
4.747386e-05
4.525381e-05
4.291375e-05
4.080689e-05
3.888028e-05
3.700872e-05
3.520945e-05
3.348624e-05
3.185988e-05
3.030476e-05
2.879423e-05
2.732404e-05
2.588999e-05
2.448076e-05
2.310207e-05
2.177762e-05
2.04952e-05
1.923871e-05
1.80046e-05
1.679239e-05
1.560258e-05
1.443575e-05
1.328997e-05
1.216404e-05
1.105646e-05
9.966261e-06
8.893104e-06
7.83674e-06
6.796942e-06
5.773523e-06
4.76636e-06
3.775384e-06
NaN
