5.09227e-05
5.272351e-05
5.452388e-05
5.632983e-05
5.814296e-05
5.995875e-05
6.177822e-05
6.361646e-05
6.545818e-05
6.730327e-05
6.914873e-05
7.099687e-05
7.281218e-05
7.459156e-05
7.636812e-05
7.823995e-05
7.999016e-05
8.154604e-05
8.32565e-05
8.509262e-05
8.669663e-05
8.811231e-05
9.040676e-05
9.338429e-05
9.531239e-05
9.614087e-05
9.756832e-05
0.0001010077
0.0001044269
0.0001063852
0.000106694
0.0001061194
0.0001057552
0.0001051195
0.0001066472
0.0001115208
0.0001118803
0.0001073839
0.0001070415
0.0001159243
0.0001326423
0.0001476173
0.0001521136
0.0001555544
0.0001661769
0.0001783211
0.0001791858
0.0001731048
0.0001701086
0.0001699904
0.0001603623
0.0001552526
0.000155028
0.000161936
0.0001747111
0.00017636
0.0001854289
0.0002090561
0.000231869
0.0002338669
0.000238307
0.0002721902
0.0002909271
0.0002879998
0.000280455
0.000265342
0.000253409
0.0002487391
0.0002245953
0.0001969194
0.0001558881
0.0001316423
0.0001519252
0.0002366153
0.0002660674
0.0002042749
0.0001330587
5.443201e-05
-1.739152e-05
-1.214489e-05
7.443851e-05
9.53215e-05
6.008014e-06
1.523294e-06
0.00010737
0.0001596131
8.315755e-05
2.48939e-05
5.757717e-05
0.0001519735
0.0002198964
0.0003117058
0.000430086
0.0004079346
0.000232179
0.0002176216
0.0002704706
0.000172078
0.0001490629
0.0002835518
0.0004047594
0.0005017975
0.0005368138
0.0006413343
0.0007685894
0.0006080454
0.0002119623
-0.0001428485
-0.0005007506
-0.0009664193
-0.001330744
-0.001565925
-0.001612614
-0.00140098
-0.0009098987
-0.0003915855
-0.0002028733
-0.0002134175
7.341122e-07
0.0005095426
0.0007680142
0.0005635849
0.000128115
-0.0002502961
-0.0003841437
-0.0004642001
-0.0002795601
-2.247542e-05
2.062857e-05
0.0001588803
0.0007385811
0.001386366
0.00201497
0.002258333
0.002157017
0.002349487
0.002950693
0.003501497
0.003936112
0.004105667
0.00376909
0.003131495
0.002939091
0.003175112
0.003351941
0.002955378
0.002446989
0.002484603
0.002683313
0.002335161
0.001924916
0.001358948
0.0001820235
-0.000288886
0.0007439495
0.001580723
0.001582814
0.0009285666
0.0009246504
0.001061249
0.001148247
0.0008602105
0.0001914725
-0.0001255961
-0.0002640464
2.709604e-05
-0.0002143927
-0.001045431
-0.001737179
-0.002098136
-0.002073706
-0.00163295
-0.0008693393
-0.0002048918
-0.0006311831
-0.001360056
-0.001130323
-0.000837288
-0.0007375944
-0.0004243462
-0.0004330494
-0.000476957
-0.0004604241
-0.000387887
0.0005097165
0.0008654897
0.0007849824
0.001708306
0.003141361
0.002807727
0.0001976468
-0.002720357
-0.003106814
-0.001745552
-0.00143323
-0.001029882
-0.0004531446
-0.0001895776
-0.00243094
-0.005023879
-0.005329051
-0.00555459
-0.00899794
-0.01202371
-0.01056971
-0.00816372
-0.00625517
-0.004019879
-0.0002786561
0.001997609
0.001790536
0.0009357046
0.002680568
0.004160051
0.002196946
0.00037991
0.00032491
0.0004907077
0.0005670035
-0.0002954572
-0.002457648
-0.004804289
-0.005724357
-0.004989626
-0.002593029
0.0006677776
0.002429867
0.002699608
0.004015047
0.005082493
0.002981562
-0.001698355
-0.006360818
-0.006973175
-0.002782491
0.0002410756
-0.001021259
-0.0005817627
0.006021155
0.0135412
0.01924475
0.02174854
0.02320839
0.02444892
0.02385432
0.02033614
0.01683368
0.01057074
0.00204642
-0.003932218
-0.006068656
-0.00725856
-0.008532104
-0.008722414
-0.00812642
-0.006611498
-0.006457374
-0.007319799
-0.00766092
-0.005703072
-0.00251733
8.61592e-05
0.0003619741
-0.0004102483
0.000738224
0.004146169
0.006341695
0.007825113
0.009988921
0.01050284
0.008600972
0.003399357
-0.0002348255
-0.0027506
-0.006958469
-0.01121628
-0.01299641
-0.01120974
-0.008454036
-0.007568288
-0.00726947
-0.008668899
-0.01147978
-0.01533062
-0.01884414
-0.02172901
-0.02265726
-0.02069362
-0.01599017
-0.01065161
-0.006995039
-0.00510593
-0.0003944613
0.005495973
0.01048845
0.01276386
0.01303286
0.01500978
0.01597656
0.01516243
0.01141412
0.005661125
-0.001560266
-0.008120572
-0.01023596
-0.01054858
-0.009880981
-0.005514867
0.001086272
0.008975098
0.01624294
0.02063819
0.02206793
0.02277651
0.02192635
0.01910496
0.01473481
0.01022845
0.00916506
0.008872213
0.007874852
0.008074891
0.008368719
0.006812418
0.003752548
0.0004535115
-0.0007353622
-0.00258134
-0.006861681
-0.009237688
-0.01004245
-0.01008571
-0.009278275
-0.008422861
-0.005600413
-0.002590769
0.0002636959
0.00379763
0.005954454
0.006051314
0.004783068
0.002848598
0.001614437
0.002010796
0.002846394
0.001060024
-4.524883e-05
0.00279748
0.006303121
0.009347574
0.01068383
0.008770266
0.006215012
0.003367612
0.002524209
0.00278588
0.001598681
-0.0008303838
-0.002852863
-0.002670775
-0.002224203
-0.004231694
-0.009142759
-0.01344147
-0.01250417
-0.006541438
-0.002539649
-0.004025666
-0.004599219
-0.002242409
-0.002472811
-0.003630055
-0.004669497
-0.00625477
-0.009042349
-0.0118258
-0.01372935
-0.01495229
-0.01778016
-0.02121916
-0.02387804
-0.02461315
-0.02406353
-0.02163704
-0.01729327
-0.01625118
-0.01684587
-0.0141381
-0.008222198
-0.003582955
-0.0006477191
0.002915688
0.005737902
0.007653269
0.006987705
0.004784712
0.00473171
0.003822322
0.001857081
0.003568512
0.007060025
0.0101354
0.01230644
0.01429934
0.01752511
0.01982943
0.01965035
0.01645373
0.01155881
0.008495023
0.00562423
0.001191449
-0.003102858
-0.005619969
-0.005334424
-0.003398338
-0.002866527
-0.002085771
0.0007555069
0.002710849
0.00232589
0.002121521
0.003176115
0.005148582
0.005890595
0.006043506
0.006407703
0.007861098
0.01018669
0.01279966
0.01536851
0.01749616
0.01674113
0.0143151
0.01235727
0.01037968
0.0106966
0.0124404
0.01207431
0.01238715
0.01405686
0.01469727
0.0136354
0.0117737
0.007372019
0.002223462
-0.001265346
-0.006303087
-0.01095939
-0.01138242
-0.01140352
-0.01145302
-0.01006963
-0.00545367
0.001058078
0.003801077
0.004177812
0.003726923
0.004136878
0.005269824
0.007175412
0.009501985
0.01013361
0.009047051
0.008681628
0.009110501
0.006586418
0.002201488
-0.001199574
-0.003238769
-0.005413603
-0.006048902
-0.006672126
-0.009340622
-0.01404549
-0.02037287
-0.02385885
-0.0234941
-0.02278895
-0.02055357
-0.01763176
-0.0132255
-0.0078607
-0.002977964
0.001507337
0.005872501
0.01097636
0.01432022
0.01635409
0.01692811
0.01563034
0.01407584
0.01425431
0.01379383
0.01119471
0.009124501
0.008812388
0.006986037
0.005187651
0.006087066
0.006220186
0.003373482
-0.002773673
-0.008489157
-0.01069389
-0.01236964
-0.01479713
-0.01761577
-0.01880516
-0.02052117
-0.02158743
-0.02331755
-0.02251125
-0.01977602
-0.0159611
-0.009929109
-0.005827794
-0.005989388
-0.008046737
-0.008161618
-0.009528122
-0.01346537
-0.01783409
-0.02182395
-0.02417944
-0.02605999
-0.02549193
-0.02345827
-0.02193484
-0.02066008
-0.01913206
-0.01926408
-0.02032303
-0.02139653
-0.02068134
-0.02135416
-0.02351458
-0.02713809
-0.03256193
-0.03709506
-0.03942123
-0.03876835
-0.03495564
-0.03123088
-0.02617649
-0.02075575
-0.01728569
-0.01286603
-0.008046991
-0.004837051
-0.003500431
-0.003396916
-0.003811635
-0.00168968
0.001934937
0.001853364
-0.0002852795
-0.003786116
-0.00898363
-0.01449668
-0.01977344
-0.0252026
-0.03156972
-0.03788564
-0.04175534
-0.04337274
-0.0465099
-0.0496086
-0.05149988
-0.05264939
-0.05231861
-0.0518371
-0.05308565
-0.05570122
-0.05931168
-0.06281199
-0.06306812
-0.06050853
-0.05511119
-0.04583075
-0.03478912
-0.0241119
-0.01195389
-0.001774111
0.006434405
0.01384779
0.01795679
0.0188478
0.01868083
0.01938042
0.02114219
0.02333116
0.02455262
0.02391038
0.02090438
0.01425489
0.005384628
-0.003662138
-0.01264331
-0.02120505
-0.02835542
-0.03323513
-0.03520823
-0.02975274
-0.01617782
0.00212758
0.02161261
0.03823996
0.04936132
0.05731366
0.06269715
0.06582579
0.067653
0.06717865
0.06672859
0.06708127
0.06539506
0.06541044
0.06854963
0.06975633
0.07037903
0.07231037
0.07686993
0.08246539
0.08637911
0.08840079
0.08947639
0.08899023
0.08778256
0.08483438
0.07919154
0.07236423
0.06455456
0.05482207
0.04392718
0.03147156
0.02105629
0.01261858
0.004891804
0.001821785
0.002366248
0.004575154
0.008507729
0.01329624
0.0164938
0.01887285
0.02083102
0.02216801
0.02303489
0.02133553
0.02066325
0.0200506
0.0161115
0.01457007
0.01485979
0.01267118
0.01047152
0.009863318
0.01144422
0.01278882
0.01446362
0.01635601
0.01761039
0.01793145
0.0208107
0.02766276
0.03459808
0.04139119
0.04667469
0.05026766
0.05433055
0.05764802
0.06057757
0.06290878
0.06508669
0.06777404
0.0686664
0.06828127
0.06758424
0.06353133
0.05944085
0.05486616
0.04776376
0.038194
0.02707011
0.01629318
0.008080234
0.003511207
-0.0005401356
-0.006596529
-0.01275531
-0.01825767
-0.02303659
-0.02898326
-0.03654964
-0.04620363
-0.05820655
-0.07011041
-0.08249222
-0.0926804
-0.0985502
-0.1005896
-0.1020618
-0.1029186
-0.0993945
-0.0947658
-0.08967718
-0.08379284
-0.07692767
-0.07011221
-0.06224887
-0.05234004
-0.04126411
-0.03036296
-0.01953655
-0.01214033
-0.00821561
-0.004647751
-0.002152832
-0.00491043
-0.01241877
-0.02106683
-0.02617983
-0.02873643
-0.02996141
-0.02930241
-0.02508883
-0.01937426
-0.01431739
-0.01077898
-0.007735032
-0.004028313
0.001489156
0.006879859
0.01005705
0.01158851
0.01160675
0.01156121
0.01165739
0.01157567
0.01142734
0.01092022
0.008888329
0.00835034
0.009312024
0.01211767
0.01466859
0.01612672
0.01790063
0.01919034
0.01869519
0.01526977
0.009540209
0.005249337
0.002481093
-0.001200739
-0.005545594
-0.008345365
-0.006619622
-0.002042259
0.002749119
0.008446366
0.01395131
0.01926723
0.02465233
0.02932445
0.03002184
0.02932784
0.03108102
0.0319264
0.03125263
0.02960196
0.02713338
0.02210636
0.01451473
0.004551483
-0.003805334
-0.009075246
-0.01279476
-0.01596268
-0.01811647
-0.0196945
-0.01897357
-0.01602581
-0.009793193
-0.003111299
0.0002176343
0.001506863
0.003760548
0.007105894
0.009395626
0.009280299
0.004916446
2.45955e-05
-0.001436941
0.000567093
0.003060279
0.006983944
0.01081149
0.01530706
0.01939762
0.02401656
0.02795232
0.02881163
0.02997307
0.02724923
0.02026693
0.01116582
-2.471984e-07
-0.01402808
-0.0290346
-0.04414461
-0.05739913
-0.06838875
-0.08135474
-0.09063899
-0.0956844
-0.1016876
-0.1039217
-0.104262
-0.1078502
-0.1105655
-0.1119732
-0.1120354
-0.1121217
-0.1129395
-0.116289
-0.1207109
-0.123085
-0.1221057
-0.1175033
-0.1107282
-0.1017894
-0.09387307
-0.08785654
-0.08242332
-0.07303086
-0.06209577
-0.05403689
-0.04781199
-0.04213795
-0.03453499
-0.02622816
-0.01501568
-0.0009339882
0.01308501
0.02773095
0.0407894
0.05347319
0.06543068
0.0773142
0.08642971
0.09293102
0.09876853
0.1053535
0.1093201
0.1102746
0.1103165
0.1093987
0.1080803
0.1053228
0.1029882
0.09925744
0.09326028
0.08621539
0.07743346
0.06589243
0.05327751
0.04243533
0.03306034
0.0256794
0.02041446
0.01652859
0.01699004
0.01907482
0.01863667
0.01596372
0.01194059
0.006945503
-0.0006222541
-0.01007324
-0.01806997
-0.02385186
-0.02728729
-0.03103726
-0.03410097
-0.03591511
-0.03723978
-0.03738878
-0.03544523
-0.03311847
-0.03013754
-0.02489287
-0.01819194
-0.01068067
-0.002669491
0.007446395
0.01798031
0.02707025
0.03560598
0.0433694
0.0496538
0.05335958
0.05696256
0.06178111
0.06499043
0.06424284
0.06249926
0.06034013
0.05745933
0.05545807
0.05483557
0.05309826
0.04842706
0.04338525
0.04190985
0.04225119
0.04208363
0.04186777
0.04195893
0.04198549
0.04071001
0.03785748
0.03426138
0.03058485
0.02539572
0.01968852
0.01431472
0.008910686
0.00283578
-0.004913339
-0.01264109
-0.01890124
-0.02210578
-0.02359097
-0.02409939
-0.02371248
-0.02434996
-0.02403702
-0.02131746
-0.01548646
-0.008304654
-0.003647748
-0.002758722
-0.005050857
-0.01150445
-0.02105016
-0.03184275
-0.04340438
-0.0531711
-0.06009154
-0.06506284
-0.06887953
-0.07066155
-0.06833949
-0.06605354
-0.06479485
-0.06286755
-0.05976082
-0.05610349
-0.05208038
-0.04793107
-0.0416853
-0.03352454
-0.02412281
-0.0132504
-0.002538881
0.005884395
0.0112532
0.01525804
0.01586082
0.0156545
0.01622376
0.01570665
0.01546506
0.01580058
0.01814925
0.02100039
0.02461365
0.02848403
0.03133929
0.03336014
0.03606241
0.03956586
0.04379253
0.04898655
0.05444812
0.05945958
0.06253128
0.06320684
0.06050994
0.0574452
0.05221969
0.0450868
0.03745026
0.03126964
0.02611019
0.01878099
0.01024745
0.002732805
-0.002335851
-0.006816684
-0.01322264
-0.01734716
-0.01709067
-0.01590143
-0.01596221
-0.01637228
-0.01831945
-0.02239805
-0.02869424
-0.03605287
-0.04367044
-0.05025367
-0.05654245
-0.06051993
-0.06471959
-0.06488729
-0.05961188
-0.05229587
-0.0424056
-0.03148768
-0.02202023
-0.01455891
-0.009181009
-0.005948786
-0.005453628
-0.005922775
-0.007631735
-0.008469773
-0.008770984
-0.007518313
-0.002853496
0.003177669
0.007365233
0.01049424
0.01233778
0.01165988
0.009221676
0.00663627
0.00346222
0.0003495833
-0.001861162
-0.00406576
-0.006077415
-0.00600758
-0.007799888
-0.01130301
-0.01515372
-0.01804702
-0.02110552
-0.02435928
-0.02737381
-0.02661877
-0.02223948
-0.0193097
-0.01761146
-0.01528295
-0.01502266
-0.01743386
-0.01918785
-0.02159975
-0.02495278
-0.02817664
-0.02869641
-0.02681724
-0.02662461
-0.02396667
-0.01794024
-0.01119472
-0.006576999
-0.002572468
0.001917898
0.006715345
0.0145269
0.02367566
0.03296062
0.04288559
0.05196859
0.06033136
0.06767204
0.07091825
0.07039917
0.06589259
0.05957746
0.05227394
0.04474954
0.03823633
0.03390278
0.02984438
0.0258873
0.02108305
0.0166547
0.01243173
0.007292001
0.002102384
-0.004118131
-0.01195321
-0.02093109
-0.03077504
-0.04058718
-0.05086247
-0.06165232
-0.07236409
-0.07711281
-0.0776247
-0.07624972
-0.07232113
-0.06674395
-0.05853002
-0.04931555
-0.03972103
-0.02911105
-0.01658605
-0.002547595
0.01274764
0.02589892
0.03513426
0.04345778
0.05188983
0.05894407
0.06455633
0.06725386
0.06740569
0.06689777
0.06670923
0.0649784
0.06156803
0.05770425
0.05416002
0.0506596
0.04589605
0.04016651
0.03374129
0.02458142
0.01326226
0.001595264
-0.008561009
-0.01490511
-0.01977405
-0.02295979
-0.02339784
-0.02334978
-0.02273375
-0.02133002
-0.01965486
-0.01763663
-0.01540525
-0.01282049
-0.01021386
-0.0085748
-0.00774645
-0.009157009
-0.01200679
-0.01384468
-0.01659095
-0.02389189
-0.03072102
-0.03508367
-0.03844551
-0.04182235
-0.04583948
-0.04872484
-0.05119158
-0.05119259
-0.04858872
-0.04731632
-0.0439253
-0.03609798
-0.02451529
-0.01219613
-0.002578012
0.007060838
0.01597015
0.02292545
0.02638685
0.02861819
0.02887847
0.0287505
0.02890425
0.02928421
0.03119691
0.03308435
0.03313722
0.03145058
0.0315504
0.03152464
0.0294045
0.02862863
0.02823485
0.02669793
0.02578153
0.02540832
0.0283942
0.03284692
0.03570734
0.03713274
0.0375987
0.03758432
0.03848132
0.04084626
0.04407514
0.04496267
0.04502724
0.0460222
0.04397414
0.03901637
0.03309043
0.02497475
0.01447108
0.003895555
-0.006416575
-0.0135289
-0.01814647
-0.0204439
-0.02148022
-0.02222588
-0.02209769
-0.01931214
-0.01530006
-0.01007109
-0.004390379
0.002659902
0.007886525
0.01055606
0.01256714
0.0114034
0.008247783
0.005584412
0.002008931
-0.00127625
-0.004393862
-0.008125506
-0.01138852
-0.01335326
-0.01428186
-0.01363421
-0.01364297
-0.01336494
-0.01295543
-0.01286304
-0.01183539
-0.01138768
-0.009919605
-0.01015112
-0.01219014
-0.01369794
-0.01442121
-0.01416675
-0.0138358
-0.01396917
-0.01376831
-0.01425199
-0.0144465
-0.01265167
-0.01044649
-0.009611791
-0.009400642
-0.009363339
-0.009700421
-0.0114253
-0.01333865
-0.01689772
-0.02067775
-0.02350384
-0.02543311
-0.02646343
-0.02828882
-0.02907548
-0.02754209
-0.02613631
-0.02457005
-0.02308122
-0.0231532
-0.02428841
-0.02724519
-0.0301443
-0.0338382
-0.03802411
-0.04130078
-0.04524051
-0.05004907
-0.05411164
-0.0581012
-0.06194944
-0.06416922
-0.06548324
-0.06613046
-0.06534697
-0.06209982
-0.05638128
-0.04956877
-0.04466846
-0.04083256
-0.03511265
-0.02727725
-0.01946444
-0.01153148
-0.002739032
0.004331574
0.01117837
0.01885109
0.02480412
0.03077515
0.03629589
0.0385774
0.03882428
0.03943151
0.04009165
0.03998023
0.03996481
0.03902278
0.03620522
0.03343846
0.03191533
0.03094535
0.02816233
0.02443848
0.02118217
0.01850181
0.01558648
0.01273146
0.01034887
0.007679351
0.004001748
0.0002348967
-0.003724866
-0.008860722
-0.01222598
-0.01426359
-0.01496282
-0.01553926
-0.01523328
-0.01389918
-0.01180104
-0.008722237
-0.005919603
-0.002923862
-0.0001182955
0.001856721
0.003457838
0.004734418
0.0068444
0.006376998
0.004459503
0.005720018
0.004757881
0.003976096
0.004616945
0.005857419
0.008418966
0.01119083
0.01249471
0.01525346
0.02074207
0.02272265
0.02233887
0.0229023
0.02316359
0.02350126
0.02401273
0.02542494
0.02642617
0.02635751
0.02835761
0.03143928
0.03292712
0.03306013
0.03405209
0.03471086
0.03415332
0.0341268
0.03474664
0.03467764
0.03451507
0.03316518
0.02984071
0.02568483
0.02152284
0.01666654
0.01203177
0.008265789
0.005596149
0.003420584
0.003555033
0.003509805
0.002262321
0.001903953
0.003468269
0.004828432
0.005828112
0.006638463
0.008087102
0.009306296
0.01010779
0.01195765
0.01429584
0.01640115
0.01683426
0.0175188
0.01787951
0.01766023
0.01691024
0.01745139
0.0207367
0.02494605
0.02710938
0.02992826
0.03417624
0.03694887
0.03794004
0.03738024
0.03506939
0.03042827
0.02564869
0.02219545
0.016985
0.01134718
0.008097307
0.006769394
0.004105117
0.001695762
0.0007974053
0.001213622
0.0008857954
0.0007053136
0.00187017
0.002143376
0.001812015
0.0008403573
-0.00126817
-0.003860103
-0.007094962
-0.009976487
-0.01108519
-0.01115464
-0.01044584
-0.01008708
-0.009196806
-0.008023042
-0.005950128
-0.003577307
-0.001700617
-0.001178144
-0.002386521
-0.005203545
-0.008754351
-0.0120716
-0.0139355
-0.01599417
-0.01909748
-0.02194894
-0.02536179
-0.0284068
-0.02739643
-0.02811289
-0.02966645
-0.02867614
-0.02803268
-0.02902543
-0.02969432
-0.0299807
-0.0312607
-0.0325979
-0.03262376
-0.0331978
-0.03671289
-0.04038709
-0.04231489
-0.04355728
-0.04403689
-0.0445309
-0.04492306
-0.04460264
-0.044057
-0.04344808
-0.0422316
-0.04098574
-0.03899959
-0.03790034
-0.03818536
-0.03760945
-0.03643325
-0.03477986
-0.03152687
-0.02797229
-0.02396056
-0.02004327
-0.01531831
-0.01309316
-0.01157693
-0.009051788
-0.006849454
-0.005269513
-0.003728721
-0.003109621
-0.002634508
-0.0008423842
0.001151031
0.001940712
0.004487163
0.007659608
0.008933824
0.01130587
0.01604102
0.01776364
0.0182062
0.02002618
0.02000713
0.01786078
0.01703193
0.01737948
0.01722793
0.01581858
0.01417475
0.01275144
0.008620679
0.003682041
0.0002610619
-0.002661937
-0.0064284
-0.01054147
-0.01296198
-0.01318423
-0.01411981
-0.01529062
-0.01611156
-0.01562776
-0.01367104
-0.01329657
-0.01273526
-0.01256895
-0.01371801
-0.01462629
-0.0154628
-0.01480325
-0.01544193
-0.01673426
-0.0175774
-0.01929657
-0.02040569
-0.02169071
-0.02235185
-0.02361807
-0.02390616
-0.02264093
-0.02080514
-0.01851981
-0.01374924
-0.009609966
-0.005251457
0.0002265378
0.004215659
0.00669809
0.01030703
0.01260256
0.01251003
0.0124314
0.01275683
0.01276214
0.01267076
0.01284314
0.01471606
0.01771506
0.02126922
0.02606435
0.0282456
0.02885644
0.03075211
0.03367944
0.03569927
0.0368897
0.03608463
0.03588414
0.03619121
0.03518829
0.03571557
0.03697047
0.03875435
0.03907872
0.03873226
0.0395522
0.04205983
0.04354232
0.04381451
0.04390861
0.04479982
0.04366454
0.04072
0.03909371
0.03801163
0.03561992
0.03236832
0.02840143
0.02425652
0.01937275
0.01370926
0.008899068
0.00471011
0.0005115462
-0.003686281
-0.006949829
-0.01098968
-0.01419504
-0.01444682
-0.01549203
-0.01861147
-0.01933139
-0.01944314
-0.01830743
-0.01460503
-0.01096191
-0.007648745
-0.004902269
-0.0007634089
0.004966258
0.008998446
0.01226588
0.01595221
0.01972522
0.02336583
0.02682177
0.02982962
0.03308863
0.0343894
0.03405048
0.03406188
0.0332999
0.03025974
0.02697655
0.02327629
0.02000018
0.01642483
0.01261466
0.008871633
0.005060983
0.001317343
-0.001592388
-0.005368865
-0.009392521
-0.01475283
-0.02051803
-0.02635041
-0.03188283
-0.0363966
-0.0401445
-0.04413114
-0.04798999
-0.05086196
-0.05230694
-0.05216822
-0.0512557
-0.05138491
-0.04968243
-0.04611832
-0.04300181
-0.04039553
-0.03686209
-0.03318089
-0.02963072
-0.02636744
-0.02406286
-0.02196592
-0.01751087
-0.01227883
-0.007516758
-0.004992634
-0.002339066
0.001578916
0.003825667
0.005300999
0.007957845
0.0103634
0.01200708
0.01325988
0.01448334
0.0138378
0.01268346
0.01247133
0.01194712
0.01017015
0.007633629
0.005985259
0.00442544
0.003281068
0.001870229
0.001161084
0.001227634
0.001145502
0.001324882
0.003554048
0.006431205
0.008872923
0.01116983
0.01343563
0.01527751
0.01607331
0.01642532
0.01676228
0.01675193
0.01721433
0.01665125
0.01483881
0.01201912
0.01144814
0.0111272
0.00922944
0.006791064
0.005311403
0.005482749
0.005395779
0.005141112
0.005325005
0.005694282
0.005832538
0.00738475
0.005312259
0.001390804
-0.0008991184
-0.002579292
-0.003946379
-0.006079604
-0.008093038
-0.009785847
-0.01231843
-0.0145889
-0.01638146
-0.01923635
-0.02215796
-0.02368505
-0.02583816
-0.02803213
-0.03028514
-0.03150307
-0.03320521
-0.03389472
-0.03508136
-0.03523243
-0.03369642
-0.03236032
-0.0307967
-0.02926329
-0.02747952
-0.02571377
-0.02552765
-0.02441803
-0.02202677
-0.02083434
-0.02009239
-0.01803642
-0.01750863
-0.01661078
-0.0157963
-0.01588175
-0.012464
-0.01098787
-0.0110231
-0.01160339
-0.01273773
-0.0138926
-0.0155906
-0.01677937
-0.01837542
-0.01854631
-0.01720305
-0.01449918
-0.01306042
-0.01269004
-0.009377743
-0.005650596
-0.00376409
-0.001384082
0.001294727
0.002645711
0.003552211
0.005495107
0.006581968
0.008254201
0.009666179
0.01140341
0.01333722
0.01555915
0.01707928
0.01952474
0.02198867
0.02420646
0.02651108
0.02877086
0.03084929
0.03295035
0.03404033
0.03320469
0.03182361
0.03166501
0.03178848
0.03162889
0.03148012
0.03104877
0.0315919
0.03171061
0.03152991
0.03143746
0.02972748
0.03025748
0.03437422
0.03466864
0.03388838
0.03489777
0.03658116
0.03848556
0.040077
0.04168527
0.04307571
0.04405463
0.0458481
0.04644213
0.04441165
0.0419282
0.04181569
0.03973443
0.03639532
0.03406465
0.03364879
0.03195616
0.02966747
0.02744075
0.02537296
0.02294442
0.02066402
0.01896152
0.01650682
0.0128917
0.008514845
0.005355883
0.003077153
0.002116403
0.0003005409
-0.0002705894
-4.506654e-05
-0.0001603256
-0.0006445985
-0.002763575
-0.003479239
-0.004836309
-0.00803769
-0.01204602
-0.01460636
-0.01772146
-0.02164558
-0.02534225
-0.0300115
-0.03392054
-0.03915283
-0.04375047
-0.04443364
-0.04409165
-0.04599866
-0.04715951
-0.04706804
-0.04621647
-0.04495501
-0.04487417
-0.0452666
-0.04476261
-0.04425857
-0.04345832
-0.0428725
-0.04432289
-0.0423378
-0.03903445
-0.03662927
-0.03318404
-0.0290602
-0.02504122
-0.02119502
-0.01683868
-0.01362632
-0.009597381
-0.005868803
-0.002709666
-0.0006619416
0.0009438736
0.001458075
0.002330317
0.003518905
0.003919348
0.005117325
0.006193628
0.00820311
0.01042496
0.01198867
0.01379714
0.01514891
0.01594555
0.0174691
0.01924079
0.01931326
0.0187863
0.0164829
0.01368923
0.01154247
0.008690835
0.003935652
-0.001522167
-0.003299562
-0.004613119
-0.007172383
-0.008282616
-0.00841044
-0.007993456
-0.007473277
-0.006079802
-0.005204064
-0.00459132
-0.003165816
-0.0006224776
0.0005582117
0.0005830596
0.001917202
0.003504114
0.005473924
0.00727438
0.008013111
0.009351246
0.01003455
0.01005955
0.01133364
0.01260012
0.01178717
0.01063357
0.00977421
0.008087292
0.006448827
0.004829831
0.002972461
0.0010823
-0.000832059
-0.003201561
-0.005498718
-0.007463332
-0.009679329
-0.01116272
-0.01265025
-0.01313213
-0.01499343
-0.01617941
-0.01783331
-0.01985148
-0.02128275
-0.02210845
-0.02355051
-0.0245771
-0.02627995
-0.02637304
-0.0237903
-0.02183396
-0.02129219
-0.01955477
-0.01750477
-0.01507345
-0.0132948
-0.01160913
-0.009324886
-0.007622995
-0.004714807
-0.002409921
-0.002591118
-0.001658419
0.0002880585
0.00206442
0.002848421
0.002707633
0.003155926
0.004249092
0.005071528
0.006809406
0.00918581
0.01075562
0.01245823
0.01305439
0.01476609
0.01554811
0.01524063
0.01526583
0.01538533
0.01529711
0.0152926
0.0164634
0.01811192
0.0178913
0.01760464
0.01777884
0.01773287
0.01668833
0.01516085
0.01466732
0.01479458
0.01464801
0.01386669
0.01179206
0.01098075
0.009823851
0.006598173
0.004131753
0.003458296
0.002701532
-0.001290817
-0.003439516
-0.004725153
-0.006250951
-0.007405846
-0.008991159
-0.01104821
-0.01182976
-0.01186831
-0.01062857
-0.01154517
-0.01381573
-0.01376049
-0.0140587
-0.01587837
-0.01679001
-0.01641854
-0.01650799
-0.01632168
-0.01572356
-0.01536881
-0.01506357
-0.01559397
-0.01560712
-0.01454606
-0.01266465
-0.009509703
-0.007278919
-0.004346711
-0.001113159
0.002244774
0.004782088
0.006500898
0.008288921
0.01061052
0.01187447
0.01206105
0.01388915
0.01536209
0.01682337
0.01724955
0.01851466
0.01945981
0.01908097
0.01794064
0.01741009
0.01497792
0.01409165
0.01630564
0.01603533
0.0150413
0.01610633
0.01623348
0.01588633
0.01584556
0.01586208
0.01513076
0.0131062
0.01298778
0.01518661
0.0135997
0.01178793
0.01287696
0.01323321
0.01431315
0.01568226
0.01710531
0.0183067
0.01827416
0.01853009
0.0180499
0.01860961
0.01966981
0.02034404
0.02000429
0.02043133
0.02052939
0.02082382
0.02058054
0.02016394
0.02002167
0.01831622
0.01692095
0.01601986
0.01434501
0.01189707
0.01102371
0.009201072
0.007106793
0.00564829
0.003989978
0.002069699
-2.92315e-05
-0.002196425
-0.003939771
-0.005699234
-0.008710312
-0.01076928
-0.01062856
-0.01229241
-0.01458071
-0.01632894
-0.0167435
-0.0186151
-0.02042083
-0.02161363
-0.02328421
-0.02555368
-0.02754824
-0.0270995
-0.02856295
-0.03101339
-0.03127685
-0.03184601
-0.03332919
-0.03343427
-0.03321247
-0.03427109
-0.03586948
-0.03615837
-0.03594465
-0.03653782
-0.03763586
-0.03756124
-0.03703423
-0.03678141
-0.03590237
-0.0338708
-0.03264951
-0.03105054
-0.02960731
-0.02803451
-0.02729558
-0.02599033
-0.02587273
-0.02612775
-0.0256178
-0.02364255
-0.02284337
-0.02128818
-0.01928883
-0.01727026
-0.01549297
-0.01415486
-0.01240883
-0.01054699
-0.01016003
-0.008926339
-0.005240442
-0.002027336
0.000299689
0.002621978
0.005539139
0.008628334
0.01162104
0.01316325
0.01525275
0.01821466
0.02033333
0.02345622
0.02345031
0.02268352
0.02350169
0.02446372
0.02473644
0.02454128
0.02451571
0.02393096
0.02252168
0.0214694
0.02131497
0.01989862
0.01854711
0.01860494
0.01691699
0.01543601
0.01644448
0.01848878
0.01801472
0.01712967
0.01645352
0.01534475
0.01518758
0.01522764
0.01506084
0.01500114
0.01490443
0.01482558
0.01411094
0.01204891
0.01180217
0.01085405
0.008974575
0.008952902
0.008837368
0.007284297
0.00542099
0.004151011
0.006092661
0.006386574
0.005816019
0.004239236
0.003165868
0.003199634
0.001897046
0.001157281
0.001173886
0.001515716
0.003220982
0.005851599
0.006290286
0.005931444
0.006495874
0.008537987
0.009692264
0.01006403
0.01093147
0.01112954
0.009185623
0.007731645
0.006009112
0.004000177
0.002568513
0.0008835724
-0.0001646625
-0.001023778
-0.001267829
-0.00189458
-0.002176208
-0.002358952
-0.002335782
-0.00247017
-0.001665101
-0.0006533324
-0.000627973
-0.001528669
-0.002014125
-0.002531166
-0.002519401
-0.002294449
-0.002415589
-0.002916623
-0.003223499
-0.003042829
-0.003591078
-0.003638565
-0.003973978
-0.003903178
-0.001536784
-0.0004370174
-0.0006088555
7.857495e-05
0.001137285
0.0009640832
0.001452365
0.00397394
0.004071486
0.003397948
0.002933711
0.003282728
0.001524729
-0.001163424
-0.001982168
-0.00286657
-0.005115528
-0.005717369
-0.005476496
-0.005659194
-0.005877768
-0.005891434
-0.005891002
-0.005542989
-0.00416386
-0.003736006
-0.003034247
-0.002858521
-0.003391424
-0.003755112
-0.00462012
-0.005036185
-0.005368358
-0.004944477
-0.00351502
-0.003217254
-0.003514992
-0.003371826
-0.002782711
-0.002821729
-0.00158508
-0.000978726
-0.0009079484
-0.001001391
-0.001105142
-0.002127114
-0.002660153
-0.003109578
-0.00428162
-0.006202085
-0.004866332
-0.003376383
-0.003632114
-0.004338538
-0.004526807
-0.004415667
-0.004534748
-0.005148885
-0.006144856
-0.007217812
-0.009050114
-0.008865914
-0.008955576
-0.01184656
-0.01351035
-0.01351166
-0.01395278
-0.01400258
-0.0130162
-0.0113961
-0.009723566
-0.008108312
-0.008034456
-0.007600953
-0.005990754
-0.006019362
-0.007352369
-0.007588213
-0.006345758
-0.006049666
-0.005861574
-0.005008936
-0.003019327
-0.0006695555
0.0007251709
0.001996176
0.002772331
0.00298695
0.00342768
0.003261158
0.00212034
0.00180353
0.001958114
0.001820654
0.001570019
0.001007963
0.001125335
0.001716864
0.001439441
0.0008903821
0.002752577
0.004569394
0.005787967
0.006679231
0.006991783
0.008472998
0.008955595
0.008582766
0.009062277
0.00895665
0.008520435
0.0090309
0.007551391
0.005724066
0.00580386
0.00642259
0.006490123
0.007106986
0.008685585
0.008870465
0.008911199
0.0103205
0.01143044
0.01124845
0.01116545
0.01129946
0.01122681
0.01114848
0.01106604
0.01087804
0.008873044
0.007835772
0.008207428
0.008117517
0.007808969
0.006823659
0.006379248
0.006492003
0.005467854
0.005389644
0.005038635
0.00485876
0.004910901
0.004829301
0.004699527
0.004686311
0.004070561
0.002470043
0.0004575782
-0.0007558964
0.001480118
0.002077194
0.001423326
0.001485733
0.002483101
0.00418428
0.004966307
0.006489346
0.006813972
0.007285339
0.008767052
0.01062257
0.009911458
0.007118654
0.005443104
0.004507616
0.003043072
0.001075524
0.0004604311
0.0006664907
0.000498996
-9.01956e-05
-0.0001159715
0.0002867412
-0.000840364
-0.0009454257
-0.001561033
-0.002845797
-0.002844622
-0.003352308
-0.005487631
-0.005884168
-0.005569143
-0.005752088
-0.005941947
-0.005902974
-0.005948045
-0.005997502
-0.006023472
-0.006097447
-0.006194654
-0.006201716
-0.006277691
-0.007279227
-0.009055686
-0.009617843
-0.01158563
-0.01302056
-0.01456685
-0.01703738
-0.01769796
-0.01739495
-0.01756435
-0.01773511
-0.01772397
-0.01735685
-0.01643439
-0.01603502
-0.015231
-0.01437125
-0.01246739
-0.009708762
-0.007076895
-0.007228841
-0.005256649
-0.001994463
0.0004462341
0.002679596
0.003902711
0.005619927
0.007523714
0.008543729
0.008302487
0.008193097
0.008231925
0.008148032
0.008071656
0.008822063
0.01064792
0.01088498
0.01174671
0.01318312
0.01331662
0.01453643
0.0161754
0.01584186
0.01564385
0.01581925
0.01578044
0.01571629
0.01573369
0.01570579
0.01566135
0.01498116
0.01295496
0.01278326
0.01304594
0.01280837
0.01144535
0.009281135
0.009830419
0.01015516
0.009329306
0.0081789
0.007279387
0.006802123
0.004876662
0.003797443
0.004109323
0.003352193
0.001852282
0.003220306
0.001165772
-0.002183383
-0.003666714
-0.004572083
-0.004709815
-0.004929038
-0.006326975
-0.007707
-0.007785558
-0.009048332
-0.01091977
-0.01161589
-0.01334772
-0.01396461
-0.0153487
-0.01614119
-0.0164951
-0.01699416
-0.01916589
-0.019601
-0.01983133
-0.02135244
-0.02240926
-0.02209016
-0.02206683
-0.02222875
-0.02102327
-0.01984348
-0.01960276
-0.01960343
-0.01952849
-0.01945329
-0.01946798
-0.01950914
-0.01909143
-0.01814548
-0.01910768
-0.01969761
-0.0188322
-0.01892878
-0.01978814
-0.01982015
-0.0191574
-0.01785874
-0.01708479
-0.01571837
-0.01332663
-0.01071529
-0.00785789
-0.004377177
-0.002661307
-0.00246323
-0.0007907795
0.000874539
0.001754916
0.003065406
0.002949117
0.002707767
0.00351199
0.00495864
0.005378906
0.005090326
0.005101123
0.005700087
0.005742749
0.005321878
0.006201285
0.007302641
0.007665309
0.007474732
0.007537241
0.007628044
0.008600099
0.009628454
0.009946437
0.01130539
0.0127677
0.01343622
0.01513655
0.01569862
0.01533392
0.01537044
0.01546356
0.01534929
0.01472062
0.01354837
0.01163558
0.009552487
0.009431935
0.009534799
0.008397386
0.006401383
0.006248858
0.0064306
0.005885136
0.005242938
0.004663881
0.004412083
0.004644769
0.005565846
0.005603263
0.004901239
0.004399187
0.005478334
0.005699198
0.005888782
0.00650591
0.007140287
0.006905413
0.007669276
0.007906612
0.007726555
0.007711352
0.007740159
0.007691128
0.007660688
0.007357592
0.006789508
0.006236736
0.006079618
0.005140933
0.004189001
0.003368114
0.002313158
0.001823723
0.001904234
0.001877182
0.001328814
0.000655983
0.001037361
0.0001553439
-0.0008929121
-0.001283767
-0.001340446
-0.002564617
-0.00450531
-0.004639329
-0.006477558
-0.006903174
-0.004719317
-0.004494031
-0.005652694
-0.006426975
-0.00611268
-0.00536132
-0.005775299
-0.006030715
-0.007170052
-0.008306167
-0.006824756
-0.006512677
-0.009908169
-0.01157854
-0.01093618
-0.0110393
-0.0115467
-0.01269691
-0.01390736
-0.01406909
-0.01396326
-0.0140633
-0.01410311
-0.01407722
-0.01415123
-0.01418304
-0.01411696
-0.01409542
-0.01414349
-0.01421618
-0.01422472
-0.01354058
-0.01207468
-0.01141068
-0.01113548
-0.01057362
-0.008891089
-0.007013088
-0.006035112
-0.004605788
-0.002879034
-0.001608245
0.0002049243
0.002486679
0.004125596
0.004923802
0.006558826
0.006117877
0.005621964
0.006927847
0.008976997
0.009159335
0.008751423
0.008810827
0.00884871
0.009072034
0.01004055
0.0104469
0.01097601
0.01114152
0.01248391
0.01284557
0.01067177
0.01050719
0.01092139
0.01067787
0.01050316
0.01100412
0.01287681
0.01151396
0.01101196
0.01123011
0.01138189
0.0109841
0.01103368
0.01153188
0.01281141
0.01316616
0.0129688
0.01301633
0.01308035
0.01308985
0.01304951
0.01306353
0.0136534
0.0134999
0.01423461
0.01473563
0.01503196
0.01500237
0.0153203
0.0152478
0.01554348
0.01481152
0.01375174
0.01307005
0.0129716
0.01074295
0.009421216
0.01047391
0.01241829
0.0118977
0.01017373
0.01037416
0.0114343
0.009771877
0.009626774
0.009837368
0.009138869
0.008596037
0.0103892
0.01116302
0.008740684
0.007608758
0.007905402
0.00707817
0.00515441
0.004820045
0.004032674
0.00283445
0.0014193
0.0006000113
-0.0003429382
-0.001516228
-0.002817511
-0.003261107
-0.003526507
-0.005156467
-0.005770003
-0.005857658
-0.005840323
-0.006462472
-0.006444348
-0.007234489
-0.008297193
-0.008666322
-0.009915689
-0.01142184
-0.01168819
-0.01295582
-0.01407478
-0.01397088
-0.01492109
-0.01657482
-0.01690329
-0.01667657
-0.0176976
-0.01985363
-0.01975369
-0.01753306
-0.01681625
-0.01648526
-0.01610866
-0.01613821
-0.01564908
-0.01530393
-0.01528983
-0.01595314
-0.01560835
-0.01447317
-0.01243015
-0.01232104
-0.01343791
-0.01237756
-0.01175361
-0.01124369
-0.01096386
-0.01105368
-0.01063312
-0.01117706
-0.01137466
-0.01132742
-0.01137495
-0.01092001
-0.01039939
-0.01033124
-0.01010955
-0.0100248
-0.009107587
-0.009179223
-0.008854866
-0.00857012
-0.006997233
-0.005845424
-0.006778947
-0.007675248
-0.006752148
-0.005642066
-0.004483694
-0.003611479
-0.003135224
-0.002798614
-0.000668341
-0.0001167865
-0.0005263577
-0.0002410419
0.001068554
0.001007995
-0.0003368715
0.002014747
0.00435273
0.004405872
0.00462131
0.005500194
0.006336518
0.007143594
0.00726504
0.007067578
0.007014303
0.006916848
0.007278321
0.006802891
0.00458969
0.002820067
0.002291721
0.00202582
0.0007329618
0.0004025145
0.0005371351
0.0008960876
0.001177717
0.002270006
0.002897609
0.002556793
0.003271684
0.004604533
0.00474803
0.005010418
0.005065427
0.004992029
0.005004558
0.005020832
0.004994763
0.0049431
0.004462772
0.00455584
0.004371009
0.004311623
0.003737581
0.003057696
0.003954466
0.004873475
0.003732424
0.00317026
0.002800995
0.002783343
0.002295493
0.001624332
6.47477e-06
0.001736284
0.002665561
0.002369162
0.002447883
0.002100671
0.002012768
0.002027529
0.001904901
0.001814795
0.00180585
0.001822228
0.003669057
0.004105839
0.002184355
0.001187487
0.002436777
0.002282807
0.002675493
0.003290785
0.003284732
0.002818429
0.003177627
0.002681436
0.00247076
0.00113441
0.000995378
0.0006600333
0.0004030639
0.0004272275
0.0003732374
0.0007508495
0.001652035
0.002002712
0.002843588
0.002940869
0.004163068
0.005647814
0.005822368
0.006659704
0.007751472
0.00805046
0.007875377
0.008303908
0.008797931
0.009231014
0.009639052
0.009179323
0.008058439
0.007883306
0.006263046
0.006851393
0.007557203
0.00582844
0.004813499
0.005056395
0.004510576
0.003850294
0.003586945
0.003106211
0.002171278
0.002552508
0.002943854
0.002166178
0.0002126192
-0.0009161416
-0.0007269304
-0.0007983428
-0.001701112
-0.003669906
-0.003934916
-0.004259201
-0.006014671
-0.007113751
-0.007355281
-0.008030486
-0.009977351
-0.01020796
-0.01198632
-0.01309552
-0.01430376
-0.01474652
-0.01530185
-0.0163192
-0.01618888
-0.01593604
-0.01662488
-0.01622596
-0.01593124
-0.01522464
-0.01589908
-0.01470875
-0.01328794
-0.01255247
-0.01080024
-0.009021698
-0.007714514
-0.005796983
-0.004982067
-0.005284692
-0.004460914
-0.0006569017
-2.087581e-05
-0.0001089288
0.001974469
0.002081231
0.002223654
0.00246536
0.001776827
0.0002190644
-0.0004540038
0.0006846754
0.002366965
0.0006474957
-0.0007750878
-0.0007350623
-0.0004043917
-0.0002908472
-0.0003904443
-0.0003980132
-0.0002282951
0.001444326
0.002443195
0.002003328
0.001971911
0.002823722
0.003516743
0.003208934
0.002545607
0.002207513
0.002287056
0.002808123
0.003381146
0.00215209
0.003146923
0.004298178
0.003846471
0.003639122
0.004575206
0.00521276
0.004859094
0.004219339
0.005133795
0.005261784
0.004726666
0.003132611
0.002998055
0.003488124
0.004284693
0.003442003
0.002909043
0.005401649
0.007164944
0.006367987
0.00643857
0.008256142
0.008217109
0.007807406
0.007948504
0.007449718
0.007804794
0.008376179
0.009603147
0.01031062
0.00869473
0.008101619
0.008398028
0.009408023
0.00995863
0.01028694
0.0104224
0.009355617
0.009226661
0.009862384
0.01041809
0.009412791
0.009655935
0.009500514
0.008563752
0.009034641
0.009200305
0.007946691
0.007819951
0.008053612
0.007556972
0.006950316
0.005495241
0.004917064
0.005127557
0.004603329
0.00293952
0.001939297
0.00203664
0.0009742892
-0.0007402871
-0.001479726
-0.002303221
-0.002966056
-0.004134525
-0.005976969
-0.008156649
-0.006949073
-0.006717667
-0.007316479
-0.007777193
-0.007679678
-0.007819548
-0.007510018
-0.007475734
-0.007563562
-0.007684763
-0.007757995
-0.006925807
-0.007219284
-0.008275146
-0.009100627
-0.008790285
-0.007886234
-0.00808076
-0.008229358
-0.008030386
-0.007015461
-0.006570261
-0.005743601
-0.005511011
-0.005648618
-0.005575074
-0.005562256
-0.005592551
-0.005590906
-0.005581664
-0.005545218
-0.00552571
-0.005569583
-0.005539006
-0.005476183
-0.005514129
-0.005483302
-0.005465282
-0.004985664
-0.004575341
-0.003534877
-0.00275684
-0.002387748
-0.002033515
-0.002081065
-0.001245027
-0.000151133
-0.0003730931
-0.001851437
-0.002058526
0.0001866045
0.002014591
0.002015168
0.001837127
0.002187568
0.002381529
0.002240098
0.002547758
0.003741993
0.004342181
0.004472107
0.006472787
0.006528672
0.005558216
0.005427602
0.006392084
0.006363136
0.00603055
0.005739591
0.005497839
0.003953856
0.00291424
0.003081191
0.001669499
0.0005639624
0.0002758221
0.0005732039
0.0004695114
-0.0001699309
-0.000665881
-0.001122104
-0.002245411
-0.002975854
-0.00275019
-0.002775173
-0.003031775
-0.00333678
-0.00293861
-0.003444814
-0.004087533
-0.004157383
-0.004068197
-0.004578917
-0.004864983
-0.004711457
-0.004180941
-0.004038421
-0.003926037
-0.00433844
-0.005539412
-0.004333332
-0.002465796
-0.001808568
-0.001489332
-0.001490611
-0.000637092
-5.124742e-05
-0.0002860029
-0.0003514429
-0.000327004
7.834478e-06
0.002271692
0.003655186
0.0022463
0.001605985
0.002004387
0.002511065
0.001726291
0.00144698
0.001594339
0.001490838
0.00131494
0.001239427
0.0006382828
-0.0008908789
-0.00178285
-0.001818277
-0.002813494
-0.003054896
-0.004472761
-0.004903766
-0.004684961
-0.004824465
-0.00500943
-0.005050757
-0.004822078
-0.004616626
-0.004983693
-0.003969455
-0.003180443
-0.003577293
-0.003722122
-0.003661184
-0.003206047
-0.003264683
-0.003669313
-0.003188439
-0.002466701
-0.00308246
-0.004293406
-0.001845615
0.0004709824
0.0006367457
0.001093058
0.001653549
0.00286158
0.00282444
0.003043141
0.003643356
0.004157163
0.004191909
0.005116026
0.005438867
0.003639327
0.002328093
0.002642355
0.001986069
-0.0001647096
-0.0004899519
-0.0001434059
-0.0003799345
-0.0005854001
-0.0006098763
-0.001164197
-0.001024421
-0.0007077782
-0.001429138
-0.001330321
-0.000807715
-0.0006531787
-0.00135944
-0.001394997
-0.00133135
-0.00126683
-8.94162e-05
0.001040438
0.0009771382
0.001012025
0.002365412
0.003551674
0.003615707
0.004723598
0.005998998
0.005925381
0.006518688
0.007556854
0.007522099
0.006809572
0.00568202
0.004512119
0.005883552
0.006209029
0.00529242
0.004460705
0.003149694
0.002714841
0.002852787
0.001427299
0.0003828501
0.0001664176
0.0001490647
8.609728e-05
9.794932e-05
-0.0005735021
-0.002372538
-0.002027907
-0.001665559
-0.002060482
-0.002691027
-0.002689618
-0.002597599
-0.002191121
-0.001833995
-0.001415359
-0.002117125
-0.00234269
-0.001417617
-0.0009879948
-0.001456941
-0.001062818
-0.0008313063
-0.000779814
-0.0006520149
-0.0005319661
0.0004348063
0.0007667579
0.001512271
0.001724246
0.002059808
0.001889044
0.003173823
0.003759846
0.003829953
0.003789114
0.004985434
0.006508218
0.006215369
0.005963991
0.006062941
0.005488609
0.00628019
0.007407439
0.00721545
0.006937108
0.006033024
0.005704101
0.005801714
0.005298966
0.004652589
0.003166696
0.002772335
0.004133471
0.004113341
0.001776431
8.949486e-05
8.404271e-05
-0.0003705519
-0.001262827
-0.002508751
-0.002605243
-0.002459893
-0.002866531
-0.003211075
-0.003170765
-0.003616214
-0.003713206
-0.002042948
-0.00379693
-0.004074538
-0.003935732
-0.004399818
-0.004472689
-0.003852249
-0.003812129
-0.004617113
-0.004793757
-0.00470639
-0.00519456
-0.005378515
-0.004345308
-0.004046305
-0.003885668
-0.003926986
-0.004020239
-0.004061864
-0.004122097
-0.004121277
-0.003654741
-0.003718533
-0.004458576
-0.003749136
-0.001649939
-0.0009069155
-0.001883395
-0.0007152308
0.0008698245
-8.730574e-05
-0.001216738
-0.0009300855
-0.0008295905
-0.0009597239
1.867742e-06
0.0002234036
-0.002084449
-0.002750097
-0.001767991
-0.001941897
-0.002380962
-0.002532595
-0.001343709
9.520739e-06
0.0001074541
-5.595854e-05
0.0001166254
0.000963769
0.002140417
0.002104391
0.002216036
0.002004072
0.001683859
0.0007518759
0.0005804793
-0.0001480994
-0.0002262918
-0.0002931933
-0.001989842
-0.0028046
-0.002538564
-0.002883608
-0.004033142
-0.004680941
-0.003708402
-0.00508817
-0.005480513
-0.004368146
-0.004766222
-0.005412666
-0.005773601
-0.006236735
-0.00683303
-0.005831888
-0.003993218
-0.004379975
-0.005076686
-0.004383815
-0.004351108
-0.004068232
-0.003416312
-0.002023975
-0.001952286
-0.001781184
0.0004325645
0.0005427125
-0.001763611
-0.002556633
-0.002155827
-0.00207391
-0.001979085
-0.002515993
-0.002541359
-0.002447404
-0.002512843
-0.002328932
-0.0007407444
-0.0006649609
-0.0001432975
0.0002382581
0.0009455009
0.00248198
0.003073341
0.003004158
0.003310758
0.003367575
0.005403712
0.005785023
0.005346691
0.006226243
0.007263898
0.008076885
0.008100654
0.008002794
0.00801485
0.008005493
0.007892978
0.00775249
0.006491784
0.005345759
0.004965489
0.004134793
0.002299159
0.003911336
0.004894881
0.004259727
0.003831704
0.003817329
0.00367417
0.003389424
0.00362861
0.003542069
0.003507165
0.003325385
0.005403869
0.005372447
0.003196071
0.003238408
0.003662905
0.003890667
0.003274453
0.003123776
0.004093342
0.004349029
0.004180986
0.003012875
0.002966107
0.003173705
0.002997303
0.002933336
0.002994312
0.002920108
0.00289584
0.002999673
0.004931897
0.005897297
0.005463575
0.005487656
0.00568095
0.005602971
0.005481053
0.005480499
0.005467779
0.005410907
0.005332779
0.005307181
0.005313476
0.005122773
0.00407133
0.003207676
0.002938941
0.001430822
-0.0001623263
0.001867681
0.002387969
0.001717229
0.0006326483
-0.001028462
-0.00108508
-0.0009350009
-0.001172043
-0.001249452
-0.001249821
-0.0007593341
-3.795362e-05
-0.001179969
-0.002281764
-0.00312321
-0.003538565
-0.003035381
-0.003117614
-0.003984044
-0.004237972
-0.003735455
-0.003468208
-0.00470475
-0.005067537
-0.00478076
-0.004915603
-0.005052472
-0.005073439
-0.005233559
-0.006532563
-0.007932949
-0.007999478
-0.007844575
-0.007984824
-0.008026617
-0.007974717
-0.00797294
-0.00772036
-0.007449389
-0.008037666
-0.00805371
-0.007917356
-0.007961274
-0.007439216
-0.007535898
-0.007396843
-0.007545263
-0.00807955
-0.008388132
-0.008409274
-0.006242755
-0.005122924
-0.005611275
-0.00508228
-0.004158565
-0.002909395
-0.003030387
-0.00321965
-0.001947493
-0.0009072234
-0.0007232308
0.0004468061
0.0003084905
-0.001040797
-0.0008437227
-0.0006481435
0.000340058
0.001855379
0.001670664
0.001453661
0.001618839
0.001544874
0.001403095
0.001394315
0.001385173
0.001332331
0.001321435
0.001260435
0.001218246
0.00115998
0.001122091
0.001060293
0.0009934124
0.0009316438
0.0008704184
0.0006862701
-0.000328283
-0.001414228
-0.002167393
-0.002132081
-0.001622696
-0.0004231893
-0.0005615257
-0.0005884354
-0.0003426803
-3.380506e-05
-0.0007507174
-0.0007478269
-0.00182013
-0.004672902
-0.003284869
-0.002027613
-0.003175137
-0.00414838
-0.004303907
-0.00467952
-0.005295869
-0.005288375
-0.005396547
-0.005854196
-0.005838641
-0.005024191
-0.005260861
-0.006862999
-0.007535503
-0.006900757
-0.006103283
-0.005866799
-0.005736861
-0.005822747
-0.005882623
-0.005262186
-0.003996562
-0.003941828
-0.004112526
-0.003540587
-0.003476475
-0.003041106
-0.00216083
-0.001734022
-0.001361661
-0.001013723
-0.0005855312
0.0003404572
0.001305732
0.001503441
0.002019555
0.003530386
0.003944477
0.003980395
0.004574089
0.006516889
0.006813748
0.00655547
0.007628557
0.007698417
0.00802154
0.008898066
0.007978533
0.006613886
0.00874942
0.01081785
0.01147801
0.01125041
0.01129813
0.01141299
0.01129716
0.01176015
0.01311254
0.01276446
0.01226223
0.01392019
0.01387991
0.0114512
0.01076406
0.01130114
0.01107332
0.009732822
0.008475175
0.008790444
0.008394184
0.008091661
0.008177096
0.007739224
0.007207757
0.006705501
0.005994741
0.004012981
0.00340697
0.004124149
0.003685383
0.002052265
0.002097324
0.001671208
0.0004475777
-0.0006217298
-0.0007807042
-0.0007788858
-0.000939036
-0.001034916
-0.001030222
-0.001098322
-0.001131619
-0.00116535
-0.001224752
-0.001220875
-0.001261608
-0.001329013
-0.002001994
-0.002198175
-0.0006559492
7.364016e-05
-0.0003209976
-0.0003200289
0.0004807213
0.001174877
0.0007872884
0.0002884393
0.0003817905
-5.261235e-05
0.0001126929
0.001881039
0.0007853835
-0.001244831
-0.00195023
-6.697399e-05
0.0007319833
-0.0003236591
-0.0007539166
-0.0009543796
-0.001770083
-0.002528006
-0.001599884
-0.001393168
-0.001338218
-0.001591114
-0.001236903
-5.832278e-05
0.000482862
0.0002374637
0.0002033537
-0.0002466005
-0.0001909584
-0.0004211971
-0.0005511502
-0.001960895
-0.002718745
-0.002492501
-0.00284675
-0.004341761
-0.00501849
-0.005424694
-0.005660363
-0.006085682
-0.006212264
-0.006730942
-0.006847098
-0.007864729
-0.008974289
-0.00984161
-0.008348856
-0.006727761
-0.007654844
-0.00851817
-0.007358425
-0.007173299
-0.006995543
-0.006415684
-0.006446366
-0.005557312
-0.004068234
-0.002290902
-0.001746842
-0.002870265
-0.002330512
-0.001229821
-0.001020601
-0.001232963
-0.0006082145
-0.0001272029
0.0006823518
0.0004598083
0.0003671445
0.0008128382
0.0007667937
0.0005981482
0.00114106
0.002562805
0.003335363
0.003567492
0.004473965
0.005893892
0.005771857
0.005549262
0.006155574
0.006732311
0.0075384
0.007443738
0.006723761
0.006561793
0.007074383
0.006523286
0.006010824
0.006627135
0.006928665
0.005996508
0.005079889
0.005265982
0.003952445
0.002309319
0.004196826
0.005429817
0.004763603
0.00464538
0.004795584
0.004668597
0.004535471
0.004537315
0.004468744
0.004344691
0.004556706
0.006407073
0.005153673
0.00360211
0.0032035
0.003342686
0.002386909
0.0008148653
0.001025
0.001129205
0.0008338905
0.0005700961
-0.0004948469
-0.0009648423
-0.001103674
-0.000856085
-0.001994407
-0.00234396
-0.002113755
-0.002189048
-0.002278386
-0.002305043
-0.002332053
-0.002359925
-0.002945746
-0.003388314
-0.003237689
-0.00420639
-0.00501116
-0.004731497
-0.005115912
-0.005423725
-0.004438024
-0.003976773
-0.004708539
-0.00515462
-0.005537945
-0.005787704
-0.007806433
-0.008414276
-0.006093294
-0.005801912
-0.007767509
-0.009105675
-0.008736031
-0.008796736
-0.009232784
-0.01069458
-0.01147192
-0.01175983
-0.01124315
-0.009709192
-0.01156564
-0.01247589
-0.01193437
-0.01203049
-0.01230822
-0.01225351
-0.0122361
-0.01231469
-0.01234904
-0.01240691
-0.01243916
-0.01252459
-0.01257743
-0.01260484
-0.01265803
-0.01184114
-0.01041512
-0.01002528
-0.009952762
-0.009485259
-0.00802854
-0.007426169
-0.006382571
-0.004956241
-0.004689864
-0.003494882
-0.002373823
-0.001576059
-0.0002864049
4.517379e-05
-0.000150117
0.0008543817
0.001268071
0.00153945
0.002407168
0.002802859
0.002364017
0.001993346
0.003436246
0.005004923
0.004655669
0.005303293
0.006618732
0.006672286
0.007183583
0.007478144
0.008492332
0.008917427
0.009977094
0.01198925
0.01202576
0.009656609
0.009868178
0.01136095
0.01148742
0.01212988
0.01230267
0.01216149
0.01220396
0.01353939
0.01437647
0.01455055
0.01455629
0.01456111
0.01454321
0.01443449
0.01387963
0.01300219
0.01344807
0.0128456
0.01208191
0.01217484
0.01142593
0.01122941
0.01137281
0.01132918
0.01105401
0.0106821
0.01055223
0.009736064
0.009547299
0.00858482
0.008199625
0.008327759
0.008249987
0.00770744
0.005081955
0.002809516
0.004611237
0.005643164
0.003715488
0.00202157
0.002317943
0.002077576
0.000389432
-0.000776921
-0.0006540419
-0.001467207
-0.003232912
-0.001371445
-0.002485736
-0.004531777
-0.006085836
-0.006377287
-0.006251292
-0.006382993
-0.006475122
-0.006851887
-0.007842832
-0.009307348
-0.009321257
-0.009143974
-0.009335473
-0.009443988
-0.009390066
-0.009456388
-0.009520969
-0.009591268
-0.009683712
-0.009708225
-0.009774262
-0.00984994
-0.009947157
-0.01001053
-0.01007728
-0.01010891
-0.01019207
-0.01029368
-0.0103143
-0.01037966
-0.01040271
-0.0104384
-0.009688151
-0.008203854
-0.007690868
-0.007952479
-0.009467149
-0.009101716
-0.006973072
-0.005261144
-0.005356933
-0.005546685
-0.005035317
-0.003189056
-0.002612013
-0.002993936
-0.001602556
8.663733e-05
0.001146576
0.002378995
0.002231544
0.001038489
0.001078076
0.002719463
0.003464284
0.002137075
0.00158092
0.001448576
0.001900418
0.001846495
0.001704811
0.001732056
0.002359264
0.00378695
0.004425536
0.004183577
0.004128324
0.004147754
0.004120762
0.005069608
0.006234561
0.006481706
0.006532875
0.006530349
0.006732349
0.008481406
0.009303162
0.008872799
0.009716201
0.01130887
0.01161302
0.01134273
0.01139168
0.01143794
0.01132784
0.01127385
0.01042275
0.008862762
0.01080302
0.0114893
0.01088012
0.01086702
0.01060402
0.01048602
0.009823409
0.009898977
0.0109155
0.01081753
0.01065781
0.01207201
0.01130239
0.01018788
0.009766847
0.008998325
0.008792297
0.007715992
0.007195925
0.00631025
0.005235226
0.004460037
0.004283154
0.002377394
0.001262525
0.001395318
0.000834335
-0.0006906897
-0.001614509
-0.001590464
-0.002771878
-0.003977789
-0.00445546
-0.004392838
-0.004467811
-0.004618208
-0.005567729
-0.006517978
-0.007437038
-0.007571336
-0.007561256
-0.008068993
-0.008505383
-0.008894729
-0.009168864
-0.008848611
-0.009904917
-0.009956453
-0.01109127
-0.0122557
-0.01118678
-0.01073447
-0.0111987
-0.01124754
-0.01114085
-0.01124857
-0.01136187
-0.01136935
-0.01143566
-0.01155069
-0.01094456
-0.009028096
-0.009457375
-0.01179782
-0.01188951
-0.01046667
-0.01020228
-0.009579461
-0.009135952
-0.009241638
-0.008813998
-0.008262918
-0.007215796
-0.006478959
-0.006674064
-0.006601805
-0.00525575
-0.004502894
-0.00427345
-0.004083163
-0.003494762
-0.002077204
-0.001362717
-0.001623783
-0.00171946
-0.001698666
-0.001619559
-4.704236e-06
0.0005557152
0.0004428011
0.0007045109
0.0006645546
0.0005735674
0.0006796547
0.001547583
0.001362601
0.002351512
0.002958956
0.0005744178
0.0002289673
0.002917367
0.003247756
0.002604254
0.002804559
0.00291216
0.002731103
0.002871562
0.003601141
0.004570349
0.004390914
0.004479214
0.005250612
0.004659024
0.002328735
0.00204557
0.002416259
0.002128417
0.001937796
0.001944466
0.001933212
0.001842217
0.002604343
0.003306929
0.003260512
0.003675335
0.003727082
0.004183713
0.004350205
0.004229373
0.00424534
0.004284545
0.004211037
0.004360247
0.004871749
0.005129213
0.004716442
0.004606881
0.004106285
0.003895464
0.003929836
0.004118429
0.004511323
0.005269778
0.006141045
0.005951628
0.006166421
0.005656869
0.004782295
0.003396166
0.003647396
0.005650532
0.006179572
0.005738455
0.00576863
0.005751454
0.004244245
0.003147445
0.002969666
0.003001783
0.002834389
0.003134835
0.004937162
0.003781192
0.001831611
0.001188629
0.0009146961
-0.0002801138
-0.0005258202
-0.000416286
-0.00110703
-0.001807324
-0.002710975
-0.003183244
-0.003575046
-0.003590123
-0.00360064
-0.003153335
-0.003297475
-0.003092764
-0.002507011
-0.002460619
-0.002592664
-0.002575222
-0.002596405
-0.003553991
-0.003695696
-0.003532306
-0.00405835
-0.004074863
-0.003964271
-0.004040097
-0.004142138
-0.004150431
-0.004200344
-0.00428088
-0.00433276
-0.004412011
-0.004711241
-0.006755624
-0.006526786
-0.004385165
-0.00472387
-0.005255646
-0.00507508
-0.005100606
-0.005352359
-0.005456089
-0.004860439
-0.003107421
-0.002924594
-0.002228839
-0.0003962477
-0.001631408
-0.003813026
-0.003528512
-0.002656961
-0.002743238
-0.003406803
-0.003340756
-0.003537804
-0.003409004
-0.003114384
-0.003773402
-0.004093172
-0.003911751
-0.003919234
-0.003993856
-0.003977517
-0.003960216
-0.003986239
-0.004032304
-0.004064662
-0.004076324
-0.004074773
-0.004078571
-0.00412194
-0.004154277
-0.004183959
-0.004241116
-0.004350452
-0.004412103
-0.004474734
-0.004508492
-0.004598208
-0.004683254
-0.003946736
-0.00307166
-0.002806366
-0.004884626
-0.004591624
-0.002126167
-0.002267444
-0.002489509
-0.001247456
-0.0008481301
-0.0006802415
-0.0001386101
-4.408931e-05
-0.0001800646
-0.0002243303
0.0003907635
0.002370058
0.001800269
-0.0005898198
0.0002919139
0.002103399
0.002184763
0.001764788
0.001886566
0.002920065
0.0027298
0.00345763
0.004134213
0.004270314
0.003651008
0.004139529
0.004299327
0.00412634
0.004221402
0.006205189
0.007087093
0.006600994
0.006690594
0.007883971
0.008726511
0.009468629
0.009147752
0.009087636
0.009670054
0.009609316
0.009488566
0.009554715
0.009569983
0.008938911
0.007970996
0.008362187
0.007889321
0.007253613
0.005424124
0.004652313
0.006662188
0.006636416
0.006059632
0.006096278
0.004622477
0.003172191
0.003369628
0.003415574
0.003154026
0.00305287
0.003213152
0.005085756
0.00418195
0.001901676
0.0008364031
0.001159494
0.0008072784
6.843689e-06
-0.0004062341
-0.001354489
-0.002185485
-0.001983172
-0.002731706
-0.003278845
-0.003162129
-0.003171751
-0.00382708
-0.003830659
-0.003973714
-0.004479105
-0.004443735
-0.004903372
-0.00493011
-0.004028965
-0.004760606
-0.004260949
-0.003730628
-0.00411786
-0.00462608
-0.004021147
-0.003974777
-0.004167319
-0.004119236
-0.004070528
-0.004110864
-0.004197864
-0.004207125
-0.004156204
-0.004963571
-0.005990129
-0.003607615
-0.002553787
-0.004193296
-0.004425924
-0.003956771
-0.004095154
-0.004244389
-0.004212785
-0.004188324
-0.004210002
-0.003432635
-0.001799401
-0.003243488
-0.004257863
-0.004350077
-0.00422154
-0.003324609
-0.002962078
-0.002924421
-0.00271078
-0.002034014
-0.001927733
-0.001580916
-0.001044402
-0.0007417599
0.0001601728
0.000302292
9.143131e-05
0.0001107627
0.000614295
0.0003687373
0.001036426
0.0009535588
0.00134088
0.00184741
0.002360125
0.00220075
0.00205232
0.002084122
0.002041529
0.001903128
0.001799434
0.001718967
0.001673576
0.001654157
0.001555948
0.001509611
0.001147037
0.0003950909
0.001639243
0.003450725
0.00368469
0.003891508
0.00403111
0.0040743
0.004047238
0.004034182
0.00410498
0.004979804
0.005894637
0.007061471
0.007168749
0.006195432
0.005423724
0.006471746
0.006063329
0.004789008
0.003962985
0.004029485
0.003979208
0.003729575
0.003630622
0.003564895
0.003418465
0.003689087
0.003416844
0.002830285
0.004579501
0.005813838
0.005140094
0.004844161
0.004892837
0.004306655
0.00392735
0.003180935
0.003559675
0.003270793
0.002767305
0.00250023
0.002098467
0.001500341
0.001088764
0.001788131
0.0008151643
0.0006367576
0.0003640426
4.129853e-05
-0.0006711957
-0.002991881
-0.003676507
-0.002319139
-0.001584115
-0.002655654
-0.003001836
-0.002712504
-0.002775011
-0.002891359
-0.002930683
-0.002927737
-0.002929559
-0.002714707
-0.00149178
-0.00135696
-0.003442463
-0.004125085
-0.003528873
-0.003402446
-0.003934654
-0.003444666
-0.003354933
-0.003571887
-0.003621555
-0.003674936
-0.003795429
-0.003893966
-0.003450247
-0.0033088
-0.00313734
-0.002215315
-0.001882804
-0.001685104
-0.001746394
-0.001816267
-0.001556705
-0.0006066018
-0.0002938798
0.0004854534
0.0005582359
0.0003309181
0.0003501929
0.0006774346
0.00161777
0.002486901
0.002914459
0.002814577
0.003198293
0.003762793
0.003090714
0.002494317
0.001102235
0.003014723
0.004690401
0.004659287
0.005059026
0.005322559
0.005174393
0.005514147
0.005946158
0.005808755
0.006676896
0.007358492
0.008577874
0.008794889
0.007340714
0.007321284
0.007644204
0.0083638
0.008044978
0.007456229
0.007728428
0.007760956
0.006980605
0.006866176
0.006923517
0.007219238
0.006963614
0.006472638
0.006577648
0.006565682
0.006263944
0.00511856
0.004639168
0.004223434
0.003588902
0.003316698
0.002861291
0.002882348
0.002055801
0.0009406622
0.0002803936
0.000338424
0.0002957967
-0.0003944573
-0.000629781
-0.0007667527
-0.0007884017
-0.001212298
-0.001731969
-0.003496288
-0.003617083
-0.002415677
-0.002352481
-0.003098135
-0.003053427
-0.002908481
-0.003084675
-0.0043779
-0.004906081
-0.004666757
-0.005351897
-0.003979404
-0.003285342
-0.005721958
-0.00683997
-0.006284577
-0.005474789
-0.005269162
-0.005058848
-0.005558657
-0.005779695
-0.005762476
-0.005429052
-0.005573491
-0.00505179
-0.004663044
-0.004910391
-0.004959479
-0.004958036
-0.004922838
-0.004432811
-0.004613625
-0.00506787
-0.004327851
-0.002921991
-0.003728062
-0.003631854
-0.003173938
-0.003861684
-0.003658953
-0.003341328
-0.003755084
-0.003836036
-0.003903236
-0.003800995
-0.003907245
-0.004415355
-0.004971721
-0.004969514
-0.005974591
-0.006625425
-0.004120526
-0.003262961
-0.00445478
-0.004486972
-0.004354446
-0.004092376
-0.004217778
-0.00440825
-0.004469592
-0.004554294
-0.004402353
-0.002543402
-0.003272767
-0.005129447
-0.005171551
-0.004913788
-0.005217413
-0.005341325
-0.005303387
-0.005352462
-0.005373082
-0.005073895
-0.004993126
-0.005546026
-0.005507853
-0.005375122
-0.005400082
-0.005386822
-0.005399324
-0.004956754
-0.00399801
-0.003940718
-0.003615071
-0.003914455
-0.003028958
-0.002568519
-0.002826108
-0.002859653
-0.002336836
-0.001947456
-0.001612025
-0.001717995
-0.001172511
-0.000461446
-0.000733471
-0.0009457655
-0.0009078948
-0.001112398
-0.002833433
-0.003340024
-0.0005764304
5.625613e-05
-0.0006986952
-0.0003239507
0.0007840293
0.000634792
0.0003115393
0.0003812805
0.000328337
0.000162986
0.0009836418
0.002911129
0.002434081
0.001692496
0.002447553
0.002970288
0.00267535
0.002616293
0.003733606
0.00428806
0.005050436
0.005631671
0.005962986
0.006400043
0.007757681
0.009270093
0.008516148
0.007850379
0.008258609
0.009281043
0.009493691
0.009929746
0.01023075
0.01031774
0.01054664
0.01011271
0.008565958
0.008924696
0.009491441
0.008458215
0.00716992
0.007055686
0.006844266
0.005525402
0.00522106
0.005570873
0.004864112
0.002920798
0.0008852343
0.0009553264
0.002120318
0.001847505
0.0006610506
0.0001596562
0.0006508751
0.0006947661
4.479952e-05
0.0005721071
0.0002750023
0.0005438112
0.002120546
0.002848462
0.001100648
4.420712e-05
0.001368879
0.0009601035
0.0007359812
0.001052915
0.001509987
0.001413954
0.001356095
0.001951778
0.002327618
0.001358485
0.001865945
0.001955047
0.001755917
0.00246951
0.002080956
0.002377396
0.002428871
0.002232164
0.002100391
0.002003753
0.001862458
0.001715837
0.001577969
0.00167442
0.002040804
0.001842607
0.001672135
0.001915271
0.001531168
0.0007625313
0.001202334
0.00107205
0.000210519
-0.0004408468
-0.002444116
-0.00207107
0.000295563
0.0002262836
-0.0006680209
-0.0009768821
7.090831e-05
-0.0009070324
-0.002597318
-0.002785265
-0.002524161
-0.002673568
-0.001960247
-0.001016716
-0.002601726
-0.00397071
-0.003508763
-0.003901079
-0.004714978
-0.005045448
-0.004587586
-0.004782393
-0.00457865
-0.004584511
-0.004772759
-0.004835152
-0.004985357
-0.004976951
-0.004741694
-0.005436049
-0.005428815
-0.004414833
-0.004946855
-0.005218759
-0.005222256
-0.004914614
-0.005115824
-0.005250208
-0.005255238
-0.005320946
-0.005381256
-0.005393905
-0.005464403
-0.005478748
-0.005466997
-0.005475221
-0.005155896
-0.00517275
-0.005237156
-0.003825678
-0.004749981
-0.005803995
-0.003504924
-0.002432821
-0.003020086
-0.002996888
-0.002795803
-0.002897837
-0.002457439
-0.001072738
-0.0007895618
-0.0005635689
0.0005956409
0.002723693
0.002271495
0.001079931
0.001835554
0.001972261
0.001536617
0.001609075
0.002652798
0.002920387
0.002960571
0.002557958
0.003463902
0.003713875
0.00336176
0.003293705
0.003334498
0.00375006
0.004062469
0.003720887
0.003499411
0.00433827
0.004275702
0.004079929
0.003608232
0.0038505
0.003522491
0.002553908
0.003114293
0.003585118
0.003572148
0.003792663
0.002795963
0.002546184
0.002771209
0.002705304
0.001872286
0.0009340841
-0.0009599012
-0.0008029373
0.0005627271
0.0008617551
-0.0002430604
-0.0004065384
-0.0002059353
-0.0003665443
-0.0004908126
-0.0004961636
-0.0006099343
-0.0007337829
0.0007308102
0.001730571
-0.0005454031
-0.00166938
-0.001241301
-0.001129331
-0.001244866
-0.001806561
-0.001375399
-0.001744829
-0.001498091
-0.0005196868
-0.000199151
-0.0006842926
-0.001017469
7.939575e-05
0.0002307813
-9.356122e-05
-7.347811e-05
-9.250841e-05
-0.0001820308
4.439877e-05
0.0005720156
0.001022241
0.001466545
0.002286443
0.002163779
0.002039447
0.002452014
0.002176964
0.002165368
0.002209997
0.002649732
0.00261493
0.002498818
0.002508829
0.002513664
0.002019559
-0.0001803692
-0.0001502174
0.002261819
0.002358038
0.0009943954
0.0009714305
0.001083595
0.001050686
0.0008898903
0.001088341
0.000984439
0.0007595843
0.002028617
0.002768576
0.0004387673
-0.001417624
-0.001296808
-0.0003462249
0.0004904828
-0.0002326176
2.922485e-05
4.032619e-05
-0.0003506841
6.682108e-05
-0.0002189519
-0.001450481
-0.001548336
-0.001390854
-0.001546807
-0.00159664
-0.001549099
-0.001260583
-0.0008714024
-0.001502859
-0.001472474
-0.002129193
-0.002318448
-0.001601685
-0.001477849
-0.001695511
-0.00134087
-0.0005711204
-0.0009900655
-0.0008813494
-0.001203455
-0.001628481
-0.002001739
-0.002128753
-0.001716081
-0.002265964
-0.004780672
-0.004238998
-0.00207787
-0.002099289
-0.00306313
-0.002895694
-0.003205149
-0.003147648
-0.002382678
-0.003031774
-0.003649677
-0.003521397
-0.002171825
-0.001285014
-0.00260392
-0.002765254
-0.002516505
-0.00276822
-0.002895076
-0.00282854
-0.002804366
-0.002421893
-0.002521548
-0.002761036
-0.002983047
-0.002357657
-0.00238648
-0.002463592
-0.001019353
-0.001005011
-0.001842924
-0.001726877
-0.001453882
-0.001026001
-0.001117741
-0.00126414
-0.001005017
-0.0009853968
-0.0009205047
-0.0003469884
-0.0003821354
-0.0005454708
-0.0004949615
-0.0005431066
-0.0006070175
-0.0006853511
-0.0007897619
-0.0008917183
-0.0009799847
-0.001350941
-0.003543503
-0.003247421
-0.001136898
-0.001331884
-0.001880999
-0.001729604
-0.001731992
-0.001978187
-0.002102419
-0.0021613
-0.002270841
-0.002366017
-0.000927986
0.0001632835
-0.002031362
-0.003079326
-0.002666398
-0.002575251
-0.002023728
-0.00300219
-0.001442971
-0.0002541749
-0.000529711
-0.000952798
-0.0009418238
-0.0003903368
-0.0004588608
-0.0005460824
-0.0004659834
-0.0004856277
-0.0004905746
-0.0004508742
-0.0004250396
0.0001922479
0.0009681937
0.002344931
0.00238399
0.002198198
0.002373826
0.002450813
0.002711083
0.00313828
0.002800222
0.00282154
0.003024884
0.002819151
0.004200676
0.004718763
0.004760429
0.00425021
0.00234111
0.003848779
0.007067984
0.007360468
0.006071731
0.006764379
0.007062727
0.006666594
0.006541054
0.006473297
0.006316896
0.006215094
0.007466173
0.008815192
0.007075296
0.005373491
0.005673237
0.005708044
0.005349507
0.005320252
0.005334133
0.005196797
0.005075865
0.005023696
0.004999745
0.004921527
0.004313588
0.004266625
0.004553712
0.004118065
0.002959152
0.002899678
0.002250291
0.00214144
0.002252551
0.00221195
0.002637172
0.002576253
0.002140356
0.002231545
0.002346396
0.002286946
0.002299739
0.002247233
0.001722848
0.002220581
0.001323099
-0.0001787546
-0.0001581968
-0.000174642
-0.001311003
-0.001698999
-0.0002216758
-0.000373521
-0.001161048
-0.00107014
-0.001067088
-0.001240794
-0.001358059
-0.001473151
-0.001579554
-0.001720725
-0.001328383
-0.000494774
-0.001319156
-0.003353449
-0.003120217
-0.002439192
-0.002534172
-0.002791517
-0.002724033
-0.002753263
-0.002908743
-0.002918118
-0.002451197
-0.002569423
-0.002559071
-0.001287448
-0.001361985
-0.00181397
-0.001998207
-0.001919448
-0.002090561
-0.0030285
-0.002284974
-0.001801543
-0.00218551
-0.002608427
-0.002428937
-0.002782236
-0.00338745
-0.002770251
-0.002929286
-0.003382324
-0.00309718
-0.002653205
-0.003104508
-0.002328756
-0.002773984
-0.003096114
-0.004842724
-0.003846173
-0.002451116
-0.002638422
-0.003392599
-0.003529706
-0.002920026
-0.003260849
-0.003677725
-0.00304054
-0.002504944
-0.002421493
-0.001331501
-0.0007411289
-0.003124596
-0.004251682
-0.002428728
-0.002898749
-0.002995199
-0.002643626
-0.003340815
-0.003699186
-0.0028712
-0.002296604
-0.002686464
-0.002870797
-0.002819756
-0.00285269
-0.002745253
-0.001759806
-0.001664865
-0.001173589
-0.0004429876
-0.0005783226
-0.0007414228
-0.0003695139
0.0001122176
0.0005252128
0.000607495
0.0006276561
0.001221379
0.001372235
0.001589542
0.002058542
0.001459317
0.001825862
0.002223579
0.002123171
0.002076231
0.002086128
0.0007217953
0.001769478
0.003351136
0.003775544
0.003852042
0.003409153
0.002938087
0.003884692
0.004045799
0.003314586
0.003380141
0.003152797
0.003910962
0.004786312
0.003065081
0.00141608
0.001708063
0.001782129
0.001398952
0.001298049
0.00121984
0.001092523
0.0009831511
0.0008895593
0.0007583453
0.0005830973
0.0004845684
0.0003959374
0.0002851118
0.0001839275
7.269373e-05
-7.199399e-05
-0.0001670187
-0.0002172305
0.000149037
0.0004286729
0.0003539035
0.0007475832
0.0003342715
0.0002327244
-5.441707e-06
0.0004183766
0.0006320181
4.821232e-05
0.0005396621
0.0007367699
0.001049536
0.001049376
0.0006912481
0.0001606472
-0.0006981394
-0.0004344697
0.001721812
0.002374471
0.001923455
0.002033215
0.002203111
0.002126861
0.002060987
0.00223808
0.003273878
0.003685836
0.004475836
0.005186443
0.004576518
0.003120961
0.002946765
0.003236018
0.003889252
0.002933479
0.002427976
0.002407624
0.001720385
0.001679429
0.001689249
0.001106274
0.0004200825
0.0003709755
0.000336748
0.0001634685
5.302697e-05
-2.127417e-05
-0.0001233238
-0.0002299053
-0.0005392885
-0.001120118
-0.0009172347
-0.0009237657
-0.001529342
-0.002047386
-0.001414453
-0.001010793
-0.001505397
-0.001985253
-0.0009918494
-0.001284014
-0.002094402
-0.002996056
-0.0024722
-0.002671133
-0.004897845
-0.004044336
-0.001939981
-0.002060373
-0.003337358
-0.002663917
-0.002861991
-0.002996984
-0.002176975
-0.002783614
-0.002582722
-0.001449768
-0.0001325516
-0.0003362864
-0.001319626
-0.001219957
-0.0007170635
-0.0009131721
-0.001139398
-0.001234797
-0.001355704
-0.001535836
-0.001673814
-0.001822433
-0.001927827
-0.002060041
-0.002203294
-0.002395652
-0.002513139
-0.002449249
-0.001996234
-0.001745575
-0.002027005
-0.001584634
-0.001596837
-0.001119311
-0.0002895193
-0.00045832
-0.0006186063
-0.0005159148
-0.0005076296
-0.0003575367
-0.0001004321
-0.0003800657
0.0006461283
0.0009177605
0.0009921493
0.00183841
0.001909781
0.001574749
-0.0003063745
0.000694252
0.002667891
0.002385228
0.002088653
0.002353343
0.002397677
0.002296796
0.002230757
0.002219082
0.002191136
0.002106041
0.002497116
0.003768132
0.002058941
0.0003485806
0.0004593975
0.001476819
0.00148007
0.001083743
0.0009957026
0.0003544251
0.0002374268
0.0007863054
0.0006335377
0.0003512845
0.0003328458
0.0002268609
3.799846e-05
-4.052535e-05
-8.644121e-05
-0.0001534073
-0.0002405229
-0.0003189766
-0.0003195895
-0.0003108392
-0.0003550165
-0.0003863556
-0.0004468959
-0.0004736788
-0.0004932428
-0.0004900657
-0.0004862152
-0.0007551557
-0.0008276992
-0.0003449114
-0.0003450089
-0.0004042693
-0.000326504
-0.0003872278
-0.002225308
-0.002328346
-7.900133e-05
-0.0001674147
-0.0006485179
-0.0004007038
-0.0003150822
-0.0004314153
-0.0005251702
-0.0005174044
-0.0005700652
-0.0006101928
0.0003245368
0.001717677
-0.0003356767
-0.001321506
-0.0008214344
-0.0009304437
-0.001238098
-0.001263472
-0.001297434
-0.001008163
-0.0008674556
-0.001505149
-0.00122682
-0.0004152094
-0.00126966
-0.001194801
-0.0005243881
-0.0009897315
-0.001353438
-0.0008262492
0.000196579
-1.87812e-05
-0.0001994204
-9.330887e-05
0.0001413741
0.001200747
0.002207126
0.002165534
0.002034881
0.002635032
0.002610877
0.002663471
0.002514883
0.002834091
0.003337252
0.002744735
0.002541968
0.002413575
0.001531042
0.002582968
0.004042539
0.004158725
0.003867254
0.00391458
0.003877693
0.003653604
0.003530361
0.003485947
0.003799267
0.003294683
0.004588087
0.004978285
0.002864473
0.002279915
0.002561917
0.002316843
0.002094644
0.002078975
0.001966648
0.001785641
0.001693392
0.001611145
0.001537164
0.001490444
0.00139366
0.001323446
0.001291108
0.0006342321
-0.000343041
0.0001798731
0.0003297085
2.710527e-05
-0.0008008374
-0.0005395485
-0.00051923
-0.0008519115
-0.0007883125
-0.0006902604
-0.0007294912
-0.000714546
-0.0008451883
-0.001215524
-0.00101743
-0.001159035
-0.001197372
-0.001026487
-0.001407843
-0.002004313
-0.002684302
-0.001508769
-0.0002053562
-0.0005657901
-0.001205826
-0.001182921
-0.0005517488
-0.0002473428
-0.0001201829
-0.0003029406
0.0001905746
0.0002039686
0.0005872598
0.001914308
0.00118303
-0.0005406352
0.0002152768
0.0007053165
0.0002616422
0.0001955842
0.0002820194
0.0001714187
5.68347e-05
-1.029045e-05
-0.0003780668
-0.0004013392
9.919354e-05
0.00078298
0.0009185571
0.0001878041
0.0005815639
0.0003251803
-0.0001053943
0.0003709801
0.0002943705
6.853718e-05
0.0004949263
0.000111121
-0.0005454477
-0.0005305503
-0.0007877015
-0.0005970326
-0.0003940688
-0.0008635035
-0.001053178
-0.0009695713
-0.001025145
-0.001106966
-0.001152676
-0.001356424
-0.002580157
-0.002973341
-0.001635372
-0.001328808
-0.002263634
-0.002626243
-0.002263277
-0.002240284
-0.002901927
-0.003193248
-0.003254576
-0.003270683
-0.002540551
-0.001533445
-0.00222105
-0.00339706
-0.003304796
-0.002766106
-0.002609342
-0.002148341
-0.002053787
-0.002109457
-0.002097251
-0.002052656
-0.002034912
-0.002017216
-0.00178639
-0.001729749
-0.001626535
-0.001326498
-0.001388865
-0.001182995
-0.001378268
-0.001404354
-0.001041736
-0.001231603
-0.001052995
-0.0009034622
-0.00116178
-0.001338372
-0.001005829
-0.0008265084
-0.0009610264
-0.001457102
-0.001611658
-0.0014896
-0.001229071
-0.0008408612
-0.001107117
-0.001418015
-0.002048554
-0.001710224
-0.0009133914
-0.0004165888
-0.0006748643
-0.000895041
-0.0004133142
-0.0005193085
-0.0009555317
-0.000941581
-0.001132578
-0.001262942
-0.0004818871
-0.0003302146
-0.0009954963
-0.00142472
-0.001153552
-0.0007731174
-0.0008930498
-0.001246007
-0.001244691
-0.0008422239
-0.0009033458
-0.000977174
-0.0009115361
-0.0008826891
-0.0008903502
-0.0008627313
-0.0008281284
-0.0008042302
-0.000779081
-0.0007508599
-0.000723585
-0.0006760557
-0.0006303211
-0.0005310445
-0.000308869
-9.465067e-05
-2.296144e-05
-1.965838e-05
0.0002921879
0.0005535757
0.00045979
0.0004519576
0.0004899131
0.0004788175
0.0004825451
0.0004746967
0.000444627
0.0002950732
-0.0003574045
2.058565e-05
0.0006157652
0.0005130251
0.0002628564
0.0004616106
0.0005962332
0.0006275874
0.0005747529
0.0005421569
0.0005242546
0.0004846161
0.0006669846
0.0007980187
0.0005446745
6.340935e-05
0.0003572187
0.0006742814
0.0005692291
0.0005053263
0.0005430713
0.0005291846
0.0004945307
0.0004747451
0.0004769498
0.0006599192
0.0009585025
0.00102155
0.0009517878
0.0009501286
0.0009593629
0.0009315661
0.0008048644
0.0008885293
0.0009111853
0.0008746171
0.0008578338
0.0008544602
0.0008366452
0.0008164108
0.0008074279
0.0007919006
0.000779046
0.0009069176
0.0009541381
0.0008802198
0.0007687058
0.0006976344
0.0006371865
0.0005931298
0.0003384711
0.0004621699
0.000659147
0.0006186189
0.0004557261
0.0004508701
0.0004552818
0.0004282415
0.000452159
0.0003807228
0.0003475805
0.0003609982
0.0005371795
0.0005215305
0.0002796563
0.0002431252
0.0002756902
0.0002422558
0.0002203008
0.0002213357
0.0002149764
0.0002039457
0.0001998041
0.0001937599
0.0001890684
0.0001827322
0.0001793007
0.0001761242
0.0001723566
0.0001701715
0.0001695765
0.0001684626
0.0001671818
0.0001661252
0.0001650338
0.0001638499
0.0001645646
0.000162408
0.0001526569
0.000127912
0.0001135014
0.0001295169
0.0001527948
0.00015774
0.000151337
0.0001530356
0.0001574157
0.0001901094
0.0001947696
0.0001578355
0.0001302187
0.0001505807
0.0002106282
0.0002089242
0.0001909982
0.0001884579
0.0001835168
0.0001739216
0.0001665187
0.0001604986
0.0001540118
0.0001530775
0.0001851231
0.0001893627
0.0001383585
0.0001166545
0.0001223783
0.0001300504
0.0001331778
0.0001223892
0.0001131944
0.0001175903
0.0001103093
9.065127e-05
9.618256e-05
0.0001043743
9.688908e-05
9.241771e-05
9.056552e-05
8.165372e-05
7.69583e-05
7.853241e-05
7.151687e-05
7.589656e-05
7.633734e-05
7.932901e-05
8.128886e-05
7.718778e-05
6.801414e-05
6.224293e-05
5.675243e-05
5.185268e-05
5.129976e-05
5.029564e-05
4.716002e-05
4.527015e-05
4.30943e-05
3.968589e-05
4.081463e-05
4.259195e-05
3.501079e-05
3.646991e-05
4.295532e-05
4.145165e-05
3.770268e-05
3.719163e-05
3.653697e-05
3.491121e-05
3.451949e-05
3.350714e-05
3.21482e-05
3.285775e-05
3.327912e-05
3.221778e-05
2.932509e-05
2.550195e-05
2.465806e-05
2.452073e-05
2.388243e-05
2.272935e-05
2.25425e-05
2.240171e-05
2.122354e-05
2.009195e-05
1.917749e-05
1.821924e-05
1.724626e-05
1.638914e-05
1.559589e-05
1.479544e-05
1.399714e-05
1.326013e-05
1.258095e-05
1.192e-05
1.12841e-05
1.067593e-05
1.020037e-05
9.840003e-06
9.441177e-06
9.003957e-06
8.315089e-06
7.752781e-06
7.273305e-06
6.777843e-06
6.304292e-06
5.823613e-06
5.381044e-06
5.002898e-06
4.636868e-06
4.250327e-06
3.88167e-06
3.625265e-06
3.44947e-06
3.230273e-06
2.975492e-06
2.744753e-06
2.553172e-06
2.380194e-06
2.214703e-06
2.071569e-06
1.949531e-06
1.845105e-06
1.764553e-06
1.708645e-06
1.647491e-06
1.606291e-06
1.596243e-06
1.601886e-06
1.622915e-06
1.662477e-06
1.719356e-06
1.792629e-06
1.882556e-06
1.989008e-06
2.111626e-06
2.250058e-06
2.40452e-06
2.574796e-06
2.760691e-06
2.961899e-06
3.178228e-06
3.409495e-06
3.655557e-06
3.91627e-06
4.191511e-06
4.48105e-06
4.784733e-06
5.102406e-06
5.433905e-06
5.779063e-06
6.137715e-06
6.509697e-06
6.89484e-06
7.292977e-06
7.703938e-06
8.127552e-06
8.563648e-06
NaN
