2.451047e-05
2.450075e-05
2.448381e-05
2.447474e-05
2.444306e-05
2.439718e-05
2.442195e-05
2.436222e-05
2.428494e-05
2.433986e-05
2.426786e-05
2.415138e-05
2.413336e-05
2.411177e-05
2.417169e-05
2.41416e-05
2.416653e-05
2.413564e-05
2.371865e-05
2.40287e-05
2.415614e-05
2.347557e-05
2.370117e-05
2.378299e-05
2.356259e-05
2.292219e-05
2.268652e-05
2.348351e-05
2.299937e-05
2.256291e-05
2.294328e-05
2.325379e-05
2.307809e-05
2.230651e-05
2.213768e-05
2.20494e-05
2.187801e-05
2.267117e-05
2.275472e-05
2.175549e-05
2.264266e-05
2.178289e-05
2.255394e-05
2.391185e-05
1.888145e-05
2.08296e-05
2.27939e-05
2.0193e-05
2.395188e-05
2.257309e-05
2.149677e-05
2.245748e-05
1.964924e-05
2.106448e-05
1.92973e-05
1.941319e-05
2.280838e-05
1.991016e-05
2.030563e-05
2.029983e-05
1.811519e-05
1.76038e-05
1.56922e-05
1.776295e-05
1.988102e-05
1.941076e-05
1.642111e-05
1.522229e-05
1.900315e-05
1.556214e-05
1.599779e-05
2.257981e-05
2.138297e-05
2.079687e-05
2.131179e-05
1.850062e-05
1.803808e-05
2.011526e-05
2.002832e-05
1.861125e-05
1.163756e-05
3.714048e-06
1.363167e-05
2.373266e-05
1.850089e-05
1.582663e-05
1.858018e-05
1.607646e-05
1.281826e-05
1.37688e-05
1.99469e-05
2.156942e-05
8.350976e-06
1.302912e-05
2.111987e-05
1.110066e-05
1.650013e-05
1.401046e-05
3.976086e-06
7.364805e-06
6.547391e-06
1.436013e-05
1.857315e-05
8.642277e-06
1.768568e-05
1.856335e-05
2.405639e-06
1.202362e-05
1.028377e-05
-8.690669e-06
6.792517e-06
2.121615e-05
1.155811e-05
5.890768e-06
3.899956e-06
1.184758e-05
7.683987e-06
-2.277715e-06
1.550878e-05
7.226238e-06
-1.219983e-05
-9.55335e-06
-2.369695e-06
6.5538e-06
-1.693487e-06
1.100175e-05
1.226032e-05
-8.662824e-06
4.309925e-06
1.939798e-05
1.58182e-05
1.343821e-06
-6.525962e-06
-1.121572e-05
-2.191316e-05
-1.553574e-05
1.227468e-05
1.582632e-05
-5.389053e-06
1.502856e-06
4.2489e-06
4.186323e-06
9.606788e-06
5.171047e-07
6.478312e-06
6.562496e-06
6.910695e-06
1.138948e-05
4.166753e-06
4.503685e-06
-2.590453e-06
-6.599246e-06
-1.074005e-05
-1.775033e-05
2.614351e-06
1.64424e-05
-7.094894e-06
-2.047394e-05
-1.806112e-05
-2.182577e-05
1.391718e-05
2.483113e-05
-1.065571e-05
9.084119e-07
-1.515063e-08
-1.606637e-05
-2.202746e-05
-2.739317e-05
1.091147e-05
1.485428e-05
-4.646222e-06
-1.672168e-05
-3.38151e-05
1.212945e-05
1.771527e-05
-6.457277e-06
-9.293183e-06
-2.101247e-05
1.221862e-05
7.615337e-06
-3.780473e-07
2.318444e-06
-1.592682e-05
2.835487e-05
2.142483e-05
-2.019999e-05
-5.039738e-06
-1.065801e-06
-1.028519e-05
7.203958e-06
3.12043e-05
-1.461988e-05
-4.173927e-05
4.931622e-07
-1.618325e-05
-4.6883e-06
5.338182e-06
-5.357196e-05
-2.636661e-05
-2.118278e-06
-2.748746e-05
-2.060915e-05
-4.016832e-05
-2.099926e-05
1.485434e-05
-9.959994e-06
-6.547441e-06
-7.094016e-06
1.186978e-05
3.5358e-05
-4.182712e-06
8.210804e-06
-9.087535e-06
-2.187046e-05
3.045122e-05
-1.763985e-05
-3.372395e-05
-4.129034e-06
-2.17535e-05
-1.035655e-05
4.029692e-06
2.49696e-06
-1.451124e-05
-2.162761e-05
-2.838337e-05
-2.501542e-05
2.555641e-06
-3.191085e-05
-5.267794e-05
-3.304573e-05
-3.336576e-05
-2.799985e-05
-4.677516e-05
-6.237507e-05
-2.288596e-05
1.410112e-05
-2.997063e-06
-3.906677e-05
-6.124285e-05
-3.836133e-05
1.203309e-05
3.186947e-05
2.217455e-05
6.766648e-06
5.262887e-07
-1.219448e-05
-1.248138e-05
-3.66922e-05
-5.282493e-05
-4.922261e-06
-1.072285e-05
-2.920377e-05
-1.916176e-05
-3.026359e-05
-3.563827e-05
-3.368668e-05
-1.734796e-05
1.662909e-05
6.488133e-06
-4.463554e-05
-4.52441e-05
-3.858263e-05
-5.186566e-05
-4.899675e-05
-4.332296e-05
-5.325306e-06
-2.067571e-05
-7.610354e-05
-4.169685e-05
-2.539394e-05
-4.114639e-05
-2.386066e-05
-3.25663e-05
-3.967584e-05
-2.668522e-06
9.24807e-07
-2.953907e-05
-9.467508e-07
4.965946e-06
-3.281376e-05
-4.005926e-06
2.105586e-05
-9.65829e-06
-1.342121e-05
-5.854394e-06
-1.326475e-05
-3.152472e-05
-2.301056e-05
-1.088874e-05
-1.949435e-05
2.289607e-06
-3.551006e-05
-4.739332e-05
-1.643667e-05
-2.634038e-05
7.103819e-06
-7.924386e-06
-1.655999e-06
2.231489e-05
-2.038941e-05
-5.777443e-06
-4.410535e-05
-9.627291e-05
-3.935453e-05
-3.89469e-05
-5.135075e-05
-1.804365e-06
-4.998256e-05
-6.14558e-05
1.202048e-05
-2.57394e-05
-3.884672e-05
-3.637728e-05
-7.052599e-05
-2.419439e-05
1.313863e-06
-1.946595e-05
-3.682756e-05
-3.656572e-05
-2.566344e-05
-3.572129e-05
-2.22395e-05
8.98103e-06
-3.476152e-05
-7.719841e-05
-2.064728e-05
2.256162e-05
-1.33899e-05
-4.667979e-05
-2.451185e-05
-3.700162e-05
-6.565419e-05
-3.014834e-05
-1.592361e-05
-1.43181e-05
-2.050069e-05
-4.458585e-05
-5.426486e-05
-5.682033e-05
-4.604156e-05
-3.447037e-05
-2.445644e-05
-3.267386e-05
-3.848711e-05
-1.532173e-05
-2.14589e-05
-4.145652e-05
-2.556384e-05
-4.082608e-05
-6.884544e-05
-5.438614e-05
-4.547906e-05
-1.931527e-05
3.026421e-06
-3.732893e-06
-3.10392e-06
-9.981434e-06
-1.731602e-05
5.475124e-06
2.227631e-05
-2.013432e-05
-3.432759e-05
-1.040679e-05
-3.111177e-05
-4.908113e-05
-2.190479e-05
2.927452e-06
-5.381835e-05
-8.927703e-05
-3.5786e-05
-7.845039e-06
-1.196939e-05
1.217085e-06
1.164388e-06
-1.692279e-05
-1.327458e-05
8.825439e-06
-1.293066e-06
-6.572529e-05
-5.342418e-05
-3.854713e-05
-8.193909e-05
-3.650656e-05
-3.510977e-05
-1.95313e-05
2.368504e-05
-2.822872e-05
-3.292053e-05
-2.102176e-05
-1.772863e-05
-4.239968e-06
-1.756822e-05
-1.315618e-05
-2.622484e-05
-5.031244e-05
-5.105475e-05
-4.825751e-05
-8.741117e-06
-1.744302e-05
-7.851784e-05
-4.585277e-05
-7.782933e-06
-2.89119e-05
-4.989319e-05
-5.020879e-05
-2.229333e-05
-1.173459e-05
8.780727e-06
3.679601e-05
1.515688e-05
-2.546601e-05
-4.414219e-05
5.880105e-06
-1.076176e-05
-8.584438e-05
-1.566806e-05
-1.287039e-05
-6.487332e-05
-2.297717e-05
-2.625805e-05
-2.833579e-05
-1.174872e-05
6.981675e-06
2.145141e-05
3.189688e-06
-1.114529e-05
-4.208567e-05
-2.25959e-05
1.12824e-05
-3.171627e-05
-1.95987e-05
2.658523e-05
-7.08436e-06
-2.283603e-05
-3.244685e-05
-4.460719e-05
1.659025e-05
1.893703e-05
-4.279466e-05
-5.674116e-05
-6.758669e-05
-6.63506e-05
-4.046931e-05
-3.567326e-05
-1.97201e-05
-2.911093e-05
-5.182226e-05
-2.004033e-05
-1.220445e-05
-5.048103e-05
-6.215781e-05
-1.344894e-06
2.816161e-05
-6.005311e-06
-2.087845e-05
-2.743279e-05
-4.544486e-05
-3.635985e-05
2.290028e-05
1.926412e-05
-1.310026e-05
-6.656648e-06
-2.21936e-05
-4.837493e-05
-5.075568e-05
-2.073766e-05
-1.83795e-05
-2.547206e-05
-8.314371e-06
-9.223612e-06
-2.146624e-05
-1.887613e-06
6.747264e-06
-2.714079e-05
-2.679356e-05
-1.103934e-05
-1.842183e-05
-3.674525e-05
-1.48751e-05
4.540913e-06
-3.814913e-05
-3.265612e-05
-2.171001e-05
-2.790407e-05
2.641607e-05
8.892571e-06
-5.015904e-05
1.101819e-05
2.824935e-05
-1.30213e-05
-1.019494e-05
-6.957984e-05
-4.532424e-05
1.129398e-06
-6.897381e-05
-4.734945e-05
-4.715443e-06
-3.531612e-05
-6.527532e-05
-3.693748e-05
7.733283e-06
-9.229697e-06
-8.156413e-06
-2.126532e-05
-2.862141e-05
-3.445311e-06
-3.991182e-05
-5.17139e-05
-3.256253e-05
-2.653635e-05
-2.879603e-05
-7.161012e-05
-4.621061e-05
-1.273056e-05
-3.089569e-05
5.517599e-06
-2.262785e-05
-3.148779e-05
-2.545382e-05
-5.493152e-05
5.060049e-05
2.578496e-05
-0.0001004797
-4.916853e-05
-4.123965e-06
-5.790812e-05
-5.789372e-05
1.328334e-05
-2.183925e-05
-3.931009e-05
2.290885e-05
-1.469022e-05
-3.536714e-05
-3.523002e-05
-3.838987e-05
-1.853965e-05
-2.794069e-05
-1.51733e-05
-4.091953e-05
-4.680087e-05
-5.934323e-06
-1.800641e-05
-3.229054e-05
-2.120215e-05
1.559675e-06
-1.953158e-05
-3.444834e-05
-2.839539e-05
-4.20629e-05
-2.85193e-05
-2.908367e-05
8.019127e-06
8.514238e-06
-3.268133e-05
-1.029488e-05
-1.86583e-05
-1.142443e-05
-2.794267e-05
-5.726805e-05
-2.133166e-05
-1.337274e-05
-1.177086e-05
-2.92447e-05
-1.498218e-05
3.486746e-06
-1.316604e-05
-3.950038e-06
-3.168996e-05
-3.386058e-05
-3.973064e-05
-3.794053e-05
-9.902525e-06
-2.117401e-05
-2.100693e-05
-5.136773e-05
-1.988101e-05
3.535074e-05
-5.267523e-06
-1.514146e-05
3.311763e-06
-1.600836e-05
-7.306659e-06
-1.16696e-05
-8.048759e-05
-3.83606e-05
1.301292e-05
-3.328468e-05
-3.500191e-05
-3.675675e-05
-5.177212e-05
-7.082507e-05
-6.765684e-05
-4.160412e-05
-2.642906e-05
-2.674263e-05
-2.297682e-05
4.182729e-05
1.981673e-05
-2.683031e-05
-3.572461e-05
-8.023541e-05
-1.217218e-06
1.042239e-05
4.510398e-07
5.756918e-05
-3.211154e-05
-1.506066e-05
3.11952e-06
-7.327669e-05
-4.239574e-05
-1.019454e-05
-1.336588e-05
-5.477924e-05
-3.738117e-06
2.091855e-05
-7.995416e-05
-7.176705e-05
-6.184935e-05
-2.28681e-05
8.677648e-06
-4.006174e-05
7.913353e-06
-2.00614e-05
-6.258882e-05
-2.344822e-05
-2.017134e-05
-8.096023e-06
-1.133225e-05
1.610975e-05
5.021745e-06
-2.968953e-05
-2.423761e-05
-4.067202e-05
-2.180246e-05
-2.913647e-05
-4.13169e-05
-3.177421e-05
-4.102407e-05
-2.654144e-05
-2.282729e-05
-4.687285e-05
-5.020753e-05
-6.978372e-06
-1.397038e-05
-3.688553e-05
6.156475e-06
3.740022e-05
4.643743e-05
2.5769e-05
-2.372051e-05
-2.391158e-05
-6.848687e-06
-1.220036e-05
-1.208611e-05
-2.870166e-05
-1.339553e-05
-1.944504e-05
-5.951914e-05
-1.942115e-05
-1.842726e-05
-3.873302e-05
-2.336735e-05
-6.478706e-06
1.211841e-05
-3.12637e-05
-2.042768e-05
-2.107243e-06
-2.222508e-05
7.836613e-06
-5.268391e-05
-5.971222e-05
4.885931e-06
-2.333992e-05
-2.210895e-05
-4.078042e-05
-5.049413e-05
4.607508e-06
-1.751858e-06
-2.733686e-05
-2.357106e-05
-4.46925e-05
-5.059638e-05
-3.706062e-05
-3.893089e-05
-2.491944e-05
-3.089013e-05
-2.238044e-05
-2.142614e-05
-1.942293e-06
1.851594e-05
-4.048094e-05
-1.528042e-05
3.864555e-08
-6.014264e-05
-4.505259e-05
1.224067e-05
2.531884e-05
-2.140736e-05
-1.598093e-05
-6.937642e-06
-2.519929e-05
-3.208893e-05
-4.529965e-05
9.284409e-06
-1.195366e-05
-5.537358e-05
-7.675349e-06
-3.7278e-05
-4.528051e-05
-6.801579e-06
6.572078e-06
-2.994817e-06
-6.917368e-05
-4.898725e-05
2.595771e-05
-1.119406e-05
-4.893712e-05
1.844141e-06
1.300092e-05
-3.139205e-05
-2.45643e-05
-2.272339e-05
-5.260557e-05
-2.579628e-05
2.062815e-05
3.67663e-05
1.00767e-05
1.563034e-06
3.64608e-05
5.342622e-06
-3.937439e-05
-2.654796e-05
-3.428676e-05
-6.815394e-05
-6.284167e-05
-4.760648e-06
2.455673e-05
1.197092e-05
1.228694e-05
-1.981968e-05
-6.082883e-05
-4.740635e-05
5.165499e-07
-3.867835e-06
-4.08125e-05
-3.049454e-05
-3.176804e-05
-5.355321e-05
-7.90067e-05
-7.043189e-05
-3.133026e-05
-2.751038e-05
-2.397748e-05
-3.158426e-06
1.901077e-05
1.315202e-05
-1.6645e-05
-2.954376e-05
-1.146723e-05
-1.855676e-05
-3.645131e-05
-3.417472e-05
-3.431608e-05
-5.230213e-08
-5.454502e-06
-4.828564e-05
-3.100404e-05
-3.238452e-05
-3.244993e-05
1.759111e-05
9.955638e-06
-5.743843e-05
-4.269435e-05
-3.278835e-05
-6.634684e-05
-2.274967e-05
3.34898e-05
3.459209e-05
-1.678479e-05
-5.32371e-06
1.885261e-05
-2.176866e-05
-2.707309e-05
-6.634535e-05
-4.505964e-05
6.889991e-06
-3.327688e-05
-3.357178e-05
-9.256793e-06
-1.803643e-05
-2.032776e-05
1.578373e-05
1.457659e-06
-8.582974e-06
1.716565e-05
-5.285282e-05
-3.735083e-05
3.957533e-05
-3.402475e-05
-5.413129e-05
-7.807936e-06
-2.583283e-05
-2.095562e-05
-5.821939e-06
5.13088e-08
-2.889664e-05
-4.304305e-05
9.601884e-06
5.586919e-06
-7.82563e-06
-1.363015e-05
-4.389948e-05
-4.014786e-05
-5.051564e-05
-1.255064e-05
3.011042e-05
-1.728934e-05
-2.839581e-06
2.035065e-05
-6.901912e-06
-7.511694e-06
-3.254112e-05
-2.827176e-05
-1.29022e-05
2.20758e-07
-3.475894e-06
-4.4188e-05
5.084008e-06
2.428631e-05
-1.530601e-05
-2.730774e-05
-2.607937e-06
3.68771e-05
-9.012873e-06
-4.703283e-05
-2.376572e-05
-9.1338e-06
3.998567e-06
1.63051e-05
-4.24771e-06
-2.512776e-05
-1.562178e-05
-1.497468e-05
6.283698e-06
9.056642e-06
-3.941739e-05
-3.841541e-05
-1.553718e-05
-3.796021e-05
-4.390023e-05
-4.98292e-05
-1.928692e-06
4.81702e-05
-3.84577e-05
-6.509135e-05
-3.456815e-05
-3.447079e-05
-2.890133e-05
-3.332963e-05
9.341676e-06
3.580157e-06
-3.155713e-05
2.257513e-06
2.34366e-05
9.733414e-06
-9.33101e-06
-3.353755e-06
1.922409e-05
1.718555e-05
-2.790658e-05
-4.552371e-05
-1.071054e-05
-2.763598e-05
-8.485998e-06
4.687311e-05
-5.225269e-06
-1.852788e-05
-7.36678e-06
-2.671507e-05
-1.794906e-05
-1.533795e-05
-1.393185e-06
-1.777579e-05
-1.183674e-05
5.999401e-06
-1.318824e-05
-4.120725e-05
-8.245982e-05
-5.084902e-05
-1.90795e-05
1.20242e-07
3.562919e-05
-1.652555e-05
-4.808324e-05
-9.912151e-06
-3.086653e-05
-4.893631e-05
-9.945471e-06
3.219356e-06
5.713194e-06
-8.410462e-06
-2.632829e-05
-3.834365e-05
-5.176605e-05
1.645909e-05
4.512315e-05
-3.385409e-05
-1.972775e-05
2.144621e-05
-1.190381e-05
-4.500006e-05
-2.801938e-05
5.933908e-06
-1.788224e-05
-3.545017e-05
-9.025265e-06
2.404262e-05
2.551546e-05
-1.56686e-05
-2.512115e-05
-2.914808e-05
-7.922952e-05
-7.953336e-05
-1.423011e-05
-3.397052e-05
-6.016555e-05
-2.347619e-05
-9.808148e-06
2.058728e-06
5.516095e-06
8.385083e-06
-2.151533e-05
5.619357e-06
1.773051e-05
-5.332163e-05
-1.388466e-05
2.819188e-06
1.955076e-05
-8.386408e-06
-4.588871e-05
4.713024e-05
2.254466e-06
-5.511736e-05
-2.980963e-05
-1.012479e-05
-2.143482e-05
-3.898882e-05
4.601152e-05
4.365723e-05
8.91072e-06
9.655016e-06
-3.728095e-07
3.416739e-05
-9.250442e-06
-3.090594e-05
2.268632e-05
4.962551e-06
-5.875089e-05
-4.469264e-05
2.356442e-05
1.042457e-05
-2.288134e-05
-2.667045e-05
-1.11964e-05
-1.475905e-05
-4.648423e-05
-4.648961e-05
-2.496452e-05
6.792181e-06
-2.133753e-05
-4.442263e-05
-5.531349e-06
2.014626e-05
1.800483e-05
-2.392802e-05
-1.297328e-05
3.370057e-05
2.410875e-05
-1.119642e-05
-2.060193e-05
6.245368e-06
-7.620962e-06
-2.979048e-05
-3.255434e-05
-4.384175e-05
-4.642825e-06
2.605758e-05
8.062977e-06
-4.7681e-07
-1.102041e-06
-7.475773e-06
-2.046169e-05
-2.253956e-05
-2.785989e-05
-2.507903e-05
-8.737889e-06
-2.108864e-05
1.966466e-05
3.906441e-05
-2.445402e-05
-1.882343e-05
-1.397242e-05
-3.008484e-05
-2.882387e-05
-2.870706e-05
-2.114709e-06
-1.386745e-05
-2.175794e-05
8.299531e-06
-6.699756e-06
9.595496e-07
4.793242e-05
5.874758e-06
-3.265185e-05
-2.363645e-05
-1.968392e-05
1.416478e-05
-2.745072e-05
-5.199368e-05
-4.764265e-06
1.361265e-05
2.599088e-05
3.296458e-05
1.990418e-05
-7.770466e-06
8.094835e-06
8.358445e-07
-3.721184e-05
-1.335681e-05
3.258278e-06
-1.913242e-05
-1.378194e-05
-1.045756e-05
-2.139955e-05
2.540635e-05
2.996784e-05
9.092728e-06
1.103497e-05
-2.646006e-05
-3.127015e-05
-2.292641e-05
-2.973329e-05
-1.890166e-05
-1.446083e-05
-1.152878e-05
7.84884e-07
9.058011e-06
-1.150411e-05
-4.901322e-05
-3.859481e-05
-2.202788e-05
-3.698975e-05
-1.690402e-05
-1.399374e-05
1.071723e-05
1.038071e-05
-5.066716e-05
-2.196373e-05
-1.706772e-05
-1.5272e-05
1.041508e-05
-4.251658e-05
-2.949669e-05
-9.107012e-06
-1.807011e-05
2.00526e-05
1.031179e-05
-4.622305e-06
-2.321086e-05
-2.602995e-05
3.827198e-06
-3.530279e-05
-2.678397e-05
2.331499e-06
-9.508083e-06
9.260177e-06
1.516579e-06
1.815161e-06
-1.85283e-05
-5.565635e-05
-3.605642e-05
-4.017914e-07
5.688976e-06
-1.763328e-05
8.223051e-06
-1.02518e-06
-5.218899e-05
-2.96453e-05
6.462201e-07
-2.821971e-06
-4.400484e-06
1.355601e-05
1.085554e-05
-2.428841e-06
-4.753244e-06
2.065955e-05
2.639103e-05
-4.861249e-05
-4.301401e-05
-8.134319e-06
-1.316983e-05
8.856739e-06
-5.548944e-05
-7.131708e-05
-2.728149e-05
-1.715939e-05
-1.208003e-06
-2.123412e-05
1.397241e-05
3.848212e-06
-5.804188e-06
6.956096e-05
4.788389e-06
-6.870889e-05
-1.735799e-05
-6.591535e-06
-2.898256e-05
1.448509e-06
1.681909e-05
-2.487705e-05
-4.927822e-05
-2.484587e-05
-8.682657e-06
3.281967e-06
1.134819e-05
-2.931857e-05
-2.148776e-05
-2.021895e-05
-4.700558e-05
4.355982e-06
-1.2326e-05
-2.26102e-05
5.517074e-05
3.638241e-05
7.319611e-06
8.947936e-06
-1.253799e-05
6.118094e-06
1.770008e-05
-5.735029e-06
-1.683085e-05
-1.723404e-05
4.095503e-06
4.898883e-05
2.100449e-05
9.363496e-06
3.120312e-05
-2.269945e-06
9.138904e-06
-7.155811e-06
-2.74559e-05
-2.01241e-05
-3.919075e-05
-3.854253e-05
-2.075747e-05
1.787464e-05
-7.05539e-06
-3.011102e-05
5.653999e-07
-1.05793e-05
-2.453601e-05
-2.310592e-05
-9.891421e-06
3.307964e-06
-5.036364e-07
-5.920078e-06
1.093576e-05
4.819493e-05
3.729747e-05
6.788583e-06
9.709795e-06
7.798674e-06
-1.560142e-05
-3.080136e-05
-3.006902e-05
3.286173e-06
5.450879e-05
2.751775e-05
-3.956468e-06
1.802041e-05
3.358387e-06
-4.633756e-05
-2.761579e-05
4.204267e-05
-3.56108e-06
-1.248665e-05
1.836642e-05
-4.125631e-05
-2.792747e-05
-2.627978e-05
-3.13623e-05
-7.299578e-07
-4.446914e-05
-2.937237e-05
-1.760736e-06
-1.916222e-05
-1.524592e-05
-3.370438e-05
-8.294288e-06
3.811739e-05
1.025169e-05
-3.177493e-06
1.794277e-05
1.864699e-05
1.694658e-05
1.547583e-05
4.810718e-05
5.367982e-05
6.376319e-07
-1.179998e-06
6.474429e-06
-2.842367e-05
-4.960676e-05
-2.494318e-06
2.111895e-05
-9.867526e-06
-1.325348e-06
-3.295419e-05
-2.849302e-05
4.639298e-06
-3.402342e-05
-1.213356e-05
-4.475796e-06
-1.201308e-05
3.999956e-05
4.404832e-05
-4.616146e-07
-2.633653e-05
-2.35546e-06
2.344946e-05
4.513973e-05
3.720007e-05
5.76984e-06
5.289918e-05
6.927105e-05
2.104545e-05
2.338e-05
2.985468e-05
2.406825e-05
1.726082e-05
-7.395784e-06
2.176505e-05
6.15036e-05
4.877265e-05
6.367712e-06
-4.506358e-05
-3.199263e-05
2.610684e-05
4.466525e-05
2.015037e-05
-1.349037e-05
-2.557595e-05
-1.233027e-05
-4.401246e-06
3.508387e-05
0.0001129014
8.246136e-05
-2.520229e-07
-3.119418e-05
-8.510418e-05
-5.566751e-05
4.965672e-05
8.463859e-05
4.362465e-05
-6.470576e-05
-7.558977e-05
2.002878e-05
7.678109e-05
0.0001450664
0.0001511116
0.0001301634
0.0001423878
3.896647e-05
3.12633e-06
0.0001050789
0.0001903529
0.0002836087
0.0003423807
0.0002735088
3.996256e-05
-5.725163e-05
4.237365e-05
0.0001506088
0.000330705
0.0003172829
7.438655e-05
-0.0001209602
-0.0001394905
7.92858e-05
0.0003056509
0.0003349279
0.0001600798
1.377023e-05
1.513668e-05
-0.0001137921
-0.0002236748
-3.5158e-05
0.0002421692
0.0004229589
0.0002873933
-8.893901e-06
1.092318e-05
0.0002706133
0.0005602457
0.000573919
0.0002866363
0.0002445928
0.0004515527
0.0005316349
0.0004836776
0.0004527733
0.000472597
0.0005002118
0.0003760941
0.0001517733
0.0001882184
0.0004090594
0.0003781025
7.266633e-05
-6.331478e-05
0.0003139652
0.0008635503
0.001082659
0.0009322579
0.0005531644
0.0004353179
0.0007344367
0.0006546601
-0.0001756788
-0.00102593
-0.001165195
-0.0006740872
0.0002053479
0.001004875
0.001222029
0.001219677
0.001242037
0.00116819
0.001091015
0.001108166
0.0008401149
-3.144351e-05
-0.0006146652
-0.0002247897
0.0006297278
0.001194947
0.001005875
0.0002238158
-0.0005720006
-0.0005378322
0.0004011429
0.001031234
0.0008161405
0.0003334332
0.0004002805
0.001184904
0.001778435
0.001703934
0.001201502
0.0005627372
0.0002418105
0.0004475132
0.001043542
0.001522875
0.001282307
0.000700724
0.0005136809
0.0007831418
0.001140639
0.0009245957
-0.0002294525
-0.001577993
-0.001937392
-0.001336551
-0.0004938774
0.0001901602
0.000305297
0.0001070956
0.0001240588
0.0003244091
0.0002017549
-0.0002323164
-0.0002389445
-0.0002687031
-0.001027104
-0.001832794
-0.001643842
-0.000671792
-5.923129e-07
0.0002865461
0.0003627296
0.0003476787
0.0006124943
0.0005591993
-0.0001867096
-0.0002838657
0.001196919
0.003155112
0.004060248
0.003527027
0.002582719
0.002003801
0.0008984829
-0.001038665
-0.002570659
-0.002808665
-0.001987828
-0.001264081
-0.001041544
-0.0002679078
0.001229856
0.002389059
0.002160795
0.0001331473
-0.002556172
-0.004519745
-0.005621318
-0.006240509
-0.006191158
-0.004782421
-0.002510694
-0.0006461125
0.0001022576
-0.000763423
-0.002481406
-0.003461532
-0.003802188
-0.004359339
-0.004734616
-0.003935434
-0.002030403
9.015952e-05
0.002231033
0.004544189
0.006527165
0.007160004
0.006007055
0.003536143
0.001009805
3.444216e-05
0.0001234392
-0.0001487187
-0.0007543976
-0.0009326908
0.0002261696
0.001840124
0.001737504
-0.0003559927
-0.002748211
-0.003559354
-0.002806945
-0.002234041
-0.002414829
-0.001963735
-0.0003408621
0.0009460448
0.000850015
-0.0003080228
-0.002028187
-0.003791813
-0.004711724
-0.004324209
-0.003219695
-0.001683063
0.0003195552
0.002033652
0.002746837
0.002393805
0.001383283
0.0001815125
-0.001147471
-0.001991539
-0.001424147
0.0004393981
0.00284002
0.004690401
0.005327236
0.005489371
0.006266737
0.007439519
0.007332859
0.005129932
0.002203961
0.0004945568
0.0006396091
0.001599972
0.002158942
0.001793708
0.001122425
0.001416388
0.001902988
0.0008692605
-0.001198868
-0.002714443
-0.002872255
-0.002048738
-0.001130888
-0.0007219175
-0.001467032
-0.003096084
-0.004689649
-0.006079709
-0.006809582
-0.006370376
-0.005248413
-0.003936929
-0.001826688
0.00130792
0.0042694
0.006075654
0.006181932
0.004930962
0.003699586
0.003170443
0.003024424
0.002159966
-0.000183581
-0.0026614
-0.003192818
-0.001663708
0.0002200599
0.001053231
0.001109503
0.001185326
0.001525691
0.002451988
0.003288976
0.002805544
0.001211273
-0.0004589095
-0.0010525
-0.0006600751
-0.000831073
-0.001805182
-0.002668759
-0.003014945
-0.002829122
-0.002383215
-0.002007869
-0.001865091
-0.001922525
-0.001887199
-0.001495691
-0.001069477
-0.001103933
-0.001685821
-0.002407015
-0.002142343
-0.0005986725
0.001133348
0.00222372
0.002890583
0.003946429
0.00525974
0.006202817
0.006215033
0.004836358
0.002992911
0.001711718
0.001459116
0.002238762
0.002800286
0.002471449
0.00180224
0.001035702
0.0001129693
-0.0006844245
-0.0009604321
-0.0008202009
-0.0008172647
-0.001149226
-0.001542157
-0.001407062
0.0001170987
0.002365383
0.003488196
0.003336863
0.002523202
0.0011854
-7.292465e-05
-0.000593289
-0.0001632832
0.0005043126
0.0008148571
0.001596664
0.002801106
0.003460045
0.003736679
0.004198117
0.004697947
0.004864522
0.004366084
0.002517476
-0.0001999082
-0.002426583
-0.003557359
-0.003459069
-0.002926871
-0.002508801
-0.002017706
-0.001865549
-0.001555933
-0.0005458317
-0.0001158204
-0.0005462197
-0.000929315
-0.001106742
-0.001079241
-0.001152779
-0.00138743
-0.001384185
-0.001059563
-0.0008735011
-0.001920453
-0.004235193
-0.006567813
-0.007844859
-0.007393517
-0.005480743
-0.003311573
-0.001898672
-0.001198263
-0.0004628073
0.0005883196
0.001406696
0.001375009
0.001136001
0.001836872
0.002794273
0.00237717
0.0003902502
-0.001395062
-0.0009934233
0.001252271
0.003422491
0.004397422
0.004352444
0.003940403
0.003294932
0.002408685
0.001796863
0.001492537
0.0009610511
0.0004732694
0.0004143504
0.0007011572
0.001083475
0.0003409339
-0.002198474
-0.005345117
-0.008024241
-0.009572773
-0.009592415
-0.008840452
-0.007969907
-0.006892877
-0.005066161
-0.002335891
-0.000103873
0.0008514816
0.0009143207
0.0001402709
-0.0006873277
-0.0007501862
-0.000381891
4.210756e-05
-2.542753e-05
-0.0009830461
-0.001226174
0.0006355843
0.003290879
0.005169995
0.005489454
0.004430308
0.003264039
0.002608633
0.002545278
0.002210012
0.0009083796
-3.715413e-05
6.478918e-05
0.000769489
0.001363106
0.00106223
0.0006101122
0.0009182283
0.001729721
0.002619721
0.003014599
0.002692707
0.001890955
0.0005509402
-0.0010595
-0.002505567
-0.003836592
-0.005109479
-0.006112711
-0.006567786
-0.006451789
-0.006257923
-0.006656603
-0.007457783
-0.007746177
-0.006677695
-0.003589027
0.0009544427
0.005073558
0.007940281
0.01017725
0.0117254
0.01188369
0.01032662
0.007220215
0.00377989
0.001345374
0.0001623857
0.0002118855
0.001317403
0.002326489
0.002322613
0.001436657
-0.0001724595
-0.002036949
-0.003719108
-0.005020038
-0.00541712
-0.004885421
-0.002962485
0.0006780643
0.003983898
0.005125874
0.004629317
0.003878663
0.003918702
0.004250026
0.00355577
0.001798086
3.295867e-05
-0.0004797941
0.0004564172
0.001006994
-2.503945e-05
-0.001033612
-0.0003313016
0.001448553
0.002154489
0.001056594
8.266015e-05
0.0003950041
0.001442287
0.002538569
0.002780048
0.002012236
0.0009897567
0.000402262
0.0006087036
0.00152864
0.003065489
0.004501166
0.004518154
0.003407185
0.002784707
0.003562019
0.005100393
0.005924754
0.005272738
0.002901055
-0.0003335709
-0.002943712
-0.00457036
-0.00505795
-0.004725647
-0.003754303
-0.001811621
4.335934e-05
0.001457954
0.003481248
0.005882166
0.007426346
0.007806675
0.007934019
0.008080644
0.007851406
0.007437892
0.007233089
0.007787264
0.009111507
0.0102585
0.01026712
0.008943011
0.006674863
0.00339444
-0.0002608564
-0.003147753
-0.005295255
-0.00666679
-0.007149848
-0.00678345
-0.005699049
-0.004812509
-0.004095118
-0.002679652
-0.0008759363
0.0004048586
0.0007341998
0.0005810372
0.0004525047
0.000292084
0.0001813036
-0.0002212114
-0.001230523
-0.002375959
-0.003129376
-0.003108937
-0.003091145
-0.004511166
-0.007175336
-0.009089246
-0.00883811
-0.007308963
-0.005240654
-0.002054233
0.001835773
0.004780352
0.00584673
0.005314574
0.003800102
0.002142704
0.0006766002
-0.001087791
-0.002853073
-0.002899307
-0.0005070225
0.002685809
0.005166621
0.006311063
0.006032058
0.004985654
0.003677177
0.002229772
0.0004096195
-0.001192459
-0.001956509
-0.002766479
-0.003124758
-0.001933531
-0.0003821577
8.366313e-05
-0.0007938656
-0.00276956
-0.005869521
-0.01013502
-0.01434025
-0.01678795
-0.01664043
-0.01395707
-0.01028178
-0.007377651
-0.004995466
-0.00257804
-0.0009387951
-0.0005047521
-0.0008137391
-0.001500941
-0.001926991
-0.001156781
0.001656377
0.006384857
0.01092091
0.01313631
0.01240525
0.008897548
0.003919783
-0.0005376928
-0.00333564
-0.004020779
-0.002298293
0.001503299
0.006200459
0.01077353
0.01471471
0.01695786
0.01705318
0.01579631
0.01331571
0.009534478
0.004861579
0.0002246406
-0.003276322
-0.005556332
-0.00671234
-0.006877282
-0.006472397
-0.005568888
-0.004844975
-0.005379804
-0.006427143
-0.005875347
-0.003407111
-0.0008148113
0.0005776879
0.001281548
0.002204087
0.003257378
0.004063525
0.003433143
0.0002918976
-0.003813191
-0.006602533
-0.007531389
-0.007152032
-0.005455146
-0.00197874
0.002831183
0.00804342
0.01246137
0.0142807
0.0129434
0.01004178
0.006499887
0.002010621
-0.0028783
-0.007302661
-0.0105046
-0.01180831
-0.01131128
-0.009924764
-0.009151061
-0.009278926
-0.009001853
-0.007792088
-0.006017294
-0.003521387
-0.0001397388
0.003310898
0.005883926
0.007536639
0.008534479
0.008085451
0.00491402
-0.0001066456
-0.004233508
-0.005301042
-0.002885846
0.001004931
0.003261808
0.002933441
0.001686963
0.001083252
0.0008514759
-0.0003361168
-0.003212852
-0.007130827
-0.01032702
-0.01108772
-0.009050826
-0.005503363
-0.002293479
-3.576533e-05
0.001220491
0.001263787
0.0006266752
-0.0006943733
-0.003448105
-0.007711998
-0.01242699
-0.01538316
-0.01520223
-0.01270282
-0.009666646
-0.007697703
-0.006685332
-0.005098061
-0.00273912
-0.0002843706
0.002079412
0.004191799
0.006153511
0.008158954
0.01006377
0.0117597
0.01312264
0.01420253
0.01520104
0.01549903
0.0144245
0.0124182
0.01034106
0.008863964
0.008562377
0.009479137
0.0105802
0.01085663
0.01030677
0.009527765
0.009016707
0.008426402
0.007061258
0.004803006
0.001849544
-0.001489569
-0.005033991
-0.008755013
-0.01200001
-0.01421562
-0.01579642
-0.01743255
-0.01953366
-0.02176794
-0.02369117
-0.02513951
-0.0256121
-0.0247964
-0.02276674
-0.01976573
-0.01663503
-0.01433362
-0.01308152
-0.01230244
-0.01143852
-0.01031316
-0.008520682
-0.005633121
-0.001618326
0.002898543
0.007166118
0.01003859
0.009448066
0.005217735
-0.0008483702
-0.006817572
-0.01100818
-0.0131162
-0.01306865
-0.01092357
-0.007796619
-0.00397499
0.0005755111
0.004550222
0.006784113
0.007346595
0.0069908
0.006199911
0.004560743
0.002038882
-0.0007620085
-0.003430338
-0.005262305
-0.006390714
-0.007940026
-0.01008279
-0.01184141
-0.01228538
-0.01182646
-0.01103553
-0.009413569
-0.005961869
0.0001477111
0.008020025
0.01543563
0.0207943
0.02412048
0.02625319
0.02802945
0.0304845
0.0329246
0.03350471
0.03196902
0.02961307
0.02845162
0.02939308
0.03131542
0.03249177
0.03208835
0.03076967
0.03053939
0.03233115
0.03438705
0.03536881
0.0355546
0.03544951
0.03503305
0.03389272
0.03186032
0.02813424
0.02217862
0.0140069
0.003907249
-0.006549969
-0.01593863
-0.0230215
-0.02725405
-0.02954021
-0.02995887
-0.02885411
-0.02778545
-0.02769847
-0.02846278
-0.02897147
-0.02878907
-0.02841927
-0.02831137
-0.02888904
-0.02910828
-0.02739272
-0.02397154
-0.02038165
-0.01752732
-0.01481142
-0.01114471
-0.006232736
-0.00145693
0.001700177
0.002630948
0.001244067
-0.001576019
-0.00488291
-0.007797547
-0.009416628
-0.009038631
-0.0059617
0.0006558064
0.01002929
0.01885144
0.0248246
0.02790718
0.02895097
0.02875524
0.02845586
0.02862919
0.0281333
0.02618272
0.02251584
0.01765314
0.01261622
0.007879502
0.003599168
-0.0003637366
-0.003529276
-0.004931343
-0.004199943
-0.002713597
-0.002242495
-0.003024196
-0.004461815
-0.006338838
-0.008716445
-0.01139558
-0.01511996
-0.02121526
-0.03054922
-0.0420091
-0.05254369
-0.05997715
-0.06351149
-0.06391249
-0.06213372
-0.05832104
-0.05251638
-0.04506008
-0.0377736
-0.03274166
-0.03125547
-0.03304751
-0.03614647
-0.03787336
-0.03638439
-0.03318647
-0.0303964
-0.02828112
-0.02582456
-0.02128763
-0.01291211
-0.0001231652
0.01337517
0.02366044
0.03057777
0.03461566
0.03540277
0.03130066
0.02222191
0.01205963
0.00444971
-0.0004898279
-0.003487947
-0.005147701
-0.006355863
-0.004856835
0.002583164
0.01500294
0.02872987
0.04030096
0.04878905
0.05488963
0.05894217
0.06181016
0.06347775
0.0632441
0.06059004
0.05512041
0.04826883
0.04208289
0.03761876
0.03534592
0.03562528
0.03796453
0.0409042
0.04334921
0.04381669
0.04115897
0.03545276
0.02744989
0.0183285
0.008522148
-0.001380189
-0.009867707
-0.01585393
-0.01881099
-0.01863725
-0.01643638
-0.01406742
-0.01301938
-0.01381302
-0.01549421
-0.0161995
-0.01456826
-0.01032068
-0.00383854
0.002900887
0.006752022
0.005890306
0.0008882354
-0.005930216
-0.01362867
-0.02280845
-0.03314396
-0.04290856
-0.04932164
-0.05007628
-0.04452552
-0.03457912
-0.02325685
-0.01280984
-0.004624489
0.001326739
0.004220315
0.002269209
-0.004083441
-0.011795
-0.01701163
-0.01748577
-0.01298786
-0.004848068
0.004516291
0.01277044
0.01821723
0.01983674
0.01789093
0.0152255
0.01501042
0.01749633
0.02074297
0.02261559
0.0222837
0.02019361
0.0172868
0.01482138
0.01403981
0.01518018
0.01700381
0.01822534
0.01825683
0.01693221
0.01480189
0.01315717
0.01332092
0.01543316
0.01846029
0.02092245
0.02086807
0.01648202
0.007234141
-0.006824352
-0.02516883
-0.04542939
-0.06483492
-0.08152907
-0.09448943
-0.1030711
-0.1066257
-0.1062123
-0.1038764
-0.1010237
-0.09868209
-0.0967178
-0.09392719
-0.08970208
-0.08397225
-0.07638107
-0.06758767
-0.05834115
-0.0490769
-0.04112772
-0.03435255
-0.02814656
-0.02276767
-0.01861066
-0.01615783
-0.01524839
-0.0152838
-0.0141504
-0.009033582
0.001441534
0.01678798
0.03495197
0.05352382
0.0696435
0.08081704
0.08548939
0.08333939
0.07612652
0.06648261
0.05750748
0.05167078
0.04884739
0.04667037
0.04183513
0.03253161
0.01981566
0.00601399
-0.006631588
-0.01584843
-0.01983553
-0.01787862
-0.01035338
0.0006827327
0.01272168
0.02380363
0.03255646
0.03890209
0.04386421
0.04891022
0.0543342
0.05994373
0.06518575
0.0680066
0.06599894
0.05831464
0.04788395
0.03812562
0.03056813
0.02643128
0.02509435
0.02409553
0.02157227
0.01833074
0.01621296
0.01507675
0.01340526
0.009754392
0.003730813
-0.004100217
-0.01179244
-0.01677222
-0.01863607
-0.01926211
-0.02147539
-0.02667147
-0.03440315
-0.04412943
-0.05540757
-0.06697217
-0.07624801
-0.08178256
-0.083145
-0.07973091
-0.07117554
-0.05772163
-0.04186586
-0.02757899
-0.01891299
-0.01723344
-0.02008219
-0.02436046
-0.0279221
-0.03029056
-0.03224266
-0.03579371
-0.04240891
-0.05095365
-0.05875197
-0.06250829
-0.06097536
-0.05459081
-0.04451129
-0.03225042
-0.01776006
-0.001414273
0.01586648
0.03268832
0.04805186
0.06305684
0.07712293
0.08811935
0.09410684
0.09316403
0.0845426
0.06867285
0.04789533
0.02692425
0.009921565
-0.002347332
-0.01168369
-0.01964526
-0.02590475
-0.02954559
-0.03093843
-0.03168783
-0.0330058
-0.03328509
-0.02822313
-0.01508306
0.003850219
0.02350219
0.03984265
0.0501955
0.05307863
0.04807655
0.0348211
0.01548128
-0.005069322
-0.02235929
-0.0326285
-0.03489942
-0.03122518
-0.02369058
-0.01452389
-0.007761789
-0.006332788
-0.009646115
-0.0156209
-0.02076658
-0.02249142
-0.02039552
-0.01454896
-0.004253031
0.01141953
0.02980266
0.04646889
0.05784599
0.06254368
0.06187764
0.05681607
0.04930424
0.04103677
0.0325351
0.02595217
0.02408884
0.02897857
0.03869398
0.04856467
0.05584811
0.06021991
0.06263536
0.06352832
0.06301857
0.06081717
0.05704365
0.05283651
0.0487689
0.04513599
0.04116297
0.03607652
0.03052052
0.02570531
0.02318994
0.02273703
0.02196325
0.01844886
0.01105371
0.001384189
-0.00775104
-0.01522348
-0.02129883
-0.02736774
-0.03421793
-0.04108916
-0.04795576
-0.05462159
-0.06083597
-0.06667827
-0.07140527
-0.07459812
-0.07625758
-0.07701267
-0.07747548
-0.0771989
-0.07649229
-0.0765554
-0.07756449
-0.07754976
-0.07352702
-0.06443732
-0.05143772
-0.03688753
-0.02294585
-0.01057528
-0.0002378856
0.007443172
0.01101562
0.0103439
0.007552778
0.004824698
0.003874988
0.004314233
0.004752517
0.005282304
0.007185257
0.01070599
0.01376851
0.01539132
0.0158861
0.01588354
0.01577967
0.0151247
0.01437446
0.01316654
0.01147523
0.01107824
0.01339758
0.01892026
0.02646082
0.034384
0.04051015
0.04207537
0.03797845
0.0294935
0.01980261
0.01116079
0.004018954
-0.00205551
-0.007397997
-0.01081329
-0.01189356
-0.0116967
-0.01096855
-0.01005506
-0.009032614
-0.00777666
-0.005703518
-0.00276689
0.0006554919
0.004000692
0.006646645
0.009389005
0.01244903
0.01495506
0.01555093
0.01326598
0.008657926
0.002130563
-0.005491087
-0.01337164
-0.02081821
-0.02684879
-0.03094173
-0.0327191
-0.03261196
-0.03044573
-0.02614165
-0.02075679
-0.01554024
-0.0121213
-0.01052963
-0.009959483
-0.009631999
-0.008143567
-0.004868763
0.0003798896
0.006969414
0.01394008
0.02116998
0.0275538
0.03161173
0.03258323
0.03054294
0.02659024
0.02170415
0.01735293
0.01468342
0.01340368
0.01283916
0.01225856
0.01129595
0.009428563
0.006325539
0.002369943
-0.001755857
-0.005179367
-0.008098509
-0.01105334
-0.01409802
-0.01694482
-0.0190874
-0.0209512
-0.02167869
-0.01970735
-0.01536824
-0.009897413
-0.00446353
0.0006029333
0.004680314
0.006891866
0.006777241
0.004304115
0.0004095584
-0.004191947
-0.008565251
-0.01167322
-0.01287792
-0.01193923
-0.009486137
-0.005692065
-0.001026087
0.00404246
0.009484047
0.01480508
0.02053191
0.0268727
0.03323141
0.03944444
0.04502671
0.04914008
0.05101655
0.05030507
0.04694256
0.04167679
0.03584592
0.03072329
0.02737947
0.02614415
0.0269245
0.02941434
0.03286283
0.03576013
0.03687173
0.03575706
0.03283784
0.02983416
0.02779328
0.02724261
0.0286248
0.03127199
0.03425177
0.03628017
0.03610501
0.0335684
0.0291882
0.02335124
0.016196
0.007938167
-0.001206329
-0.01037392
-0.01797573
-0.02299312
-0.02449454
-0.02195111
-0.01680722
-0.01104973
-0.006033145
-0.002539223
-0.001069762
-0.002059434
-0.005138459
-0.009595708
-0.01486925
-0.02048979
-0.02571784
-0.0301728
-0.03415137
-0.03728401
-0.03911865
-0.03937515
-0.03832704
-0.03645192
-0.03347485
-0.02945423
-0.02476491
-0.02011553
-0.01580743
-0.01178668
-0.008757846
-0.007052583
-0.006486239
-0.007024716
-0.008500886
-0.01017468
-0.01103262
-0.01003762
-0.006805411
-0.001493379
0.005452605
0.01295417
0.02069109
0.02810461
0.03442078
0.03910877
0.04091305
0.03970609
0.03601802
0.03043872
0.02340583
0.01480282
0.005314281
-0.004316751
-0.01328693
-0.02079246
-0.02640498
-0.02976017
-0.03141569
-0.03188265
-0.03149473
-0.03047638
-0.02848038
-0.02559546
-0.02210846
-0.01871287
-0.01601138
-0.01428281
-0.01374589
-0.01387694
-0.01449648
-0.01551139
-0.01668948
-0.0182864
-0.02003977
-0.02124827
-0.02123922
-0.01949448
-0.01577169
-0.009375245
-0.0002163321
0.01014525
0.02032688
0.02921147
0.03579379
0.03990305
0.04160707
0.04170649
0.04115321
0.04018968
0.03916389
0.03833472
0.03744147
0.03600553
0.03419893
0.03265504
0.03157615
0.03064275
0.02904365
0.02649485
0.0234585
0.02027975
0.01738971
0.01540121
0.01478192
0.01569793
0.01783627
0.0202707
0.02209252
0.02311593
0.02348241
0.02299744
0.02106675
0.01720555
0.01139541
0.004182952
-0.003803004
-0.01183421
-0.01890612
-0.02477456
-0.02944768
-0.03265384
-0.0342996
-0.03465234
-0.03455512
-0.03446732
-0.03431601
-0.03416343
-0.03392135
-0.0335952
-0.03355248
-0.03399679
-0.03479413
-0.0354338
-0.03541328
-0.03454284
-0.0329483
-0.03115192
-0.02945718
-0.02844119
-0.02851689
-0.02957527
-0.03169094
-0.03489229
-0.03945079
-0.04469405
-0.04967995
-0.0539623
-0.05683278
-0.05812335
-0.05747325
-0.0550084
-0.0514476
-0.047162
-0.04242892
-0.03678331
-0.02961536
-0.02086933
-0.01140801
-0.002779912
0.004080786
0.009171282
0.01296544
0.01602621
0.01914495
0.02284495
0.02705011
0.03133662
0.03487426
0.03720461
0.03857436
0.03923843
0.0392968
0.03899416
0.0382111
0.0366878
0.03491875
0.03321451
0.03157931
0.02987017
0.02812645
0.02738679
0.02826546
0.030589
0.03342178
0.03528105
0.03569068
0.03473093
0.03279092
0.03079456
0.02952334
0.0289823
0.02880143
0.02903749
0.02942987
0.02952419
0.02915978
0.02851347
0.02826428
0.02874169
0.02975702
0.03078542
0.03117354
0.03044988
0.02786879
0.0228701
0.01612894
0.009338216
0.003797473
-0.0001647423
-0.00264616
-0.004159789
-0.005019088
-0.004965555
-0.003954679
-0.002208603
-0.0006280883
-0.0002364397
-0.0009552759
-0.002308563
-0.003941299
-0.005486984
-0.00701962
-0.008983561
-0.01109443
-0.01276376
-0.01358283
-0.0132403
-0.01238595
-0.01174097
-0.01169243
-0.01236058
-0.01334411
-0.01489286
-0.01743664
-0.02102106
-0.02554783
-0.03039051
-0.03474865
-0.03793783
-0.03960562
-0.03973019
-0.03851734
-0.03674926
-0.03505196
-0.03361958
-0.03258872
-0.03189913
-0.03181472
-0.03242851
-0.03321049
-0.03394302
-0.03464786
-0.03518713
-0.03534617
-0.03504528
-0.03412931
-0.03232163
-0.02984717
-0.02747544
-0.02625046
-0.02670119
-0.02822151
-0.02964656
-0.0300331
-0.02921525
-0.02744312
-0.02485237
-0.02187748
-0.01904092
-0.01626388
-0.01312579
-0.00949686
-0.005881327
-0.002862502
-0.0004066511
0.001991788
0.004668874
0.007532712
0.01048506
0.01330211
0.01588737
0.01836571
0.0206671
0.02262069
0.02406216
0.02508769
0.02543726
0.02463364
0.02260125
0.01937405
0.0150088
0.009533497
0.003585651
-0.001926663
-0.006309289
-0.008931612
-0.009902553
-0.009668149
-0.009005742
-0.00891148
-0.00973905
-0.01150205
-0.01371928
-0.01553815
-0.01650579
-0.01650817
-0.01539809
-0.01306114
-0.009467991
-0.0045221
0.001250148
0.006601021
0.01053583
0.01279419
0.01401013
0.01506283
0.01668299
0.01951631
0.02351915
0.02811743
0.0325038
0.03600571
0.03841726
0.03982718
0.04099606
0.0424364
0.04363791
0.04399479
0.04304164
0.04102596
0.03896959
0.0378453
0.03855946
0.04109404
0.04458958
0.04835828
0.05151503
0.05343567
0.054026
0.053295
0.05096798
0.04671766
0.04121378
0.03543124
0.03006444
0.02546979
0.0220462
0.02009355
0.01879507
0.01745439
0.0155027
0.01245542
0.008364279
0.003246984
-0.002299047
-0.008058904
-0.0141125
-0.02019782
-0.02636623
-0.03205704
-0.03650528
-0.03931154
-0.04045256
-0.04044773
-0.03973295
-0.03869864
-0.03737286
-0.03590144
-0.03507988
-0.03540176
-0.03655677
-0.03761196
-0.03778481
-0.03654661
-0.03375967
-0.03001771
-0.02607487
-0.02242317
-0.01889155
-0.01528123
-0.01184055
-0.008526417
-0.005329284
-0.002234722
0.0008720626
0.003849741
0.006621702
0.009159312
0.01179176
0.0148861
0.01837452
0.02190047
0.0249348
0.02726664
0.0285283
0.02821128
0.02632658
0.02333856
0.01983475
0.01635994
0.01378024
0.01253006
0.01235679
0.0127927
0.01315115
0.01320079
0.01254271
0.01079616
0.008058656
0.004207657
-0.0004223372
-0.005408994
-0.010136
-0.01401548
-0.01721157
-0.01961142
-0.02096593
-0.02100267
-0.01994186
-0.01859954
-0.01754051
-0.01699762
-0.01645474
-0.01548046
-0.01393295
-0.01169427
-0.009199647
-0.006835312
-0.004864395
-0.003690323
-0.003678842
-0.004771133
-0.006226233
-0.007021697
-0.006427988
-0.004457022
-0.001448085
0.002235993
0.006101652
0.009726179
0.01265463
0.01446263
0.01472718
0.01318269
0.01036428
0.007328758
0.005166714
0.004407986
0.004977612
0.006550626
0.008267018
0.009400035
0.009516942
0.008512622
0.006776498
0.00478757
0.003016424
0.001496394
0.0003941498
6.659197e-05
0.0005934194
0.001773688
0.002884716
0.003421613
0.003194689
0.002162261
0.0003290916
-0.002211643
-0.005027054
-0.007837566
-0.009895556
-0.01067433
-0.01059215
-0.01004711
-0.009597711
-0.009481114
-0.009445015
-0.009277443
-0.008846841
-0.008115814
-0.007449516
-0.007229194
-0.007086479
-0.006868659
-0.006468704
-0.006064714
-0.006050761
-0.006055597
-0.00586384
-0.004978719
-0.003227357
-0.001103167
0.00125483
0.003656519
0.006083696
0.008349532
0.01005708
0.01073272
0.01000029
0.008632952
0.007672302
0.007670545
0.008476618
0.009051454
0.008800378
0.008184397
0.008168127
0.009079977
0.01055557
0.01191539
0.01214538
0.01092083
0.008319031
0.00459628
0.0003861443
-0.003614878
-0.006980807
-0.009823222
-0.01230075
-0.01486828
-0.01796062
-0.02189554
-0.02684808
-0.03240846
-0.03814843
-0.04353256
-0.04817472
-0.05179225
-0.0542307
-0.05572638
-0.05662395
-0.05749338
-0.05857383
-0.05967775
-0.06039331
-0.06052492
-0.06036104
-0.06008444
-0.05981747
-0.05963728
-0.05951365
-0.05918021
-0.05834229
-0.05700897
-0.0555051
-0.05410347
-0.05278992
-0.05154932
-0.0501924
-0.04844602
-0.04605247
-0.04315421
-0.04008929
-0.03701974
-0.03426113
-0.03165516
-0.0289008
-0.02587954
-0.02224223
-0.01797901
-0.013409
-0.008841286
-0.004713404
-0.001339966
0.00128031
0.003369271
0.005273923
0.007405873
0.009965787
0.01258041
0.01502363
0.01706305
0.01811634
0.01830531
0.01796337
0.01736151
0.01715486
0.01754799
0.01862277
0.02057201
0.02311978
0.02598705
0.02877478
0.03110251
0.03294473
0.0342018
0.03496001
0.03559824
0.03620746
0.03638208
0.03580521
0.0342697
0.03223628
0.03064169
0.02942841
0.02863832
0.02824798
0.02792501
0.02803787
0.02889614
0.03069159
0.03326169
0.0361127
0.03904752
0.04210735
0.04537456
0.04890798
0.05268999
0.05628954
0.05895445
0.05995084
0.05911259
0.05669291
0.05314643
0.04933126
0.04577124
0.04242622
0.0389903
0.03542333
0.03180114
0.02798842
0.02407402
0.01987652
0.01544282
0.0112448
0.007522468
0.004394193
0.001433366
-0.001897344
-0.005839091
-0.01021813
-0.01427392
-0.01733441
-0.01919469
-0.0203136
-0.02151188
-0.02327699
-0.02575062
-0.02881871
-0.03184855
-0.03448429
-0.03643347
-0.03706594
-0.03651655
-0.03448342
-0.03089284
-0.02651956
-0.02174392
-0.0176659
-0.01477363
-0.01292509
-0.01222318
-0.01198093
-0.01182121
-0.0114328
-0.01051333
-0.008874739
-0.006294294
-0.003130122
0.0006728454
0.005033867
0.00971492
0.01446595
0.01867405
0.0221927
0.02480994
0.02653006
0.02737842
0.02730622
0.02655735
0.02520245
0.02378873
0.02281095
0.02262911
0.02342195
0.02471396
0.02607942
0.02695292
0.02690764
0.02577524
0.02347107
0.02002674
0.01559605
0.01096755
0.006551339
0.002025127
-0.002816131
-0.008096047
-0.0134288
-0.01820037
-0.02217525
-0.02519581
-0.02749009
-0.02947382
-0.03141783
-0.03336369
-0.03511338
-0.03667744
-0.03813756
-0.03970557
-0.04157512
-0.04379579
-0.04605529
-0.04767635
-0.04843579
-0.04824854
-0.04702706
-0.04506864
-0.04275862
-0.04051988
-0.0386314
-0.03701161
-0.03563125
-0.03402707
-0.03167908
-0.02878316
-0.02554516
-0.02236974
-0.01962343
-0.01737537
-0.01543691
-0.01334309
-0.01101093
-0.00820721
-0.004692799
-0.0006428737
0.003716886
0.008106069
0.01232853
0.01626355
0.01995263
0.02338123
0.02643997
0.02885752
0.03024108
0.03074218
0.0305785
0.0298739
0.029007
0.02841083
0.02829403
0.02850803
0.02896138
0.02933558
0.02921556
0.0286925
0.02774208
0.02656566
0.02573334
0.02525692
0.02508315
0.02523899
0.02559446
0.02630637
0.02752175
0.02887121
0.02986438
0.03026561
0.02979211
0.02830576
0.02593081
0.02297871
0.02015434
0.01786305
0.01629465
0.01564386
0.01564866
0.01594025
0.01617972
0.0163626
0.01654023
0.01634468
0.0155886
0.0142986
0.01255911
0.01053095
0.008345365
0.006257921
0.004900493
0.00483268
0.006125738
0.008632007
0.01173816
0.01462221
0.01691528
0.01868218
0.02039367
0.022428
0.02499774
0.02814985
0.03122025
0.03382725
0.03583331
0.03707735
0.03773124
0.03747924
0.03641779
0.03485445
0.03277034
0.03065481
0.02875844
0.02733554
0.02670481
0.02674809
0.02726935
0.02780232
0.02797118
0.02746298
0.02591057
0.02331396
0.01996557
0.01639644
0.01305006
0.01014281
0.00728529
0.003792388
-0.0003618824
-0.00483074
-0.008841524
-0.01174933
-0.01370654
-0.01527657
-0.01706479
-0.01924907
-0.02166621
-0.02392318
-0.02560135
-0.02634997
-0.0262089
-0.0257395
-0.02527173
-0.02512409
-0.02537567
-0.02574995
-0.02601904
-0.02598327
-0.02568426
-0.02501699
-0.02374968
-0.0217023
-0.01900556
-0.01623649
-0.01401521
-0.01278199
-0.01243472
-0.01258371
-0.01256171
-0.01183659
-0.01063207
-0.008919904
-0.006723926
-0.004519473
-0.00225077
0.0001841536
0.002544047
0.004680951
0.006306594
0.00721985
0.007460419
0.006825846
0.005405837
0.003698395
0.001982629
0.0007022833
0.0003898377
0.00101771
0.002165374
0.003339172
0.003908981
0.003663831
0.003152249
0.002720195
0.00239843
0.002170676
0.001672771
0.0005989299
-0.001023003
-0.002794087
-0.00417015
-0.004869662
-0.004733202
-0.00397238
-0.00303279
-0.00224495
-0.001945428
-0.002144156
-0.002675088
-0.003408517
-0.004100705
-0.004588076
-0.005039161
-0.005892573
-0.007300102
-0.009192288
-0.01127527
-0.01306468
-0.01421302
-0.01449308
-0.01403777
-0.01302117
-0.01180196
-0.01080299
-0.00992479
-0.009129497
-0.00820283
-0.006895086
-0.005448148
-0.003980559
-0.002638118
-0.001525078
-0.0005941795
0.0001573689
0.0009401954
0.001830441
0.002928972
0.004234103
0.005440329
0.006484531
0.007258522
0.00766697
0.007804936
0.007735432
0.007436942
0.006825423
0.006017815
0.005236685
0.004623362
0.004461912
0.005148905
0.006641203
0.008547092
0.01042551
0.01173288
0.01227815
0.01225268
0.01187499
0.01150799
0.01143567
0.01175552
0.01236841
0.01283891
0.01291817
0.01246634
0.01163032
0.01091293
0.01060514
0.01092401
0.01171735
0.01269047
0.01349273
0.01377353
0.01370661
0.01347276
0.01318842
0.01290012
0.01249559
0.01169457
0.01010786
0.007879825
0.005452185
0.003166743
0.001280927
-0.0002935843
-0.001864842
-0.003589147
-0.005452355
-0.007375315
-0.009284352
-0.01117303
-0.01298579
-0.01461648
-0.01612499
-0.01760997
-0.01916161
-0.02108151
-0.02358895
-0.02654218
-0.02951668
-0.03203128
-0.03387514
-0.0352036
-0.03635401
-0.03762402
-0.03895783
-0.04004603
-0.0406965
-0.04062942
-0.03983853
-0.03879911
-0.03783286
-0.03722061
-0.03712562
-0.03740405
-0.03790744
-0.03838847
-0.03869302
-0.03892381
-0.03916398
-0.03947888
-0.03989284
-0.04040614
-0.04099195
-0.04157927
-0.04203114
-0.04200481
-0.04133542
-0.04010191
-0.03833857
-0.03610752
-0.03355869
-0.03083074
-0.02789507
-0.02501914
-0.02235071
-0.01957785
-0.01669881
-0.01367086
-0.01066877
-0.008227769
-0.006738908
-0.006429576
-0.006830277
-0.007314371
-0.007339594
-0.006673879
-0.005711306
-0.004761936
-0.004207661
-0.004163974
-0.00449506
-0.005050051
-0.005361514
-0.005025893
-0.003901245
-0.002156606
-7.803677e-05
0.001997927
0.003901198
0.005430939
0.006377727
0.006933661
0.00712232
0.007323363
0.007998646
0.009191113
0.0108663
0.01263373
0.01432341
0.01582529
0.01698196
0.01759486
0.01745042
0.01671361
0.01579087
0.01543082
0.01605776
0.01766492
0.019978
0.0224822
0.02485023
0.02684841
0.0282925
0.0288428
0.02848036
0.02757275
0.0263766
0.02522417
0.02429425
0.02377283
0.02378821
0.0240836
0.02432998
0.0243047
0.02397103
0.02351363
0.02318982
0.02313514
0.02340929
0.02395378
0.02462403
0.0253023
0.02602807
0.02684781
0.02756955
0.02809906
0.02817956
0.02781829
0.0273713
0.02688271
0.02648349
0.02605816
0.02548482
0.02470384
0.02357092
0.02232186
0.02092641
0.0192536
0.01729366
0.01501518
0.01248417
0.009906394
0.007707634
0.005901481
0.004363364
0.003097193
0.002154902
0.001867107
0.002187788
0.002961381
0.003795023
0.004176417
0.004315929
0.004424448
0.00478219
0.005337993
0.005716493
0.005789932
0.00525475
0.004479143
0.003959655
0.003765258
0.003922091
0.004118944
0.004342772
0.004645854
0.004959391
0.005324663
0.005728239
0.006155363
0.006310262
0.006016132
0.005250004
0.00394775
0.002494079
0.001123719
-0.0002213828
-0.001579033
-0.002996436
-0.004229776
-0.005377436
-0.00659024
-0.007602276
-0.008404508
-0.00896223
-0.009352559
-0.009853912
-0.01044067
-0.01117261
-0.01254312
-0.01473014
-0.01746617
-0.02042288
-0.02322096
-0.02584916
-0.02822318
-0.03031056
-0.03233115
-0.03428657
-0.03613803
-0.03780588
-0.03950472
-0.04126113
-0.04290794
-0.04433446
-0.04502284
-0.04468074
-0.04319145
-0.04067689
-0.0377605
-0.03510744
-0.03313485
-0.03201165
-0.03181679
-0.03226555
-0.03302649
-0.03376685
-0.0340646
-0.03381318
-0.03277864
-0.03083226
-0.02818881
-0.02489678
-0.02110958
-0.01716111
-0.01330755
-0.009747801
-0.006634923
-0.003853493
-0.001113945
0.001621715
0.004285975
0.00683765
0.009096364
0.01106619
0.01293516
0.01480145
0.01668625
0.01837219
0.01989467
0.02154507
0.02332223
0.02536748
0.02763724
0.02994487
0.03227176
0.0344565
0.03648542
0.0382093
0.03932655
0.03981082
0.03975403
0.03923102
0.03846163
0.03770833
0.03702631
0.03658612
0.03623646
0.03557355
0.03447669
0.03278962
0.03070456
0.02839787
0.02603655
0.02403149
0.02234915
0.02095582
0.01965409
0.01824527
0.01664197
0.01461595
0.01270766
0.01114949
0.009594177
0.008102209
0.006727696
0.005515124
0.004358479
0.00300304
0.001581595
0.0004484926
-0.0002803845
-0.0003618055
0.0003292847
0.001500425
0.00286802
0.003991021
0.004813444
0.005500987
0.005996546
0.006381816
0.00648971
0.006346378
0.006168979
0.005926443
0.005547468
0.005090153
0.004585506
0.003803303
0.002960262
0.0021725
0.001408497
0.0009612057
0.0007658745
0.0008507347
0.001134227
0.001447937
0.001615499
0.001342674
0.0008759378
0.0002724663
-0.0003455545
-0.0007439051
-0.001262059
-0.002046376
-0.003238158
-0.004778745
-0.006272388
-0.007484494
-0.008063912
-0.007991735
-0.007433627
-0.006524028
-0.005520529
-0.004561757
-0.003891724
-0.003663307
-0.004064132
-0.005220571
-0.007027423
-0.009443005
-0.01209321
-0.01456195
-0.01666398
-0.01829435
-0.01947481
-0.02004724
-0.02002273
-0.01952943
-0.01864329
-0.01771191
-0.01697287
-0.01661811
-0.01662827
-0.01673448
-0.01696155
-0.01726047
-0.01762592
-0.01804149
-0.01832959
-0.01851975
-0.01844081
-0.01821771
-0.01818035
-0.01808933
-0.0178382
-0.01743462
-0.01680981
-0.01591237
-0.01450668
-0.01250231
-0.009942998
-0.006923361
-0.003830452
-0.001002352
0.001469933
0.003608522
0.005604327
0.007611745
0.009587061
0.01150156
0.01325268
0.01461761
0.01558637
0.01621327
0.01646226
0.0164408
0.01641462
0.01654452
0.01682076
0.01716178
0.01730217
0.01714232
0.01677185
0.01615748
0.01554623
0.01516617
0.01475819
0.01414861
0.01334141
0.01219539
0.01079955
0.00927034
0.007795664
0.006596703
0.005302279
0.003674905
0.001613657
-0.0009599195
-0.003853248
-0.006902933
-0.009879229
-0.01276724
-0.01551209
-0.01803942
-0.02021393
-0.02181099
-0.02287175
-0.02335866
-0.02358857
-0.02378358
-0.02380757
-0.02374482
-0.02373448
-0.02405094
-0.02465783
-0.02542957
-0.02640981
-0.02734067
-0.02810157
-0.02874742
-0.02923344
-0.02955124
-0.02972676
-0.0298565
-0.03001115
-0.03015625
-0.0302779
-0.03022849
-0.02967796
-0.02850162
-0.02679732
-0.02461824
-0.02205629
-0.01918079
-0.01602669
-0.0127951
-0.0095119
-0.006138612
-0.002941273
-4.956492e-05
0.002727295
0.005590835
0.008458487
0.01121308
0.01391188
0.01651528
0.01903147
0.02140322
0.02347818
0.02499519
0.0256964
0.0257032
0.025291
0.02489341
0.02483643
0.0252337
0.02603639
0.02690888
0.02760385
0.02778053
0.02724161
0.02617366
0.02473446
0.02324303
0.02199977
0.0210624
0.02033702
0.01946531
0.01845814
0.01754864
0.01663561
0.01567844
0.01454628
0.01308736
0.01124517
0.009009013
0.00669609
0.004482378
0.002394163
0.0006314563
-0.0008777864
-0.002386906
-0.003924221
-0.005478982
-0.007128556
-0.008707609
-0.009974399
-0.01075392
-0.01083967
-0.01038386
-0.009595686
-0.008602957
-0.00760929
-0.006656804
-0.005833811
-0.005094881
-0.004246527
-0.00321442
-0.001990821
-0.000672776
0.0007601807
0.002268368
0.00372972
0.005207743
0.006644267
0.007957505
0.009158962
0.01013906
0.01088822
0.01140389
0.01160824
0.01162268
0.01149108
0.01130541
0.01119999
0.01110977
0.010937
0.01051886
0.009873463
0.009018613
0.008086741
0.007414824
0.00701291
0.007026373
0.007682494
0.008872676
0.01041072
0.01207152
0.01345611
0.01429415
0.01452648
0.01414951
0.01329068
0.01205977
0.01065956
0.00919552
0.007712481
0.006250953
0.004747346
0.003279059
0.001697152
2.967907e-06
-0.001632144
-0.003093408
-0.004235526
-0.005127069
-0.005748439
-0.006070612
-0.00614961
-0.00626347
-0.006565342
-0.007069879
-0.007884024
-0.008756417
-0.009625108
-0.010552
-0.01153267
-0.01256973
-0.01347307
-0.01414067
-0.01443886
-0.01441614
-0.01418408
-0.01376999
-0.01327603
-0.0125186
-0.01144701
-0.0101624
-0.008614125
-0.006931757
-0.005158282
-0.003314838
-0.001389841
0.00075501
0.002929002
0.004911013
0.006594337
0.007990122
0.009176723
0.01025943
0.01145356
0.01283398
0.01441676
0.01589777
0.0170756
0.01802424
0.01877419
0.01966723
0.02076412
0.02193915
0.02318573
0.02435776
0.02538041
0.02623182
0.02695232
0.02748341
0.02776259
0.02775435
0.02735383
0.02656883
0.0254197
0.0241269
0.02293297
0.02195265
0.02144925
0.02125866
0.021016
0.02054165
0.01956504
0.0181551
0.01639044
0.0142905
0.0122636
0.01045634
0.008734632
0.007121281
0.005537597
0.003747725
0.001771192
-0.0001483896
-0.001993433
-0.00381429
-0.005664991
-0.007671323
-0.009658452
-0.01172899
-0.01397786
-0.01597648
-0.01775964
-0.01940308
-0.02085183
-0.02205739
-0.02293156
-0.02362428
-0.02405602
-0.0244112
-0.02492215
-0.02559919
-0.02642797
-0.02716488
-0.02788444
-0.02859197
-0.02927884
-0.02997795
-0.03055544
-0.03109139
-0.03149743
-0.03170834
-0.03168712
-0.03111203
-0.0299587
-0.02853344
-0.02686749
-0.0251106
-0.02355025
-0.02201262
-0.02046809
-0.01894861
-0.01727343
-0.01542784
-0.01347673
-0.01155006
-0.009820806
-0.008441537
-0.007351293
-0.006430982
-0.005749929
-0.005143921
-0.004473191
-0.003751691
-0.002867719
-0.001886468
-0.0008479069
0.0002851906
0.001457489
0.002689135
0.003896296
0.004857156
0.005453417
0.005735111
0.005852445
0.005921075
0.006162977
0.00683197
0.007766821
0.008818599
0.009914843
0.01073235
0.01114538
0.01116778
0.01101915
0.01087638
0.01063976
0.01038054
0.01008307
0.00978178
0.009641949
0.009793384
0.01028973
0.01089165
0.01148708
0.01199929
0.01224248
0.01238176
0.01250744
0.01260059
0.01279212
0.01304976
0.01330348
0.01342993
0.01321994
0.01258841
0.01170226
0.01073305
0.009694458
0.008679155
0.007553772
0.006251202
0.004945263
0.003613451
0.002332889
0.001109163
-0.0001815667
-0.001437531
-0.002595237
-0.003561486
-0.004314247
-0.005048339
-0.00573168
-0.006457256
-0.00723006
-0.008018371
-0.009037169
-0.01015139
-0.01138192
-0.01279761
-0.01431189
-0.01594128
-0.0176906
-0.01946188
-0.02108631
-0.02260215
-0.02391511
-0.02497716
-0.02576594
-0.02625361
-0.02655623
-0.02666293
-0.02673784
-0.02685224
-0.02711817
-0.0277618
-0.0285808
-0.02931756
-0.02979116
-0.02980701
-0.02926765
-0.02833652
-0.02711331
-0.02553847
-0.0238072
-0.02202556
-0.0203045
-0.0188202
-0.01753147
-0.01643279
-0.01538627
-0.01419603
-0.01283069
-0.01134693
-0.009931891
-0.008672999
-0.007519536
-0.006331162
-0.005050675
-0.003585544
-0.001742472
0.0002915579
0.002340138
0.004428299
0.006543531
0.008605721
0.01059629
0.01257333
0.01448923
0.01640388
0.01832742
0.02008886
0.02159447
0.02299195
0.02421488
0.02509245
0.02567838
0.02584616
0.02571774
0.02547668
0.02522372
0.02515845
0.02526423
0.02552491
0.02588464
0.02632639
0.026677
0.02678268
0.0267935
0.02667608
0.02631571
0.02564799
0.0246487
0.02330554
0.02166741
0.01988932
0.01815929
0.01671463
0.01555417
0.0145255
0.01363771
0.01272059
0.01163381
0.01041385
0.008977963
0.007406371
0.005858224
0.004447123
0.003310305
0.0024166
0.001579483
0.0007554394
-0.0001572473
-0.001288484
-0.002491058
-0.00376982
-0.004937351
-0.005936614
-0.006828384
-0.007222489
-0.007159498
-0.006803271
-0.006159515
-0.005420536
-0.004819962
-0.004398317
-0.00407558
-0.003946337
-0.003854414
-0.003551024
-0.003083766
-0.002532175
-0.001861898
-0.001070529
-0.0001472516
0.0009210483
0.001906575
0.002782229
0.003593347
0.004224374
0.004726402
0.005172197
0.005711607
0.006253564
0.006680498
0.007042691
0.007111717
0.006982336
0.006752142
0.006382532
0.006066007
0.005815817
0.005730537
0.005851363
0.006192508
0.006725672
0.007195725
0.007521068
0.007515475
0.007151165
0.006601359
0.005802586
0.004857707
0.003803875
0.00261005
0.00132444
-6.450476e-05
-0.001516988
-0.003163799
-0.004866058
-0.006433011
-0.007983733
-0.009297064
-0.01027248
-0.01097179
-0.01136853
-0.01163531
-0.01184819
-0.01197701
-0.01212313
-0.01227301
-0.01235886
-0.01251247
-0.01263101
-0.01257938
-0.012521
-0.01249457
-0.01240585
-0.01214984
-0.01172839
-0.01108619
-0.01034897
-0.009696755
-0.008952549
-0.008125559
-0.007155589
-0.005966828
-0.004614919
-0.003161627
-0.001845074
-0.0006815735
0.0003036203
0.0009685082
0.001389966
0.001652291
0.001830784
0.002012194
0.002234443
0.002554872
0.003035813
0.003712057
0.004648474
0.005755036
0.006820486
0.007765623
0.008392829
0.00858211
0.008472599
0.008063016
0.007548019
0.007136356
0.006700604
0.006194776
0.005569803
0.004911935
0.004290446
0.003554775
0.002672411
0.001617965
0.0004193659
-0.0009056031
-0.002195405
-0.003213727
-0.003924942
-0.004312382
-0.004596889
-0.004970378
-0.005464962
-0.006172807
-0.007047407
-0.007916611
-0.008599202
-0.009065356
-0.009282073
-0.009204926
-0.00900442
-0.008778262
-0.008444304
-0.008052405
-0.007471235
-0.006514255
-0.00538965
-0.004133814
-0.002846194
-0.001599539
-0.0003064943
0.0008664397
0.002008661
0.003100097
0.004009624
0.004682836
0.005073338
0.005482115
0.006023079
0.006881884
0.008125655
0.009398641
0.01050635
0.0112444
0.01160774
0.01174027
0.01180704
0.01200012
0.01226438
0.01257808
0.01284175
0.0129262
0.01281631
0.01242839
0.01178731
0.01111428
0.01059011
0.01014695
0.009841604
0.009707759
0.009586783
0.009464287
0.00930211
0.00897998
0.008340058
0.007402444
0.006147586
0.004608888
0.003160155
0.001966148
0.001077192
0.0005495503
0.0003425339
0.0001567823
-0.0001774849
-0.0005908463
-0.001251124
-0.002064113
-0.002848004
-0.003517767
-0.003933009
-0.00407397
-0.003895754
-0.003499104
-0.003158978
-0.002944738
-0.002790039
-0.002786369
-0.002847876
-0.002942697
-0.003113514
-0.003149166
-0.003123936
-0.003070611
-0.00290629
-0.002669719
-0.002357842
-0.001944545
-0.001416643
-0.0009059927
-0.0004327223
-7.682775e-05
6.302568e-05
0.0001400179
0.000130403
-2.488651e-05
-0.0001412908
-0.0002124341
-0.000336528
-0.0004805088
-0.000728958
-0.001055397
-0.001516227
-0.002284936
-0.003183939
-0.004061252
-0.004704423
-0.004937035
-0.004775135
-0.004344063
-0.003880028
-0.003386524
-0.003062866
-0.003037332
-0.003232839
-0.003695505
-0.004148359
-0.004459584
-0.004651222
-0.00467824
-0.004556543
-0.004204469
-0.00372847
-0.003272878
-0.00291867
-0.002919893
-0.003284039
-0.00371823
-0.004109906
-0.004298595
-0.004109161
-0.003662026
-0.003010778
-0.002323921
-0.001927175
-0.00171916
-0.001584398
-0.001612085
-0.001680869
-0.001650143
-0.001549198
-0.001502496
-0.001571492
-0.001744063
-0.002084661
-0.00258039
-0.003010002
-0.003288447
-0.003600967
-0.003928731
-0.004290123
-0.00488027
-0.005612804
-0.00645059
-0.007393945
-0.008217531
-0.008829111
-0.009308409
-0.009755274
-0.01020858
-0.01067028
-0.01112737
-0.01146536
-0.01166267
-0.01165921
-0.01141006
-0.01109492
-0.01065749
-0.01007704
-0.009549908
-0.009143929
-0.008860805
-0.008689814
-0.008710467
-0.008906621
-0.009139683
-0.009427266
-0.009713347
-0.009793474
-0.009569905
-0.008993759
-0.008071121
-0.006903286
-0.005627043
-0.004362137
-0.003173472
-0.002166104
-0.001370233
-0.0007519287
-0.0003405497
-7.9484e-05
9.539441e-05
0.0002845965
0.0007036751
0.001360484
0.002194002
0.003249265
0.004309929
0.00523463
0.006012222
0.006529825
0.006755799
0.00664029
0.006329621
0.005928464
0.005453132
0.005053875
0.00465675
0.00429411
0.004080198
0.00394508
0.003915402
0.0040499
0.004262106
0.004434034
0.00459899
0.00482967
0.005032602
0.005270251
0.005577503
0.005739
0.005799622
0.005835936
0.005850407
0.005820949
0.005707842
0.005664445
0.005630249
0.005612567
0.005695476
0.005882321
0.006218614
0.006565604
0.00704687
0.007742514
0.008485613
0.009313256
0.01027822
0.01121345
0.01199693
0.01268086
0.01319137
0.01355066
0.01375747
0.01374784
0.01356808
0.01308714
0.01233928
0.01146848
0.01040762
0.009190866
0.007957005
0.006804881
0.005789719
0.00501858
0.004605002
0.004417156
0.004374294
0.004484178
0.004590005
0.004647226
0.00454108
0.004112273
0.003406571
0.002369395
0.001147058
-2.943127e-05
-0.001247876
-0.00242368
-0.003460588
-0.004386295
-0.005167503
-0.00590613
-0.006644754
-0.00731876
-0.007834549
-0.008154368
-0.008263475
-0.00813931
-0.007856893
-0.007373005
-0.006679888
-0.005799895
-0.004817543
-0.003915334
-0.00311014
-0.002522254
-0.002184283
-0.002071445
-0.00212875
-0.002146846
-0.002128291
-0.002064694
-0.001941323
-0.001758933
-0.00165678
-0.001782023
-0.001968353
-0.002238864
-0.002620051
-0.003096081
-0.003698639
-0.00435445
-0.004995069
-0.005471439
-0.005774884
-0.005961749
-0.005959168
-0.0058796
-0.005917514
-0.006051343
-0.006268745
-0.006699271
-0.007214029
-0.007688638
-0.008080022
-0.00830862
-0.008547187
-0.008683214
-0.008624078
-0.008499451
-0.008203145
-0.007874738
-0.007662879
-0.007528148
-0.007545104
-0.007671434
-0.007794993
-0.007933117
-0.007990233
-0.007827989
-0.007643511
-0.007545676
-0.007489596
-0.007630184
-0.007874252
-0.007897514
-0.007626074
-0.00705054
-0.006216246
-0.005307001
-0.004382348
-0.003473061
-0.002571259
-0.001570973
-0.0005373772
0.0003928017
0.001299897
0.00216937
0.002830496
0.003330528
0.003611647
0.003630863
0.003562663
0.003515404
0.003577052
0.003827323
0.004282873
0.004820972
0.005378513
0.005962032
0.006427056
0.006795056
0.007170818
0.007516963
0.007893348
0.008224643
0.008475585
0.008664528
0.008703831
0.008677642
0.008484557
0.0080041
0.007363017
0.006584106
0.005659512
0.004658628
0.003692297
0.002936945
0.002359695
0.001842045
0.001448472
0.001031622
0.0004169345
-0.0003441937
-0.001126673
-0.001888472
-0.002645994
-0.003317769
-0.003963233
-0.004602967
-0.005188357
-0.0057787
-0.006387385
-0.007038558
-0.007631013
-0.008061712
-0.008364104
-0.008590076
-0.008767968
-0.008862225
-0.008870338
-0.008707123
-0.008224892
-0.007458027
-0.006599917
-0.005707644
-0.004758587
-0.003864504
-0.00295192
-0.00196129
-0.001002239
-0.0001001042
0.0007483398
0.001546732
0.00230868
0.002993287
0.003604879
0.004260134
0.00491441
0.005564943
0.006321466
0.007123577
0.007994317
0.009009758
0.01017009
0.01153197
0.0130699
0.01457143
0.01594697
0.0171642
0.01815781
0.0189375
0.01949677
0.01977148
0.01974969
0.01958531
0.01931645
0.01895467
0.01860768
0.01824032
0.01790881
0.01765254
0.01741631
0.01726108
0.01725201
0.01732425
0.01737117
0.01739899
0.01742302
0.01739556
0.01743403
0.0176274
0.01786419
0.01813171
0.01832223
0.01831802
0.01806061
0.01749012
0.01671002
0.01567722
0.01440197
0.01304205
0.01167216
0.01033569
0.009059656
0.007885291
0.006815127
0.00584311
0.004845406
0.003729752
0.002528321
0.001259788
6.32001e-05
-0.001031378
-0.002015399
-0.00283443
-0.003570034
-0.004143952
-0.004523166
-0.004862779
-0.005214375
-0.005606617
-0.006005254
-0.006394515
-0.006764354
-0.007116626
-0.007581008
-0.007954518
-0.008052125
-0.007994407
-0.007743453
-0.007417072
-0.007243501
-0.007287624
-0.007560511
-0.008081535
-0.008714394
-0.009186844
-0.009463912
-0.009432358
-0.009035605
-0.008440096
-0.00765634
-0.006863731
-0.006191048
-0.005661158
-0.005363945
-0.005295734
-0.005547314
-0.006037277
-0.006574576
-0.007128666
-0.007623297
-0.008069426
-0.008543198
-0.008943785
-0.00921395
-0.009352257
-0.009324921
-0.009300407
-0.009227622
-0.009005775
-0.008781141
-0.008487664
-0.008244506
-0.008078393
-0.007861482
-0.007802967
-0.007887699
-0.008073139
-0.008474042
-0.008999619
-0.00955132
-0.01008659
-0.01051788
-0.01081296
-0.01097662
-0.01096609
-0.01074643
-0.01026607
-0.009618467
-0.008875829
-0.007960073
-0.007065008
-0.006354864
-0.005905295
-0.005879233
-0.006066965
-0.006367249
-0.006787001
-0.007137978
-0.007501981
-0.007808555
-0.007957909
-0.00799795
-0.007846388
-0.00759294
-0.007276721
-0.006864254
-0.006425249
-0.00603113
-0.005751306
-0.005582643
-0.005442154
-0.005277671
-0.005198144
-0.005157475
-0.005064215
-0.005001437
-0.004942543
-0.004925656
-0.004958052
-0.005087726
-0.005333707
-0.005585458
-0.005916581
-0.006262782
-0.006545567
-0.006728387
-0.006763
-0.006714072
-0.006603058
-0.006382748
-0.005965312
-0.00551684
-0.005186746
-0.004904212
-0.004646338
-0.004431073
-0.004273446
-0.004039983
-0.003668413
-0.003183207
-0.002546596
-0.001874381
-0.001309339
-0.0009324267
-0.0008014103
-0.0009203028
-0.001254342
-0.001664269
-0.002061699
-0.002325595
-0.002258516
-0.001866501
-0.001082797
7.306152e-05
0.001370964
0.00266844
0.00376122
0.004664572
0.005335017
0.005684973
0.005970913
0.006147053
0.006332081
0.006639803
0.006938247
0.007365847
0.007696747
0.007889066
0.008067644
0.008078689
0.00801873
0.007859678
0.007730864
0.007807774
0.007944548
0.008282106
0.008871065
0.009652483
0.01060625
0.01152846
0.01231588
0.01284722
0.01308637
0.01308854
0.01284463
0.0124372
0.01192956
0.01136379
0.01074125
0.01005871
0.009403459
0.008793795
0.008263799
0.007867414
0.007635956
0.007585799
0.007637557
0.007854778
0.008203639
0.00853422
0.00882884
0.009001791
0.009025101
0.008895313
0.008616279
0.008257257
0.007771519
0.007102826
0.006384293
0.005668242
0.004933634
0.004280659
0.003639628
0.0030897
0.002761892
0.002583001
0.002537757
0.002551848
0.002629119
0.002725655
0.002747513
0.002730903
0.002683094
0.002552192
0.0023449
0.002046235
0.00152761
0.0008539942
0.0001053791
-0.0007235033
-0.001476567
-0.002155199
-0.002759951
-0.003135767
-0.003432898
-0.003833857
-0.004239317
-0.004637866
-0.005092753
-0.00555353
-0.005956384
-0.00639415
-0.006973888
-0.007664746
-0.008414935
-0.009143335
-0.009774229
-0.01027119
-0.01061897
-0.01075273
-0.01081263
-0.01105656
-0.01140014
-0.01185669
-0.01235534
-0.01271142
-0.01310895
-0.01350648
-0.01378503
-0.0140069
-0.01414695
-0.01424507
-0.01429105
-0.01433564
-0.01441303
-0.01445265
-0.01457835
-0.01473512
-0.0147193
-0.01461402
-0.01429847
-0.01368325
-0.01295878
-0.01199833
-0.0109285
-0.009943126
-0.009029463
-0.008300991
-0.007556585
-0.006792414
-0.006104716
-0.005342474
-0.004506168
-0.003648508
-0.002815772
-0.001967812
-0.001076397
-0.0001454413
0.0008118326
0.001779152
0.002685483
0.00346503
0.004183582
0.004763497
0.005198975
0.005514143
0.005740069
0.005937104
0.006005628
0.006059486
0.006175871
0.006354651
0.006703248
0.007099362
0.007428705
0.007702895
0.0078845
0.007893321
0.007720783
0.007385037
0.006893807
0.006373062
0.00574949
0.005004658
0.004211434
0.003195019
0.002029221
0.0008906204
-0.0001342916
-0.000973408
-0.00171739
-0.00239844
-0.003005848
-0.003529141
-0.003887781
-0.004101899
-0.00412668
-0.003952569
-0.00374439
-0.003562527
-0.003517866
-0.003610849
-0.003678289
-0.003644685
-0.003423118
-0.003050491
-0.002656158
-0.002348282
-0.002097931
-0.001873535
-0.001740975
-0.001669543
-0.001619909
-0.00152131
-0.001381924
-0.001180293
-0.0008274762
-0.0003513066
0.0002299504
0.0009230988
0.00181195
0.002822172
0.003788615
0.004630726
0.00534689
0.006049223
0.006715915
0.007343754
0.007920665
0.008443255
0.008944425
0.009355762
0.009677316
0.01007928
0.01062133
0.01107579
0.01147828
0.01186274
0.01210355
0.01234682
0.01254593
0.01263417
0.01266896
0.01281111
0.01260294
0.01225994
0.01185298
0.0113288
0.01083358
0.01047665
0.01017148
0.00991048
0.009510828
0.009066237
0.008585427
0.007933026
0.007255614
0.006440873
0.0056762
0.005093528
0.004534779
0.004263678
0.004201974
0.004143615
0.00401181
0.003664119
0.003280792
0.002852619
0.002316115
0.001792203
0.001264781
0.0008347375
0.0005358453
0.0003584714
0.0003653387
0.0004724352
0.0006272072
0.0008179366
0.001095072
0.001427231
0.001691164
0.00191636
0.002106447
0.002197126
0.002165332
0.00198737
0.001758575
0.001507518
0.001183831
0.0009384648
0.0008201106
0.0008420335
0.001007188
0.001128224
0.001242184
0.001329991
0.001238683
0.001048104
0.0007001407
0.0002151135
-0.0002380828
-0.0007148771
-0.001150247
-0.001492692
-0.001856073
-0.002144618
-0.002319717
-0.002403771
-0.00240565
-0.002393574
-0.002331709
-0.002294957
-0.002286696
-0.002298601
-0.00239898
-0.002581427
-0.002924981
-0.003377395
-0.003909398
-0.004526142
-0.005195407
-0.005844695
-0.006364863
-0.006784003
-0.006968545
-0.006960629
-0.006842372
-0.006602971
-0.006401734
-0.006126556
-0.005862851
-0.005747691
-0.00563981
-0.005605216
-0.005707356
-0.005910076
-0.006147452
-0.006375324
-0.006601573
-0.006843425
-0.006928072
-0.006796558
-0.006565307
-0.006091091
-0.005437864
-0.004767034
-0.004100029
-0.003423948
-0.00266326
-0.001916794
-0.00116131
-0.0003489294
0.0004111441
0.001012393
0.001421569
0.00172166
0.001901793
0.00202616
0.002116983
0.002083991
0.002002884
0.001892024
0.001778621
0.001673136
0.001656102
0.001763102
0.00186573
0.002018252
0.002120328
0.002137383
0.002171758
0.002188701
0.00222168
0.002152471
0.001978725
0.001774188
0.001537213
0.001349752
0.00120598
0.001048564
0.0008193112
0.0005881434
0.0003190086
-1.200028e-05
-0.0003108986
-0.0006575951
-0.0009680017
-0.001180153
-0.001361891
-0.001479837
-0.001543107
-0.00146543
-0.001250208
-0.0009407316
-0.0004715487
5.602066e-05
0.0006226373
0.001124725
0.001374035
0.001485097
0.001504352
0.001504156
0.001599593
0.0017126
0.001892401
0.002095655
0.00223985
0.002456744
0.002710462
0.002920175
0.003094504
0.00318981
0.003251446
0.003347772
0.003484841
0.003594189
0.003558532
0.003364137
0.003078583
0.002728369
0.002321123
0.001835636
0.001287309
0.0007302552
0.0001649365
-0.0003161799
-0.0007116384
-0.001097863
-0.001396863
-0.00165036
-0.001914906
-0.00209155
-0.002193181
-0.002286088
-0.002403466
-0.002576424
-0.002802548
-0.003130057
-0.003555534
-0.004028796
-0.004464571
-0.004770511
-0.005008387
-0.005283888
-0.005573802
-0.005767704
-0.005806173
-0.005714989
-0.005573724
-0.005396214
-0.005240311
-0.005095935
-0.004824895
-0.004506125
-0.004180165
-0.003806792
-0.003424922
-0.003113699
-0.002879763
-0.002618982
-0.002400513
-0.002242095
-0.002117345
-0.00199498
-0.001775086
-0.001529518
-0.001232745
-0.0008448597
-0.0003975513
0.0001130033
0.000603143
0.00108601
0.001590198
0.002072957
0.002553665
0.003005397
0.00342754
0.00382183
0.004112744
0.004311205
0.004394418
0.004386605
0.004365627
0.004320104
0.00426153
0.004192477
0.004102252
0.003966938
0.003807862
0.003664217
0.003489282
0.003285789
0.003133744
0.003001412
0.002854006
0.002745842
0.002637442
0.002524186
0.002369186
0.002081791
0.001687324
0.001270423
0.0009441307
0.0007115137
0.000522878
0.0003469393
0.0001242519
-9.256774e-05
-0.000303512
-0.0005783752
-0.000866848
-0.001165479
-0.001457732
-0.001713818
-0.001990747
-0.002299035
-0.00260792
-0.0028947
-0.003181348
-0.003430028
-0.003611133
-0.003762067
-0.003889737
-0.004001462
-0.004076221
-0.004120026
-0.004077611
-0.003954366
-0.003833375
-0.003689092
-0.003561762
-0.003495022
-0.003489101
-0.003530502
-0.003571037
-0.003591904
-0.003567066
-0.003504076
-0.003439568
-0.003310603
-0.00313189
-0.002989774
-0.002798952
-0.002531931
-0.002211998
-0.001823443
-0.001404838
-0.0009842031
-0.0005882641
-0.0002051383
0.0001612457
0.0005492339
0.0009763904
0.00137537
0.001771141
0.002124128
0.002407997
0.002662938
0.002838272
0.002937337
0.003050238
0.003184662
0.003252282
0.003288523
0.003331511
0.003353574
0.003419913
0.003529596
0.003689285
0.003866022
0.003999405
0.00410839
0.004148173
0.004144622
0.004084954
0.003955684
0.003817059
0.00366026
0.003517118
0.003344525
0.003165442
0.00302993
0.002841733
0.002642915
0.002458866
0.002248973
0.002023472
0.001760608
0.001457836
0.001097538
0.0007318257
0.0004360682
0.000204472
2.90438e-05
-0.000119043
-0.0002375537
-0.0003361613
-0.0004612325
-0.0006411848
-0.0008688541
-0.001099632
-0.001305776
-0.001458753
-0.001568739
-0.001646254
-0.001663438
-0.001656362
-0.001679972
-0.001722775
-0.001768119
-0.001842785
-0.001925473
-0.001987955
-0.002057866
-0.002107316
-0.002088264
-0.002008257
-0.001875105
-0.001703227
-0.001546556
-0.001408458
-0.001268424
-0.001146367
-0.001045589
-0.0009723705
-0.0009226036
-0.0008714335
-0.0007973591
-0.0006920914
-0.0005756326
-0.0004558731
-0.0003280023
-0.0002182725
-0.0001345086
-5.472824e-05
1.594223e-05
5.904292e-05
8.329872e-05
0.0001127986
0.0001413602
0.0001694151
0.0002082974
0.0002350521
0.0002555919
0.0002941598
0.0003298091
0.0003496514
0.0003803175
0.0004160722
0.000421128
0.0004081305
0.0003966819
0.0003717821
0.0003465783
0.0003392258
0.0003335468
0.000337856
0.0003569944
0.0003748612
0.0003911628
0.0003963678
0.000391942
0.0003826138
0.0003665629
0.0003521816
0.0003265609
0.0003017497
0.0002865051
0.0002623271
0.000249557
0.0002380884
0.000212079
0.0001987315
0.0001919527
0.0001849859
0.0001816044
0.0001807693
0.0001897348
0.0001948176
0.0001922093
0.0001861725
0.0001755364
0.0001718346
0.0001707285
0.0001691049
0.0001734226
0.0001788926
0.0001835965
0.000184455
0.0001707838
0.0001481141
0.0001216237
8.895846e-05
6.6295e-05
5.342703e-05
3.959442e-05
3.138028e-05
3.334587e-05
4.239395e-05
5.1223e-05
6.209899e-05
7.011556e-05
6.623871e-05
5.750575e-05
4.677097e-05
3.581702e-05
2.58904e-05
1.921958e-05
1.818954e-05
2.05088e-05
2.601378e-05
2.812513e-05
2.403011e-05
1.561776e-05
4.151991e-06
-9.203809e-06
-2.282025e-05
-3.447325e-05
-4.520649e-05
-5.608238e-05
-7.110431e-05
-8.889274e-05
-0.0001091085
-0.0001315297
-0.000150515
-0.0001693596
-0.0001862183
-0.0001974797
-0.0002056039
-0.0002091755
-0.0002078955
-0.0002038745
-0.0001991013
-0.0001936763
-0.0001900654
-0.0001910241
-0.0001947601
-0.0002022134
-0.0002111411
-0.0002170011
-0.0002214345
-0.0002237241
-0.0002234239
-0.000221681
-0.0002172371
-0.0002113593
-0.0002059181
-0.0002004203
-0.000194683
-0.0001893399
-0.0001830296
-0.0001747807
-0.0001650222
-0.0001541992
-0.0001439497
-0.0001340285
-0.0001244154
-0.0001167587
-0.000110732
-0.0001050591
-9.961497e-05
-9.47658e-05
-8.953482e-05
-8.379294e-05
-7.843793e-05
-7.305011e-05
-6.745053e-05
-6.210574e-05
-5.729446e-05
-5.260916e-05
-4.825878e-05
-4.447981e-05
-4.039125e-05
-3.623509e-05
-3.210952e-05
-2.81546e-05
-2.487469e-05
-2.179541e-05
-1.929534e-05
-1.771033e-05
-1.637382e-05
-1.517866e-05
-1.431053e-05
-1.353919e-05
-1.263485e-05
-1.170566e-05
-1.088708e-05
-1.006468e-05
-9.27342e-06
-8.475325e-06
-7.535722e-06
-6.661437e-06
-5.772852e-06
-4.849832e-06
-4.125812e-06
-3.556558e-06
-3.197508e-06
-3.020871e-06
-2.929703e-06
-2.979277e-06
-3.080566e-06
-3.165916e-06
-3.252867e-06
-3.327355e-06
-3.396912e-06
-3.466862e-06
-3.544342e-06
-3.621471e-06
-3.688959e-06
-3.768248e-06
-3.821726e-06
-3.820456e-06
-3.791264e-06
-3.729166e-06
-3.642371e-06
-3.545205e-06
-3.4402e-06
-3.327605e-06
-3.193706e-06
-3.046529e-06
-2.890826e-06
-2.718583e-06
-2.532718e-06
-2.332594e-06
-2.118642e-06
-1.894409e-06
-1.659635e-06
-1.41744e-06
-1.170617e-06
-9.189886e-07
-6.637565e-07
-4.057632e-07
-1.451394e-07
1.173058e-07
3.80764e-07
6.445977e-07
9.08149e-07
1.170929e-06
1.432561e-06
1.692707e-06
1.951088e-06
2.207498e-06
2.461814e-06
