0.001145599
0.001151976
0.001158083
0.001163976
0.001169661
0.001175074
0.001180292
0.001185273
0.001190063
0.001194596
0.001198888
0.001202975
0.001206832
0.001210464
0.001213908
0.001217094
0.001220127
0.001222876
0.001225324
0.00122761
0.001229838
0.001231599
0.00123317
0.001234563
0.001235872
0.001236972
0.001237424
0.001238112
0.001238523
0.001238466
0.001238611
0.001237857
0.001237563
0.001237009
0.0012356
0.001234724
0.001233158
0.001231726
0.001229909
0.001227597
0.001225595
0.001223225
0.001220513
0.001217111
0.001214634
0.001211255
0.001207588
0.001204349
0.001199741
0.001196699
0.001192127
0.001187179
0.001183464
0.001177923
0.001173395
0.001167698
0.001162405
0.001157473
0.001150665
0.001145457
0.00113886
0.001132401
0.001126046
0.001118727
0.001113053
0.001105371
0.001098112
0.00109091
0.001083023
0.001076101
0.001067317
0.001059727
0.001051338
0.001042223
0.001034464
0.00102533
0.001017129
0.001007304
0.0009979135
0.0009891715
0.0009797069
0.0009710262
0.0009594507
0.000949092
0.0009415626
0.00093098
0.0009195819
0.0009090381
0.0008993928
0.0008892236
0.0008776597
0.0008666067
0.0008562579
0.0008445358
0.0008333142
0.0008202899
0.0008086693
0.0008001667
0.0007861427
0.0007732801
0.0007623563
0.0007488525
0.0007380013
0.0007238973
0.0007099365
0.0006999362
0.0006863709
0.0006727992
0.0006607151
0.0006475969
0.0006338046
0.0006208207
0.0006077531
0.0005936763
0.0005800763
0.0005661633
0.0005534002
0.0005389506
0.0005240604
0.0005097038
0.0004968129
0.0004851528
0.0004696646
0.0004542641
0.0004396287
0.0004260344
0.0004116008
0.0003968426
0.0003842116
0.0003674214
0.0003526998
0.0003368475
0.0003225846
0.0003093939
0.0002926713
0.0002802605
0.0002628589
0.0002462326
0.0002342762
0.0002172369
0.0002048723
0.0001913613
0.0001730344
0.0001556105
0.0001419799
0.0001283516
0.0001148242
0.000100113
8.221184e-05
6.636885e-05
4.891107e-05
3.671602e-05
2.275549e-05
7.154814e-06
-6.953402e-06
-2.402521e-05
-4.035041e-05
-5.913887e-05
-7.151772e-05
-8.204109e-05
-9.749747e-05
-0.0001148311
-0.0001313987
-0.0001452924
-0.0001600263
-0.0001738343
-0.0001909208
-0.0002051585
-0.0002168315
-0.0002339603
-0.0002517023
-0.000263823
-0.0002752234
-0.0002902567
-0.0003054076
-0.0003216418
-0.0003353204
-0.0003496149
-0.0003629931
-0.0003746622
-0.0003918065
-0.0004032178
-0.0004205612
-0.0004375698
-0.0004413391
-0.0004552724
-0.0004683623
-0.0004874562
-0.0005055984
-0.0005143387
-0.0005329534
-0.000537585
-0.0005456242
-0.0005676251
-0.0005757676
-0.0005948808
-0.0006082559
-0.0006135347
-0.0006323503
-0.0006404288
-0.0006509059
-0.0006668087
-0.0006757238
-0.0006874992
-0.0006991875
-0.0007076048
-0.0007246959
-0.0007406639
-0.0007440811
-0.000755744
-0.0007642511
-0.0007727754
-0.0007863451
-0.0007897874
-0.0008048974
-0.0008175961
-0.0008237688
-0.0008365994
-0.0008383446
-0.0008528738
-0.0008621456
-0.0008642619
-0.00088657
-0.0008882985
-0.0008917611
-0.0009063336
-0.0009107908
-0.0009232519
-0.0009316135
-0.0009369183
-0.000950174
-0.0009604827
-0.0009645746
-0.0009772764
-0.0009797712
-0.0009790879
-0.0009934187
-0.0009933936
-0.001008684
-0.001017703
-0.00101224
-0.001023043
-0.001025731
-0.001034475
-0.001039192
-0.001047158
-0.001054757
-0.001054349
-0.001058342
-0.001055723
-0.001070922
-0.001078947
-0.001078128
-0.001082319
-0.001079497
-0.001087165
-0.001086427
-0.001092258
-0.001110068
-0.001107085
-0.001103133
-0.001098306
-0.001103299
-0.001115207
-0.001106237
-0.00111507
-0.001118768
-0.001106242
-0.001118006
-0.001115762
-0.001115835
-0.001124428
-0.001116552
-0.001114568
-0.001112113
-0.001115011
-0.001118832
-0.001113468
-0.001111824
-0.001111947
-0.001107964
-0.001105532
-0.001103144
-0.001101343
-0.001096455
-0.001088092
-0.001084878
-0.001089219
-0.001081373
-0.001076392
-0.001077914
-0.001063541
-0.001059675
-0.001057621
-0.00104976
-0.001056183
-0.001047767
-0.001033665
-0.00102959
-0.001023394
-0.001012792
-0.001004486
-0.001007196
-0.001005971
-0.000993513
-0.0009840726
-0.0009818973
-0.0009754949
-0.0009621797
-0.0009588855
-0.0009566561
-0.0009485462
-0.0009430909
-0.0009360696
-0.0009348316
-0.0009255779
-0.0009114126
-0.0009091143
-0.0009021067
-0.0008991018
-0.000897842
-0.0008848597
-0.0008806411
-0.0008714408
-0.0008616247
-0.0008673997
-0.0008514333
-0.0008363029
-0.0008392471
-0.0008324593
-0.0008346515
-0.0008355977
-0.0008157386
-0.0008116537
-0.000806686
-0.0007940667
-0.0007948036
-0.0007863293
-0.0007874506
-0.0007825145
-0.0007638635
-0.0007616832
-0.0007490986
-0.0007361146
-0.0007364625
-0.0007369199
-0.0007362488
-0.0007326454
-0.000724919
-0.000715192
-0.0007054683
-0.0006979087
-0.0006890101
-0.0006868122
-0.0006981958
-0.0006898372
-0.0006812569
-0.0006795053
-0.0006673671
-0.0006613687
-0.0006450633
-0.0006404967
-0.0006451019
-0.0006451665
-0.0006505161
-0.0006414623
-0.000633823
-0.0006275316
-0.0006181489
-0.0006096201
-0.0006004449
-0.0005980352
-0.0005950015
-0.0005926653
-0.00058748
-0.0005864999
-0.0005778094
-0.0005631583
-0.0005694667
-0.000556737
-0.0005524724
-0.0005583879
-0.0005486239
-0.0005472675
-0.0005393628
-0.0005281377
-0.0005179133
-0.0005069825
-0.0005110456
-0.0005142103
-0.0005105148
-0.000508355
-0.0004934659
-0.0004875563
-0.0004864797
-0.0004801248
-0.0004828563
-0.0004631662
-0.0004522083
-0.0004573266
-0.0004520595
-0.0004538825
-0.0004485659
-0.0004518769
-0.0004521469
-0.0004387097
-0.0004273629
-0.0004111214
-0.0004152109
-0.0004169113
-0.0004197034
-0.0004206839
-0.0003985575
-0.000392295
-0.0003821748
-0.0003785892
-0.0003759214
-0.0003709564
-0.000384295
-0.0003742376
-0.0003573839
-0.0003560947
-0.000367213
-0.0003696502
-0.0003495568
-0.0003365606
-0.0003214591
-0.0003231853
-0.0003331179
-0.0003281394
-0.0003246637
-0.0003228831
-0.0003142439
-0.0002951164
-0.0003021842
-0.0003037177
-0.000290396
-0.0003087084
-0.0002921309
-0.0002737203
-0.0002712385
-0.0002671877
-0.0002814479
-0.000265203
-0.000264908
-0.0002648637
-0.0002525548
-0.0002619767
-0.0002457408
-0.0002413243
-0.0002447839
-0.0002370217
-0.0002340151
-0.0002356903
-0.0002345381
-0.000219115
-0.0002149481
-0.0002094494
-0.0002119852
-0.0002109948
-0.0001855124
-0.0001782799
-0.0001812178
-0.0001876242
-0.0001892363
-0.0001878111
-0.0001830224
-0.0001716921
-0.0001730703
-0.0001676192
-0.0001633621
-0.0001707898
-0.0001626004
-0.0001642389
-0.0001678174
-0.0001484209
-0.0001429365
-0.0001476883
-0.0001426318
-0.0001390495
-0.0001330266
-0.0001336263
-0.0001366355
-0.0001426654
-0.0001372038
-0.0001191449
-0.0001217921
-0.0001146621
-0.0001036737
-0.0001123677
-0.0001066328
-0.0001044994
-0.0001012407
-8.644808e-05
-8.912943e-05
-8.3329e-05
-7.945226e-05
-8.941433e-05
-8.89776e-05
-8.773908e-05
-7.172606e-05
-6.496611e-05
-8.008923e-05
-7.460992e-05
-6.340255e-05
-5.868376e-05
-5.689942e-05
-5.615792e-05
-5.868716e-05
-5.56233e-05
-4.426942e-05
-4.516755e-05
-3.57226e-05
-3.911095e-05
-4.637357e-05
-3.095146e-05
-3.31518e-05
-3.774854e-05
-3.334985e-05
-3.358372e-05
-2.31591e-05
-1.438889e-05
-1.191939e-05
-1.362729e-05
-2.022252e-05
-1.88833e-05
-1.450247e-05
-1.678362e-06
1.771084e-05
9.10616e-06
-3.917353e-06
2.468581e-06
7.815872e-06
8.162652e-06
1.341108e-05
7.416692e-06
3.845164e-06
2.301094e-05
2.855025e-05
3.071117e-05
3.471934e-05
2.183639e-05
1.668277e-05
1.974452e-05
2.922182e-05
4.835712e-05
5.16832e-05
4.8506e-05
4.855214e-05
4.546905e-05
3.929382e-05
3.619886e-05
4.015315e-05
4.726821e-05
5.426448e-05
5.714791e-05
6.53801e-05
6.890988e-05
5.39404e-05
5.331319e-05
5.325696e-05
6.242652e-05
8.107511e-05
8.036173e-05
9.091368e-05
8.969608e-05
7.428355e-05
7.467845e-05
7.457598e-05
7.82202e-05
8.598652e-05
8.87091e-05
9.441262e-05
9.801136e-05
9.363156e-05
8.891388e-05
8.557506e-05
8.805848e-05
8.964107e-05
9.425586e-05
0.0001080126
0.0001125001
0.0001059708
0.0001052783
9.851065e-05
9.721115e-05
0.0001124728
0.0001121671
0.0001196693
0.0001237536
0.0001062975
0.0001112387
0.0001107291
0.0001029963
0.0001152675
0.0001259328
0.0001260495
0.000121338
0.0001204136
0.0001186204
0.0001198965
0.0001240428
0.0001253433
0.0001387535
0.0001448077
0.0001258858
0.0001144817
0.0001136872
0.0001250386
0.0001371708
0.0001354526
0.0001393416
0.0001415412
0.0001395527
0.0001332353
0.0001243105
0.0001301676
0.0001343377
0.00014044
0.0001545311
0.0001565383
0.00015452
0.0001521432
0.0001369233
0.000138814
0.0001558556
0.0001579693
0.0001566105
0.000151329
0.000152413
0.000160953
0.0001519556
0.0001556307
0.0001593334
0.0001482194
0.0001485585
0.0001454277
0.0001554124
0.0001741757
0.0001669788
0.0001676299
0.0001732417
0.0001599427
0.0001603978
0.000166137
0.0001639081
0.0001652725
0.0001620374
0.0001635448
0.0001630432
0.000163911
0.0001701154
0.0001661208
0.0001733108
0.000177222
0.0001796354
0.0001801139
0.0001757078
0.0001749008
0.0001726136
0.0001737941
0.0001704253
0.0001748902
0.0001709789
0.000162805
0.0001757805
0.0001726779
0.000176911
0.0001822657
0.0001758599
0.0001880594
0.0001968694
0.0001909028
0.0001729864
0.000166269
0.0001724058
0.0001751541
0.0001842562
0.0001786675
0.0001697251
0.0001698817
0.0001672594
0.0001683759
0.0001748742
0.0001841362
0.0001895688
0.0001969172
0.0001948889
0.0001883642
0.0001900681
0.0001743532
0.0001754132
0.0001866062
0.000178975
0.0001797968
0.0001821828
0.0001853212
0.0001884598
0.0001866496
0.0001876377
0.0001898984
0.0001929069
0.0001952037
0.0001939911
0.000186197
0.000183984
0.0001810948
0.0001904404
0.0002002835
0.0001906512
0.0001932904
0.0001894235
0.0001854592
0.0001912278
0.0001875607
0.000194388
0.0001954587
0.0001884623
0.0001860337
0.0001834176
0.0001889783
0.0001852371
0.0001932658
0.0001980239
0.0001872682
0.000191664
0.000186973
0.0001897639
0.0001905059
0.0001827713
0.0001860183
0.000180499
0.0001931607
0.0001951561
0.0001840843
0.0001864829
0.0001817557
0.0001884089
0.0001955307
0.0001964426
0.0001992111
0.0001909869
0.000178462
0.0001815288
0.0001912316
0.0001862915
0.0001879201
0.0001835937
0.0001776158
0.0001850306
0.0001792524
0.0001806972
0.0001785045
0.0001775376
0.000185989
0.0001812414
0.0001876994
0.0001835078
0.0001742794
0.0001797836
0.0001778582
0.0001793627
0.0001782395
0.0001728206
0.0001736068
0.0001752961
0.0001720619
0.0001737578
0.0001744482
0.0001702529
0.0001708215
0.0001675681
0.0001683311
0.000170957
0.0001616362
0.0001602776
0.0001649719
0.0001607288
0.0001644512
0.0001712003
0.0001690222
0.0001675444
0.0001611554
0.0001609095
0.0001726565
0.000172482
0.0001649716
0.0001626242
0.0001632772
0.0001650606
0.0001655921
0.0001654918
0.000167926
0.0001606938
0.0001612918
0.0001669394
0.0001710115
0.000175289
0.0001620974
0.0001625638
0.0001661741
0.0001621476
0.0001705429
0.0001632939
0.0001630605
0.000173522
0.00016241
0.0001679463
0.0001735209
0.00016556
0.000170588
0.0001647856
0.0001711075
0.0001760227
0.0001727002
0.0001699765
0.0001660028
0.0001712432
0.0001662379
0.0001686561
0.0001713961
0.0001681793
0.0001654133
0.0001604156
0.0001677521
0.000162574
0.0001623043
0.000166549
0.0001628523
0.0001780576
0.0001689614
0.0001624783
0.0001698108
0.0001630682
0.0001680927
0.0001621492
0.000165737
0.0001692103
0.0001561051
0.0001592798
0.0001583244
0.0001567259
0.0001564534
0.0001561459
0.0001587291
0.0001596102
0.0001579639
0.000152825
0.0001572822
0.0001571613
0.0001578046
0.0001603987
0.0001561979
0.0001525542
0.000148403
0.0001477997
0.0001466818
0.0001533991
0.0001529978
0.0001468025
0.0001543336
0.0001501257
0.000140596
0.0001401639
0.0001430864
0.0001446165
0.0001435845
0.0001480613
0.0001439252
0.0001404635
0.0001380854
0.0001338436
0.0001374568
0.000141449
0.000142973
0.0001439346
0.000149583
0.0001391024
0.0001319712
0.0001414021
0.0001355172
0.000137978
0.0001439771
0.0001406155
0.0001362948
0.0001329991
0.0001285725
0.0001326408
0.0001411936
0.0001321291
0.000135872
0.0001373435
0.0001285819
0.0001377777
0.0001248378
0.0001244753
0.0001402633
0.0001334365
0.0001359351
0.0001389013
0.0001346957
0.0001353558
0.0001322462
0.0001298773
0.0001349413
0.00013862
0.0001325744
0.0001352752
0.0001350836
0.0001320808
0.0001345744
0.0001286832
0.0001364406
0.0001403485
0.0001364172
0.0001388352
0.0001310195
0.0001346442
0.0001334968
0.0001285019
0.0001392576
0.0001352799
0.0001310837
0.0001368913
0.0001329234
0.0001326787
0.0001357144
0.0001324381
0.0001345845
0.000139266
0.0001303718
0.0001330986
0.0001350685
0.0001311438
0.0001337731
0.0001299645
0.0001368926
0.0001367015
0.0001288972
0.0001385291
0.0001369053
0.0001345784
0.0001335576
0.0001326349
0.0001343611
0.000132729
0.0001373616
0.0001336392
0.0001385916
0.0001404885
0.0001347872
0.0001382589
0.0001338338
0.0001373857
0.0001336602
0.0001367342
0.0001394892
0.0001309672
0.0001364194
0.0001298556
0.0001337614
0.0001367696
0.00012909
0.0001368108
0.0001342316
0.0001320884
0.0001342427
0.0001302476
0.0001324876
0.0001343752
0.000125564
0.0001347778
0.0001376437
0.0001292659
0.0001428632
0.0001333363
0.0001324188
0.0001402378
0.0001279056
0.0001354492
0.0001319731
0.0001331731
0.0001369041
0.0001287598
0.0001412383
0.0001329873
0.0001328487
0.0001380077
0.0001315048
0.0001383539
0.0001348257
0.000134899
0.0001380832
0.000130342
0.0001293413
0.0001327995
0.0001328031
0.0001343479
0.0001403644
0.0001316804
0.0001329425
0.0001411094
0.0001325348
0.000133573
0.0001348944
0.0001322484
0.0001384616
0.0001378365
0.0001381502
0.000141352
0.0001347101
0.0001338604
0.000137251
0.0001407208
0.000147032
0.0001443713
0.0001416519
0.00014389
0.000141304
0.0001415872
0.0001418687
0.0001382439
0.000139461
0.0001440064
0.0001503188
0.0001468124
0.0001441673
0.0001423032
0.0001410704
0.0001490937
0.0001459511
0.0001500247
0.0001495842
0.0001480739
0.0001491421
0.0001460449
0.0001550475
0.0001487738
0.0001490909
0.0001533767
0.000149204
0.000154151
0.0001511457
0.0001562244
0.0001558905
0.0001564276
0.0001575663
0.000152474
0.0001636024
0.0001572785
0.0001527382
0.0001579016
0.0001528927
0.0001609446
0.0001577774
0.0001561064
0.0001626668
0.0001592492
0.0001586806
0.0001633049
0.0001637946
0.000165492
0.0001657432
0.0001605516
0.0001668048
0.0001655955
0.0001640417
0.0001634291
0.0001622679
0.0001674847
0.0001644526
0.000168685
0.0001695151
0.0001689954
0.0001685093
0.000166185
0.0001696378
0.000169402
0.000169895
0.0001705055
0.0001711997
0.0001674879
0.0001623753
0.0001707187
0.0001685677
0.000172231
0.0001787032
0.0001736254
0.0001799067
0.0001778728
0.000172185
0.0001709045
0.0001725298
0.0001731452
0.0001759894
0.0001804144
0.000180478
0.0001826883
0.0001756607
0.0001821903
0.0001827397
0.0001808604
0.0001919898
0.0001822017
0.0001864415
0.0001872566
0.0001831505
0.0001883372
0.0001825737
0.0001898153
0.0001857041
0.0001854948
0.000192853
0.0001850358
0.0001912316
0.0001903124
0.0001929509
0.0001975622
0.0001893857
0.0001949394
0.0001998177
0.0001944723
0.0001941055
0.0001958765
0.000198695
0.0002013478
0.0001981239
0.0002008024
0.0002055998
0.0002054122
0.0002050099
0.0002048145
0.0002085762
0.0002092568
0.0002070571
0.0002117017
0.0002135876
0.0002143056
0.0002129421
0.0002107906
0.0002133548
0.0002133329
0.0002148408
0.000215811
0.0002204415
0.0002203108
0.0002189839
0.0002176005
0.0002175579
0.0002200055
0.0002150022
0.0002226009
0.0002264359
0.0002233255
0.0002278409
0.0002289621
0.0002314277
0.0002283514
0.0002300405
0.0002296333
0.000228716
0.0002371823
0.0002280758
0.0002318733
0.0002425174
0.0002294313
0.0002298888
0.0002326813
0.0002285648
0.0002341054
0.0002341174
0.0002357151
0.0002375396
0.0002393931
0.0002399446
0.0002368741
0.0002434954
0.0002444029
0.0002420781
0.0002447705
0.0002466504
0.0002504057
0.0002459631
0.0002428608
0.0002493403
0.0002433195
0.0002449195
0.0002486157
0.0002465791
0.0002541424
0.0002499399
0.0002487202
0.0002552343
0.0002502995
0.0002516439
0.0002474757
0.0002492918
0.0002527195
0.0002447941
0.0002541657
0.0002530824
0.0002529397
0.00025822
0.0002525498
0.0002616647
0.0002568279
0.0002593375
0.0002650016
0.0002609959
0.0002673479
0.0002622595
0.0002617749
0.0002695715
0.0002683069
0.0002658464
0.0002675884
0.0002691876
0.0002690134
0.0002694932
0.0002683442
0.0002708249
0.0002706383
0.0002753377
0.000275805
0.0002737933
0.0002800325
0.0002709531
0.0002744024
0.0002790102
0.0002770212
0.0002841677
0.0002782611
0.0002814821
0.0002802449
0.0002789734
0.000282162
0.0002783196
0.0002874501
0.0002813352
0.0002849332
0.0002933046
0.0002832542
0.0002894204
0.0002871967
0.0002847432
0.0002900859
0.0002849409
0.0002902697
0.0002908766
0.000288553
0.0002928217
0.0002896771
0.0002950066
0.0002904638
0.0002871749
0.0002963477
0.0002902544
0.0002944632
0.0002960882
0.0002915939
0.0002979669
0.0002986294
0.0002979819
0.0003015951
0.0003019108
0.0002984671
0.0003008364
0.0002950698
0.0002959005
0.0003058906
0.0002947547
0.0003018748
0.0003032861
0.000295981
0.0003069623
0.0002997719
0.0003008721
0.0003052703
0.0002998223
0.0003038624
0.0003045627
0.0003057377
0.000303123
0.0003055846
0.000310776
0.0003063491
0.0003083849
0.0003079094
0.0003101755
0.0003093232
0.0003048492
0.0003108505
0.0003094318
0.0003125935
0.0003117532
0.0003082739
0.0003130949
0.0003057125
0.0003097061
0.0003109735
0.0003073564
0.0003153874
0.0003096884
0.0003109651
0.000317908
0.0003094706
0.000313203
0.0003127038
0.0003116538
0.0003149123
0.00031403
0.0003110412
0.0003154116
0.0003182258
0.0003127453
0.000322522
0.0003208822
0.000321021
0.0003206493
0.0003112323
0.0003227783
0.00031514
0.0003110638
0.0003189344
0.0003091656
0.0003140364
0.0003190928
0.0003121553
0.0003190798
0.0003170015
0.0003101202
0.0003198736
0.0003160288
0.0003139136
0.000315621
0.0003098322
0.0003175095
0.0003124526
0.0003085222
0.0003149513
0.0003083961
0.0003168241
0.0003108351
0.0003067484
0.0003162463
0.0003085769
0.0003129641
0.0003130415
0.0003129162
0.0003154073
0.0003075354
0.0003129407
0.0003109548
0.0003075794
0.0003092665
0.0003060855
0.0003108225
0.0003114752
0.0003042306
0.0003077833
0.00030544
0.0003001991
0.000301569
0.0002975297
0.0003019626
0.0002996404
0.0002963338
0.0003027983
0.0003006467
0.0003000063
0.0002997312
0.0002992253
0.0002977523
0.0002953209
0.0002947327
0.0002953959
0.0002988622
0.0002964093
0.0002928248
0.0002943201
0.0002947976
0.0002932484
0.0002947867
0.0002961322
0.0002926147
0.0002940104
0.0002933878
0.0002888026
0.0002911531
0.0002905298
0.0002879175
0.0002943559
0.0002904471
0.0002841041
0.0002920033
0.0002836627
0.0002878857
0.0002899256
0.0002797067
0.0002893233
0.0002800684
0.0002800616
0.0002800485
0.0002727733
0.0002854486
0.0002761147
0.0002760344
0.0002821596
0.0002756059
0.0002794001
0.0002738069
0.0002738317
0.0002790017
0.0002710638
0.0002701929
0.000275188
0.0002683589
0.0002714358
0.0002733556
0.0002666544
0.0002734309
0.0002675742
0.0002614924
0.00026846
0.000266591
0.0002665046
0.0002684745
0.0002644259
0.0002664427
0.0002641157
0.0002552392
0.0002639904
0.0002619493
0.0002569546
0.0002625518
0.000251574
0.0002523334
0.0002570959
0.0002460477
0.0002506973
0.000253596
0.0002474956
0.0002490168
0.0002449844
0.000246671
0.000249455
0.0002432021
0.0002386943
0.000238608
0.0002380659
0.0002319225
0.0002354842
0.0002341597
0.000232035
0.0002332315
0.0002243171
0.0002284858
0.0002223278
0.0002188586
0.0002211872
0.000217276
0.0002212743
0.0002112274
0.0002135209
0.0002140189
0.0002088783
0.0002149006
0.000206889
0.0002099965
0.000212756
0.0002091673
0.0002064002
0.0002030408
0.0002042919
0.0001956986
0.000194193
0.0001973705
0.0001870009
0.0001880579
0.0001865442
0.0001870827
0.0001890901
0.0001767077
0.0001817741
0.0001811711
0.0001746008
0.000179596
0.0001742138
0.0001721184
0.0001716659
0.0001697249
0.0001618492
0.0001643712
0.0001661284
0.0001538726
0.0001634918
0.0001581368
0.0001541137
0.0001571282
0.0001516711
0.0001543392
0.0001488799
0.0001517872
0.0001498773
0.0001441599
0.000146905
0.0001383156
0.0001401356
0.0001382448
0.0001303433
0.0001321077
0.000130521
0.0001301657
0.0001244529
0.0001221808
0.0001182173
0.0001204063
0.000118947
0.0001073788
0.0001168811
0.0001121423
0.000112174
0.0001167394
0.0001052077
0.0001125446
0.0001058876
9.947127e-05
0.0001013163
9.843201e-05
9.692295e-05
9.113753e-05
9.156738e-05
8.668818e-05
8.735332e-05
8.205238e-05
7.60212e-05
8.253125e-05
7.569661e-05
7.422576e-05
7.510958e-05
7.196287e-05
7.052077e-05
6.441669e-05
6.605214e-05
6.580796e-05
6.268179e-05
6.218047e-05
5.60586e-05
5.768114e-05
5.225393e-05
4.200892e-05
4.959395e-05
4.733738e-05
3.899275e-05
4.362677e-05
4.13487e-05
3.491838e-05
3.766332e-05
2.89181e-05
2.097392e-05
3.000768e-05
1.612411e-05
1.843403e-05
2.202362e-05
1.295554e-05
1.800502e-05
1.010854e-05
1.027623e-05
7.951914e-06
1.544911e-06
1.89581e-06
-3.362149e-06
-3.008162e-06
-1.206489e-06
-6.959073e-06
-1.326295e-05
-9.952234e-06
-1.736152e-05
-2.185606e-05
-2.058238e-05
-2.77776e-05
-2.767282e-05
-3.499464e-05
-3.766825e-05
-3.623541e-05
-4.055638e-05
-4.447008e-05
-4.865665e-05
-4.34566e-05
-4.986277e-05
-5.446664e-05
-5.11164e-05
-5.752863e-05
-6.138098e-05
-6.268653e-05
-6.558272e-05
-7.197138e-05
-6.863709e-05
-7.644434e-05
-7.958444e-05
-7.086787e-05
-8.673293e-05
-8.195795e-05
-8.63291e-05
-9.381535e-05
-8.997971e-05
-0.0001019143
-9.518977e-05
-9.83226e-05
-0.0001021128
-0.0001081003
-0.0001151862
-0.0001075297
-0.0001204969
-0.0001166223
-0.0001181369
-0.000124581
-0.0001197243
-0.0001328844
-0.0001299654
-0.0001294005
-0.0001349761
-0.0001370493
-0.0001431998
-0.0001352899
-0.0001447175
-0.0001494243
-0.0001453693
-0.0001524917
-0.000150837
-0.0001620394
-0.000161056
-0.0001586023
-0.0001641003
-0.0001693368
-0.0001722759
-0.0001636497
-0.0001818546
-0.0001808435
-0.0001684166
-0.0001612494
-0.000163917
-0.0002266865
-0.0002622146
-0.0001808141
-7.550697e-05
-0.0002482192
-0.0004065818
-0.0002130958
-0.0001112798
-5.173545e-05
-1.571703e-05
-0.0001836309
-0.0002719384
6.638811e-05
0.0004462011
0.000126456
-0.0001780557
-0.000489036
-0.0005849034
0.0003079459
0.0001871781
-0.0007460549
-0.0008997544
-0.0008054186
-0.0001907228
0.0006108198
0.0004930159
-0.0003658058
-0.0008611933
-0.001144372
-0.00146711
9.750743e-05
0.002144692
0.001405253
-4.463707e-05
0.0001911573
0.001441202
0.003018317
0.001542226
-0.003221571
-0.004463451
-0.002178135
0.001286484
0.004376854
0.001301825
-0.003768578
-0.005081719
-0.003472399
-0.0006631182
-0.0003915841
0.0003805057
0.002341813
0.001714915
0.001847788
0.003190575
0.002987105
0.002782232
0.00179142
-0.0008819814
1.160336e-05
0.0009111541
-0.002302716
-0.00260024
-0.001298617
-0.001476591
-0.00196265
-0.003166528
-0.003562496
-0.005467565
-0.007190445
-0.004188411
-0.0005853545
0.002750072
0.003627991
-0.0004693814
-9.348373e-05
0.003620318
-0.0006477102
-0.008387469
-0.008391837
-0.00192274
0.00204302
0.002147578
0.001824008
-0.002090478
-0.005957387
-0.005175618
-0.01007355
-0.01072142
0.002409929
0.003658515
-0.005289541
-0.000320482
0.01187624
0.01884567
0.01376448
0.0002668737
0.001053532
0.003268994
-0.01076074
-0.01175258
-0.003181281
-0.003515298
-0.00488765
-0.00825131
-0.007512987
-0.0007214777
-0.007106942
-0.02466232
-0.02210935
-0.00596024
0.007549741
0.006292588
-0.01158473
-0.003312838
0.00771855
0.002874299
0.0002692247
-0.008017746
-0.004034625
-0.004256566
-0.01429729
-0.01885105
-0.0116504
0.01194753
0.0221769
0.005941747
-0.02719878
-0.0346943
-0.009267636
0.01152516
0.01480779
-0.0001152108
0.001618121
0.0107739
-0.007074785
-0.02288556
-0.007547827
0.01583414
0.004889135
-0.02161951
-0.02106677
0.006981283
0.02625501
0.01010897
0.006342771
0.01186808
-0.01807414
-0.04177397
-0.04913018
-0.01829821
0.03656208
0.03001787
0.005938105
0.00954563
-0.005135972
-0.03499097
-0.0170147
0.015338
0.01777871
0.002899326
-0.04030532
-0.04946754
-0.03108559
-0.02581294
-0.01034107
-0.003243594
-0.008041089
-0.02298656
-0.021551
0.006635391
0.04211669
0.06016105
0.03633442
0.02085649
0.01195301
-0.003665362
-0.003442224
0.002735212
0.03878334
0.05019396
0.01310519
0.004302459
-0.004511797
-0.02317336
-0.03249412
-0.05795219
-0.06667344
-0.04905941
-0.04544832
-0.04001333
-0.009842261
0.01512599
-0.000745045
-0.04273548
-0.05146602
-0.03188229
-0.02449869
-0.02168718
-0.01775526
-0.003825093
0.005901367
-0.01892716
-0.05057823
-0.05636912
-0.04205079
-0.03233595
-0.03463851
-0.02117967
0.00758463
0.02132523
0.01954172
0.01999166
0.02408507
0.03879603
0.05582022
0.02575744
-0.02511386
-0.03871323
-0.03495818
-0.02362977
-0.01130568
-0.01489265
-0.03113562
-0.03754763
-0.02690023
-0.05235168
-0.07284071
-0.04027527
-0.03113063
-0.04265012
-0.03843455
-0.0333441
-0.02597858
-0.01332601
-0.001511868
0.006473122
0.007715822
0.0008860899
-0.01606369
-0.0326528
-0.02101855
-0.01181961
-0.009633782
0.009395865
-0.001090441
-0.02237904
-0.0207018
-0.02597415
-0.02316946
-0.004165037
-0.00470925
-0.008893097
-0.003419079
-0.0006955412
0.01329645
0.01146903
-0.008170021
-0.02213927
-0.04059699
-0.04112984
-0.03917769
-0.05239882
-0.04093038
-0.02203612
-0.02858185
-0.03990174
-0.03972729
-0.03060721
-0.02350609
-0.01559275
0.004628468
0.0259361
0.03829625
0.03075921
0.009601241
-0.005085799
-0.0140274
-0.02432124
-0.04753865
-0.06375701
-0.05248869
-0.03100277
-0.009699169
-0.00139292
-0.0006585935
0.006919494
0.002051898
-0.009200882
-0.00305153
0.008667863
0.02047571
0.03059789
0.02072158
0.008007112
0.01708458
0.03998118
0.05789718
0.06210885
0.05839579
0.0427218
0.03201611
0.02817002
0.01801352
0.01790367
0.01276116
-0.005016468
-0.02925858
-0.03527365
-0.007871786
0.01043381
0.02581167
0.03784094
0.03166778
0.03078699
0.01858724
0.003776886
0.01357543
0.02033995
0.01967232
0.02528099
0.01480708
-0.006422048
-0.003326778
0.0003845778
-0.01865787
-0.0251929
-0.01782253
-0.0200459
-0.02427563
-0.02152782
-0.0180072
-0.01391632
-0.004969436
-0.009625732
-0.02584919
-0.03232816
-0.02975557
-0.02109651
-0.02000347
-0.02601866
-0.028365
-0.0386811
-0.05068661
-0.0516341
-0.05061272
-0.05496152
-0.0586603
-0.05867428
-0.05193308
-0.04162622
-0.04928261
-0.05869899
-0.04522473
-0.03664578
-0.05024889
-0.06990106
-0.08548541
-0.09640211
-0.0983515
-0.08822389
-0.07549023
-0.06752725
-0.05945344
-0.06086697
-0.07904918
-0.08733835
-0.07942025
-0.07270196
-0.05922688
-0.04416757
-0.02120508
0.02394485
0.04828276
0.06103946
0.08712774
0.103387
0.1285736
0.1445954
0.1361833
0.1314771
0.1156185
0.1054094
0.1195834
0.1232758
0.1176007
0.1247736
0.1275372
0.1172555
0.1135652
0.1201231
0.1288988
0.1367554
0.1431565
0.1489866
0.1541625
0.160295
0.1715066
0.1803538
0.1877953
0.19692
0.1973345
0.1961112
0.1688834
0.132062
0.14856
0.1701704
0.1725695
0.1914624
0.2176351
0.2525686
0.2875422
0.301256
0.2857075
0.2447137
0.1844711
0.1255105
0.1365982
0.2029309
0.2283671
0.2158858
0.2138801
0.2226766
0.2292283
0.2298619
0.2304207
0.2336595
0.2347316
0.2343259
0.238077
0.2441508
0.2491747
0.2577462
0.2669065
0.2852708
0.3250094
0.3460584
0.3203606
0.2827552
0.2652258
0.2506197
0.2245463
0.2194088
0.2298336
0.2308549
0.2332485
0.2332096
0.2270889
0.2128853
0.1895228
0.1764597
0.1675874
0.1415137
0.1077919
0.08033353
0.063381
0.04940926
0.03250299
0.02074025
0.009345361
0.0005982646
-0.01036328
-0.02646671
-0.03620191
-0.04653356
-0.05546104
-0.06760379
-0.09166694
-0.1254351
-0.1665978
-0.2045767
-0.2331126
-0.2686292
-0.3087475
-0.3153865
-0.3074766
-0.3000846
-0.2579367
-0.2371894
-0.3068526
-0.3908254
-0.4090423
-0.3908082
-0.3691021
-0.3462132
-0.3401908
-0.35574
-0.3479565
-0.3221647
-0.3234802
-0.3261518
-0.3314345
-0.350709
-0.3390032
-0.3193947
-0.3243323
-0.3305665
-0.3418738
-0.352734
-0.3563454
-0.3555932
-0.3384017
-0.3319358
-0.3372959
-0.3163399
-0.2956833
-0.3011331
-0.3118047
-0.3196112
-0.3154525
-0.297165
-0.2747409
-0.2424765
-0.2217792
-0.2226451
-0.2162776
-0.2255307
-0.255759
-0.2613423
-0.2403995
-0.2343643
-0.2638031
-0.2814994
-0.2732653
-0.250173
-0.2169501
-0.2017132
-0.184001
-0.1943675
-0.2172596
-0.1909577
-0.1817914
-0.1726619
-0.1462892
-0.1485068
-0.1490511
-0.1478841
-0.150263
-0.1339776
-0.1042285
-0.0828827
-0.05998873
-0.05970929
-0.07273283
-0.05352899
-0.07090693
-0.07528403
-0.02930499
-0.02482664
-0.02373218
-0.01798479
-0.02949197
-0.03375248
-0.04338293
-0.05207824
-0.05076725
-0.04586126
-0.04707536
-0.04686496
-0.03347207
-0.02336073
-0.02052168
-0.02095455
-0.02750124
-0.03538896
-0.03528225
-0.03316149
-0.03697414
-0.03648324
-0.02680313
-0.01647101
-0.009131533
0.005257977
0.009929787
-0.002008515
-0.01285041
-0.02131262
-0.01502044
-0.01045533
-0.01202429
-0.0006441487
0.01655552
0.03908013
0.05510326
0.07103408
0.081441
0.06774353
0.04057131
0.002625579
-0.01374222
-0.006748885
-0.007024255
0.0006571243
0.01287258
0.02099806
0.02391992
0.01650223
0.02420037
0.04418579
0.05441455
0.0512881
0.03983724
0.05260471
0.07480367
0.0798658
0.09895754
0.131497
0.1551302
0.1762789
0.1949508
0.2024294
0.2195376
0.2459839
0.2551219
0.2697293
0.2852861
0.3001416
0.3279098
0.3214724
0.3513915
0.3908634
0.3299075
0.3185453
0.3783235
0.4169274
0.4412825
0.4405233
0.4459207
0.4523123
0.4456193
0.4323442
0.4110757
0.4008267
0.3973184
0.4008088
0.4164247
0.4348874
0.4559675
0.4749616
0.4658325
0.440405
0.4099799
0.372968
0.3635187
0.3588227
0.3446647
0.3269335
0.3000171
0.2936582
0.2812077
0.2692314
0.2883967
0.2993782
0.3026349
0.3055802
0.2959689
0.2838308
0.277683
0.2684049
0.2626948
0.2661533
0.2510853
0.2301911
0.2106059
0.1836159
0.1734878
0.1693613
0.1571526
0.1382731
0.1139955
0.09238019
0.07946836
0.0801131
0.07013769
0.05808499
0.04788463
0.01365819
-0.001560497
0.001267745
-0.008077092
-0.009885089
-0.0149232
-0.02447476
-0.02908483
-0.03474921
-0.03323733
-0.0349302
-0.03952788
-0.04067254
-0.06065539
-0.08253853
-0.09021571
-0.09823941
-0.1048523
-0.1124975
-0.1211498
-0.1274716
-0.1391264
-0.1449746
-0.1447062
-0.1488094
-0.1377397
-0.1312062
-0.1429644
-0.1516297
-0.1583884
-0.1552115
-0.1604572
-0.1724595
-0.1674017
-0.1821968
-0.2031415
-0.1957039
-0.2024116
-0.205727
-0.1858552
-0.1872837
-0.1904174
-0.1970296
-0.1982993
-0.1674591
-0.1490108
-0.1331067
-0.1207038
-0.1251906
-0.1189781
-0.1105547
-0.09608338
-0.09873633
-0.1148796
-0.1018889
-0.08933407
-0.08130924
-0.0780736
-0.08649356
-0.08797578
-0.106836
-0.1350223
-0.1336697
-0.1331992
-0.1409929
-0.1034881
-0.0917783
-0.1519641
-0.1893703
-0.2017331
-0.207961
-0.2032036
-0.2023683
-0.2123437
-0.2299374
-0.2310819
-0.2365732
-0.2417346
-0.2371635
-0.2415641
-0.2483873
-0.2578597
-0.268619
-0.2947784
-0.3146496
-0.3056312
-0.291586
-0.284831
-0.2901629
-0.296627
-0.3031506
-0.3071299
-0.2967816
-0.2838805
-0.2723162
-0.2592354
-0.2514526
-0.2471276
-0.2405201
-0.2325825
-0.2268661
-0.235108
-0.2516079
-0.2632203
-0.2771442
-0.2770407
-0.266694
-0.2701275
-0.2729569
-0.2702873
-0.2524793
-0.2282591
-0.2258851
-0.232692
-0.2483582
-0.2632536
-0.25426
-0.2324032
-0.2128874
-0.2043647
-0.1984405
-0.1885717
-0.1783388
-0.167829
-0.1587032
-0.1457543
-0.1333648
-0.1256684
-0.1174495
-0.1138994
-0.1150438
-0.1126375
-0.1079799
-0.1019594
-0.09512204
-0.09230794
-0.08731157
-0.08049896
-0.08003587
-0.08152629
-0.08264813
-0.08280435
-0.07659243
-0.06522062
-0.0558208
-0.04916739
-0.04161586
-0.03679869
-0.03463654
-0.03071463
-0.02569396
-0.01865315
-0.0163168
-0.02094639
-0.02439935
-0.02310358
-0.01535283
-0.01399105
-0.01829171
-0.01149145
0.0007710333
0.01276794
0.01293332
-0.004240634
-0.01879873
-0.02417484
-0.02126357
-0.01471256
-0.01018217
-0.005884535
-0.006646832
-0.008308407
-0.004522969
0.003115031
0.01023784
0.01216387
0.01770848
0.0312942
0.04199743
0.04897339
0.05526975
0.05528231
0.05702757
0.06027776
0.05983373
0.06233604
0.06224281
0.06708886
0.06909449
0.07251377
0.08358094
0.08607139
0.1032012
0.1047084
0.1275273
0.1925849
0.1811962
0.1497327
0.1528347
0.1492254
0.1641527
0.1751469
0.169669
0.1621078
0.1584976
0.1563568
0.1354513
0.1233268
0.1249254
0.126
0.1416638
0.1606628
0.1705326
0.1692542
0.18951
0.2153179
0.2059851
0.2153617
0.2304582
0.2209185
0.208936
0.1876111
0.182172
0.1967546
0.1876965
0.1826686
0.2021125
0.188665
0.1883102
0.2144065
0.1999476
0.1970429
0.2058184
0.2115121
0.2267452
0.2219462
0.225202
0.2342306
0.2323035
0.2306739
0.2302225
0.2244135
0.2196832
0.2311895
0.2250179
0.2120538
0.2172854
0.22137
0.2261994
0.2257255
0.2291371
0.2370846
0.2339423
0.2361719
0.2298766
0.2081062
0.1942717
0.1788627
0.1665307
0.1605707
0.1508789
0.1498045
0.1543328
0.1590266
0.161201
0.1577353
0.156452
0.1565171
0.1524034
0.1413634
0.1321881
0.1306562
0.1328862
0.1385556
0.1404457
0.1373164
0.1339703
0.1292219
0.1258165
0.1235429
0.119582
0.1166496
0.1148768
0.1144007
0.1121898
0.1053722
0.1033802
0.106056
0.1078251
0.1089624
0.1027647
0.09212568
0.08729881
0.09094723
0.09612117
0.09454375
0.0886774
0.08134529
0.08189271
0.08696586
0.08254983
0.08088961
0.08440325
0.07997848
0.07017948
0.05971526
0.05522643
0.0601878
0.06377476
0.06316611
0.06180396
0.06009854
0.05958996
0.05703976
0.05465743
0.05802695
0.06268486
0.06912207
0.07501168
0.07568685
0.08272037
0.09298134
0.1015236
0.1129381
0.1191001
0.123812
0.1285012
0.1230099
0.1200072
0.1306291
0.1357475
0.1295833
0.1278059
0.12983
0.1268271
0.1159182
0.1075062
0.1093426
0.1090184
0.1010146
0.09371453
0.09240136
0.08843539
0.07537814
0.06201936
0.05081692
0.03958104
0.03148638
0.02300403
0.01840301
0.02927668
0.03000173
0.01039193
0.004491299
0.0102491
0.007395506
-0.008222225
-0.02211341
-0.01701133
-0.01290821
-0.01469322
-0.01107775
-0.01204341
-0.0102356
-0.005423583
-0.006939354
-0.003066201
0.0027286
0.002623852
0.004606379
0.008928559
0.01058106
0.01203699
0.01277583
0.01271138
0.01723593
0.01758354
0.01292084
0.0140295
0.01434558
0.01114419
0.009767522
0.008940381
0.006101772
0.002062205
-0.003046665
-0.009545074
-0.01631625
-0.02888348
-0.04036749
-0.04777426
-0.06592676
-0.08654263
-0.0976691
-0.1045634
-0.1206068
-0.138775
-0.1417137
-0.1516247
-0.1706949
-0.1836451
-0.1989197
-0.2088042
-0.2129453
-0.2235556
-0.238839
-0.2532655
-0.2599789
-0.261131
-0.2666556
-0.2672991
-0.2634378
-0.2701122
-0.2762646
-0.2763539
-0.2789468
-0.2888459
-0.2971529
-0.2968162
-0.3002048
-0.3007874
-0.3096831
-0.3315627
-0.338946
-0.3483173
-0.361867
-0.36345
-0.3684754
-0.3705854
-0.3585012
-0.3561967
-0.355666
-0.3364852
-0.3389586
-0.3561551
-0.3444052
-0.3188183
-0.3111646
-0.3287703
-0.3376401
-0.327852
-0.3270478
-0.327372
-0.3148491
-0.3126703
-0.3199127
-0.3124602
-0.3075507
-0.3120606
-0.3114122
-0.3052774
-0.2985284
-0.2946248
-0.2830295
-0.2679966
-0.263746
-0.2600283
-0.2532932
-0.2471114
-0.238685
-0.2303441
-0.2179248
-0.2015099
-0.1863023
-0.1740305
-0.1671535
-0.1609844
-0.1526993
-0.1461368
-0.1357393
-0.1152283
-0.1022106
-0.1006208
-0.09250501
-0.08341869
-0.07762832
-0.07046089
-0.06553942
-0.06079434
-0.05603584
-0.05211505
-0.04713755
-0.04391388
-0.04144715
-0.03670801
-0.03265692
-0.03038381
-0.0271534
-0.02365013
-0.02258306
-0.02389454
-0.02331951
-0.01669028
-0.01043781
-0.01001389
-0.008124845
-0.004407331
-0.003634365
-0.00411516
-0.002726568
-0.000622286
0.0002153941
0.001603814
0.0009623158
-0.0002435083
-0.003475656
-0.008954221
-0.008818479
-0.01133902
-0.01239173
-0.01112067
-0.01576591
-0.01230024
-0.0155504
-0.01983328
-0.005197425
-0.008521824
-0.02088522
-0.008558897
-0.003929829
-0.001231278
0.01290415
-0.001282198
0.002412675
0.02893736
0.03396814
0.04645624
0.04998491
0.05405139
0.05873029
0.04739278
0.04931191
0.05387504
0.06165896
0.07195086
0.07882371
0.08482403
0.09408124
0.105675
0.1045086
0.1044658
0.108781
0.1210033
0.1295435
0.1269114
0.1340715
0.1421933
0.1469824
0.1441792
0.1454761
0.1485276
0.154505
0.1771733
0.1731781
0.1620948
0.1772561
0.1856896
0.190571
0.2021846
0.2128569
0.2272771
0.2366589
0.2403686
0.2508568
0.2601191
0.274367
0.2841293
0.2808867
0.286077
0.2917836
0.2967431
0.299384
0.2966757
0.2979065
0.2995062
0.3054163
0.3080752
0.3033163
0.2956892
0.2876529
0.28485
0.2798875
0.2732299
0.2701165
0.2698995
0.2674237
0.2630292
0.2579777
0.2467846
0.2403581
0.2377444
0.2289692
0.2154213
0.2018479
0.1970541
0.1892736
0.1745794
0.1657141
0.1567129
0.1485385
0.1409783
0.1255311
0.1134401
0.1104563
0.1094958
0.1045538
0.09292525
0.08159697
0.07383727
0.06873932
0.06572011
0.06174422
0.0579463
0.0523244
0.04408326
0.04009625
0.0387145
0.03559149
0.03276092
0.02997832
0.02637846
0.02266182
0.01920509
0.01705552
0.01574349
0.01544045
0.01523708
0.01462375
0.01603562
0.01602032
0.01598062
0.01805892
0.01916389
0.02363536
0.02510517
0.01959088
0.02082507
0.0234633
0.02019888
0.02034725
0.02119828
0.02161395
0.02312014
0.02348295
0.02399944
0.02206456
0.02103449
0.01896806
0.01338465
0.009216912
0.00624399
0.004624985
0.003738637
0.00541583
0.001211617
-0.007094069
-0.007352001
-0.009900928
-0.01373694
-0.01425652
-0.0171887
-0.02028897
-0.02021673
-0.019534
-0.02473625
-0.03014506
-0.03258588
-0.03790313
-0.04268325
-0.04583988
-0.04671945
-0.04684805
-0.05216841
-0.05476319
-0.05635606
-0.05939623
-0.05569397
-0.05787754
-0.06011485
-0.05549609
-0.05697766
-0.05731012
-0.05691801
-0.05707356
-0.05817832
-0.0608915
-0.05989426
-0.06333544
-0.06832218
-0.07159967
-0.07402117
-0.07627495
-0.08181052
-0.08381182
-0.08590663
-0.09122272
-0.0938812
-0.09355265
-0.09182024
-0.09224172
-0.09245249
-0.09028486
-0.08853377
-0.08979035
-0.09465728
-0.09908618
-0.1054221
-0.1131077
-0.1181969
-0.1229005
-0.1275336
-0.132281
-0.1336923
-0.1337156
-0.1377296
-0.1412962
-0.1438123
-0.1465305
-0.1484575
-0.1503303
-0.1508287
-0.1505892
-0.1506586
-0.1506642
-0.1507174
-0.150563
-0.1507618
-0.150923
-0.1511551
-0.1523832
-0.1525435
-0.1500719
-0.1474045
-0.1436223
-0.1362915
-0.128769
-0.1229542
-0.1186535
-0.1160734
-0.1144803
-0.1138711
-0.1136587
-0.1131907
-0.1121073
-0.1101804
-0.1086682
-0.1077068
-0.1057776
-0.1036817
-0.1025122
-0.1001596
-0.09446171
-0.08984489
-0.08749062
-0.0822769
-0.0770503
-0.069778
-0.0626449
-0.06102343
-0.05513459
-0.04954777
-0.04841171
-0.04393396
-0.03937338
-0.03657125
-0.03362924
-0.0296189
-0.02600026
-0.02312958
-0.01992338
-0.01779613
-0.01365006
-0.009305028
-0.00557824
-0.0001545677
0.002512263
0.006427752
0.01198949
0.01633002
0.02251364
0.02830965
0.03510645
0.04112986
0.04602416
0.05284395
0.05874281
0.06628032
0.07344346
0.07841629
0.08431594
0.08974211
0.09620623
0.1024956
0.1055571
0.107035
0.109649
0.114448
0.1189367
0.1196748
0.1176127
0.1149653
0.1090581
0.1003285
0.08953711
0.0775615
0.06926343
0.0620926
0.05466725
0.0491987
0.04494064
0.04179105
0.03850721
0.03464928
0.03138183
0.0295424
0.02792125
0.02631461
0.02473634
0.02215921
0.02057259
0.01982441
0.01978889
0.02263611
0.02838441
0.03351804
0.03390396
0.03185747
0.03033223
0.02952017
0.03041365
0.03183171
0.03218018
0.03225388
0.0327917
0.03268006
0.0321154
0.0326067
0.03351289
0.03476836
0.03779447
0.04141134
0.0437546
0.04531667
0.04590987
0.04576588
0.04546788
0.04455707
0.04397092
0.04353123
0.04366741
0.04596941
0.04889738
0.05109083
0.05311255
0.0556395
0.05781531
0.05925139
0.0606791
0.06207645
0.0646112
0.06763964
0.07095227
0.07570356
0.08018803
0.0833722
0.08542047
0.0881592
0.09206018
0.09495569
0.09719005
0.09991416
0.1026425
0.1041284
0.1049394
0.1069037
0.1100912
0.1133871
0.1168194
0.1211643
0.1265434
0.131405
0.1351858
0.1385776
0.1401824
0.1389855
0.128067
0.1064291
0.08703584
0.07328511
0.06236636
0.05501089
0.05141738
0.0492942
0.04769306
0.04807912
0.04765944
0.04550748
0.0423406
0.03929376
0.03849703
0.03613839
0.03159959
0.02858586
0.02566777
0.02243338
0.01884138
0.01319679
0.008270811
0.004678294
0.0001847851
-0.004339612
-0.007841669
-0.009851886
-0.01249283
-0.01660583
-0.01913043
-0.02133769
-0.0239337
-0.0249846
-0.02723537
-0.02992461
-0.03004056
-0.0311364
-0.03360095
-0.03499236
-0.03756415
-0.04073099
-0.04310569
-0.04698636
-0.05170649
-0.05624665
-0.05994785
-0.06189148
-0.06465885
-0.06804885
-0.06973926
-0.07109034
-0.07271261
-0.07416398
-0.07496374
-0.07505366
-0.07636852
-0.07860428
-0.08095749
-0.08250971
-0.08253762
-0.08451687
-0.08740373
-0.08749446
-0.08818643
-0.09000774
-0.09000727
-0.09023988
-0.09078359
-0.09131799
-0.09280224
-0.0934123
-0.09357502
-0.09415417
-0.09435234
-0.09398706
-0.09306328
-0.09077399
-0.08665865
-0.08167336
-0.0762645
-0.06974371
-0.06320687
-0.05876113
-0.05422402
-0.05013001
-0.04945506
-0.04892496
-0.04685029
-0.04598748
-0.04623296
-0.04617756
-0.04706367
-0.04880456
-0.05162633
-0.05526866
-0.05807278
-0.06161459
-0.06431051
-0.06615735
-0.06767411
-0.06823032
-0.06949403
-0.06925966
-0.0717641
-0.07280075
-0.07134576
-0.07680836
-0.07702934
-0.07485864
-0.07976686
-0.08164005
-0.08254785
-0.08473233
-0.0846661
-0.084554
-0.08512712
-0.0856049
-0.08564764
-0.08561743
-0.08601473
-0.08536233
-0.08325318
-0.0807443
-0.07743578
-0.0736673
-0.07010743
-0.06645768
-0.06296721
-0.06034848
-0.0582333
-0.05572488
-0.05328184
-0.0506949
-0.04793775
-0.04556857
-0.04265137
-0.03954254
-0.03602194
-0.03143176
-0.02728565
-0.02320586
-0.01788708
-0.01337899
-0.009395655
-0.00325511
0.002257986
0.00670127
0.01116482
0.01493266
0.02011149
0.02587572
0.03025513
0.03294116
0.03633604
0.04037118
0.04293261
0.04735585
0.05293221
0.05781413
0.06347624
0.0699131
0.07634747
0.08210562
0.08878016
0.09528355
0.1004032
0.1074791
0.1158946
0.1240686
0.1317054
0.1376574
0.1462091
0.1541441
0.1564293
0.1595206
0.1615659
0.1612397
0.16188
0.1635304
0.1648491
0.1612186
0.1556939
0.1485884
0.1409728
0.1351185
0.1256079
0.1163212
0.1099827
0.1043808
0.09924601
0.09546281
0.09268712
0.08936592
0.08862641
0.08665084
0.08153295
0.08006515
0.07947167
0.07773029
0.07853336
0.07799455
0.07637154
0.07607625
0.07551204
0.07489318
0.07128716
0.067039
0.06307249
0.05582515
0.04910484
0.04465546
0.04222742
0.0401494
0.0358223
0.03373311
0.03494474
0.03838489
0.04724557
0.05661182
0.06169262
0.06437713
0.06439884
0.06165631
0.0576844
0.05406098
0.05028231
0.04661826
0.0433831
0.03963793
0.03655463
0.03337102
0.03075565
0.02939576
0.02652825
0.02352029
0.02081617
0.01770076
0.01669802
0.01419197
0.01024533
0.009005948
0.005441232
0.003023717
0.004179044
0.001758579
-0.0008364314
-0.003362439
-0.007743842
-0.01143247
-0.01588455
-0.02045244
-0.02564059
-0.02948517
-0.03149034
-0.03688277
-0.04258149
-0.04691711
-0.05312623
-0.0580101
-0.06026097
-0.064298
-0.06923552
-0.07358747
-0.07835959
-0.08164906
-0.08553369
-0.08995316
-0.09216753
-0.09372386
-0.0957094
-0.09755149
-0.09728426
-0.09713583
-0.097127
-0.09546478
-0.09527134
-0.09511617
-0.09506099
-0.09590286
-0.09576642
-0.09579791
-0.095828
-0.0963436
-0.0971259
-0.09693571
-0.0974699
-0.09707366
-0.0948933
-0.09486938
-0.09546166
-0.09553858
-0.09675557
-0.09677374
-0.09649285
-0.09683491
-0.09755099
-0.09859712
-0.09840633
-0.09881939
-0.09963628
-0.09981299
-0.1005936
-0.1015378
-0.1018644
-0.1019905
-0.1026877
-0.1031893
-0.1036314
-0.103662
-0.1027182
-0.1016949
-0.09924509
-0.09525322
-0.09152956
-0.08806392
-0.08548017
-0.08549178
-0.08527651
-0.08144432
-0.0759887
-0.0699384
-0.06381558
-0.05894783
-0.05475052
-0.05126392
-0.04809165
-0.04505411
-0.04187631
-0.03847659
-0.03582774
-0.03226157
-0.02825401
-0.02560948
-0.02350998
-0.02160431
-0.01996373
-0.01892741
-0.01793459
-0.01630349
-0.01520597
-0.01552735
-0.01505815
-0.01334584
-0.01261978
-0.0115864
-0.01052554
-0.009929267
-0.007790879
-0.00569577
-0.00370187
-0.0003800477
0.00263158
0.0052383
0.00909823
0.01353907
0.0172157
0.02106236
0.02475625
0.02832337
0.03251061
0.0358249
0.03924571
0.04284306
0.04572819
0.04913356
0.05280229
0.05613328
0.05901323
0.06282941
0.06706858
0.07072592
0.07555634
0.08049718
0.08421567
0.0867361
0.08855311
0.09216263
0.09730503
0.1016703
0.1032049
0.1042745
0.1074812
0.1074743
0.1091913
0.1136495
0.1134102
0.1136442
0.1162312
0.123002
0.1263442
0.1211763
0.1219887
0.1268878
0.1280824
0.1291184
0.1313364
0.1305871
0.1274766
0.1275371
0.1261553
0.1197712
0.1150191
0.1110237
0.1052818
0.1020578
0.09791479
0.09232697
0.08718113
0.08033718
0.07532955
0.0713609
0.06857304
0.06801911
0.06762059
0.06906407
0.06891508
0.06526259
0.06005451
0.05382132
0.05007246
0.04828993
0.04572023
0.0428597
0.04059439
0.03891598
0.03648121
0.03338271
0.02946824
0.02651492
0.0253855
0.02296757
0.02179964
0.02190777
0.02030502
0.01834682
0.01694273
0.01825793
0.02001567
0.01899684
0.01715552
0.01635799
0.01776612
0.01799288
0.0155681
0.01376991
0.01356238
0.01316843
0.01166753
0.01005616
0.008383765
0.007515739
0.005537084
0.002738196
0.0003294698
-0.002941621
-0.004523087
-0.0081621
-0.01400154
-0.0166458
-0.01983311
-0.02441306
-0.02705575
-0.02957681
-0.03231436
-0.03257562
-0.03318235
-0.03535896
-0.03650522
-0.0383214
-0.03853633
-0.03763519
-0.04024506
-0.04200523
-0.04215419
-0.04239628
-0.04264511
-0.04342118
-0.04291335
-0.04438186
-0.04584524
-0.04624176
-0.05029099
-0.05268576
-0.05420354
-0.05842975
-0.06100411
-0.0629568
-0.06595533
-0.06899696
-0.07140074
-0.07282719
-0.07509796
-0.07785018
-0.07994929
-0.08214596
-0.08396468
-0.08548138
-0.08652795
-0.0871343
-0.08805923
-0.08868949
-0.08983085
-0.09153974
-0.09319611
-0.094908
-0.09706795
-0.09929874
-0.09986558
-0.100694
-0.1024262
-0.1035874
-0.1054557
-0.1076395
-0.1089357
-0.1105842
-0.1129185
-0.1146139
-0.1161465
-0.1174482
-0.1179499
-0.1183488
-0.1184919
-0.1186662
-0.1188311
-0.118645
-0.1187822
-0.118851
-0.118115
-0.1169272
-0.1151312
-0.1125843
-0.1096267
-0.1052874
-0.0997981
-0.09428158
-0.08852512
-0.08288745
-0.07783614
-0.07352595
-0.06974453
-0.06608262
-0.06295367
-0.05995596
-0.05626216
-0.05220355
-0.04812449
-0.04437896
-0.04095387
-0.03686817
-0.03272228
-0.02981044
-0.02719594
-0.02379489
-0.01957338
-0.01673049
-0.01534275
-0.01214181
-0.008966484
-0.005548212
-0.0018314
-0.0002214009
0.003489373
0.008382135
0.01183894
0.01494029
0.01810849
0.02246325
0.02653717
0.03063166
0.03505919
0.03966107
0.04515294
0.05031692
0.05519878
0.05970575
0.06361086
0.06861039
0.07405267
0.07771204
0.08261882
0.08917733
0.09473477
0.1005672
0.105721
0.1096113
0.113236
0.1169863
0.1201218
0.123515
0.1283955
0.1322415
0.135842
0.1377521
0.1385287
0.1401622
0.1404827
0.1423497
0.1428234
0.1397948
0.136782
0.1353221
0.1340803
0.1296572
0.1262091
0.1227507
0.1182819
0.1171477
0.1159971
0.1142214
0.1116062
0.1080287
0.105001
0.1003017
0.09512958
0.08935544
0.08158449
0.07281131
0.06317725
0.05388519
0.04469597
0.03707456
0.03372718
0.03297106
0.03303577
0.03543089
0.04080094
0.04589276
0.04898849
0.04930083
0.04779514
0.04654454
0.04409303
0.04141289
0.03903456
0.03706155
0.035667
0.03218146
0.0289211
0.02734899
0.02552129
0.02439777
0.0228603
0.0206635
0.0204
0.0203391
0.01875898
0.01793747
0.01731483
0.01560802
0.01533009
0.01581595
0.01484763
0.01417088
0.01388391
0.01199027
0.009438645
0.007751393
0.005924516
0.003143094
0.001165146
0.0001304063
-0.003029078
-0.005766812
-0.006322508
-0.008649578
-0.0113921
-0.0137017
-0.0166395
-0.01866368
-0.02085638
-0.02329217
-0.02490902
-0.02696656
-0.02877332
-0.02989485
-0.03147414
-0.03322669
-0.03455874
-0.03546672
-0.03662672
-0.0375847
-0.03819649
-0.03907686
-0.03955991
-0.03973205
-0.03940485
-0.03899574
-0.03951629
-0.04024585
-0.04130896
-0.04243211
-0.04337095
-0.04465452
-0.04507901
-0.04521882
-0.04628079
-0.0471279
-0.04737669
-0.04780495
-0.04889152
-0.04969518
-0.04997856
-0.05031893
-0.05045763
-0.05082369
-0.05077192
-0.05052862
-0.05081128
-0.05010802
-0.04888281
-0.04785938
-0.04651202
-0.04512571
-0.04346616
-0.04134868
-0.03909497
-0.03667608
-0.03411749
-0.03161275
-0.0292341
-0.02725828
-0.02559723
-0.02341319
-0.02120681
-0.01990882
-0.01899083
-0.01821929
-0.0170927
-0.0153832
-0.01384932
-0.01239065
-0.01124946
-0.01024119
-0.00828154
-0.005901225
-0.003561972
-0.001422353
-0.0002059343
0.0007431197
0.001679948
0.002152711
0.002347772
0.002765579
0.003347185
0.003457658
0.00391187
0.004548544
0.004737955
0.005196669
0.005414439
0.005392755
0.005841472
0.006119118
0.00597641
0.006100085
0.0066781
0.007498569
0.008245596
0.009454321
0.0112335
0.01239614
0.01350424
0.01511705
0.01629051
0.01766037
0.01959737
0.02044252
0.02087999
0.0218492
0.02245571
0.02296623
0.02336488
0.02365174
0.02396758
0.02445855
0.02495668
0.02532396
0.02605241
0.02671762
0.02715339
0.02763574
0.02853172
0.02932851
0.03011396
0.03133278
0.03166094
0.0318945
0.03253398
0.03172333
0.03056088
0.0299667
0.02819066
0.02497245
0.02118129
0.01762159
0.0139511
0.009805622
0.00568208
0.002076437
-0.0005415813
-0.003235512
-0.006178571
-0.008486976
-0.01016419
-0.01089426
-0.01051398
-0.009277829
-0.007465071
-0.004300961
0.0002439145
0.003140899
0.0037622
0.003901466
0.00341696
0.002870589
0.002472426
0.001633504
0.001151413
0.0005765396
-0.0005098414
-0.001530433
-0.003106926
-0.004663113
-0.006021232
-0.007755405
-0.008843331
-0.01007379
-0.01153464
-0.01237688
-0.0137584
-0.01580955
-0.01763275
-0.01874037
-0.0202787
-0.02250061
-0.02397291
-0.02550798
-0.02711832
-0.02841029
-0.03021928
-0.03160327
-0.03303923
-0.034959
-0.03634437
-0.03818683
-0.04046944
-0.04169011
-0.04194579
-0.04296516
-0.04365357
-0.04349577
-0.0444965
-0.04461574
-0.04482608
-0.04649817
-0.04685687
-0.04696179
-0.04774049
-0.04836203
-0.04855024
-0.04905755
-0.05019207
-0.05071612
-0.05101308
-0.05104102
-0.05100349
-0.05094251
-0.05048626
-0.05034391
-0.04978604
-0.0495056
-0.04964942
-0.04956435
-0.04952258
-0.04854121
-0.04767371
-0.04714781
-0.04597624
-0.04462605
-0.0437051
-0.04295236
-0.04123678
-0.03966915
-0.03838175
-0.03669971
-0.03488649
-0.03249907
-0.03007323
-0.02732586
-0.02446155
-0.02213061
-0.02009364
-0.01837677
-0.01624048
-0.01422375
-0.01276305
-0.0110613
-0.009445786
-0.007769541
-0.00609267
-0.004244901
-0.001926202
-0.0004557071
0.0008111815
0.002445362
0.003499809
0.004431853
0.005442893
0.00607877
0.006609242
0.00736889
0.007889137
0.008372318
0.009127106
0.01000046
0.01056983
0.01112117
0.01262845
0.01382138
0.01459335
0.0157953
0.01662565
0.01767267
0.01899133
0.01938037
0.01963162
0.02059073
0.02141768
0.02244021
0.02343055
0.02351408
0.02372648
0.02386575
0.0239837
0.0244667
0.02483843
0.0260384
0.02723073
0.02804183
0.02923235
0.03019584
0.03127374
0.03204372
0.03267847
0.03356386
0.03472066
0.03676781
0.03803224
0.03923137
0.04138463
0.04259622
0.0441884
0.04618893
0.04653663
0.04686642
0.04837099
0.04968942
0.0502779
0.05056809
0.0505232
0.05070933
0.0508135
0.05013317
0.05006743
0.04987674
0.04921621
0.04925391
0.04889511
0.04840278
0.04791675
0.04716231
0.04683385
0.04686881
0.04671201
0.0462008
0.04636372
0.04578186
0.04438526
0.04399937
0.04319714
0.042383
0.0417702
0.04072214
0.03982965
0.0384195
0.03679996
0.03476895
0.03214516
0.02982731
0.02719642
0.02426676
0.02117406
0.01764312
0.01448888
0.01201935
0.01002162
0.008634332
0.00806488
0.008283581
0.008987794
0.01046596
0.01299079
0.01572763
0.01758753
0.01776747
0.0167537
0.01515363
0.01291538
0.01087418
0.009209559
0.007716347
0.006367363
0.00473962
0.002900603
0.000998216
-0.0006992304
-0.002064985
-0.00341039
-0.005289234
-0.007237613
-0.008992171
-0.01140156
-0.01321844
-0.0146923
-0.01668757
-0.01817442
-0.01994254
-0.0216455
-0.02319764
-0.02536926
-0.0270111
-0.0284198
-0.02952677
-0.0300723
-0.03116738
-0.03184046
-0.03254839
-0.03389405
-0.03472424
-0.03606784
-0.0370848
-0.03754754
-0.03880703
-0.03964551
-0.04039572
-0.04145048
-0.04192238
-0.04234125
-0.042698
-0.04272185
-0.04261731
-0.0419122
-0.04095653
-0.03993515
-0.03816521
-0.03600666
-0.03378717
-0.0311894
-0.02820671
-0.02531292
-0.02250751
-0.0196869
-0.01711165
-0.01479983
-0.01289848
-0.01131648
-0.01002301
-0.008972261
-0.007984029
-0.007326617
-0.006924318
-0.006948575
-0.007353108
-0.007329209
-0.007298353
-0.007696667
-0.00772686
-0.007429845
-0.007127936
-0.006727651
-0.006232013
-0.005354574
-0.004334666
-0.003251662
-0.002197365
-0.001105785
0.0004626506
0.001476989
0.002123512
0.003445993
0.005127373
0.006482986
0.006977886
0.007477365
0.00823929
0.008885559
0.009352156
0.009304586
0.009387891
0.00939788
0.00935244
0.009504955
0.009236024
0.009389286
0.009502947
0.009396105
0.01006911
0.01081023
0.01138741
0.0117194
0.01244517
0.01371389
0.01488111
0.01632691
0.01781632
0.01969623
0.02179888
0.02381916
0.02604532
0.02837353
0.03089375
0.03330801
0.0359764
0.03825834
0.03979955
0.04130047
0.04226533
0.04281592
0.04298569
0.04318903
0.04390907
0.04497685
0.04633951
0.0473354
0.04816334
0.04892102
0.04963978
0.05037958
0.05036741
0.05002069
0.04950433
0.04875768
0.04828766
0.04802889
0.04786073
0.04746655
0.04680824
0.04618854
0.04545284
0.04446501
0.04349445
0.04278751
0.04219574
0.04124589
0.04024335
0.03910771
0.03723403
0.03549013
0.0336235
0.03084244
0.02728658
0.02324698
0.01966805
0.01648305
0.0136588
0.011619
0.0100409
0.008734375
0.007244692
0.005627219
0.00411224
0.002128787
0.0001941766
-0.001569494
-0.003714338
-0.005849854
-0.00836773
-0.01094225
-0.0131786
-0.01596563
-0.0186521
-0.02100953
-0.02351156
-0.0257585
-0.02815803
-0.03085416
-0.03315745
-0.03522861
-0.0378007
-0.04061043
-0.04349053
-0.04649352
-0.04917546
-0.05179937
-0.05433687
-0.05703884
-0.05977804
-0.06185446
-0.06396873
-0.06623539
-0.06826165
-0.07003204
-0.07184627
-0.07368855
-0.07534405
-0.07724126
-0.07881852
-0.07989613
-0.08096203
-0.08187712
-0.08248871
-0.08303069
-0.08385738
-0.08400736
-0.08392513
-0.08433272
-0.08373325
-0.08260205
-0.08157096
-0.08030097
-0.07896159
-0.07759603
-0.0766175
-0.07517777
-0.07307327
-0.07088304
-0.06799747
-0.06504451
-0.0624374
-0.0595446
-0.05643739
-0.05328463
-0.05029956
-0.04774844
-0.04537541
-0.04316732
-0.04113148
-0.0388497
-0.03715062
-0.03631304
-0.03553706
-0.03524917
-0.03516649
-0.03480173
-0.03446059
-0.0338682
-0.03308497
-0.03195576
-0.03063745
-0.02973998
-0.0286431
-0.02729077
-0.02601287
-0.02478482
-0.02363794
-0.02238502
-0.0211003
-0.01979993
-0.01860689
-0.01765672
-0.0164943
-0.01487753
-0.01353525
-0.0124687
-0.01152842
-0.01085249
-0.009537715
-0.008169989
-0.006938749
-0.005211442
-0.003599564
-0.00174743
-0.0001923924
0.0008486558
0.002715433
0.004766505
0.006289961
0.007614637
0.009056947
0.01102368
0.01276304
0.01405339
0.01563363
0.01753802
0.0195776
0.02136953
0.02336584
0.02555873
0.02764912
0.03019751
0.03269226
0.03540047
0.03839812
0.04095125
0.04356617
0.04602431
0.04824738
0.05079852
0.05363156
0.05649352
0.05928734
0.06225174
0.06528976
0.06832155
0.07111202
0.07352142
0.07601506
0.07841496
0.08102425
0.08400462
0.0858923
0.08746145
0.08951727
0.09061833
0.09136541
0.09170076
0.09135435
0.09121114
0.09122369
0.09144606
0.09133682
0.09138139
0.09170354
0.09154259
0.09163389
0.09210303
0.09252186
0.09315544
0.09402193
0.09394841
0.09351012
0.09346807
0.09248538
0.09166966
0.0911289
0.0896586
0.08816958
0.08646665
0.08414131
0.08073933
0.07631679
0.07176122
0.06657465
0.0612323
0.05655742
0.05229323
0.04981001
0.05005621
0.05100634
0.05093568
0.0496849
0.04756566
0.04533111
0.04301152
0.04058014
0.03821845
0.03579288
0.03350214
0.03079802
0.02824243
0.02643304
0.02420078
0.02214191
0.02066343
0.01885109
0.01629468
0.01346216
0.01125477
0.009103987
0.006935224
0.005037041
0.002383633
-5.205499e-05
-0.002088807
-0.005251451
-0.007581117
-0.00991958
-0.01350312
-0.01584082
-0.01882014
-0.02198757
-0.02377329
-0.02600737
-0.02761396
-0.0294299
-0.03140315
-0.03213682
-0.0335264
-0.03475645
-0.03553917
-0.03700394
-0.03825388
-0.03976846
-0.04150491
-0.04270421
-0.04460922
-0.04684718
-0.04820213
-0.04994058
-0.05188274
-0.05355543
-0.05587054
-0.05840129
-0.06089368
-0.06331427
-0.06548471
-0.06770665
-0.06988645
-0.07159645
-0.07345474
-0.0752678
-0.0764004
-0.07806058
-0.07929228
-0.07979188
-0.08084557
-0.08133111
-0.08194561
-0.08312479
-0.08372727
-0.08434586
-0.08488082
-0.08485753
-0.08490419
-0.08527058
-0.08547671
-0.08624942
-0.08765911
-0.08853315
-0.08892348
-0.08862905
-0.08822891
-0.08831239
-0.08836155
-0.08861618
-0.08854301
-0.08704088
-0.0847628
-0.08286625
-0.08120204
-0.07994863
-0.07895726
-0.07761265
-0.0762377
-0.07451584
-0.07234522
-0.0700831
-0.06775618
-0.06565615
-0.06364253
-0.06147074
-0.05902425
-0.05597911
-0.05266688
-0.04980245
-0.04713705
-0.04446098
-0.04224721
-0.04017041
-0.03772409
-0.03514584
-0.03277774
-0.03016489
-0.02739619
-0.02519035
-0.02306581
-0.02096707
-0.0191002
-0.01722917
-0.01518821
-0.01326065
-0.01142114
-0.00899655
-0.007005678
-0.00519911
-0.003079276
-0.001665403
-0.0001888984
0.00145263
0.00287085
0.004384177
0.006245976
0.008225603
0.009660355
0.01099627
0.01241677
0.0141391
0.01626544
0.0179735
0.01972949
0.02214064
0.02462897
0.02702384
0.02955316
0.03206971
0.03443013
0.03657216
0.03866922
0.04093417
0.04310168
0.0453943
0.04795486
0.0502883
0.05265671
0.05529551
0.05776441
0.06006843
0.06253077
0.064799
0.06651845
0.0681419
0.07002332
0.07224608
0.07457503
0.0763883
0.07765192
0.0787953
0.07983377
0.08105826
0.08271694
0.08452665
0.08577731
0.08631
0.08737195
0.08865451
0.08956391
0.09000292
0.08976371
0.08950186
0.08813995
0.08555954
0.08301236
0.08033633
0.07706717
0.07265781
0.06776752
0.06337929
0.05956144
0.05572202
0.0515698
0.04804411
0.04496508
0.04186458
0.03872561
0.03514644
0.03178129
0.02885052
0.0264228
0.02512435
0.02414454
0.02298343
0.02216342
0.02138976
0.020286
0.01909366
0.01811583
0.01725671
0.01591402
0.01430075
0.01283602
0.01089846
0.008683745
0.006952474
0.005314576
0.003513608
0.001906793
-6.979754e-05
-0.0023599
-0.004157545
-0.005796793
-0.007499298
-0.008828469
-0.009538192
-0.01048542
-0.01193243
-0.01319606
-0.01477326
-0.01672252
-0.01814501
-0.01912378
-0.02020839
-0.02163287
-0.02335187
-0.02434322
-0.02475298
-0.02538292
-0.02554121
-0.02567248
-0.02614005
-0.02605268
-0.02586372
-0.0259554
-0.02586688
-0.02595811
-0.02628058
-0.02660006
-0.02737222
-0.02830339
-0.02910454
-0.02986384
-0.03009762
-0.03019024
-0.03030288
-0.03002254
-0.02971725
-0.02921403
-0.02859335
-0.02812123
-0.02738173
-0.0268365
-0.02640287
-0.0255525
-0.02488803
-0.02453066
-0.02418656
-0.02376913
-0.0231466
-0.02238132
-0.02159851
-0.02071901
-0.01979252
-0.0192041
-0.01889818
-0.01849452
-0.01807483
-0.01791745
-0.01774502
-0.01748742
-0.01724516
-0.01672655
-0.01642501
-0.01640199
-0.01593799
-0.01540943
-0.01514878
-0.0149457
-0.01476568
-0.01461892
-0.01469096
-0.01462051
-0.01434312
-0.01431436
-0.01431049
-0.01426703
-0.01390948
-0.01354958
-0.01363982
-0.01351733
-0.0131489
-0.01257636
-0.01220323
-0.01200431
-0.01136989
-0.0106275
-0.009816269
-0.009107032
-0.008010965
-0.006555661
-0.005639045
-0.004254789
-0.002401154
-0.0008123961
0.0009218003
0.00244552
0.003775974
0.005168286
0.006468607
0.0078414
0.009241393
0.0107557
0.0122566
0.01352715
0.01493254
0.01643803
0.01766709
0.01901279
0.0208363
0.0225397
0.02408832
0.02562599
0.02695121
0.02828487
0.02937655
0.03060302
0.03241807
0.03360795
0.03380132
0.03404125
0.03421583
0.03403215
0.0341835
0.0345574
0.03473309
0.0345985
0.03445655
0.03454337
0.03431936
0.03392762
0.03347474
0.03297008
0.03207977
0.03056434
0.02965485
0.02910357
0.02848296
0.02794497
0.0272794
0.02665415
0.02542339
0.02434159
0.02353792
0.02198372
0.0205563
0.01966596
0.01890655
0.01777141
0.01646144
0.01527525
0.01420232
0.01333485
0.012356
0.01171248
0.01106716
0.01006733
0.009489398
0.009065513
0.008611642
0.008071754
0.00745046
0.00729957
0.007138136
0.00654269
0.006066011
0.005881581
0.005682895
0.005391471
0.005075287
0.004855911
0.004696375
0.004307984
0.003795183
0.003465526
0.003296176
0.002766539
0.001970497
0.001521381
0.0009755789
-0.000110769
-0.001313253
-0.002107646
-0.003283719
-0.005238032
-0.006657417
-0.007996804
-0.009877145
-0.01147236
-0.01280003
-0.0138177
-0.01442932
-0.01477125
-0.01479876
-0.01469055
-0.01428158
-0.0135983
-0.01283039
-0.01169679
-0.01072238
-0.01039545
-0.01025024
-0.0104049
-0.01111751
-0.01211937
-0.01337859
-0.01456442
-0.01546785
-0.01628609
-0.0169607
-0.01778257
-0.01861232
-0.01932561
-0.02001725
-0.02058117
-0.02118611
-0.02169504
-0.02234837
-0.02315123
-0.02372628
-0.02431881
-0.02489157
-0.02535627
-0.02584526
-0.02642776
-0.02699667
-0.02726755
-0.02782832
-0.02865609
-0.02912242
-0.02985165
-0.03059551
-0.03145909
-0.03282794
-0.03364517
-0.03421517
-0.03496286
-0.03558138
-0.03614457
-0.03661398
-0.03717803
-0.03773146
-0.03815694
-0.03864808
-0.03913793
-0.0395673
-0.04000675
-0.04040176
-0.04071428
-0.04103593
-0.04124561
-0.04146309
-0.04215266
-0.04284497
-0.0433298
-0.04406703
-0.04460983
-0.04484764
-0.0448836
-0.04481224
-0.04475957
-0.04398513
-0.04290412
-0.04222972
-0.04137501
-0.04057905
-0.0399409
-0.03900318
-0.03825491
-0.03736717
-0.03612647
-0.03525137
-0.03433613
-0.03297282
-0.03128332
-0.02955149
-0.02777417
-0.02564664
-0.02363082
-0.02196755
-0.02029459
-0.01857064
-0.01714488
-0.01571344
-0.01415218
-0.01278684
-0.01153023
-0.01040528
-0.008945539
-0.007676217
-0.006799347
-0.005331562
-0.003818092
-0.002380083
-0.0006998496
0.0008356984
0.001989054
0.003369276
0.005292095
0.006802442
0.00836327
0.01014882
0.01152423
0.01295351
0.01450084
0.01639985
0.01822571
0.0198507
0.02178383
0.02330507
0.02452161
0.02553164
0.02657279
0.02803866
0.02958976
0.03167188
0.03435279
0.03717767
0.03947221
0.04152709
0.04389506
0.04598299
0.04786515
0.04934148
0.05062858
0.05257299
0.05421318
0.0548908
0.05584151
0.05715877
0.05785113
0.05809239
0.05806331
0.05769626
0.05728348
0.05676755
0.05639639
0.05649686
0.05624878
0.05529075
0.05426792
0.0531315
0.05142587
0.04905803
0.04652423
0.04447995
0.04245856
0.04045556
0.03899333
0.03754556
0.036167
0.03495546
0.03381239
0.03293878
0.03218065
0.03175149
0.03143718
0.0309644
0.03058443
0.03027635
0.03009825
0.02997838
0.02991059
0.02994099
0.02978107
0.02934417
0.02891552
0.02827921
0.02762166
0.02740593
0.02652653
0.0253461
0.02423176
0.02225783
0.02111058
0.02047716
0.01892828
0.01765386
0.01667008
0.0154814
0.01393593
0.01214574
0.01031186
0.00899681
0.008005637
0.006395846
0.004838762
0.002967081
0.001396066
0.0003182831
-0.001485289
-0.002821906
-0.004262551
-0.005855305
-0.007122951
-0.009100685
-0.01076326
-0.01247192
-0.0146162
-0.01626235
-0.01810181
-0.0200945
-0.02198343
-0.02369031
-0.02519111
-0.02680223
-0.02811324
-0.02966091
-0.0312993
-0.03241572
-0.03361643
-0.03503313
-0.03644235
-0.03741212
-0.03846085
-0.03964809
-0.04054232
-0.04140126
-0.04218284
-0.04339872
-0.04434204
-0.04519967
-0.04653518
-0.04729469
-0.04818202
-0.04891065
-0.04905184
-0.04924634
-0.04906143
-0.04858041
-0.04775931
-0.04679507
-0.04586968
-0.04475349
-0.04379475
-0.0426886
-0.04141844
-0.04018537
-0.03835753
-0.03604344
-0.0339578
-0.03219854
-0.03051355
-0.02878024
-0.02700486
-0.02518131
-0.02332751
-0.02163032
-0.02004666
-0.01842456
-0.01686876
-0.0152319
-0.01348758
-0.01178573
-0.009914113
-0.007961035
-0.006131246
-0.004413154
-0.002780183
-0.001225663
-6.314251e-05
0.001188182
0.002744539
0.003889831
0.00515297
0.006654509
0.007846129
0.008845115
0.01000622
0.01158351
0.01271105
0.0135408
0.01475515
0.01553081
0.01582657
0.01603243
0.01630292
0.01682467
0.01736819
0.01775024
0.01804666
0.01837633
0.01861975
0.01918544
0.02011673
0.02079383
0.02141679
0.02183381
0.02206976
0.02252463
0.02279824
0.02292212
0.02308931
0.0232034
0.02331334
0.02337433
0.02337022
0.02332133
0.0232626
0.02328115
0.02334134
0.02333457
0.02330873
0.02332747
0.02335321
0.02339263
0.02339392
0.02340966
0.02344156
0.02338015
0.0233525
0.02327314
0.02317945
0.02321769
0.02328999
0.02335456
0.02321559
0.02314452
0.02314177
0.0227702
0.02239675
0.02202907
0.02141444
0.02073327
0.01995909
0.0192078
0.01851731
0.01772726
0.01703809
0.01648016
0.01594579
0.01558255
0.01535308
0.01510397
0.01482469
0.01450966
0.01413762
0.01386659
0.01368181
0.01328521
0.01257994
0.01178512
0.01122835
0.01076546
0.01028037
0.00988223
0.009458599
0.008967128
0.008183787
0.007373279
0.00674759
0.00606988
0.005494416
0.004805238
0.0040038
0.003099313
0.002168401
0.001659507
0.00113643
0.0006001457
0.000312567
1.945939e-06
-0.0002032401
-0.0003896587
-0.0005604959
-0.0005858352
-0.0006475098
-0.0005582294
-0.0004628419
-0.0006679265
-0.000839665
-0.001161518
-0.001802751
-0.002304712
-0.002586032
-0.002770573
-0.00307904
-0.003560501
-0.004072769
-0.004651511
-0.005029653
-0.005350705
-0.005854482
-0.00608265
-0.00632784
-0.006916083
-0.007511318
-0.008162802
-0.008652768
-0.008810681
-0.009118963
-0.009704047
-0.01014937
-0.01046365
-0.0111019
-0.0115683
-0.01130449
-0.01092422
-0.01076494
-0.01086659
-0.0111339
-0.01141293
-0.01170839
-0.01155196
-0.01145517
-0.0116518
-0.01136967
-0.01124028
-0.01143345
-0.01154579
-0.01173064
-0.01175882
-0.01174925
-0.01171894
-0.0116689
-0.01186403
-0.01209851
-0.01230129
-0.01243635
-0.01243133
-0.0124379
-0.01258217
-0.01286931
-0.01328133
-0.01367401
-0.01396216
-0.0142747
-0.0145354
-0.01479458
-0.01516955
-0.01636253
-0.01692649
-0.0173141
-0.01783959
-0.01842502
-0.01883185
-0.01940023
-0.0201331
-0.02076126
-0.02133356
-0.02191378
-0.02261776
-0.02335121
-0.02398801
-0.02472919
-0.02536502
-0.02586664
-0.02631259
-0.02679397
-0.0274076
-0.02781106
-0.02827214
-0.02881893
-0.0292668
-0.02966107
-0.02993215
-0.03016922
-0.03036848
-0.03085277
-0.0314437
-0.03200144
-0.03258299
-0.03297381
-0.03360903
-0.03429584
-0.03475778
-0.03544256
-0.03614594
-0.03658233
-0.03700958
-0.0373076
-0.03740777
-0.0377087
-0.03822878
-0.03892243
-0.03950557
-0.03976165
-0.039806
-0.03936889
-0.03879199
-0.03815361
-0.03679873
-0.03488648
-0.03262186
-0.03028857
-0.02823008
-0.02627084
-0.02461505
-0.02315942
-0.02146332
-0.01977471
-0.01802094
-0.01614361
-0.01450252
-0.01279027
-0.01099757
-0.009558533
-0.008183798
-0.006593375
-0.005051349
-0.003763045
-0.002428476
-0.0008491829
0.0006043534
0.002031863
0.003665401
0.005238399
0.006864238
0.008515516
0.009842216
0.01105526
0.01244955
0.01385642
0.01514294
0.0163424
0.01745475
0.01877423
0.02027226
0.0214383
0.02243554
0.0235896
0.02478554
0.02583695
0.02680798
0.02790672
0.02885781
0.02958137
0.03055219
0.03151389
0.03221465
0.03294698
0.0334615
0.03390157
0.03417201
0.03401735
0.03398628
0.03400372
0.03424835
0.03469477
0.03489415
0.03522769
0.03556134
0.03578201
0.0361508
0.03643728
0.03659082
0.03676691
0.03679371
0.03659674
0.03625842
0.03578859
0.03557128
0.03532954
0.03479379
0.03461289
0.03450074
0.03427569
0.03420295
0.03426246
0.0343298
0.03408563
0.03406069
0.03415892
0.03385486
0.03360849
0.03317473
0.03233055
0.03156832
0.03092237
0.03039037
0.03013423
0.0300548
0.03002197
0.02984142
0.02958945
0.02943781
0.02927488
0.0291357
0.02903344
0.0290978
0.02916553
0.02894413
0.02872645
0.02848443
0.02800173
0.02743037
0.02691225
0.02637151
0.0257163
0.02497755
0.02417307
0.02322555
0.02204089
0.02083408
0.0196745
0.01825801
0.01676409
0.01547869
0.01425161
0.01303565
0.01194015
0.01102628
0.01030832
0.009671534
0.009020662
0.008411909
0.007851902
0.0073236
0.006728001
0.005995518
0.005387985
0.004919394
0.004425251
0.003906
0.003306244
0.002723975
0.002199384
0.001569081
0.0009380956
0.0004002983
-0.0002767255
-0.0009216621
-0.001556075
-0.002382778
-0.003030812
-0.003699767
-0.004433548
-0.00506786
-0.005878551
-0.006606157
-0.007258902
-0.008068759
-0.008934757
-0.009822825
-0.01070443
-0.01163068
-0.01243182
-0.01302223
-0.01368502
-0.01432104
-0.01487397
-0.01554343
-0.01619939
-0.01686771
-0.01754236
-0.01804088
-0.0185468
-0.01903987
-0.01947111
-0.01995998
-0.02030952
-0.02061036
-0.02092927
-0.02111217
-0.02140359
-0.02172027
-0.02197122
-0.02240784
-0.02282509
-0.02315804
-0.02346832
-0.02367905
-0.02392303
-0.02417433
-0.02448892
-0.02488434
-0.02520339
-0.02539542
-0.02553524
-0.02572835
-0.02570963
-0.02559906
-0.02560028
-0.0255018
-0.02545244
-0.02545584
-0.02542412
-0.025367
-0.02511904
-0.02476558
-0.02450346
-0.02426685
-0.02410876
-0.02410793
-0.02395173
-0.02371438
-0.02355252
-0.02323725
-0.0228782
-0.02244062
-0.02177577
-0.02093169
-0.01993457
-0.01894026
-0.01808331
-0.01731451
-0.01652463
-0.01581212
-0.0151791
-0.01450787
-0.01388103
-0.01319626
-0.0123076
-0.01137251
-0.01047431
-0.009550994
-0.008640021
-0.007798803
-0.006927495
-0.006017273
-0.005163692
-0.004272435
-0.00341312
-0.002550474
-0.001605223
-0.0007530327
0.0001121748
0.001014407
0.00186765
0.002718203
0.003556476
0.0044104
0.005365323
0.006348146
0.007268109
0.008194576
0.009020834
0.009820086
0.01060769
0.01125275
0.01193835
0.01256399
0.01309838
0.01361092
0.01402669
0.01447367
0.0149225
0.01539441
0.01588435
0.01628459
0.01665338
0.01691492
0.01707926
0.01715496
0.01708751
0.01703437
0.01703707
0.01696867
0.01681652
0.01664594
0.01640732
0.01616246
0.01592129
0.01559101
0.01534396
0.01508119
0.01469422
0.01435423
0.01404942
0.01377928
0.01345409
0.01312092
0.01275645
0.01222511
0.01176196
0.01122159
0.0105754
0.009998875
0.009311518
0.00867736
0.008100807
0.007460082
0.006902063
0.006417475
0.006049177
0.005689979
0.00525415
0.004915876
0.004599573
0.004296769
0.004080252
0.003882131
0.003731534
0.003539813
0.003324271
0.003205268
0.003035979
0.002789121
0.002566389
0.002364587
0.002140939
0.001866035
0.001576074
0.001287421
0.001014873
0.0007474184
0.0004637615
0.0002243801
-2.978379e-05
-0.0003260551
-0.0005819722
-0.0008435202
-0.001092133
-0.001308237
-0.001526692
-0.001728966
-0.001955635
-0.002168746
-0.002339261
-0.002525381
-0.002693946
-0.002830167
-0.00295851
-0.003057811
-0.003137061
-0.003143154
-0.003054425
-0.003010932
-0.002972113
-0.002898753
-0.002896515
-0.002893731
-0.002877908
-0.002893553
-0.002863522
-0.0028237
-0.002805904
-0.002788442
-0.002819469
-0.002848454
-0.002879015
-0.002965085
-0.003032641
-0.003104314
-0.003192796
-0.003244078
-0.003296722
-0.003329764
-0.003326027
-0.003316869
-0.003288511
-0.00327741
-0.003286234
-0.003296381
-0.003305597
-0.003276511
-0.003258152
-0.003277612
-0.003277753
-0.003258175
-0.003243268
-0.003247919
-0.003251093
-0.00322779
-0.0032093
-0.003190158
-0.003162434
-0.003151033
-0.00313404
-0.00311122
-0.00309678
-0.003082205
-0.003061167
-0.003018468
-0.002974637
-0.002931956
-0.002900969
-0.002905703
-0.002878746
-0.002837948
-0.00280385
-0.002741267
-0.002711306
-0.002664771
-0.002579266
-0.00251417
-0.002414508
-0.002306831
-0.002206175
-0.002081506
-0.001968838
-0.001849268
-0.001728404
-0.001614644
-0.001500924
-0.001414896
-0.00133834
-0.001271159
-0.001221011
-0.001173955
-0.001125181
-0.00107084
-0.001029098
-0.0009814786
-0.0009316298
-0.0009116149
-0.0008892875
-0.0008686371
-0.0008607189
-0.0008465597
-0.0008359682
-0.0008191155
-0.0007946583
-0.0007713438
-0.0007411887
-0.0007202487
-0.0007046381
-0.0006800299
-0.0006549329
-0.0006264923
-0.0006016939
-0.0005765682
-0.0005399695
-0.0005080861
-0.0004729797
-0.000429882
-0.0003962375
-0.0003651721
-0.000333744
-0.0003068152
-0.000282283
-0.0002612229
-0.0002415143
-0.0002230774
-0.0002039496
-0.0001807293
-0.00015795
-0.0001387695
-0.000119638
-0.000100306
-7.962139e-05
-5.347899e-05
-2.927403e-05
-9.835728e-06
9.101372e-06
2.64379e-05
4.329909e-05
6.005234e-05
7.666342e-05
9.143599e-05
0.0001049052
0.0001181169
0.0001279735
0.0001393328
0.0001515881
0.0001612037
0.0001715208
0.0001799865
0.0001875788
0.0001959315
0.0002030769
0.0002103299
0.0002165917
0.0002218149
0.000227692
0.0002329153
0.0002366405
0.000239057
0.0002414915
0.0002450893
0.0002480368
0.0002512732
0.0002546023
0.0002552514
0.0002562204
0.0002575634
0.0002576202
0.0002584552
0.0002593691
0.0002599035
0.0002599443
0.0002591548
0.0002581502
0.0002566209
0.0002550692
0.0002537479
0.000252475
0.0002514459
0.0002502991
0.0002489629
0.0002475664
0.0002463108
0.0002451856
0.0002439244
0.0002427793
0.0002416726
0.0002402754
0.0002389294
0.0002378277
0.0002367641
0.0002358096
0.000235031
0.0002343338
0.0002336505
0.00023295
0.0002322655
0.0002315668
0.0002307888
0.0002299214
0.0002290041
0.0002280925
0.0002271691
0.000226217
0.0002252455
0.0002242663
0.0002232676
0.0002222258
0.0002211537
0.0002200479
0.0002188894
0.0002176826
0.0002164236
0.0002151013
0.0002137117
0.0002122488
0.0002107082
0.0002090858
0.0002073764
0.0002055773
0.0002036846
0.0002016968
0.0001996124
0.0001974292
0.0001951462
0.0001927627
0.0001902782
0.0001876926
0.0001850059
0.0001822187
0.0001793316
