-6.186314e-05
-6.2167e-05
-6.242654e-05
-6.269402e-05
-6.294207e-05
-6.317781e-05
-6.34005e-05
-6.363837e-05
-6.382756e-05
-6.399996e-05
-6.422507e-05
-6.438234e-05
-6.447092e-05
-6.463847e-05
-6.488136e-05
-6.49459e-05
-6.493439e-05
-6.515499e-05
-6.532359e-05
-6.516494e-05
-6.530257e-05
-6.565242e-05
-6.552299e-05
-6.523595e-05
-6.541946e-05
-6.571896e-05
-6.549296e-05
-6.546229e-05
-6.568203e-05
-6.547653e-05
-6.549832e-05
-6.561844e-05
-6.520802e-05
-6.489917e-05
-6.525752e-05
-6.538563e-05
-6.47792e-05
-6.472955e-05
-6.508909e-05
-6.499125e-05
-6.470483e-05
-6.438246e-05
-6.42513e-05
-6.398074e-05
-6.373517e-05
-6.366414e-05
-6.381489e-05
-6.329514e-05
-6.229878e-05
-6.24395e-05
-6.290185e-05
-6.199291e-05
-6.142507e-05
-6.232443e-05
-6.155141e-05
-5.959272e-05
-6.062225e-05
-6.094703e-05
-5.921733e-05
-5.914346e-05
-6.03954e-05
-5.954254e-05
-5.793386e-05
-5.895063e-05
-5.905014e-05
-5.695494e-05
-5.738081e-05
-5.820546e-05
-5.581771e-05
-5.497509e-05
-5.6132e-05
-5.529513e-05
-5.385991e-05
-5.574112e-05
-5.614505e-05
-5.15219e-05
-5.222826e-05
-5.474793e-05
-5.17556e-05
-4.999408e-05
-5.090641e-05
-5.157716e-05
-4.85808e-05
-4.823346e-05
-5.099715e-05
-4.94459e-05
-4.664543e-05
-4.495182e-05
-4.778329e-05
-4.742955e-05
-4.418535e-05
-4.497077e-05
-4.339467e-05
-4.270266e-05
-4.139086e-05
-4.104908e-05
-4.245948e-05
-3.926192e-05
-4.080476e-05
-4.241648e-05
-3.856034e-05
-3.938392e-05
-3.988478e-05
-3.732254e-05
-3.554616e-05
-3.744961e-05
-3.845767e-05
-3.321574e-05
-3.309126e-05
-3.658363e-05
-3.292683e-05
-2.907413e-05
-3.123361e-05
-3.273343e-05
-2.88343e-05
-3.011579e-05
-3.408387e-05
-2.732125e-05
-2.352261e-05
-3.07426e-05
-3.013844e-05
-2.366421e-05
-2.324294e-05
-2.438622e-05
-2.212468e-05
-1.947994e-05
-2.102322e-05
-2.18061e-05
-1.953502e-05
-1.953582e-05
-1.92144e-05
-1.849048e-05
-1.854978e-05
-1.654861e-05
-1.625964e-05
-1.673658e-05
-1.299594e-05
-1.398227e-05
-1.451919e-05
-7.464046e-06
-8.022355e-06
-1.230191e-05
-7.383416e-06
-6.562351e-06
-1.347215e-05
-1.378038e-05
-5.132097e-06
-9.209484e-07
-8.146459e-06
-6.825057e-06
1.460697e-06
-4.833531e-06
-4.11858e-06
6.117644e-06
5.710427e-07
-5.627252e-06
9.48897e-07
3.52043e-06
3.659753e-06
3.89685e-06
4.715884e-06
4.830476e-06
2.188182e-06
8.190212e-06
1.177332e-05
2.039143e-06
3.240594e-06
9.980307e-06
8.392207e-06
8.385789e-06
1.23415e-05
1.548876e-05
9.995344e-06
1.00925e-05
2.100296e-05
2.052313e-05
1.085864e-05
1.485377e-05
2.540292e-05
2.227242e-05
1.623377e-05
1.829062e-05
2.379943e-05
2.304843e-05
2.044524e-05
2.800898e-05
2.377048e-05
1.694894e-05
3.008657e-05
2.739381e-05
1.727425e-05
2.650289e-05
3.533319e-05
3.007096e-05
2.039804e-05
2.551099e-05
3.427557e-05
2.367308e-05
2.133409e-05
3.621116e-05
2.931212e-05
1.831937e-05
2.963834e-05
3.8112e-05
3.401886e-05
3.298188e-05
3.837474e-05
3.972835e-05
3.228357e-05
3.287042e-05
4.30768e-05
3.959805e-05
3.199979e-05
3.815934e-05
4.294125e-05
4.090706e-05
4.234183e-05
4.953996e-05
4.669827e-05
3.8775e-05
4.430486e-05
5.082632e-05
4.440624e-05
3.975622e-05
4.794214e-05
4.842671e-05
3.925725e-05
4.230544e-05
5.15094e-05
4.754274e-05
4.350628e-05
5.100713e-05
5.413519e-05
4.638649e-05
4.411005e-05
5.165108e-05
4.74444e-05
4.05646e-05
5.178413e-05
5.584774e-05
4.134842e-05
4.082222e-05
5.766786e-05
5.240482e-05
4.920599e-05
6.303507e-05
5.639705e-05
5.145234e-05
4.717647e-05
5.516796e-05
6.063358e-05
4.237045e-05
5.266013e-05
5.668102e-05
4.672045e-05
6.075923e-05
6.247851e-05
5.542427e-05
4.999111e-05
6.080925e-05
6.75815e-05
5.435525e-05
5.610642e-05
6.130334e-05
5.740012e-05
5.052574e-05
5.271095e-05
6.147522e-05
5.373634e-05
4.875474e-05
5.868226e-05
6.176406e-05
5.065819e-05
4.784318e-05
6.156848e-05
5.974129e-05
5.158368e-05
5.758798e-05
6.248694e-05
5.44385e-05
5.330326e-05
6.130029e-05
5.707565e-05
5.003285e-05
6.092489e-05
6.177e-05
4.962881e-05
5.639306e-05
6.446104e-05
5.505142e-05
4.886801e-05
6.181348e-05
6.052999e-05
3.899939e-05
4.489336e-05
6.483935e-05
5.352813e-05
4.723012e-05
5.98816e-05
5.380267e-05
5.030201e-05
5.086679e-05
5.097377e-05
5.829978e-05
4.930571e-05
5.285205e-05
5.654549e-05
4.431616e-05
4.470186e-05
4.770025e-05
5.037401e-05
4.589294e-05
4.277299e-05
5.760539e-05
4.9057e-05
3.076927e-05
5.364333e-05
5.629879e-05
3.306258e-05
4.95631e-05
5.973335e-05
5.138834e-05
4.665604e-05
4.276569e-05
5.227354e-05
4.598612e-05
4.592305e-05
6.566588e-05
4.615998e-05
2.876428e-05
5.456048e-05
5.664161e-05
3.789586e-05
4.062774e-05
5.679845e-05
4.697273e-05
2.272037e-05
4.24651e-05
4.924477e-05
2.802636e-05
3.526802e-05
3.954933e-05
3.696618e-05
3.470633e-05
3.75907e-05
4.221607e-05
3.288513e-05
3.983491e-05
5.557696e-05
4.13318e-05
3.481029e-05
4.882082e-05
4.647894e-05
3.414369e-05
3.463577e-05
3.458699e-05
3.522064e-05
3.493334e-05
3.478405e-05
3.536924e-05
2.498108e-05
2.889735e-05
4.470176e-05
3.131238e-05
2.300152e-05
4.0793e-05
3.874801e-05
2.612962e-05
2.688985e-05
3.482152e-05
3.341531e-05
2.409178e-05
3.092005e-05
3.975862e-05
3.144049e-05
3.219148e-05
4.203172e-05
3.473441e-05
2.734153e-05
3.518115e-05
3.800335e-05
3.271035e-05
3.030773e-05
2.916536e-05
2.775491e-05
2.558621e-05
3.034645e-05
3.320337e-05
2.569727e-05
2.569723e-05
3.32323e-05
2.098964e-05
2.801159e-05
3.83869e-05
1.341002e-05
2.178818e-05
3.797819e-05
2.977236e-05
2.30255e-05
2.116941e-05
2.762827e-05
2.361678e-05
2.52983e-05
2.589596e-05
1.78465e-05
2.638995e-05
3.046317e-05
2.71198e-05
1.6502e-05
9.472234e-06
2.514279e-05
2.93099e-05
1.96685e-05
1.549425e-05
2.749102e-05
2.914234e-05
1.389012e-05
2.161814e-05
3.057327e-05
1.816698e-05
1.691906e-05
2.987241e-05
2.148065e-05
5.053557e-06
1.588962e-05
3.310832e-05
2.762451e-05
1.439566e-05
1.697702e-05
1.276743e-05
1.366137e-05
3.059202e-05
2.221201e-05
8.94639e-06
2.577905e-05
2.562749e-05
1.031998e-05
1.374015e-05
2.216253e-05
2.766496e-05
5.087124e-06
2.180747e-06
3.296996e-05
1.173202e-05
-7.782073e-06
2.217833e-05
3.158885e-05
1.062452e-05
-3.544551e-06
1.331851e-05
2.343222e-05
1.195712e-05
1.176829e-05
2.79421e-05
1.719559e-05
-2.806109e-06
2.600426e-05
3.105879e-05
4.609474e-06
9.066036e-06
1.943294e-05
1.383679e-05
-4.936051e-07
1.060251e-05
2.435866e-05
-1.019068e-06
-7.376082e-06
1.048833e-05
3.532403e-06
-1.041191e-06
9.108422e-06
1.59962e-05
2.435909e-06
-7.704165e-06
1.12154e-05
1.417185e-05
-1.922753e-07
5.560548e-06
1.567317e-05
1.031489e-05
1.804103e-09
2.860416e-06
6.684374e-06
4.792072e-07
3.27397e-06
1.3344e-05
6.891265e-06
-5.288268e-06
7.604593e-06
1.250805e-05
-2.835203e-06
3.026004e-06
1.911238e-05
1.08403e-05
-4.647382e-06
-1.779184e-06
7.207109e-06
4.976604e-06
2.823735e-06
6.598109e-06
1.418525e-06
-4.944863e-06
1.045827e-06
1.20631e-05
8.78516e-06
5.949085e-07
7.506259e-06
3.156353e-06
-1.209309e-05
2.875706e-06
2.004375e-05
2.609384e-06
-1.59754e-05
2.88566e-07
1.729678e-05
-1.242085e-05
-2.864244e-05
1.16429e-05
1.969049e-05
-1.079143e-05
-8.252791e-06
7.17862e-06
4.776545e-06
-6.439576e-06
5.231637e-07
4.221438e-06
-6.778136e-06
3.967867e-06
7.991091e-06
-6.376045e-06
-7.686681e-06
4.552193e-06
8.28466e-06
-2.905763e-06
3.045895e-06
9.855809e-06
-8.405054e-06
-1.074557e-05
5.448654e-06
4.247478e-06
-1.010348e-05
-7.175858e-06
-2.394641e-06
-1.140779e-05
-6.737009e-06
3.52282e-06
4.276095e-06
-6.017431e-06
-7.111607e-06
2.82185e-06
-3.352324e-06
-1.062045e-05
4.6372e-06
8.296508e-06
-1.083725e-05
8.309187e-06
2.107029e-05
-1.621301e-05
-2.093126e-05
6.846846e-06
3.29377e-06
-3.324895e-05
-1.294946e-05
3.756748e-05
7.22345e-06
-5.240072e-05
-2.75228e-05
3.890361e-05
4.551331e-06
-3.81139e-05
-6.455887e-06
4.555619e-06
-6.51718e-06
-1.731284e-05
-1.299402e-06
2.391491e-06
-1.126543e-05
3.094549e-06
-1.083522e-05
-1.59061e-05
4.746706e-06
-5.785067e-06
-1.162998e-05
-1.655534e-05
-1.04077e-05
2.900073e-07
-1.673623e-05
-9.802235e-06
4.094761e-06
-1.70312e-05
-1.53003e-05
4.939673e-06
-3.131049e-06
-2.080199e-05
-1.449166e-05
5.474758e-06
-4.595895e-06
-1.281639e-05
-1.910172e-06
-1.201578e-05
-2.54376e-05
-1.327768e-05
2.921336e-06
-5.332847e-06
-1.963266e-05
-1.163754e-05
-5.293206e-07
-4.576328e-06
-1.301188e-05
-1.184999e-05
2.216434e-06
-8.225008e-06
-2.005679e-05
4.781183e-06
-1.163085e-06
-1.73299e-05
-6.759337e-06
-1.132323e-05
-1.286852e-05
-1.170387e-05
-8.710154e-06
-1.007018e-05
-1.274138e-05
-1.132078e-06
-1.0983e-05
-2.043796e-05
-1.336542e-05
-9.260603e-06
-1.872965e-05
-2.664236e-05
-1.069938e-05
-5.51077e-06
-1.265224e-05
-1.297136e-05
-7.482667e-06
-5.117677e-06
-1.677324e-05
1.370849e-07
-2.143319e-06
-2.598139e-05
-7.491376e-06
-8.211713e-07
-9.305595e-06
-1.755953e-05
-1.528612e-05
-4.621013e-07
-8.294408e-06
-1.98447e-05
-1.872548e-05
-9.646637e-06
-1.187201e-05
-1.570806e-05
-2.836342e-06
-1.092742e-05
-2.104545e-05
-5.064811e-06
-1.818091e-06
-1.528823e-05
-1.929141e-05
-8.213705e-06
-9.334957e-06
-1.62739e-05
-9.491204e-06
-1.646808e-05
-2.36898e-05
-1.256451e-05
-4.373911e-06
-1.268963e-05
-1.758261e-05
-5.639386e-06
-1.06217e-05
-2.080475e-05
-9.753615e-06
1.580525e-06
-7.804009e-06
-2.394477e-05
-9.757048e-06
2.287061e-06
-1.685436e-05
-2.005579e-05
-1.206221e-05
-2.004049e-05
-1.710298e-05
-1.114419e-05
-1.696617e-05
-1.83906e-05
-2.117651e-05
-1.110881e-05
-8.268612e-06
-1.908472e-05
-1.350256e-05
-1.211733e-05
-7.18705e-06
-8.359218e-06
-1.822342e-05
-1.256704e-05
-1.0141e-05
-9.383611e-06
-1.752174e-05
-1.731046e-05
-1.381818e-06
-7.143913e-06
-1.861058e-05
-2.159143e-05
-1.235589e-05
-2.333404e-06
-1.240962e-05
-1.9607e-05
-1.24441e-05
-1.666808e-05
-2.562883e-05
-1.052783e-05
-4.387596e-06
-2.065439e-05
-1.860357e-05
-2.406025e-06
-8.429755e-06
-1.966655e-05
-1.152548e-05
-5.405676e-06
-1.974054e-05
-2.260061e-05
-3.736338e-07
-9.603036e-06
-2.855324e-05
-9.745738e-06
-7.262332e-06
-1.867147e-05
-1.660366e-05
-6.278529e-06
-1.062568e-05
-2.447163e-05
-1.05352e-05
-6.356845e-06
-1.840932e-05
-1.456985e-05
-1.228815e-05
-1.964243e-05
-1.933785e-05
-4.285807e-06
-1.132615e-05
-2.338757e-05
-1.041251e-05
-2.941737e-06
-1.239882e-05
-2.335288e-05
-8.133879e-06
9.20659e-07
-1.713384e-05
-1.63e-05
-6.060631e-06
-1.204402e-05
-2.139035e-05
-1.803111e-05
-1.122604e-05
-2.624968e-05
-2.415957e-05
-5.023727e-06
-1.389963e-05
-2.003651e-05
-1.5098e-05
-1.878486e-05
-1.707482e-05
-1.367002e-05
-4.663248e-06
-5.57854e-06
-1.983052e-05
-2.386465e-05
-1.155985e-05
-4.521984e-06
-7.318096e-06
-3.395484e-06
-1.351208e-05
-2.557604e-05
-1.245327e-05
-4.162438e-06
-1.230041e-05
-1.116385e-05
-5.153254e-06
-1.514955e-05
-2.030293e-05
-9.97248e-06
-1.008083e-05
-2.720588e-05
-2.519739e-05
-1.195878e-05
-2.005103e-05
-2.500114e-05
-1.088446e-05
-1.274202e-05
-2.394753e-05
-1.57064e-05
-4.540838e-06
-1.253942e-05
-1.553023e-05
-6.396905e-06
-7.254879e-06
-1.236987e-05
-1.122841e-05
-1.124175e-05
-1.823647e-05
-1.822115e-05
-1.002704e-05
-3.779345e-06
-3.854709e-06
-8.735876e-06
-1.194841e-05
-1.784014e-05
-1.585204e-05
-5.546171e-06
2.686028e-06
-3.460806e-06
-1.854587e-05
-1.967066e-05
-1.335023e-05
-1.340833e-05
-2.146495e-05
-1.310281e-05
-1.103284e-06
-2.117412e-05
-2.827145e-05
-8.986617e-06
-6.768063e-06
-8.657672e-06
-5.76847e-06
-1.977339e-05
-1.869718e-05
2.680935e-06
-2.284225e-06
-2.465067e-05
-1.735307e-05
2.963922e-06
-1.422558e-05
-2.924841e-05
-6.010561e-06
-6.777407e-07
-1.583422e-05
-1.696726e-05
-1.260982e-05
-9.62614e-06
-1.04784e-05
-6.279383e-06
-5.371851e-06
-1.316822e-05
-7.21523e-06
-7.098261e-06
-1.40162e-05
-1.220376e-05
-1.076812e-05
-6.945618e-06
-1.073999e-05
-6.627031e-06
-5.769296e-07
-1.053025e-05
-1.055608e-05
2.842412e-06
1.825585e-06
-1.632802e-05
-2.145891e-05
-1.003443e-05
-8.074391e-06
-2.105929e-05
-1.38976e-05
1.382316e-06
-5.414847e-06
-1.784158e-05
-1.744013e-05
-1.249519e-06
-9.387142e-06
-1.801965e-05
1.784189e-06
-4.660528e-06
-1.198514e-05
-7.868117e-06
-4.380867e-06
-6.905949e-06
-2.046076e-05
-1.404429e-06
3.759965e-06
-1.613953e-05
-6.329626e-06
1.199932e-06
-5.97928e-06
-8.911442e-06
-3.707352e-06
-2.676758e-06
-8.563469e-06
-7.549354e-06
-8.445987e-06
-1.130974e-05
-9.304473e-06
-1.006635e-05
-9.043978e-06
-8.887947e-06
-1.187008e-05
-9.666788e-06
-3.53978e-06
-1.258212e-06
-2.332575e-06
-9.25231e-06
-1.022697e-05
-4.012741e-06
-2.908213e-06
-3.739008e-06
-5.847301e-06
-1.270889e-05
-6.583485e-06
3.721546e-06
8.024191e-07
-5.249322e-06
-5.147497e-06
-2.963882e-06
-1.119628e-05
-1.479171e-05
-8.841381e-07
-7.607985e-06
-1.37286e-05
-5.618951e-06
-2.207263e-06
-2.399278e-06
-9.174348e-06
-5.108376e-06
-9.807385e-07
-3.731756e-06
2.256975e-06
3.578283e-06
-4.893938e-07
-4.400004e-06
-4.287489e-06
-1.147247e-06
2.066513e-06
7.247788e-06
5.306011e-06
-5.791943e-06
-6.626936e-06
-6.084424e-07
-3.288041e-06
-3.436203e-06
-6.216284e-06
-4.042791e-06
-1.028607e-06
-5.776062e-06
2.478217e-07
4.533566e-06
-2.538937e-06
-9.598972e-06
-3.242539e-06
5.802254e-06
1.091042e-06
3.014737e-06
5.250213e-06
2.359238e-06
-7.361256e-07
-2.462098e-06
4.626294e-06
2.718768e-06
-1.082037e-06
2.815061e-06
-3.920564e-06
-4.984528e-06
-1.808669e-06
-5.400159e-07
2.417303e-06
-3.121637e-07
1.704369e-06
1.829083e-06
1.171543e-08
1.984676e-06
-2.834479e-06
-1.736909e-06
3.352804e-06
5.785008e-06
7.569019e-06
-3.198913e-06
-2.247903e-06
6.011867e-06
8.339132e-06
1.023381e-05
7.559688e-06
9.531506e-06
4.432788e-07
-6.313869e-06
6.652651e-06
8.175553e-06
2.880394e-06
-1.89201e-06
1.260718e-07
3.389548e-06
1.372907e-06
2.614597e-06
1.18134e-05
9.907896e-06
-1.031357e-07
3.024629e-06
8.25199e-06
4.296292e-06
3.429448e-06
9.594905e-06
1.174854e-05
1.717403e-05
1.1704e-05
-4.839944e-06
1.309933e-05
8.163865e-06
-9.585191e-06
1.428268e-05
2.007856e-05
9.764346e-06
-3.517217e-06
-3.995019e-06
1.902652e-05
1.031171e-05
-2.872047e-06
1.032606e-05
1.47241e-05
1.385285e-06
-8.492388e-06
5.831773e-06
1.19587e-05
-8.96811e-07
3.03892e-06
9.367633e-06
9.560269e-06
8.44973e-06
5.758275e-06
1.896515e-05
1.79001e-05
1.095494e-06
6.739846e-06
1.550198e-05
2.353633e-05
3.003263e-06
-7.279307e-06
2.643683e-05
7.944904e-06
-5.249616e-06
1.362746e-05
1.165953e-05
1.79635e-05
8.502018e-06
1.670844e-05
2.445496e-05
2.962901e-06
1.766551e-05
2.103075e-05
9.202088e-06
2.206981e-05
1.641636e-05
7.303524e-06
1.030193e-05
5.540404e-06
8.596153e-06
1.582314e-05
1.810035e-05
2.010152e-05
1.420812e-05
9.212682e-06
9.230802e-06
1.041636e-05
2.075494e-05
2.163464e-05
5.793587e-06
5.517509e-06
8.888569e-06
1.924954e-05
2.715527e-05
2.380073e-05
2.525718e-05
1.349022e-06
1.46739e-06
2.358682e-05
1.092112e-05
1.493065e-05
3.007781e-05
2.250015e-05
2.424834e-05
1.523139e-05
9.520308e-06
2.54696e-05
1.260335e-05
6.725714e-06
2.166164e-05
7.93927e-06
8.977928e-06
1.994228e-05
7.302496e-06
1.724856e-05
2.445037e-05
1.678529e-05
2.247151e-05
1.483964e-05
1.269886e-05
2.09957e-05
1.799607e-05
1.825857e-05
2.73136e-05
1.630199e-05
1.044339e-05
2.552454e-05
2.383928e-05
2.081931e-05
2.386493e-05
1.390841e-05
7.803467e-06
1.404404e-05
1.922095e-05
1.627537e-05
1.327089e-05
1.854624e-05
2.258409e-05
1.658407e-05
2.91323e-05
3.892789e-05
4.80137e-06
1.776273e-06
2.8028e-05
1.83758e-05
1.612515e-05
3.264498e-05
2.861351e-05
2.13744e-06
5.560177e-06
3.682631e-05
2.60331e-05
1.171685e-05
3.945666e-05
4.329306e-05
-2.167853e-06
1.125278e-05
5.664813e-05
2.468431e-05
1.135748e-06
2.955511e-05
3.400771e-05
8.328395e-06
2.508848e-06
3.7184e-05
4.104354e-05
7.00643e-06
1.890892e-05
2.705182e-05
1.032274e-05
2.818298e-05
3.569012e-05
2.667257e-05
2.640763e-05
2.801701e-05
3.163616e-05
1.574723e-05
2.197964e-05
3.691202e-05
1.406988e-05
1.490792e-05
3.018509e-05
1.82779e-05
1.719313e-05
3.052081e-05
2.755887e-05
1.844055e-05
2.777784e-05
3.476666e-05
1.872796e-05
2.082521e-05
3.183483e-05
2.10833e-05
2.283934e-05
3.329846e-05
3.427695e-05
2.515168e-05
2.536476e-05
3.226804e-05
2.338594e-05
2.953824e-05
3.958529e-05
2.048192e-05
1.849134e-05
3.877943e-05
2.87242e-05
1.361202e-05
2.874703e-05
3.50348e-05
2.492818e-05
2.493561e-05
2.602707e-05
1.691311e-05
1.703048e-05
3.127028e-05
2.927031e-05
1.717368e-05
2.428114e-05
2.933889e-05
2.246195e-05
3.050766e-05
3.357634e-05
2.466446e-05
2.645498e-05
3.086753e-05
3.478935e-05
2.675521e-05
1.973187e-05
2.576589e-05
2.485978e-05
2.491554e-05
3.72174e-05
3.19595e-05
1.389589e-05
3.529869e-05
4.726842e-05
9.929417e-06
1.613751e-05
4.322347e-05
5.891025e-06
1.044283e-05
4.891778e-05
1.588576e-05
2.413349e-05
2.18694e-05
5.079813e-06
3.745958e-05
2.045153e-05
3.524736e-05
1.808907e-05
9.374405e-06
5.06544e-05
7.507172e-06
2.928084e-05
4.270515e-05
1.441371e-05
3.593908e-05
2.251131e-05
3.260398e-05
3.172754e-05
2.749486e-05
5.058009e-05
1.613578e-05
2.281564e-05
5.305687e-05
2.42021e-05
1.556465e-05
2.378439e-05
2.198015e-05
3.507688e-05
2.985569e-05
1.199689e-05
2.155532e-05
2.621451e-05
3.204338e-05
2.792158e-05
2.32193e-05
3.495001e-05
2.102362e-05
2.005634e-05
4.008704e-05
2.927869e-05
1.985594e-05
3.121556e-05
3.411955e-05
2.209348e-05
2.194687e-05
2.39871e-05
2.097638e-05
3.220954e-05
3.812844e-05
2.414066e-05
2.182012e-05
2.707973e-05
2.900824e-05
3.010498e-05
3.000989e-05
2.599145e-05
2.909117e-05
3.195626e-05
2.709399e-05
3.922397e-05
4.320557e-05
2.09635e-05
1.472393e-05
2.383332e-05
2.391768e-05
2.592746e-05
2.995151e-05
2.797916e-05
2.682084e-05
2.898495e-05
2.775708e-05
1.868204e-05
2.584506e-05
3.269508e-05
1.567906e-05
1.85339e-05
3.174969e-05
2.368735e-05
1.642564e-05
2.465653e-05
2.744462e-05
2.36456e-05
3.867708e-05
3.347561e-05
9.233306e-06
1.917265e-05
2.61696e-05
1.528725e-05
2.600659e-05
3.341459e-05
3.223097e-05
2.496717e-05
1.695664e-05
2.693703e-05
3.415247e-05
2.799943e-05
1.973473e-05
2.293117e-05
3.49059e-05
3.306267e-05
2.572272e-05
2.06272e-05
2.468328e-05
3.266135e-05
2.861556e-05
2.551111e-05
2.537151e-05
1.930395e-05
2.334886e-05
2.823173e-05
1.921169e-05
2.209899e-05
2.710618e-05
1.692903e-05
1.791848e-05
2.997097e-05
2.698547e-05
2.177745e-05
2.474752e-05
2.569643e-05
2.773128e-05
3.263643e-05
2.964814e-05
2.125117e-05
1.831165e-05
2.932647e-05
2.92549e-05
1.608082e-05
1.277294e-05
1.179635e-05
1.689527e-05
2.478878e-05
2.289278e-05
2.884662e-05
2.867069e-05
1.659411e-05
2.039125e-05
2.447699e-05
2.033107e-05
2.226647e-05
2.417683e-05
2.319418e-05
2.49628e-05
2.302115e-05
2.075501e-05
1.354748e-05
1.151795e-05
2.144599e-05
2.456151e-05
2.538825e-05
2.83988e-05
2.521078e-05
1.387817e-05
1.081453e-05
2.076344e-05
2.588561e-05
2.988841e-05
2.240914e-05
1.049251e-05
2.426961e-05
2.53706e-05
1.416006e-05
1.586086e-05
1.808326e-05
2.288648e-05
1.876065e-05
1.367783e-05
1.535655e-05
1.250458e-05
1.516138e-05
1.734601e-05
1.90867e-05
1.601995e-05
1.49085e-05
1.567686e-05
1.47574e-05
2.259179e-05
2.468834e-05
1.729805e-05
1.112478e-05
1.918829e-05
2.397494e-05
1.49918e-05
1.452226e-05
1.25964e-05
1.547194e-05
2.138584e-05
2.043454e-05
2.008501e-05
1.919968e-05
2.08921e-05
1.376472e-05
9.552345e-06
1.545813e-05
1.853634e-05
1.825328e-05
1.418701e-05
1.191231e-05
8.761146e-06
8.642353e-06
1.356437e-05
1.24156e-05
1.130624e-05
2.031662e-05
2.322863e-05
1.188275e-05
8.763488e-06
1.555696e-05
1.565509e-05
1.732168e-05
1.628761e-05
1.611809e-05
1.382152e-05
7.717477e-06
1.044654e-05
1.036617e-05
1.024754e-05
1.408957e-05
8.868048e-06
7.798562e-06
1.664447e-05
1.25821e-05
4.203317e-06
2.983518e-06
1.01498e-05
1.582658e-05
9.89449e-06
1.566002e-05
1.240868e-05
-2.816359e-06
3.919646e-06
1.716625e-05
2.309145e-05
1.984838e-05
7.471131e-06
1.632957e-07
5.119191e-06
6.924985e-06
-1.271489e-06
-2.543441e-06
2.4075e-06
8.420466e-06
1.116108e-05
7.094522e-06
5.713939e-06
2.608643e-06
5.49482e-06
1.029025e-05
8.253496e-06
1.100434e-05
7.781163e-06
1.5755e-06
7.445136e-06
5.179415e-06
-4.043004e-06
7.927417e-06
1.682637e-05
4.615803e-06
1.22075e-06
5.192441e-06
4.008299e-06
6.976584e-07
4.709828e-06
1.360864e-05
3.179941e-06
-6.963386e-06
7.896175e-06
7.766423e-06
2.766172e-06
1.021885e-05
-6.838569e-07
-1.170441e-06
1.695809e-06
-3.375982e-06
1.25822e-06
2.112266e-07
1.038298e-06
3.745113e-06
-4.449481e-06
-2.657225e-06
3.161819e-06
-2.999878e-06
-3.28022e-06
-3.568442e-06
-5.546454e-06
1.060216e-06
-1.946193e-06
-1.962767e-07
5.618949e-06
3.591554e-06
6.247275e-06
4.125175e-06
8.379152e-07
5.734479e-06
6.511951e-06
-4.908205e-06
-1.01415e-05
-4.410474e-06
-2.809412e-07
1.263659e-06
-6.852584e-06
-9.233524e-06
-1.050691e-05
-1.155381e-05
-1.801545e-06
-8.21201e-07
-7.227842e-06
-1.257988e-05
-8.61332e-06
6.340853e-06
9.224113e-06
3.987812e-06
2.576266e-06
-4.637992e-06
-6.893321e-06
-7.250451e-06
-1.127372e-05
-7.685844e-06
-1.180075e-05
-1.308539e-05
-5.242435e-06
-3.280803e-06
-5.669037e-06
-8.835328e-06
-9.127118e-06
-1.142631e-05
-6.392712e-06
6.393564e-06
-8.225589e-07
-1.018025e-05
-1.167273e-05
-1.457497e-05
-4.961196e-06
-8.575565e-07
-1.146381e-06
-7.611412e-06
-1.881389e-05
-1.626862e-05
-1.324405e-05
-9.505184e-06
-6.677202e-06
-9.932003e-06
-1.533932e-05
-1.854116e-05
-1.370495e-05
-1.403119e-05
-1.814676e-05
-1.046326e-05
-5.436317e-06
-2.674406e-06
-2.95949e-06
-9.210289e-06
-1.260262e-05
-1.683479e-05
-1.91645e-05
-1.217663e-05
-5.407199e-06
-1.370685e-05
-1.801483e-05
-1.532152e-05
-2.154709e-05
-2.077579e-05
-1.499987e-05
-1.809549e-05
-1.953087e-05
-1.863175e-05
-1.175475e-05
-1.110656e-05
-2.239718e-05
-2.071353e-05
-1.583049e-05
-2.528295e-05
-2.746935e-05
-8.456821e-06
5.52976e-07
-1.405933e-05
-2.645728e-05
-2.068084e-05
-1.994222e-05
-2.204844e-05
-9.293635e-06
-6.273456e-06
-1.892157e-05
-3.025112e-05
-2.54706e-05
-2.167797e-05
-2.484185e-05
-1.807008e-05
-1.627737e-05
-2.456258e-05
-2.91017e-05
-2.811057e-05
-1.836788e-05
-1.646463e-05
-2.080509e-05
-2.418749e-05
-2.942277e-05
-3.18465e-05
-2.68145e-05
-1.811938e-05
-2.22249e-05
-2.874506e-05
-3.095963e-05
-2.818703e-05
-2.434958e-05
-2.666463e-05
-2.682774e-05
-2.006064e-05
-2.122309e-05
-2.972447e-05
-3.191459e-05
-2.30837e-05
-1.921734e-05
-2.250677e-05
-2.691227e-05
-3.630115e-05
-3.959317e-05
-3.178155e-05
-2.273097e-05
-1.694982e-05
-2.534241e-05
-3.978684e-05
-4.535296e-05
-3.613437e-05
-1.529992e-05
-1.941408e-05
-3.807133e-05
-4.654189e-05
-4.364981e-05
-3.068145e-05
-2.897805e-05
-4.030206e-05
-3.865451e-05
-3.173292e-05
-3.097477e-05
-2.71324e-05
-2.542951e-05
-3.68384e-05
-4.42452e-05
-3.531955e-05
-2.954016e-05
-3.265829e-05
-3.4156e-05
-4.337951e-05
-4.78095e-05
-3.98424e-05
-3.199679e-05
-3.116616e-05
-3.150213e-05
-3.06274e-05
-3.202515e-05
-3.923653e-05
-4.78699e-05
-5.300535e-05
-3.804697e-05
-2.619826e-05
-3.019238e-05
-3.393632e-05
-4.916004e-05
-5.052367e-05
-4.692842e-05
-4.983689e-05
-3.005528e-05
-2.823275e-05
-4.863374e-05
-5.4442e-05
-5.116647e-05
-3.546264e-05
-3.662141e-05
-4.486602e-05
-4.039368e-05
-4.229135e-05
-3.769881e-05
-3.996568e-05
-4.516421e-05
-3.437997e-05
-3.559871e-05
-4.592362e-05
-4.431159e-05
-4.750442e-05
-4.86811e-05
-4.511544e-05
-4.704653e-05
-4.04498e-05
-4.460566e-05
-5.603273e-05
-6.156377e-05
-6.255541e-05
-5.079667e-05
-4.583025e-05
-4.298396e-05
-3.624207e-05
-4.448121e-05
-6.11852e-05
-6.740955e-05
-5.246518e-05
-3.740831e-05
-3.552799e-05
-4.512118e-05
-6.461183e-05
-6.904465e-05
-5.286306e-05
-4.615974e-05
-6.047302e-05
-5.671154e-05
-3.874478e-05
-2.743599e-05
-2.396058e-05
-5.560155e-05
-8.943801e-05
-9.196253e-05
-7.456363e-05
-3.426776e-05
-6.820116e-07
-6.098077e-06
-5.532659e-05
-0.0001043489
-0.0001068335
-8.03593e-05
-4.817738e-05
-1.348485e-05
7.545185e-06
-4.087424e-05
-9.652111e-05
-7.183101e-05
-9.161862e-05
-0.0001308765
-3.255858e-05
1.0384e-05
-9.898544e-05
-5.627149e-05
3.487864e-05
-0.0001323376
-0.0002393736
-0.0001247964
-9.422847e-05
-0.0001018844
-3.201062e-05
-7.246047e-05
-0.0003575371
-0.000528032
-0.0001633469
0.0001427751
-0.000174728
-0.0005028673
-0.0003120563
-7.699454e-05
-5.307194e-05
-5.256616e-05
-0.0002431826
-0.0001817409
0.0002261143
0.0003607897
0.0001523785
-0.0003348716
-4.536822e-05
0.0008157706
0.0002570863
-0.0004072833
3.480392e-05
7.577187e-05
-7.573474e-05
-0.0001547145
-0.0004041217
-0.0005509479
-0.0003567186
-0.0003668477
-0.001255036
-0.0002720329
0.001379447
-0.0007938979
-0.002189291
-0.0003893278
-0.0001273443
0.000267799
0.00113194
-0.001049454
-0.001784339
0.0003966655
0.0002126921
-0.0003263198
-0.0002129694
-0.0006716841
0.0004056915
0.0005128567
-0.0004186619
-0.0009155637
7.507343e-05
0.001977698
-2.429615e-05
-0.001190263
0.0008182267
0.0003625434
-0.0006986328
-0.0004533516
0.0002511963
0.00112363
-0.0007588711
-0.001334348
0.001212206
0.000523624
0.0009955622
0.0009917267
-0.002621809
-0.001307716
0.002141577
0.001828734
-0.0006885788
-0.001674034
-0.001230265
-0.001270232
-0.0007534365
-0.001709809
-0.002310799
0.0003060905
0.0001293785
-0.003082562
-0.002431126
-4.041533e-05
0.001214109
0.002415048
0.0008188936
-0.002582583
-0.002027105
0.001308937
0.004379269
0.005609305
0.003022248
-0.002068675
-0.005007375
0.0007664341
0.005739874
0.003698469
0.001579987
-0.00417104
-0.006483167
-0.0009924179
0.0007239259
-0.001117465
-0.002625173
-0.003809461
-0.003012744
-0.00198165
-0.0002366753
0.001635199
6.859358e-05
-0.0006460633
-0.001724135
-0.005813939
-0.003624423
0.003659898
0.004744465
0.002721072
0.0006188131
-0.004044263
-0.002762134
0.003730449
0.005352902
0.004308801
0.00109374
-0.003916029
-0.003228969
-0.001527033
-0.0003333386
0.003343014
0.0008460007
-0.001862838
0.001393543
0.002287096
-0.0005710463
-0.003640905
-0.001288299
0.001421797
-0.001753669
-0.001459424
-9.462545e-05
-0.00458716
-0.005433288
-0.0008303605
0.0009788961
-0.0008756076
-0.002461712
0.000177598
0.003303826
0.001917144
-0.00398505
-0.0101661
-0.005905992
0.003618118
0.005207864
0.001396632
-0.002051904
-0.003055343
-0.001913289
-0.000677617
0.001617152
0.004486392
0.003683775
0.001259363
-0.00240682
-0.003643652
0.00110001
0.003643044
0.005982675
0.003223678
-0.004785026
-0.002626159
0.001102649
-0.003028849
-0.005184973
-0.004377427
-0.006657347
-0.001833248
0.004873873
-0.0008732893
-0.00564782
-0.004258275
-0.001004822
0.0001946163
-0.003537907
-0.006300322
-0.006991841
-0.001819815
0.007670381
0.0130989
0.01225986
0.004519764
5.049235e-05
0.007174599
0.01061858
0.0006889866
-0.003550157
0.003444783
0.00236945
-0.004030488
-0.006091647
-0.006084558
-0.002250193
0.00196401
0.002136168
-0.00353037
-0.008624528
-0.01081205
-0.01093087
-0.001747023
-0.00129586
-0.0134496
-0.01646409
-0.008524423
0.005086282
0.009310434
0.001845522
0.005252871
0.01314796
0.005574881
-0.004384257
-0.005486812
-0.001404263
0.005736562
0.005984803
0.003061754
-0.001691663
-0.01072805
-0.01039557
-0.002975698
0.007130382
0.009516707
0.0003948853
0.001408902
0.00288508
-0.00656065
-0.003348905
0.00801219
0.002593988
-0.006905265
-0.00306264
0.003410111
0.003259332
0.001596464
-0.004233194
-0.01294429
-0.009954973
-0.005597735
-0.008204624
-0.0008099767
0.006486973
-0.003601127
-0.004333617
0.01195161
0.01795724
0.006640656
-0.01499552
-0.01954868
-0.006203147
-0.004107241
-0.004824684
-0.004011666
-0.004282665
-0.0002936722
0.003887068
0.009457552
0.004658093
-0.01384261
-0.01428669
0.01272753
0.03008912
0.02322654
0.01136867
-0.004140705
-0.01689838
-0.01236917
0.005985515
0.01888313
0.009377794
-0.008507135
-0.01485068
-0.008236632
-0.000225895
0.004769134
0.01108369
0.005025022
-0.005806254
-0.0007071368
0.005210403
0.002977288
-0.001005852
-0.00862225
-0.012351
-0.002772796
0.005615078
0.0009762543
-0.01118573
-0.02366759
-0.02309683
-0.002512695
0.01813706
0.01599934
0.004066833
-0.01008401
-0.02022252
-0.004200405
0.02112814
0.0234407
-0.0002340322
-0.007348898
0.006858121
0.00196722
-0.008315759
-0.01105997
-0.01665165
-0.02260186
-0.008717912
0.01798258
0.02138109
0.009911303
0.00421371
0.009268851
0.01593413
0.0141846
0.008159753
-0.003796972
-0.0176574
-0.02539132
-0.01085778
0.01763259
0.026897
0.01848578
-0.002219153
-0.0221107
-0.02887193
-0.02939705
-0.01393201
0.003171957
0.005898802
0.001308874
-0.005827394
-0.001132812
0.004647781
-9.239433e-05
0.004807055
0.0222729
0.02590783
0.01027919
0.007165615
0.0149299
-0.001944506
-0.03660307
-0.04597581
-0.03368606
-0.03486844
-0.02866052
0.003551086
0.03033771
0.02754579
0.01028386
0.004029249
0.006921971
0.01890266
0.03189778
0.02429946
0.0006145072
-0.02183072
-0.03452562
-0.02892974
0.002092623
0.02921654
0.01744231
-0.01236446
-0.01794198
-0.001232538
0.01021701
0.01658541
0.02864297
0.03118512
0.006871976
-0.020367
-0.01990158
-0.0003688021
0.0120822
0.008432769
0.005082319
-0.002080449
-0.02973151
-0.0391268
-0.006610309
0.01718089
0.007429113
-0.0004893198
0.01064737
0.01592988
0.01739562
0.01949912
-0.003212901
-0.0213507
-0.007461275
0.007558271
0.006668006
0.007670545
0.02210846
0.0207318
-0.005437192
-0.0224597
-0.02011592
-0.01992995
-0.0150341
0.01063454
0.017539
-0.000778088
-0.00882584
-0.005207206
0.002247819
0.004583296
0.01189704
0.01571957
-0.00112622
-0.009551015
0.0005564983
0.01474281
0.02396032
0.01698277
-0.009528598
-0.03928255
-0.06188326
-0.05825043
-0.02200861
0.01044056
0.02677051
0.02284786
0.01377051
0.02008788
0.01907068
0.008394046
0.004038295
0.007052827
0.01041412
0.002788349
-0.0103295
-0.01559597
-0.01956101
-0.01949726
-0.007885436
0.009415317
0.02277102
0.01437685
-0.005673646
-0.007920999
0.006505989
0.01897684
0.0293537
0.04490873
0.05559726
0.04790153
0.0267967
0.008258879
0.009782607
0.03407336
0.04149038
0.01969401
-0.001942618
-0.009834343
-0.001460864
0.003148193
-0.002125246
-0.01766481
-0.04838832
-0.06285888
-0.04467049
-0.008123393
0.006738414
-0.02246209
-0.05108957
-0.05020923
-0.03532114
-0.0161745
0.004688584
0.02053052
0.02931055
0.01712465
-0.01274887
-0.02649046
-0.02709554
-0.01262171
0.0184971
0.03008126
0.02115185
0.01547324
0.0127497
0.005693205
0.0001627951
-0.006352221
-0.006105383
0.01084617
0.02499261
0.02823583
0.02548667
0.0239506
0.02024793
0.01250735
0.00228263
-0.02097151
-0.03803776
-0.02579746
0.002881937
0.0197159
0.01652673
-0.001090839
-0.01949834
-0.01590797
-0.006534539
-0.006593446
-0.007773132
-0.008911402
-0.0004379899
0.01885886
0.0374727
0.04405577
0.03908365
0.03363797
0.03198261
0.03379715
0.0444057
0.06001144
0.05886123
0.04037398
0.02269561
0.007319485
-0.01043165
-0.02062264
-0.02633102
-0.03604163
-0.04066326
-0.03773003
-0.02898968
-0.02727067
-0.02581176
-0.007476629
0.008422983
0.01399412
0.01239788
-0.003142391
-0.03049229
-0.04416652
-0.01911154
0.01667041
0.0235124
0.004213927
-0.01796076
-0.03172719
-0.03534959
-0.02304481
-0.01536292
-0.02061304
-0.01102231
0.0005946662
-0.00216933
-0.007232705
-0.008812238
0.006783026
0.0321347
0.04778512
0.05948303
0.06400357
0.06112401
0.05231489
0.02036842
-0.01713151
-0.02878362
-0.01410136
0.0132736
0.03278051
0.03812404
0.03617366
0.03718659
0.04794439
0.05810618
0.05233741
0.03640898
0.03822127
0.05253639
0.04797227
0.02004406
-0.009283162
-0.01634736
-0.00153269
0.02239083
0.02700936
-0.004570908
-0.03849031
-0.05090282
-0.05131537
-0.04590246
-0.0342007
-0.01841709
-0.003801662
0.0005779095
-0.003403316
-0.007275584
-0.01468162
-0.01729189
-0.008774256
-0.002230784
0.006129661
0.02885119
0.05290613
0.06371191
0.05562666
0.03356281
0.02854534
0.04153817
0.05172566
0.0571432
0.05330245
0.03762777
0.008310775
-0.01592242
-0.01740083
-0.01804297
-0.02802644
-0.02750159
-0.002488593
0.02800598
0.02852702
0.003062778
-0.009862725
0.002736661
0.03013977
0.0616444
0.07570163
0.06218534
0.04085222
0.03376526
0.03885854
0.04029921
0.03000392
0.01360277
-0.005345487
-0.03184163
-0.03609028
-0.009655576
-0.002932886
-0.02478396
-0.04925505
-0.06450808
-0.083902
-0.1121098
-0.123446
-0.1227669
-0.1175988
-0.109763
-0.1074368
-0.08752494
-0.04930498
-0.009049226
0.03105431
0.04047933
0.01194774
-0.01684269
-0.02787238
-0.02721075
-0.02874543
-0.02694867
-0.0009593565
0.03687674
0.0528513
0.03003554
0.001254801
0.006114261
0.01801897
0.01460008
0.004092898
-0.02095226
-0.06107124
-0.1014248
-0.120126
-0.1206085
-0.1184491
-0.1089132
-0.1046799
-0.1166025
-0.1326137
-0.117834
-0.04725477
0.02504317
0.05625003
0.07016474
0.08467509
0.09764546
0.09490962
0.09156563
0.1088376
0.1252952
0.1311685
0.1297789
0.1170277
0.09735551
0.08347115
0.08889968
0.1085608
0.1261336
0.1275051
0.1126776
0.08606742
0.04545548
0.022185
0.02287876
-0.004055244
-0.07094934
-0.1388411
-0.1796105
-0.2000587
-0.2098843
-0.1943453
-0.1502929
-0.1147886
-0.1111417
-0.1354715
-0.1684769
-0.1628677
-0.1232152
-0.09129967
-0.06081998
-0.02832275
-0.0181656
-0.03059297
-0.04532527
-0.05647429
-0.0565631
-0.02444278
0.03445589
0.09271437
0.1321444
0.1288237
0.09383808
0.06433513
0.03945564
0.01699791
-0.004880447
-0.03188777
-0.05786267
-0.07436957
-0.07671635
-0.07318819
-0.06572663
-0.06571138
-0.07414769
-0.060496
-0.02762599
-0.008065103
-0.0004697716
0.0120734
0.01887478
0.02653081
0.04499579
0.05810415
0.06430432
0.07109595
0.07327495
0.05261248
0.02878414
0.03750039
0.05861612
0.06263229
0.03951065
0.003801239
-0.01873834
-0.0430054
-0.07595213
-0.09490054
-0.09318149
-0.08242867
-0.09397253
-0.1236261
-0.1302748
-0.121261
-0.1104422
-0.08474887
-0.04084944
0.01078145
0.04396416
0.04816457
0.02874985
1.998323e-05
-0.0106672
0.0001003018
0.02495048
0.05173939
0.06282446
0.0630467
0.063845
0.07510086
0.1041046
0.1381879
0.1536061
0.1450853
0.1287996
0.1036973
0.05408969
-0.01307424
-0.07030822
-0.09171608
-0.08070683
-0.05613883
-0.03153941
-0.0185504
-0.01240429
-0.01634147
-0.03439357
-0.05168353
-0.05154197
-0.02286399
0.002297942
-0.005915922
-0.04264931
-0.09189402
-0.1077914
-0.07557334
-0.02432336
0.01839617
0.0400661
0.05193383
0.06224547
0.07724356
0.09250106
0.09325666
0.07524198
0.04416915
0.0206748
0.0164402
0.03743219
0.08812838
0.1394752
0.1571114
0.1354696
0.0794291
0.0101223
-0.03295766
-0.03994718
-0.02755482
-0.002325159
0.02195126
0.02820533
0.0108497
-0.01673947
-0.03881871
-0.07158406
-0.0972208
-0.08614607
-0.04963916
0.01515829
0.08968958
0.1259557
0.116092
0.0807455
0.02472335
-0.02254737
-0.02157366
0.02174162
0.09642227
0.1860521
0.2549313
0.2762178
0.2717865
0.2698681
0.2515726
0.2073365
0.1407464
0.0510689
-0.02720015
-0.05577071
-0.05458909
-0.04107168
-0.01726837
0.006451912
0.02827722
0.02124111
-0.02256908
-0.07729431
-0.1092067
-0.1024042
-0.09178206
-0.09179793
-0.09465124
-0.10051
-0.09929765
-0.09191413
-0.08818555
-0.09944599
-0.1285905
-0.1624651
-0.1873285
-0.1986009
-0.194554
-0.1667014
-0.1277316
-0.09630162
-0.06819632
-0.04296744
-0.02408073
-0.01286646
-0.01116529
-0.02368122
-0.05376624
-0.08540506
-0.09911546
-0.09467268
-0.08981161
-0.08920454
-0.08270289
-0.08280642
-0.09061944
-0.09250249
-0.08502577
-0.05915187
-0.0196892
0.02265894
0.0620866
0.09087416
0.1027214
0.1019031
0.1048458
0.1056265
0.09873395
0.09345834
0.08718269
0.0828927
0.07605633
0.0618655
0.05413731
0.05820678
0.06800648
0.05811578
0.03329107
0.02756857
0.02696435
0.02265312
0.0197856
0.01447628
0.01162161
0.02330499
0.06297253
0.1083487
0.1382049
0.1464048
0.1418153
0.1531426
0.1766768
0.1978326
0.204168
0.1923374
0.1797759
0.1626545
0.123333
0.06878924
0.01109751
-0.03384161
-0.04415395
-0.05383385
-0.09598951
-0.1343981
-0.1694495
-0.2204535
-0.2553294
-0.2680555
-0.257161
-0.23739
-0.2439082
-0.2536447
-0.2540741
-0.2528065
-0.2417822
-0.2202328
-0.193604
-0.1416357
-0.06299303
-0.005782497
0.0207312
0.02471955
0.02068869
0.02794447
0.04297148
0.06255755
0.08088312
0.09604944
0.09717506
0.08329181
0.06759988
0.05665944
0.04571528
0.0455092
0.05708288
0.03732861
0.00343123
-0.01855123
-0.02144135
0.009401165
0.04267562
0.07627646
0.1164813
0.156592
0.2029366
0.2373319
0.2532159
0.2544092
0.2345877
0.2098617
0.1936597
0.1776576
0.1653329
0.1520379
0.1199739
0.08063059
0.04849884
0.02323151
0.008639349
-0.002447041
-0.01344887
-0.02818903
-0.04850475
-0.05836299
-0.06645101
-0.0815501
-0.1002974
-0.1217955
-0.1318839
-0.1307657
-0.1235931
-0.106486
-0.08162811
-0.05677576
-0.03463988
-0.0203118
-0.02923489
-0.05209872
-0.06553973
-0.06208041
-0.04194328
-0.01701156
-0.005091682
-0.001787843
0.004864326
0.008581903
0.0179567
0.03117003
0.02738045
0.02430182
0.03218156
0.03902883
0.04604043
0.04223045
0.0218086
-0.001249358
-0.02996566
-0.06547296
-0.09393355
-0.11118
-0.1029331
-0.06258889
-0.0189707
0.001165722
-0.005264048
-0.02459702
-0.03558409
-0.03616042
-0.03826609
-0.04666691
-0.06202379
-0.06624459
-0.05969596
-0.05829764
-0.05337172
-0.04876882
-0.04688053
-0.04101108
-0.03792547
-0.03209711
-0.007221101
0.02825019
0.05863158
0.07804048
0.07923081
0.07112249
0.04499068
-0.004409744
-0.04091453
-0.06742184
-0.1040548
-0.1349447
-0.1520744
-0.1512718
-0.1283884
-0.1059349
-0.08624202
-0.05563442
-0.028719
-0.001268789
0.03088486
0.06322198
0.1100902
0.1589923
0.1942192
0.2040771
0.1805791
0.1586788
0.156244
0.1587378
0.1555238
0.1385823
0.1134343
0.08672555
0.05533857
0.02180499
-0.003763968
-0.02425495
-0.04757629
-0.06804981
-0.08597128
-0.09721392
-0.09426583
-0.09973887
-0.1086611
-0.09755085
-0.09530496
-0.1151815
-0.1425375
-0.1655592
-0.1723995
-0.1755687
-0.1641889
-0.117201
-0.06971338
-0.05020891
-0.04738402
-0.04641762
-0.02893064
-0.0007035039
0.0212719
0.06160104
0.1224773
0.1790197
0.2294061
0.2499397
0.2495688
0.2658378
0.2815787
0.2839538
0.2793107
0.2568867
0.2057273
0.141979
0.09635512
0.07244233
0.05202013
0.02467026
-0.01647502
-0.06217315
-0.1065553
-0.1529126
-0.1747719
-0.1773643
-0.1670845
-0.1420562
-0.1167557
-0.09227315
-0.1051662
-0.1354619
-0.1412228
-0.1207655
-0.05889953
-0.003123277
0.01313978
0.006814141
-0.01475198
-0.02744779
-0.02808993
-0.02882161
-0.02667661
-0.0313986
-0.05805253
-0.09921889
-0.1331872
-0.1526255
-0.1680826
-0.1860373
-0.203448
-0.217745
-0.2272948
-0.23123
-0.2322393
-0.2275381
-0.2091226
-0.1718464
-0.1241637
-0.08124141
-0.04867307
-0.03644509
-0.03378646
-0.03098875
-0.03010414
-0.02783427
-0.04117262
-0.03907185
-0.01321151
0.005981807
0.04552407
0.08793874
0.09135872
0.08750841
0.1379917
0.2218242
0.2570185
0.2342282
0.1920641
0.161725
0.1525135
0.1456991
0.1374907
0.1276475
0.1143453
0.1015723
0.07352345
0.05479829
0.07098852
0.08452874
0.09747255
0.1097862
0.101628
0.102005
0.108126
0.1126884
0.1144742
0.08422198
0.03672618
-0.004224022
-0.02060398
0.001147561
0.03516432
0.07282277
0.1064235
0.105075
0.08620051
0.08455402
0.0810685
0.06213
0.04557665
0.02892241
0.0227667
0.04269977
0.0676873
0.08758071
0.1016268
0.1058443
0.1078879
0.1060018
0.09393787
0.07366954
0.05025506
0.03488246
0.03281905
0.03783751
0.04259363
0.03068359
-0.0009676164
-0.01492033
-0.008252121
-0.02208571
-0.03965026
-0.04090163
-0.04644928
-0.05937304
-0.07354619
-0.08335979
-0.09988923
-0.1188631
-0.1146646
-0.08700444
-0.04148563
0.009187672
0.04486242
0.05219636
0.03803641
0.02757143
0.02267532
0.008525644
-0.02116021
-0.06253241
-0.09888813
-0.1271301
-0.1543523
-0.1736448
-0.1847635
-0.1899772
-0.1884553
-0.180469
-0.1661795
-0.1585786
-0.1591302
-0.1551008
-0.1429167
-0.1250446
-0.1105213
-0.09873356
-0.08383396
-0.06646957
-0.04669198
-0.03085211
-0.02111961
-0.01606397
-0.01287226
-0.01077536
-0.01345927
-0.01516204
-0.0168876
-0.01513659
0.008132459
0.05593484
0.1151202
0.1665708
0.19575
0.2034044
0.1994814
0.1950024
0.1845314
0.1535899
0.1069798
0.04918038
-0.006547719
-0.04197108
-0.0722006
-0.1012274
-0.1211682
-0.1336355
-0.1342098
-0.123149
-0.09557366
-0.06267119
-0.03544624
-0.01127382
-0.007294986
-0.01739825
-0.03105075
-0.05406999
-0.0743223
-0.0815601
-0.07224931
-0.05371856
-0.03986435
-0.02292903
0.009640531
0.05231095
0.1007299
0.1532606
0.1999008
0.2317488
0.2421652
0.2299881
0.2030163
0.1690897
0.1288504
0.08837568
0.06630716
0.06479353
0.06481895
0.05596304
0.04623272
0.04480461
0.04327599
0.03952088
0.03079661
0.01457312
0.007357235
-0.002468871
-0.0165924
-0.02588299
-0.03927424
-0.04607451
-0.03506787
-0.006386564
0.01402814
0.01849863
0.0138443
-0.003931183
-0.02016694
-0.03944987
-0.05803278
-0.07325971
-0.0948565
-0.1136829
-0.1211231
-0.1290005
-0.1627419
-0.1803586
-0.1556427
-0.1330117
-0.1143235
-0.09834407
-0.08978336
-0.07993196
-0.0707308
-0.05324054
-0.02972576
-0.00967658
0.01273216
0.03599501
0.04866202
0.0474756
0.03915821
0.03301117
0.03228637
0.03762458
0.04796431
0.05175307
0.04643292
0.04103832
0.03415129
0.02552494
0.02012141
0.01735587
0.02252078
0.03196597
0.03958772
0.05951296
0.08923154
0.1128536
0.1294783
0.1418403
0.150107
0.1572253
0.1604989
0.1531408
0.139782
0.1203472
0.09405021
0.068956
0.04107752
0.01094692
-0.01068823
-0.02698523
-0.03875118
-0.04667211
-0.05482678
-0.05323586
-0.04193455
-0.03137824
-0.03065945
-0.04650417
-0.07298353
-0.1017688
-0.1235593
-0.130951
-0.1259445
-0.1127052
-0.09142712
-0.06039127
-0.02418814
0.01179194
0.03998269
0.05575777
0.06764762
0.07653251
0.08187015
0.08797717
0.09431343
0.1018914
0.1057692
0.1001918
0.08575134
0.06998955
0.062415
0.06122623
0.05628315
0.03943227
0.02124631
0.004612352
-0.01905756
-0.0402621
-0.06017504
-0.06967775
-0.05310577
-0.02038424
0.01861723
0.04551193
0.05998261
0.0632293
0.04212634
0.02149275
0.01090778
-0.007477171
-0.03269557
-0.05654703
-0.07205699
-0.07804392
-0.08042856
-0.08014926
-0.07427883
-0.06640421
-0.05397609
-0.03707033
-0.02043019
-0.004847236
0.003078213
0.002524424
-0.00613629
-0.01929904
-0.03232352
-0.04538048
-0.05348777
-0.05875741
-0.06389076
-0.06935503
-0.07688859
-0.08744947
-0.1026889
-0.1171379
-0.1253709
-0.1273424
-0.1249595
-0.1172835
-0.1066749
-0.09856136
-0.09108297
-0.07904683
-0.05443102
-0.02300277
0.001382496
0.02267993
0.04073567
0.05104569
0.06325058
0.07248818
0.06954252
0.06686426
0.06769423
0.0666784
0.06228645
0.04940325
0.03115976
0.01580613
0.005872962
0.000574237
-0.0008687254
-0.002222584
-0.006378579
-0.007162447
-0.006535463
-0.01248305
-0.0194708
-0.02521832
-0.03156141
-0.0350397
-0.03307563
-0.01997936
0.001369333
0.01992302
0.03103001
0.03154522
0.02194852
0.004635216
-0.02034992
-0.05222675
-0.08688642
-0.1176745
-0.1418242
-0.156964
-0.1586387
-0.1467267
-0.1327755
-0.1216921
-0.1090101
-0.1045818
-0.1037631
-0.09676954
-0.09372282
-0.09364811
-0.08563539
-0.0629191
-0.02805071
0.004100461
0.02419801
0.03557391
0.03354058
0.02036935
0.001262366
-0.01636515
-0.004153268
0.0357508
0.08792759
0.1508604
0.2063232
0.2293628
0.2216523
0.2198812
0.2332031
0.2376778
0.2351493
0.2303752
0.2159427
0.1947178
0.1733362
0.1564757
0.1172578
0.04516072
-0.01814519
-0.06970387
-0.10754
-0.1221044
-0.1298497
-0.1133513
-0.08246468
-0.05142359
-0.00190767
0.03258403
0.02429211
-0.01378198
-0.06172504
-0.09354001
-0.1030302
-0.1023766
-0.09995672
-0.0947689
-0.0900746
-0.09126121
-0.0936434
-0.08886968
-0.07256573
-0.04943798
-0.02472735
-0.002527108
0.01631104
0.03252432
0.04310864
0.0480149
0.0422756
0.02436356
-0.001028216
-0.02543953
-0.03782682
-0.04188088
-0.03953001
-0.03155219
-0.02431483
-0.0159737
-0.006924471
-0.0005668435
0.008450837
0.02663732
0.04906646
0.06799483
0.08115533
0.08885425
0.08916112
0.08431148
0.08025925
0.0759228
0.07313545
0.07105402
0.06853459
0.06941859
0.06890557
0.06818365
0.07076795
0.07205918
0.0708154
0.06649177
0.05944918
0.04931275
0.03697033
0.02506435
0.01352954
0.001468047
-0.01256232
-0.02178965
-0.0261476
-0.0261288
-0.01803963
-0.01474574
-0.01403161
-0.01147912
-0.01224349
-0.01456577
-0.02375218
-0.0325166
-0.03855868
-0.04377635
-0.03344309
-0.01233114
0.007367348
0.02284788
0.0327022
0.03849411
0.03940548
0.03576798
0.02679867
0.01272241
-0.002659753
-0.01395532
-0.01903768
-0.02122999
-0.02013144
-0.01798472
-0.01196453
0.0005168496
0.009889863
0.01468592
0.01706273
0.01788541
0.0202606
0.01793999
0.005883416
-0.006277813
-0.009997269
-0.005922841
0.003282616
0.01507879
0.02822082
0.04132232
0.05453752
0.0686603
0.08163478
0.09011635
0.08689267
0.07048365
0.0499607
0.03335478
0.02189723
0.01250322
0.005237441
-0.001625346
-0.0096907
-0.01757374
-0.02323606
-0.02445919
-0.02434595
-0.02715852
-0.0385292
-0.05604622
-0.0696086
-0.07814859
-0.08469048
-0.08835944
-0.08635285
-0.0779348
-0.06749286
-0.06346856
-0.06845676
-0.08069237
-0.09200629
-0.0910036
-0.08128645
-0.07075178
-0.06345377
-0.06107453
-0.06232581
-0.06666399
-0.07043897
-0.06618538
-0.0483359
-0.02215075
0.0006676099
0.01461206
0.02343749
0.03214275
0.04012092
0.04399996
0.03642742
0.009453847
-0.02741438
-0.05262894
-0.06512607
-0.07420663
-0.08014561
-0.08713388
-0.09957734
-0.1110326
-0.1123917
-0.1067028
-0.09335715
-0.06569486
-0.03376887
-0.01037104
0.0006929583
0.007442865
0.02103486
0.03857314
0.05235553
0.05748123
0.05334899
0.04550589
0.0403966
0.03861186
0.04139363
0.04742162
0.05128127
0.05509313
0.05873134
0.06386227
0.07310428
0.0830528
0.09168266
0.09605275
0.09919131
0.1029109
0.104788
0.1068044
0.1046304
0.09575309
0.08532891
0.07520459
0.06726632
0.06293247
0.06080255
0.05872193
0.05360961
0.04354742
0.03163638
0.02500665
0.02415859
0.02412204
0.02195801
0.0204189
0.02202538
0.02271428
0.02402511
0.02650486
0.02638468
0.02410767
0.01940004
0.01438077
0.006007143
-0.009434402
-0.02321695
-0.02756284
-0.0217272
-0.01095651
0.002363194
0.01567577
0.01943952
0.01113652
-0.009397935
-0.03423188
-0.04782959
-0.04824285
-0.03606791
-0.01398988
0.00475577
0.01506757
0.02078096
0.02120292
0.01651766
0.011042
0.006325037
0.001106211
-0.001567085
0.0006668444
0.00335135
0.002327514
-0.006110377
-0.02010552
-0.03071537
-0.03624652
-0.04159113
-0.0476575
-0.05156773
-0.05558428
-0.06162959
-0.06650391
-0.07123808
-0.07709286
-0.08210156
-0.08496095
-0.08542939
-0.08501193
-0.0821532
-0.06673499
-0.04197661
-0.02462714
-0.01180967
0.00270058
0.0166375
0.03017653
0.0404197
0.04762999
0.05412273
0.05789832
0.05724731
0.05171233
0.04091513
0.03019827
0.02524458
0.02597894
0.03130566
0.03652853
0.03971863
0.03987801
0.03302611
0.02672754
0.02805014
0.03179133
0.03459795
0.03641252
0.03876921
0.04100988
0.03876329
0.03049451
0.01816386
0.004559474
-0.009118784
-0.01864478
-0.02396041
-0.02856175
-0.03092952
-0.03223814
-0.03344
-0.0344551
-0.03427174
-0.03096889
-0.02589026
-0.02138282
-0.01883046
-0.0149444
-0.007445523
-0.0009189912
-0.0003087461
-0.003417837
-0.005922874
-0.006849669
-0.002381276
0.009257968
0.02351732
0.03781389
0.04867368
0.05136577
0.04694102
0.03653071
0.0249309
0.01653613
0.007173775
-0.001941134
-0.008136522
-0.01079458
-0.01015721
-0.0113266
-0.01455264
-0.01948032
-0.02709602
-0.03339252
-0.04075729
-0.0543096
-0.06937524
-0.08062487
-0.08633141
-0.08432254
-0.07546959
-0.06650249
-0.06063932
-0.05453422
-0.04827744
-0.042897
-0.03930429
-0.0386707
-0.03765374
-0.03457237
-0.02978625
-0.02186786
-0.01101595
0.0006969698
0.01028116
0.01660988
0.02240092
0.02879273
0.03516375
0.04070436
0.04327638
0.04127644
0.0331861
0.02312457
0.01561582
0.007605945
0.0005630012
-0.00382244
-0.006050792
-0.001116825
0.007197611
0.008730473
0.004836161
-6.314341e-05
-0.004784498
-0.008356128
-0.01296767
-0.01829288
-0.02272499
-0.02605598
-0.02754703
-0.02887979
-0.02738845
-0.02028125
-0.01218069
-0.003289594
0.006420055
0.0118494
0.0125158
0.01269735
0.01910798
0.03182501
0.04620155
0.0591616
0.063206
0.05693836
0.04334287
0.0249749
0.01111079
0.005176265
0.003847978
0.006441252
0.01275012
0.02143172
0.0279815
0.02917691
0.02756086
0.02588312
0.02427124
0.02277642
0.02059244
0.01722253
0.01342093
0.008486328
0.004772119
0.004971444
0.007258619
0.01157489
0.01760933
0.02154487
0.02330468
0.02593028
0.02427998
0.01227718
-0.004554382
-0.01757706
-0.02177934
-0.0199391
-0.02002118
-0.02296312
-0.02468081
-0.02018925
-0.008428288
0.002919449
0.008508307
0.0101349
0.00914324
0.00362469
-0.007273275
-0.01843506
-0.02600573
-0.03161648
-0.03483838
-0.03558934
-0.03391327
-0.02862823
-0.01958399
-0.005546986
0.0100747
0.02213026
0.03021496
0.03494089
0.03435778
0.02657484
0.01395561
-0.00161236
-0.01743731
-0.02752811
-0.02814334
-0.02309906
-0.0210399
-0.02644975
-0.03499753
-0.03608538
-0.02974038
-0.02333303
-0.0182603
-0.01695535
-0.01598221
-0.01100049
-0.005804659
-0.002879145
-0.004734173
-0.01237489
-0.02617873
-0.04314227
-0.05518715
-0.06119723
-0.06223301
-0.06120067
-0.06488361
-0.07110644
-0.07481254
-0.0767067
-0.07650819
-0.07354523
-0.06611482
-0.04988614
-0.02831085
-0.01152268
-0.003860946
-0.003228174
-0.006879277
-0.01163449
-0.01398053
-0.01276017
-0.007787387
0.0003709869
0.01162835
0.024155
0.03296203
0.03702162
0.03717863
0.03421827
0.03032202
0.02640708
0.02373066
0.02519039
0.03246914
0.04300681
0.05202231
0.05645738
0.05583702
0.05148174
0.04505067
0.03954264
0.03640582
0.0360255
0.04103459
0.04802381
0.05217722
0.05363074
0.05086329
0.04474626
0.04034927
0.04143803
0.0471085
0.05308804
0.05671582
0.05601531
0.04947363
0.03689913
0.01932701
0.001044368
-0.01575186
-0.03084424
-0.04206454
-0.04996354
-0.05624761
-0.06097027
-0.06570433
-0.07209661
-0.07790659
-0.08294926
-0.08822758
-0.09176742
-0.09142524
-0.08554949
-0.07663901
-0.06525929
-0.05142006
-0.03835274
-0.02813547
-0.02448806
-0.02563192
-0.02606513
-0.02248873
-0.01403533
-0.003926328
0.006757438
0.0173324
0.02632488
0.03327022
0.03780645
0.03821919
0.03472969
0.03232575
0.03291269
0.03582164
0.03681247
0.03416809
0.03182081
0.03119933
0.03409328
0.03607196
0.03254735
0.02618039
0.0187388
0.01249927
0.006525157
-0.0003721282
-0.007072112
-0.01435087
-0.02024457
-0.02509305
-0.03094494
-0.03638852
-0.04050189
-0.04199668
-0.04047601
-0.03577821
-0.02915464
-0.02442891
-0.02235523
-0.02080568
-0.01748905
-0.01426388
-0.01457277
-0.0166962
-0.01628046
-0.009553246
0.003912766
0.01995193
0.03278133
0.0380456
0.0351125
0.02737879
0.0180349
0.008185088
0.001344203
-0.0009998223
0.00118997
0.01141404
0.02345066
0.02839348
0.026565
0.02124062
0.01814471
0.01882885
0.02271387
0.03008614
0.03892992
0.04556059
0.04431154
0.03390883
0.01620327
-0.00314024
-0.01650307
-0.02171839
-0.01866709
-0.01074402
-0.001988586
0.006726267
0.01211854
0.01211136
0.009285598
0.005785639
0.004381347
0.007323806
0.01391764
0.02187946
0.02472051
0.01640555
-0.002124739
-0.02163688
-0.0316078
-0.02744837
-0.01069895
0.01118903
0.03012967
0.03993887
0.04028612
0.03298764
0.01949603
0.005554299
-0.008616601
-0.0220648
-0.03124216
-0.03783535
-0.04049338
-0.04190352
-0.04578707
-0.05017534
-0.05516659
-0.05899702
-0.05922349
-0.05422216
-0.04453836
-0.03087367
-0.01694502
-0.01374626
-0.01811958
-0.02056841
-0.02130371
-0.01948547
-0.01644138
-0.01535717
-0.01704016
-0.02068821
-0.02331722
-0.02272729
-0.01685346
-0.006052525
0.005412947
0.01600115
0.02544262
0.03174889
0.03673367
0.04133206
0.0434494
0.04584102
0.04974561
0.05416077
0.05963461
0.06345902
0.06470171
0.0651133
0.06521249
0.06507091
0.06312395
0.05900181
0.05326247
0.04459818
0.03528356
0.02853494
0.02420182
0.02206262
0.01921253
0.01273462
0.004042707
-0.00414618
-0.01090575
-0.01702401
-0.02102446
-0.02252299
-0.02317184
-0.02188145
-0.02006616
-0.01996133
-0.02118187
-0.02576696
-0.03289592
-0.03805274
-0.03851431
-0.03382842
-0.02755131
-0.0217696
-0.01568759
-0.01175206
-0.01126949
-0.01236669
-0.01282527
-0.01047992
-0.006434192
-0.003209488
-0.00167207
-0.002459368
-0.005433879
-0.008733847
-0.01058923
-0.009242012
-0.002737093
0.008249609
0.02144938
0.03379014
0.04293056
0.04949312
0.05407264
0.05703811
0.05732665
0.05282044
0.04528839
0.03686186
0.02782034
0.01972335
0.01409709
0.0121548
0.01483277
0.02082774
0.02584455
0.02587207
0.02213281
0.01777664
0.01405737
0.01302692
0.01564652
0.02027117
0.02553742
0.03052712
0.03460018
0.0378958
0.04210776
0.04691372
0.048789
0.04613606
0.03643474
0.02059582
0.01096428
0.01203615
0.0132277
0.009737778
0.003475536
-0.002377009
-0.004319785
-0.003503211
-0.003533292
-0.008733302
-0.01735844
-0.02332472
-0.02662634
-0.02819665
-0.02822072
-0.02594931
-0.01991712
-0.01319665
-0.007935558
-0.003819761
-0.0008357369
0.001521091
0.003558283
0.004611205
0.004725797
0.005231165
0.005191238
0.004217191
0.002596481
0.0004490755
0.00204241
0.01058171
0.02250737
0.03221784
0.03651457
0.03316754
0.02413337
0.01463998
0.006500156
-0.0001700579
-0.006139633
-0.01190919
-0.0154711
-0.01453505
-0.01052804
-0.008832216
-0.0104062
-0.01161319
-0.0111357
-0.009745421
-0.01021342
-0.01465752
-0.02149162
-0.02798391
-0.03227808
-0.03479661
-0.03787937
-0.04303329
-0.04864842
-0.05222152
-0.05319083
-0.05177753
-0.04883044
-0.045258
-0.04135909
-0.03800056
-0.03778052
-0.04061643
-0.04266685
-0.04229733
-0.03938134
-0.03474432
-0.03018048
-0.02591987
-0.02151597
-0.01684524
-0.01194841
-0.007247274
-0.003773692
-0.001620158
0.0006970285
0.005206688
0.0119372
0.01864487
0.02303145
0.02300692
0.01905949
0.01364139
0.009412994
0.008057231
0.00897454
0.01234566
0.01747143
0.02304001
0.02833837
0.03096741
0.02980448
0.02544486
0.02113968
0.02037049
0.02290737
0.02789641
0.03301084
0.03739368
0.04183222
0.04482855
0.04623025
0.04633771
0.04481884
0.04137533
0.0365666
0.03307589
0.03240038
0.03335637
0.0322397
0.02638861
0.0185968
0.01331221
0.01097705
0.009922715
0.009185927
0.008077057
0.008682752
0.01128895
0.01198279
0.009844468
0.004280162
-0.005894433
-0.01787747
-0.02901734
-0.03957116
-0.0495828
-0.05856436
-0.06631567
-0.07173247
-0.07452202
-0.07521789
-0.07443921
-0.07278774
-0.06975015
-0.0660652
-0.05973519
-0.05101452
-0.04713071
-0.04749036
-0.04567049
-0.03899461
-0.0287985
-0.01894222
-0.01153326
-0.007174355
-0.003950413
0.0001588366
0.003902396
0.006385922
0.008432267
0.01101113
0.01393764
0.01617806
0.01637282
0.01451601
0.01272487
0.01177973
0.01043292
0.007797208
0.003842601
0.0007431511
9.412927e-05
0.0002193435
0.001141643
0.003750914
0.007224943
0.01044854
0.01184603
0.01209156
0.01327975
0.01482663
0.01652858
0.01918138
0.0223371
0.02538628
0.02689006
0.02622184
0.02472804
0.02431671
0.0259036
0.02859111
0.03087631
0.03262645
0.03547748
0.03797531
0.03751878
0.03432523
0.02975798
0.02670534
0.02646492
0.02790985
0.02915829
0.02714715
0.02111617
0.01427926
0.009132267
0.005490651
0.003002875
0.0006519919
-0.002332829
-0.00509391
-0.006962386
-0.007583198
-0.007789199
-0.008143236
-0.007018136
-0.004397719
-0.0005849317
0.005475297
0.01161187
0.01561263
0.01784275
0.01865591
0.01947113
0.02169834
0.02548886
0.02917808
0.03069302
0.02894883
0.02462438
0.02158255
0.02207771
0.02521847
0.02739654
0.02445349
0.01787139
0.01119822
0.004011606
-0.003999236
-0.01150176
-0.01932982
-0.02512001
-0.02608265
-0.02392633
-0.01948394
-0.01607769
-0.0168119
-0.02005425
-0.02413932
-0.02775805
-0.03070017
-0.03261101
-0.03210997
-0.03080868
-0.03018618
-0.02965418
-0.02864183
-0.02662895
-0.02597455
-0.02665069
-0.02675805
-0.02630057
-0.02153819
-0.01214374
-0.001389169
0.007689941
0.01169489
0.01198727
0.009824312
0.005881266
0.002430687
0.001161923
0.002050544
0.003811956
0.006634308
0.009646518
0.01305036
0.01772579
0.02165725
0.02412902
0.02451771
0.02115101
0.01493698
0.009373488
0.00612905
0.00337232
0.0007502624
-0.001677042
-0.00485467
-0.007868899
-0.0107241
-0.01426248
-0.01828968
-0.02256559
-0.02513202
-0.02396635
-0.02138898
-0.01941426
-0.01688228
-0.01427568
-0.01355691
-0.01597939
-0.01981998
-0.02180472
-0.02050023
-0.0156406
-0.009352251
-0.004348036
-0.001763417
-0.002810909
-0.007228968
-0.01255404
-0.01633527
-0.01875502
-0.02119309
-0.02178091
-0.01899465
-0.01375405
-0.007540521
-0.004274927
-0.005240076
-0.006883031
-0.006400438
-0.003912681
-0.001378369
0.001504978
0.004526449
0.005685276
0.005571719
0.00392922
0.0006985145
-0.002390811
-0.002914679
0.002018359
0.01080082
0.01958571
0.02587642
0.02864012
0.02863868
0.02639576
0.02265881
0.01876933
0.01583427
0.01396051
0.01272387
0.01153
0.008215471
0.001562196
-0.006693216
-0.01488266
-0.02172253
-0.02566331
-0.02680015
-0.02746271
-0.03100335
-0.03730809
-0.04372853
-0.04806846
-0.0478671
-0.04377931
-0.0379949
-0.03238941
-0.02911645
-0.02935751
-0.03242914
-0.03523456
-0.03667665
-0.03663524
-0.03411271
-0.02975345
-0.02453482
-0.01995513
-0.01723522
-0.01511385
-0.01191447
-0.007397714
-0.002346242
0.001856263
0.004347889
0.004343571
0.001549393
-0.003615546
-0.008591362
-0.00847484
-0.005246914
-0.004563677
-0.005581383
-0.006200165
-0.005171731
-0.002099366
-0.0006591344
-0.002233376
-0.005034555
-0.009054157
-0.0126791
-0.0134597
-0.01213118
-0.009799937
-0.006368527
-0.002425126
0.001837976
0.006405353
0.01086958
0.01494827
0.01777551
0.0197327
0.02062725
0.01917613
0.01577423
0.01120434
0.007785891
0.007442505
0.008777455
0.01079209
0.01274845
0.01302092
0.01056321
0.005672801
0.001030476
-0.002422441
-0.006335905
-0.009777667
-0.01096673
-0.009013349
-0.004146115
0.001002455
0.004115108
0.00353467
-0.0004895864
-0.004950665
-0.008311291
-0.01059852
-0.01199874
-0.01282897
-0.01383533
-0.01533178
-0.01672049
-0.0175546
-0.01725544
-0.01634573
-0.01627478
-0.01728646
-0.01758893
-0.01623379
-0.01347452
-0.009295637
-0.006785254
-0.00964306
-0.01700645
-0.02433235
-0.02824037
-0.02833233
-0.0268018
-0.0278215
-0.03152854
-0.03481852
-0.03619415
-0.03411818
-0.02762644
-0.01807316
-0.007027416
0.003180859
0.009923687
0.01363912
0.01521728
0.01506659
0.01359554
0.0115214
0.009761624
0.008042514
0.00776939
0.009149006
0.01167153
0.0154083
0.01763729
0.01715064
0.01418962
0.01009183
0.006529315
0.004079484
0.004601172
0.008004446
0.01257666
0.01795565
0.02379207
0.02646729
0.02410029
0.02112266
0.01947183
0.01802155
0.01648863
0.01470986
0.01388818
0.01494887
0.01735646
0.02062288
0.02556897
0.03224916
0.03829151
0.04192062
0.04313183
0.04307429
0.04265942
0.0416239
0.03769289
0.02824743
0.01696626
0.009151176
0.005719043
0.006242968
0.008350297
0.01060579
0.01328797
0.01436953
0.01314608
0.01215681
0.01282364
0.01494644
0.01569282
0.01118563
0.003336205
-0.003394331
-0.00619132
-0.005236918
-0.004014113
-0.002272383
0.00170248
0.006583491
0.01115172
0.01262664
0.009472505
0.004057225
-0.0009771324
-0.002799395
-0.001505691
0.000297073
0.001408897
0.001435524
0.001126974
0.001623523
0.003785556
0.007243273
0.009836863
0.009871221
0.008251325
0.007533781
0.007652779
0.007410843
0.007073831
0.006790489
0.007503902
0.009134322
0.009580555
0.007788719
0.004208207
-0.0002031192
-0.004748708
-0.008335548
-0.01017666
-0.0103467
-0.008181756
-0.004186295
0.0007576836
0.006422285
0.01066704
0.01277335
0.01372188
0.01358528
0.01262226
0.01093691
0.009353766
0.008938615
0.009635101
0.01154814
0.014294
0.01735346
0.02129696
0.02518669
0.02757992
0.02879803
0.02783886
0.02336755
0.01691419
0.01146832
0.009513121
0.009935951
0.00992766
0.01007866
0.0110123
0.01225818
0.01377762
0.01482243
0.01571843
0.01565338
0.01245289
0.007210593
0.002087355
-0.001409477
-0.002549208
-0.003016464
-0.003330887
-0.002767486
-0.002349295
-0.002658122
-0.003363708
-0.00425608
-0.005169437
-0.005973232
-0.006863919
-0.008230505
-0.009833329
-0.01173734
-0.01283761
-0.01005744
-0.002898274
0.005798225
0.01328455
0.01845574
0.0221664
0.02466521
0.02502988
0.02323312
0.01938292
0.01461415
0.01067974
0.009013906
0.01040945
0.01388576
0.01882976
0.02425677
0.02774956
0.02872341
0.02910579
0.02921617
0.02726117
0.02345972
0.01896275
0.01510108
0.01234573
0.009068953
0.005374693
0.001910766
-0.0004388827
-0.0003711813
0.0009752556
0.001904103
0.001487537
-0.0001671899
-0.001900125
-0.003385487
-0.005210179
-0.007520727
-0.0107241
-0.01409158
-0.01531615
-0.01437143
-0.01371108
-0.01560428
-0.01918728
-0.0220519
-0.0236305
-0.02426401
-0.02559438
-0.02758062
-0.02771304
-0.02680409
-0.02601942
-0.02547996
-0.02642579
-0.02780457
-0.02810639
-0.02655182
-0.02373638
-0.02185496
-0.02080976
-0.02071001
-0.02151061
-0.02143028
-0.02033968
-0.01767053
-0.01316631
-0.009066062
-0.005957594
-0.003291549
-0.001307005
0.0005097952
0.002554136
0.004855876
0.007610066
0.009797482
0.01019044
0.009269787
0.007716227
0.006596389
0.007059219
0.00810042
0.008602703
0.008109007
0.006567749
0.004475299
0.001875492
-0.0006643069
-0.002594681
-0.003564201
-0.003323692
-0.003086118
-0.004323715
-0.007310594
-0.01099829
-0.01403098
-0.01525709
-0.01424233
-0.01164422
-0.008305619
-0.006082138
-0.005873833
-0.00607299
-0.005699974
-0.005387486
-0.006236441
-0.008527701
-0.01162931
-0.01461361
-0.01703296
-0.01920318
-0.02096168
-0.02221929
-0.02378438
-0.02655583
-0.03030114
-0.03298839
-0.03222624
-0.02753888
-0.02149729
-0.01722866
-0.01522407
-0.01460845
-0.01430944
-0.01359706
-0.01240662
-0.01035428
-0.007714065
-0.004820615
-0.001444517
0.001982251
0.004855528
0.006836616
0.008555384
0.01062182
0.01179732
0.01150727
0.01038569
0.007977109
0.00391418
-0.0008876157
-0.005372508
-0.009096579
-0.01207459
-0.01542485
-0.01982135
-0.02482345
-0.0299157
-0.03345926
-0.03526863
-0.03595758
-0.03561588
-0.03490986
-0.03350063
-0.03248175
-0.03091702
-0.0264211
-0.02153898
-0.01713131
-0.01314473
-0.01290182
-0.01552397
-0.01670734
-0.0158278
-0.01433755
-0.01270018
-0.01090777
-0.009573045
-0.009255329
-0.009005743
-0.007655675
-0.004618772
-0.0004301333
0.003398502
0.006464517
0.008685377
0.009653025
0.00963288
0.009670155
0.01074006
0.01333235
0.01777049
0.02294099
0.0280068
0.03394294
0.0406464
0.04639171
0.05019327
0.05262845
0.05336419
0.05204837
0.04946981
0.04511597
0.03943391
0.03424001
0.0295561
0.02442007
0.01847397
0.01213495
0.006284598
0.002354229
0.001257738
0.0009360686
-0.0004524308
-0.001676835
-0.003297188
-0.006664741
-0.01069673
-0.01418994
-0.01546014
-0.01480256
-0.01444642
-0.01386761
-0.01271085
-0.01084199
-0.007518741
-0.003525853
0.0009346233
0.004592986
0.005895341
0.006075978
0.007093178
0.009573693
0.0117545
0.01166485
0.008419609
0.002495065
-0.003778415
-0.00914073
-0.01272723
-0.01229459
-0.007796994
-0.002358835
0.001839017
0.005102274
0.008178641
0.01124835
0.01366749
0.01454293
0.01432934
0.01415606
0.01425202
0.014004
0.01319013
0.01219915
0.01150023
0.01169548
0.01344629
0.01699751
0.02084015
0.02273944
0.02181008
0.01840228
0.01393923
0.009335461
0.004868899
0.00184561
0.0003494609
-0.0009878307
-0.00307954
-0.006812672
-0.01160391
-0.01566605
-0.01863705
-0.02132286
-0.02435634
-0.02762437
-0.03034744
-0.03213732
-0.03333335
-0.0342386
-0.03504398
-0.03535404
-0.03485636
-0.03396002
-0.03267706
-0.0315198
-0.03125061
-0.03171523
-0.03198394
-0.03065256
-0.02679097
-0.02139777
-0.01776585
-0.01667905
-0.01574712
-0.01389817
-0.01151819
-0.009439815
-0.007381954
-0.004837241
-0.002060276
0.0003907504
0.001613581
0.001834812
0.001599855
0.001524519
0.001594792
0.001239443
0.0006541773
-0.0003884387
-0.001093845
-0.0007529825
-0.0004690345
-0.001012321
-0.003168479
-0.006754061
-0.009671475
-0.0104006
-0.009428182
-0.008274003
-0.007680708
-0.007300114
-0.006853578
-0.00647284
-0.005388796
-0.003555044
-0.002613341
-0.002540063
-0.001950418
-0.0002693329
0.001152172
0.0003044418
-0.002143226
-0.005087152
-0.008266857
-0.01054736
-0.01311362
-0.01816037
-0.02352352
-0.02672494
-0.02799907
-0.02761264
-0.02681122
-0.02631117
-0.02500489
-0.02302659
-0.02193945
-0.02213159
-0.02271244
-0.02336242
-0.02238461
-0.01798122
-0.01211705
-0.007187456
-0.003793603
-0.002019203
-0.0008440388
0.0007107748
0.003370978
0.007293656
0.01118533
0.01479011
0.01765493
0.01966947
0.02089016
0.02010173
0.0178917
0.01488274
0.01193582
0.01058046
0.01045431
0.01025768
0.009076843
0.007238925
0.00597862
0.006358794
0.008266099
0.01081277
0.01297581
0.0138247
0.01403482
0.01479089
0.01624678
0.01799571
0.01873162
0.01847989
0.01893808
0.01996079
0.02079108
0.02122254
0.02083094
0.01949176
0.01690743
0.01344906
0.009911452
0.006565596
0.003761209
0.001921964
0.002127493
0.004121898
0.005714874
0.006503105
0.007481599
0.0089363
0.0100453
0.00921458
0.006752429
0.00493184
0.004798396
0.006143121
0.00872218
0.01171389
0.01354358
0.01345865
0.01243709
0.01143223
0.01020384
0.008925784
0.008276298
0.008173003
0.008809144
0.01000833
0.01055284
0.01020902
0.009978697
0.01072728
0.01251952
0.01488534
0.0171285
0.01848088
0.01906295
0.01945946
0.01953437
0.01985999
0.02057637
0.0210204
0.0217989
0.02311715
0.0248054
0.02672141
0.02840698
0.02862216
0.02663804
0.02379441
0.02057494
0.01795526
0.01705643
0.01659446
0.01525595
0.01285158
0.01003875
0.007373978
0.005421779
0.004563124
0.004283002
0.003877271
0.00282998
0.001646096
0.0009335294
-2.846219e-05
-0.001503675
-0.002783686
-0.003489109
-0.003296372
-0.002092738
-0.0001054805
0.002713985
0.005645469
0.007582871
0.009351683
0.0114713
0.01348775
0.01561616
0.01627946
0.01495564
0.01387822
0.01373227
0.01413593
0.0144676
0.01454117
0.01502127
0.0158726
0.01688051
0.01782571
0.01836243
0.01811075
0.01661971
0.01389571
0.01035579
0.006523242
0.003033531
0.0001105073
-0.002007898
-0.002452334
-0.001536343
-0.0003505934
0.0004989534
0.0004648436
-0.000547569
-0.002040811
-0.003716045
-0.005636154
-0.007191186
-0.008244552
-0.009315801
-0.009678136
-0.008858402
-0.007465502
-0.00540952
-0.003011313
-0.002213527
-0.003489726
-0.005326441
-0.007073256
-0.008543732
-0.008488782
-0.006111206
-0.003014368
-0.0005236926
0.001189803
0.001125393
-5.809112e-05
-0.0007344497
-0.0006660916
0.000945255
0.004149902
0.007634901
0.01107925
0.01422338
0.01614749
0.01652428
0.01651416
0.01744464
0.01885837
0.02038297
0.02241737
0.02458487
0.02658284
0.02706619
0.0244576
0.02076234
0.01842706
0.01816492
0.02000006
0.02141532
0.02043588
0.01742954
0.01247611
0.00606853
-0.001062219
-0.007683058
-0.01195299
-0.01363779
-0.01395868
-0.01384766
-0.01356513
-0.01352814
-0.01362652
-0.01400998
-0.01526143
-0.01679358
-0.01809706
-0.01886331
-0.01957465
-0.02087232
-0.02257781
-0.02435159
-0.02457689
-0.02201405
-0.01656184
-0.009406974
-0.003291465
0.0004674393
0.001776405
0.0005555209
-0.001930726
-0.004149423
-0.005298302
-0.004729018
-0.002896056
-0.0004670678
0.002116982
0.004132983
0.005733816
0.007928469
0.01153417
0.01574023
0.01823084
0.01765885
0.01445722
0.009157668
0.002662916
-0.003483306
-0.008606039
-0.01246776
-0.01433988
-0.01381714
-0.01233481
-0.01081453
-0.008854636
-0.006708169
-0.003759747
-0.0005344729
0.002049307
0.00357679
0.002076654
-0.0007286926
-0.00222476
-0.00338391
-0.005211001
-0.008178368
-0.01096255
-0.01242879
-0.01271158
-0.0111258
-0.008887912
-0.007760918
-0.008259315
-0.01016019
-0.01147956
-0.01177879
-0.01232972
-0.01298079
-0.01361235
-0.01518035
-0.01791269
-0.02086389
-0.02287723
-0.02281937
-0.02048674
-0.0166838
-0.01279917
-0.01071967
-0.01165339
-0.01504765
-0.0186809
-0.02030533
-0.01868999
-0.01452966
-0.009600541
-0.005392286
-0.003008275
-0.002116789
-0.002750355
-0.004314043
-0.004994535
-0.004888732
-0.004131947
-0.003014278
-0.002163099
-0.001568435
-0.001351867
-0.0006111301
0.001163442
0.003197723
0.004791851
0.005594603
0.004770724
0.003235879
0.001620299
-0.0001819413
-0.001806409
-0.002138942
-0.00184272
-0.001253175
-0.0008545362
-0.001674867
-0.003340361
-0.00546231
-0.007686099
-0.009412175
-0.01071143
-0.01139454
-0.01087275
-0.008974492
-0.00596103
-0.002894178
-0.001018208
-0.0009790919
-0.002706817
-0.005005551
-0.007346479
-0.009956924
-0.01247156
-0.01504027
-0.01693222
-0.0174354
-0.01812791
-0.01984967
-0.02259799
-0.02578245
-0.02795621
-0.02922978
-0.03015473
-0.03050987
-0.02962779
-0.02757023
-0.02512532
-0.02265355
-0.0205989
-0.01848368
-0.01601047
-0.01414753
-0.0130921
-0.0113048
-0.007633318
-0.00320917
0.000830132
0.003843988
0.005535202
0.006487373
0.006844075
0.007103543
0.007642105
0.007905609
0.007901984
0.007607938
0.007385812
0.007891719
0.008275293
0.00816278
0.007700335
0.006339086
0.004487498
0.002561257
0.001606745
0.002978589
0.005278523
0.006935774
0.0067781
0.003967366
0.000424931
-0.002034949
-0.003153819
-0.003654436
-0.004206014
-0.004011068
-0.003279695
-0.002750182
-0.002078976
-0.00126363
-0.0004750148
-0.0001353927
-0.001170794
-0.003417803
-0.005006235
-0.004709683
-0.003428367
-0.002581387
-0.00246411
-0.001748063
0.001029404
0.005470478
0.00989821
0.01338418
0.01555798
0.01622838
0.01628433
0.01623078
0.01628797
0.01674756
0.01679837
0.01589251
0.01361095
0.01025827
0.007447444
0.006462996
0.008543091
0.01269409
0.01609908
0.01767007
0.01714952
0.0155355
0.0143645
0.01365883
0.01356461
0.01375747
0.01310489
0.01172335
0.01007537
0.008125498
0.006333331
0.005015619
0.004192574
0.004459266
0.005873285
0.007611997
0.00881158
0.008581184
0.006977487
0.005057229
0.003723804
0.003607805
0.004544322
0.005658267
0.006501137
0.006959501
0.007312403
0.008124684
0.009245955
0.01013253
0.01037076
0.009871901
0.008744373
0.007108349
0.005612196
0.005080426
0.005332324
0.005028465
0.00373579
0.001783572
-0.0005477695
-0.002374331
-0.003697311
-0.004438527
-0.004428854
-0.004553911
-0.005016583
-0.005763083
-0.006399678
-0.006406488
-0.006259334
-0.006134767
-0.005938975
-0.00559415
-0.004633303
-0.003048951
-0.001415478
-0.0003951287
-0.0005954536
-0.001667501
-0.002401319
-0.002588005
-0.00286091
-0.003347712
-0.003842153
-0.004070873
-0.004486298
-0.005979934
-0.008126449
-0.01029833
-0.01204311
-0.01277591
-0.01268305
-0.01185202
-0.01109141
-0.01142423
-0.01229247
-0.01279567
-0.01244945
-0.01118768
-0.009042242
-0.006303117
-0.003662306
-0.001547941
0.0001228233
0.001604665
0.003080691
0.00505482
0.007610995
0.01017967
0.0124003
0.01382197
0.01403491
0.01295459
0.01060619
0.007583194
0.004909656
0.002968758
0.001905284
0.002126706
0.003039719
0.003105349
0.001564754
-0.0008708513
-0.003322216
-0.00544059
-0.006712731
-0.006970705
-0.006350134
-0.005148902
-0.004224709
-0.003941225
-0.003892911
-0.003453872
-0.001994763
0.0003195386
0.002386339
0.003761058
0.004626771
0.004850037
0.004751025
0.004847581
0.005480168
0.00673103
0.008068757
0.008883393
0.009049673
0.008584244
0.00727749
0.005375994
0.003456551
0.00227893
0.002419688
0.00305523
0.00303624
0.002243319
0.001245977
0.000483783
-0.000287598
-0.001376552
-0.002647914
-0.003815005
-0.004550489
-0.004938176
-0.005165436
-0.005012783
-0.004404949
-0.002873644
-0.0004304667
0.001807533
0.003217288
0.003435031
0.002627292
0.001896879
0.001947155
0.002509615
0.003233851
0.004083526
0.00489523
0.005333703
0.00486699
0.003333762
0.001252546
-0.0001905237
-0.0004055222
-0.0005855931
-0.001393854
-0.002342949
-0.003275091
-0.004447499
-0.005656711
-0.006041033
-0.00599628
-0.006024737
-0.005825713
-0.005917858
-0.006183951
-0.00604596
-0.005591003
-0.00496333
-0.004471976
-0.004198161
-0.003885271
-0.00344154
-0.002864032
-0.002305383
-0.002011303
-0.001831488
-0.001543761
-0.001130976
-0.0009193719
-0.001186739
-0.001502504
-0.001696066
-0.001880727
-0.001982522
-0.001997598
-0.002011597
-0.002228331
-0.00242241
-0.002434053
-0.002383164
-0.002114516
-0.001703357
-0.001211828
-0.0008260052
-0.0008678784
-0.001195212
-0.001745774
-0.002491017
-0.003252773
-0.003823704
-0.004242382
-0.004881779
-0.005627219
-0.006201476
-0.006511181
-0.006336637
-0.005736946
-0.004967524
-0.004031594
-0.002992878
-0.002076994
-0.001403439
-0.001121912
-0.000822485
-0.0002220683
0.0001037462
0.0001627745
-5.612233e-05
-0.0008207438
-0.001808614
-0.002827306
-0.003552931
-0.003843172
-0.004224768
-0.00483652
-0.005528701
-0.005976985
-0.005766905
-0.005165412
-0.004509212
-0.004011038
-0.003665293
-0.00290896
-0.00168897
-0.000372609
0.0005799268
0.001040958
0.001708108
0.002582231
0.003449952
0.004414116
0.005088104
0.005516698
0.005845764
0.005880877
0.005505226
0.004748268
0.003844344
0.002878786
0.001970429
0.001171448
0.0003314488
-0.0004878019
-0.00125197
-0.001866417
-0.002093574
-0.002046533
-0.001825598
-0.001321678
-0.0006821042
-0.0001280567
0.0003202422
0.0007277472
0.001173762
0.001700071
0.002024714
0.00196515
0.001983563
0.002350454
0.002776044
0.003023679
0.003113235
0.003237438
0.003561436
0.00401631
0.004405461
0.004673086
0.004827545
0.004798525
0.004589817
0.004281849
0.003934905
0.003666793
0.003519928
0.003391174
0.00329122
0.00324185
0.003180315
0.003123689
0.003077068
0.003029875
0.003007197
0.002894551
0.002604202
0.002258626
0.001932001
0.001630777
0.00142507
0.001355454
0.00134649
0.001289513
0.001162906
0.001013515
0.0008689216
0.0007283281
0.0005821473
0.0004133529
0.0002979373
0.0002979426
0.0003691969
0.0005089218
0.0007102207
0.0009239448
0.001082628
0.001069675
0.0008381368
0.0005298232
0.0002973889
0.0001918347
0.0001965382
0.0002289573
0.000287857
0.0003812489
0.0004753084
0.0005662647
0.0006259831
0.0006618205
0.0006422592
0.0005376143
0.0004149214
0.0002798684
0.0001245543
-3.813324e-06
-7.058738e-05
-7.834214e-05
-7.754304e-05
-8.849675e-05
-0.0001141659
-0.0001435419
-0.0001233332
-8.148758e-05
-5.365664e-05
-2.689923e-05
-2.058912e-06
4.062664e-05
8.089949e-05
6.972281e-05
-5.85282e-06
-0.0001166594
-0.0002050941
-0.0002482794
-0.0002550009
-0.000241964
-0.0002112814
-0.0001623518
-0.000125102
-0.0001201704
-0.0001412199
-0.0001585605
-0.0001537378
-0.0001329352
-0.0001117586
-0.0001115738
-0.0001156798
-0.0001092835
-9.774552e-05
-5.910438e-05
1.071979e-05
8.944943e-05
0.0001520041
0.0001748404
0.0001644397
0.0001367896
9.991884e-05
6.396033e-05
3.253857e-05
9.536809e-06
-9.47583e-06
-3.755538e-05
-7.387363e-05
-0.0001109111
-0.000140707
-0.0001632741
-0.0001785024
-0.0001757554
-0.0001611063
-0.0001436217
-0.0001244059
-0.0001125176
-0.0001074205
-0.0001009934
-9.086631e-05
-7.71041e-05
-6.179489e-05
-4.615439e-05
-3.044459e-05
-1.632276e-05
-5.772835e-06
2.068503e-06
9.376045e-06
1.661423e-05
2.414672e-05
3.110903e-05
3.632041e-05
3.982273e-05
3.902775e-05
3.104454e-05
1.899586e-05
8.809126e-06
4.618386e-06
6.837713e-06
9.987942e-06
9.786925e-06
6.682353e-06
2.253235e-06
-3.199159e-07
1.021952e-07
2.369204e-06
5.497947e-06
7.569e-06
8.229314e-06
7.984115e-06
6.859779e-06
5.270594e-06
2.78391e-06
-7.940811e-07
-5.013071e-06
-9.234064e-06
-1.253212e-05
-1.479749e-05
-1.664056e-05
-1.873115e-05
-2.131309e-05
-2.408371e-05
-2.671808e-05
-2.90796e-05
-3.116754e-05
-3.312735e-05
-3.513984e-05
-3.718377e-05
-3.906908e-05
-4.064702e-05
-4.191622e-05
-4.308061e-05
-4.43784e-05
-4.577328e-05
-4.712962e-05
-4.84222e-05
-4.965263e-05
-5.082824e-05
-5.195496e-05
-5.304774e-05
-5.410164e-05
-5.509519e-05
-5.60438e-05
-5.69773e-05
-5.791569e-05
-5.88591e-05
-5.978328e-05
-6.066385e-05
-6.14963e-05
-6.228929e-05
-6.305273e-05
-6.379269e-05
-6.451111e-05
-6.520837e-05
-6.588462e-05
-6.653991e-05
-6.71743e-05
-6.778769e-05
-6.837957e-05
-6.894927e-05
-6.949636e-05
-7.002061e-05
