0.0003579982
0.0003579514
0.0003579034
0.0003578586
0.0003578088
0.0003577629
0.000357721
0.0003576894
0.000357676
0.0003576987
0.0003577702
0.0003578983
0.0003580692
0.000358258
0.0003584211
0.0003585154
0.0003585209
0.0003584789
0.000358484
0.0003585875
0.0003587224
0.0003587631
0.0003584822
0.0003576212
0.0003560611
0.0003540531
0.0003520521
0.0003506049
0.0003503645
0.0003520992
0.0003562838
0.0003622144
0.000368378
0.0003740006
0.0003799372
0.0003868394
0.0003935184
0.0003972113
0.0003968212
0.0003932373
0.000387403
0.000379862
0.0003718221
0.000364982
0.0003606197
0.0003589957
0.0003594138
0.0003607672
0.0003638707
0.0003729567
0.0003895009
0.0004099774
0.0004288798
0.0004422395
0.0004493055
0.0004520026
0.0004503792
0.0004391057
0.0004201221
0.0004081717
0.0004145625
0.0004379531
0.00046805
0.0004931824
0.0005025895
0.0004855677
0.0004394757
0.0003675209
0.000281628
0.0001936483
0.0001107604
4.286944e-05
5.759381e-06
9.39645e-06
4.493234e-05
8.995415e-05
0.0001229789
0.0001334523
0.0001231514
0.0001019697
8.097976e-05
6.700886e-05
6.116359e-05
6.400451e-05
8.06146e-05
0.0001138606
0.0001640391
0.0002223503
0.000273702
0.0003064233
0.0003179693
0.0003171695
0.0003252244
0.000352409
0.0003802677
0.000385671
0.0003635393
0.0003259737
0.0002911081
0.0002744333
0.0002952088
0.0003685398
0.0004820417
0.0005998272
0.0006944654
0.000781251
0.0008901372
0.00104815
0.001249351
0.001446643
0.001573473
0.001583303
0.001488853
0.001343104
0.001178773
0.001017704
0.0008868143
0.0008000758
0.0007344678
0.0006474531
0.0005260825
0.0003948591
0.0002882484
0.000228592
0.0002161295
0.0002324177
0.0002553663
0.0002700085
0.000271462
0.0002631511
0.0002520741
0.0002441319
0.0002416275
0.0002432662
0.0002400126
0.0001998521
8.641584e-05
-0.0001046069
-0.0003717946
-0.0006835218
-0.0009717171
-0.001176042
-0.001276366
-0.001294585
-0.001274418
-0.001256562
-0.001262787
-0.001293675
-0.001336633
-0.00138126
-0.00144411
-0.001543728
-0.001669042
-0.001790386
-0.001876894
-0.001890813
-0.001818857
-0.001687316
-0.001496242
-0.001235379
-0.0008923844
-0.0004872599
-9.973807e-05
0.0001847461
0.0003269582
0.0003405894
0.0002544823
0.0001357695
6.667171e-05
9.051764e-05
0.0002500742
0.0005468027
0.0009097447
0.001299217
0.001697794
0.002056068
0.00231963
0.002463491
0.0025044
0.002502096
0.002578356
0.002815964
0.003171817
0.003531472
0.003791156
0.003909664
0.003916429
0.003877452
0.003852089
0.003868704
0.003922751
0.00398944
0.004045938
0.004073777
0.004007863
0.0037824
0.003440523
0.003092178
0.002775801
0.002453513
0.00212032
0.001754951
0.001315618
0.0007728716
0.0001012795
-0.0006390428
-0.001307847
-0.001810104
-0.002145103
-0.002358385
-0.002568612
-0.002902762
-0.003353207
-0.003804698
-0.004140366
-0.004308898
-0.004333029
-0.00428489
-0.004238609
-0.004234249
-0.004265052
-0.004229601
-0.00400449
-0.003564054
-0.002950239
-0.002264634
-0.001581526
-0.0009087939
-0.0002180506
0.0005153897
0.001214973
0.001759528
0.002075258
0.00217609
0.002175533
0.002267084
0.002582162
0.003034787
0.003359466
0.00334328
0.003003019
0.002532231
0.002149722
0.001974801
0.001998609
0.002133853
0.002277455
0.00235923
0.002324413
0.002092244
0.001565533
0.0006460749
-0.0006556542
-0.002167402
-0.003694466
-0.005137476
-0.006411253
-0.007432841
-0.008198643
-0.008765953
-0.009263264
-0.009814087
-0.01044595
-0.01115413
-0.0119188
-0.01264778
-0.01318997
-0.01340411
-0.01332489
-0.01317431
-0.01308865
-0.01297131
-0.01266529
-0.01204966
-0.01114276
-0.01003782
-0.008937906
-0.00802151
-0.007269243
-0.00656426
-0.005700161
-0.004531286
-0.00312818
-0.001651594
-0.0003376159
0.0005932507
0.001064629
0.001162579
0.001063445
0.0009783681
0.001162219
0.001700422
0.002425999
0.003119978
0.00376019
0.004387392
0.004962799
0.005450676
0.005964039
0.006592649
0.007308773
0.008125131
0.009004061
0.009799446
0.01036522
0.01064867
0.0107463
0.01093648
0.01140804
0.01209169
0.01276865
0.01321204
0.01319519
0.01266652
0.01183268
0.01088214
0.009945019
0.009148735
0.008451423
0.007751481
0.007072229
0.006491644
0.005934707
0.005265716
0.004374335
0.003286962
0.002228284
0.001445614
0.001068172
0.001174777
0.001759907
0.002591775
0.003296882
0.003639253
0.003672077
0.003572368
0.00349573
0.003513004
0.003611394
0.00373381
0.003824582
0.003851715
0.003763379
0.00345671
0.00288662
0.00217973
0.001497323
0.0008540827
0.0001942741
-0.0004492595
-0.0009773788
-0.001311768
-0.001444537
-0.001433203
-0.0013624
-0.001302525
-0.001286803
-0.001311753
-0.001350764
-0.001299194
-0.0009491697
-0.0001926688
0.0009551962
0.002263606
0.00338683
0.004079322
0.004307129
0.004255395
0.004269731
0.004627627
0.005323983
0.006120583
0.006720201
0.006856093
0.006416367
0.005573426
0.004683354
0.004106425
0.004151089
0.00482752
0.005781793
0.00648269
0.006532681
0.005886262
0.004672817
0.003108829
0.001463737
-5.955272e-05
-0.001385596
-0.00246955
-0.003267999
-0.003861204
-0.004415856
-0.00485944
-0.004985147
-0.004760564
-0.004309046
-0.00366526
-0.002824014
-0.001772892
-0.0005798928
0.0005237728
0.001232538
0.001300432
0.00074152
-0.0001350028
-0.0009187521
-0.001209578
-0.0008070206
9.079202e-05
0.001060925
0.001730025
0.001889864
0.001556733
0.001032673
0.0006973167
0.000721702
0.001029267
0.001416966
0.001699416
0.001790334
0.00160723
0.0009884369
-0.0001131422
-0.001517895
-0.002854512
-0.003677656
-0.003661176
-0.002931171
-0.002055081
-0.00174772
-0.002388855
-0.003925541
-0.005984047
-0.007957147
-0.009285591
-0.009651572
-0.009101039
-0.008048856
-0.007031219
-0.006418788
-0.006289285
-0.006408384
-0.006343534
-0.005871534
-0.005034693
-0.003929621
-0.00268727
-0.001381277
-0.0001528061
0.0007998788
0.001362039
0.001559608
0.0015223
0.001403462
0.001310007
0.001282236
0.001310465
0.001366191
0.001418429
0.001442317
0.001435598
0.00141031
0.001385025
0.001368937
0.001360426
0.001356825
0.001335883
0.001176496
0.0007330062
3.568119e-05
-0.0006827474
-0.001076869
-0.00089982
-0.0002189278
0.000632064
0.00120694
0.001160954
0.0004968452
-0.0004574938
-0.001298438
-0.001767725
-0.001831935
-0.001624891
-0.001257562
-0.0007312205
-7.979534e-05
0.0005621106
0.00107575
0.001559012
0.002190694
0.003113413
0.004298882
0.005512187
0.006628688
0.007642783
0.008622127
0.009652085
0.01065457
0.01145322
0.01192017
0.0120491
0.01187518
0.01139223
0.01065777
0.009867157
0.009240911
0.008896257
0.008803656
0.008774322
0.00853213
0.00794147
0.00706638
0.006089435
0.005310739
0.004991641
0.005085755
0.005227545
0.005058702
0.004466558
0.003500101
0.002279822
0.0009329923
-0.0004442625
-0.001805529
-0.003087458
-0.004206533
-0.005189565
-0.006049572
-0.006708788
-0.007242344
-0.007905813
-0.008972024
-0.01048469
-0.01225878
-0.01399012
-0.01534899
-0.01613465
-0.01631862
-0.01600336
-0.01549439
-0.01523613
-0.01556127
-0.01652843
-0.01790154
-0.01924642
-0.02018443
-0.02057313
-0.02046384
-0.01999472
-0.01939505
-0.01883717
-0.01829814
-0.01768611
-0.01702888
-0.01644639
-0.01596874
-0.01542883
-0.01466087
-0.01353181
-0.01204591
-0.01031679
-0.00840244
-0.006277751
-0.003915828
-0.001422444
0.0009025355
0.002809971
0.004233598
0.005270795
0.006179445
0.00718379
0.008416538
0.00983897
0.01135933
0.01281745
0.0140689
0.01500257
0.01560811
0.0160258
0.01638594
0.01672417
0.01701813
0.01730873
0.01777193
0.01846065
0.01918553
0.01959887
0.01945061
0.01881376
0.01800847
0.01733252
0.01682495
0.01631799
0.01562334
0.01461466
0.01318844
0.01131283
0.009152314
0.007000393
0.005102477
0.003568218
0.002447855
0.001728854
0.001280512
0.001037879
0.001041652
0.001433675
0.002216141
0.003180094
0.004115943
0.004847814
0.005220444
0.005291949
0.005284745
0.005445307
0.005862684
0.006425659
0.006941528
0.007290027
0.007559768
0.00795652
0.008549494
0.009215204
0.009766104
0.0100816
0.01016312
0.01009993
0.010001
0.009942462
0.009949233
0.01000859
0.01008707
0.01015006
0.01017888
0.01017533
0.01015456
0.01013573
0.01013646
0.01016132
0.01019915
0.01023368
0.01023861
0.01010919
0.009674791
0.008772598
0.007438712
0.005840481
0.004198526
0.002647228
0.001173431
-0.0002527994
-0.001560602
-0.002603868
-0.003364407
-0.003997505
-0.004626555
-0.005231311
-0.005716608
-0.006009193
-0.006077948
-0.005798412
-0.005026803
-0.003764719
-0.002114656
-0.0003381224
0.001177166
0.002143034
0.002511583
0.002452313
0.002229481
0.002060898
0.00203364
0.002117909
0.002219388
0.00217084
0.001810669
0.001217805
0.0005843157
5.888065e-05
-0.0001784173
4.258993e-05
0.0006880114
0.001506732
0.002293273
0.003022048
0.003707854
0.004298485
0.004718524
0.004967385
0.005255378
0.005785725
0.006525402
0.007351707
0.008200231
0.00894284
0.009318146
0.00917263
0.008554476
0.007580037
0.006303495
0.004686728
0.002750205
0.0005961162
-0.001704889
-0.00406317
-0.006377907
-0.008579641
-0.01058907
-0.01235829
-0.01389239
-0.01517794
-0.01615175
-0.01683454
-0.01734795
-0.01783169
-0.018366
-0.01883185
-0.01896774
-0.01863897
-0.01798568
-0.01729729
-0.01682045
-0.01663938
-0.01662559
-0.01656244
-0.01634345
-0.01594332
-0.01537584
-0.01462103
-0.01358868
-0.01227387
-0.01083352
-0.009428113
-0.008119862
-0.006880031
-0.005570176
-0.004033707
-0.002089689
0.0004376292
0.003620908
0.007370906
0.0114924
0.01582387
0.02017984
0.02438199
0.02838822
0.03227844
0.03615651
0.04000305
0.04368307
0.04714316
0.05042046
0.05354395
0.05652658
0.05936152
0.06188413
0.0638185
0.06505128
0.06561678
0.0656489
0.06537558
0.06494507
0.06433581
0.06338031
0.0618868
0.05976023
0.05693901
0.05348559
0.04953715
0.04515528
0.04039231
0.03547913
0.0306623
0.02604843
0.0216524
0.01742978
0.01332286
0.00935173
0.005538975
0.001813304
-0.001944574
-0.00583892
-0.009974479
-0.01437278
-0.01891194
-0.02341706
-0.02775072
-0.03179033
-0.03542886
-0.03864969
-0.04157898
-0.04441429
-0.04736328
-0.05047661
-0.05356232
-0.05641672
-0.05898355
-0.06125477
-0.06322428
-0.06489569
-0.06624259
-0.06730873
-0.06825092
-0.06922525
-0.07022106
-0.07108154
-0.07162949
-0.07172454
-0.07139858
-0.07084359
-0.07021805
-0.06963921
-0.06920635
-0.06893974
-0.06869847
-0.06822598
-0.06724079
-0.06554447
-0.06307606
-0.05995698
-0.05632016
-0.05232144
-0.04825933
-0.04446875
-0.04113748
-0.03824607
-0.03561662
-0.03300786
-0.03034439
-0.02781475
-0.02562353
-0.02395287
-0.02283084
-0.02201122
-0.02119752
-0.02016459
-0.01895491
-0.01779317
-0.01680504
-0.01597172
-0.01528126
-0.01476464
-0.0144455
-0.01430616
-0.01429184
-0.0143745
-0.01459936
-0.01499448
-0.01555407
-0.01618222
-0.01678084
-0.01733739
-0.01782333
-0.01818569
-0.01833907
-0.01819559
-0.01775931
-0.01705265
-0.01615273
-0.01525775
-0.01457844
-0.01416716
-0.01394661
-0.01390191
-0.01400039
-0.01416423
-0.01430888
-0.01432737
-0.01406316
-0.01346053
-0.01267044
-0.01183427
-0.01093082
-0.009865119
-0.008472453
-0.006753464
-0.004872051
-0.002912995
-0.0009697254
0.0008604427
0.002638355
0.004407933
0.006134018
0.007763692
0.009286637
0.01084867
0.01252644
0.01425197
0.01582946
0.01696758
0.01758477
0.01776825
0.01756402
0.01705491
0.0164364
0.0159223
0.01562184
0.01543106
0.01509352
0.01439706
0.01327657
0.01173599
0.009799785
0.007617164
0.005464516
0.003666107
0.002452984
0.001765965
0.001284667
0.0006513113
-0.0003564474
-0.0018357
-0.003783063
-0.006036026
-0.008406171
-0.01088859
-0.0135628
-0.01641802
-0.01930849
-0.02208885
-0.02470022
-0.02710874
-0.02936117
-0.03159721
-0.03393619
-0.03634941
-0.03877039
-0.04114657
-0.0433041
-0.04507955
-0.0464748
-0.04763859
-0.04876211
-0.04995159
-0.05112206
-0.05207215
-0.05265155
-0.0528521
-0.05279143
-0.05263355
-0.05247117
-0.05222859
-0.05177529
-0.0510529
-0.04995837
-0.04843996
-0.04665813
-0.04475844
-0.0428247
-0.04098215
-0.0392172
-0.03743982
-0.03567132
-0.03388305
-0.031985
-0.0299582
-0.02783058
-0.02560493
-0.02314514
-0.02038516
-0.01735782
-0.01412133
-0.0108146
-0.007605409
-0.00454301
-0.001479046
0.001697886
0.004865718
0.007813673
0.0103912
0.01266375
0.01484304
0.01702976
0.01913742
0.02116938
0.02325287
0.02551976
0.0280291
0.0308279
0.03394819
0.03727719
0.04067419
0.04404566
0.04729598
0.05036117
0.05322488
0.05579794
0.05797342
0.05973792
0.0611854
0.06245952
0.06355631
0.064377
0.06483783
0.06480559
0.0640759
0.06259485
0.06045881
0.05778126
0.05476575
0.05175788
0.04910478
0.046899
0.04496758
0.04320391
0.04170212
0.04052654
0.03955747
0.03848688
0.03689015
0.03443631
0.03107589
0.02703922
0.02268719
0.01832038
0.01400333
0.009618822
0.005079512
0.0003633188
-0.004443362
-0.009146097
-0.01348472
-0.01726352
-0.02046159
-0.02317815
-0.02543446
-0.02724862
-0.02868911
-0.02977499
-0.03049335
-0.0309049
-0.03118376
-0.03142584
-0.03155418
-0.0314
-0.03078643
-0.02970342
-0.02816454
-0.02618209
-0.02375815
-0.02079966
-0.01713955
-0.01275814
-0.007923774
-0.003061926
0.001467968
0.005496913
0.009075048
0.01245238
0.01585196
0.01929514
0.02264073
0.02560892
0.02792071
0.02954701
0.0306086
0.03115934
0.03123877
0.03091722
0.03033733
0.02970792
0.02912725
0.0285114
0.02769453
0.02658062
0.02520312
0.02370619
0.02234221
0.02136018
0.02086403
0.02082884
0.02126415
0.02212548
0.02333226
0.02474264
0.02631401
0.02813308
0.03028743
0.03281399
0.0357177
0.03888832
0.04215885
0.04545325
0.04863401
0.05143806
0.05370472
0.05537254
0.05656643
0.05749304
0.05825059
0.0588264
0.05911765
0.05895644
0.05825018
0.05698163
0.05509619
0.05251071
0.04923179
0.04540429
0.0412682
0.03711995
0.03321487
0.02960951
0.02622688
0.02292775
0.01961424
0.01630222
0.01298802
0.009593258
0.006090638
0.002472241
-0.001171162
-0.00454866
-0.007295733
-0.009069217
-0.009703574
-0.009123884
-0.007358006
-0.004497565
-0.0007375951
0.003661454
0.008441516
0.01335487
0.01824777
0.02301278
0.02757401
0.0319163
0.03608633
0.040163
0.04421777
0.04822422
0.05199381
0.05535575
0.05829029
0.06082205
0.06293753
0.06468958
0.06610888
0.06728468
0.06831006
0.06910634
0.06948369
0.06925569
0.06818936
0.06613939
0.06299186
0.05863204
0.05310326
0.04661211
0.03952025
0.03209746
0.02460003
0.01748893
0.01122784
0.006000088
0.001623863
-0.002372394
-0.0064295
-0.01064357
-0.01486801
-0.0189095
-0.02257143
-0.02566072
-0.02805089
-0.0296618
-0.03041005
-0.03031162
-0.0296297
-0.02874172
-0.02782421
-0.02691018
-0.02596353
-0.02487563
-0.02346295
-0.02157972
-0.0191808
-0.01625924
-0.01284732
-0.009004309
-0.004798403
-0.0004028167
0.003926058
0.007909935
0.01138768
0.01437618
0.01692706
0.0189971
0.02061109
0.02185669
0.02276872
0.02335272
0.02363463
0.02361339
0.02323618
0.02254425
0.02174593
0.02108987
0.02072457
0.02064894
0.02075259
0.02091225
0.02111838
0.0213911
0.02157899
0.02135046
0.02047033
0.01898722
0.01707798
0.01488613
0.01249496
0.009943673
0.007369246
0.004996619
0.003013837
0.00153634
0.0005517807
6.013995e-05
9.634075e-05
0.0005507825
0.001136153
0.001490876
0.001405021
0.0008492695
-0.0001279964
-0.001516973
-0.003346567
-0.005624478
-0.008349287
-0.0114193
-0.01467012
-0.01810877
-0.02182982
-0.02584225
-0.03002778
-0.03413045
-0.03788234
-0.04118056
-0.04417639
-0.04711424
-0.05020594
-0.05352485
-0.05705756
-0.06075509
-0.06448885
-0.06817343
-0.07184286
-0.07558806
-0.07945089
-0.08333953
-0.08713949
-0.09074636
-0.09404932
-0.09691225
-0.09923393
-0.1010124
-0.1022487
-0.1028556
-0.1027032
-0.1015713
-0.09916799
-0.09523424
-0.08957765
-0.08221788
-0.07351685
-0.0640922
-0.05445266
-0.04495408
-0.03583887
-0.02720782
-0.01911471
-0.01166502
-0.004937297
0.001125356
0.006712382
0.01206977
0.01740476
0.02279747
0.02813322
0.03320068
0.03783627
0.04193645
0.04542716
0.04820362
0.05030026
0.05186822
0.05316677
0.0543544
0.05537954
0.05606436
0.05614965
0.05554692
0.05433131
0.05269835
0.05089911
0.04904269
0.0470942
0.04506791
0.04308224
0.04126403
0.03969089
0.03840012
0.03725563
0.03599781
0.03430585
0.03200127
0.02912747
0.02573208
0.02187784
0.01769069
0.01326224
0.008724157
0.004371851
0.0006348125
-0.002078442
-0.003548412
-0.003674338
-0.002410801
0.0001364225
0.00366127
0.007719077
0.01175197
0.01508863
0.01715104
0.01779827
0.01728482
0.01597401
0.01425651
0.01246082
0.01068084
0.008770745
0.006474573
0.00366258
0.0003559569
-0.003344732
-0.007275164
-0.01122846
-0.01518686
-0.01934759
-0.02390703
-0.02886659
-0.03411221
-0.03967173
-0.04558948
-0.05171232
-0.057699
-0.06320751
-0.06813968
-0.07254228
-0.07644179
-0.07985637
-0.08275871
-0.08503435
-0.08664072
-0.08762831
-0.08794849
-0.08759015
-0.08661576
-0.08506583
-0.08299836
-0.08051506
-0.07767572
-0.07448427
-0.07102469
-0.06741946
-0.06373399
-0.06004471
-0.05641156
-0.0528735
-0.04940782
-0.04588385
-0.04207568
-0.03776862
-0.03287955
-0.02741567
-0.02144039
-0.01516878
-0.009008128
-0.003359727
0.001682533
0.006339837
0.01081668
0.01522987
0.0195772
0.0237765
0.02780924
0.03173813
0.03564208
0.03950397
0.04326705
0.04686857
0.05023498
0.05330367
0.05591549
0.05789227
0.05912065
0.05951153
0.05908428
0.05794236
0.05618786
0.05388021
0.0510862
0.04792334
0.04455208
0.04126038
0.03838331
0.03604327
0.03405479
0.03215893
0.03024445
0.02828597
0.02628597
0.02426173
0.0222276
0.0201851
0.01807002
0.01586191
0.01361473
0.01139843
0.009258045
0.00720264
0.005285158
0.003638162
0.002431577
0.001747162
0.001518055
0.001564564
0.001688069
0.001761194
0.001734373
0.001475621
0.0007158036
-0.0006888198
-0.00263233
-0.004787763
-0.006721963
-0.008005738
-0.008347918
-0.007702281
-0.00615304
-0.003910843
-0.001261536
0.001534879
0.004299236
0.006889661
0.009263762
0.01151282
0.01371478
0.01592122
0.01818243
0.02039284
0.02240659
0.02411015
0.0254493
0.02641505
0.0269066
0.02670271
0.0256131
0.0236501
0.02106081
0.01826322
0.01560637
0.01318106
0.0108728
0.008495628
0.005835194
0.002713828
-0.0009086978
-0.00492096
-0.009116673
-0.01323049
-0.01709808
-0.02075317
-0.02425572
-0.02753002
-0.0305543
-0.03343551
-0.03626047
-0.03897261
-0.0413871
-0.04324265
-0.04420851
-0.04413786
-0.04303722
-0.04092385
-0.03790133
-0.0341986
-0.03011106
-0.02590298
-0.02173766
-0.01767868
-0.01382568
-0.01043877
-0.007720417
-0.005715767
-0.004238555
-0.003079621
-0.002151349
-0.001382367
-0.0007649211
-0.00044459
-0.0006168256
-0.001385614
-0.002770738
-0.004727927
-0.007112649
-0.009651853
-0.01210279
-0.01435976
-0.01656505
-0.01894672
-0.02160941
-0.02449799
-0.02746664
-0.03035231
-0.03294592
-0.03498069
-0.03629563
-0.03700819
-0.03734835
-0.03742465
-0.03729784
-0.03706865
-0.03684694
-0.03670503
-0.03665898
-0.03668081
-0.03672596
-0.03675853
-0.03676475
-0.03677626
-0.03693145
-0.0374079
-0.0382637
-0.03932339
-0.04025633
-0.04073157
-0.04059958
-0.03984816
-0.03864276
-0.03719711
-0.03572529
-0.03427341
-0.03267316
-0.03072791
-0.02836455
-0.02565897
-0.02282646
-0.02022379
-0.01803726
-0.01617653
-0.01452949
-0.01292901
-0.01114165
-0.009028971
-0.006692043
-0.004373133
-0.002191047
-7.59929e-05
0.002139425
0.004609286
0.007285263
0.009877276
0.01219707
0.01423157
0.01599393
0.0175568
0.01889896
0.01990615
0.02050226
0.02072204
0.02069081
0.02048086
0.01997355
0.01905025
0.01769674
0.01592376
0.0137645
0.01133423
0.008834612
0.006434999
0.004303151
0.002606005
0.001342734
0.0003649948
-0.0004738294
-0.001318315
-0.002250024
-0.003229258
-0.004229347
-0.005323526
-0.00666098
-0.008359746
-0.01053802
-0.0132371
-0.0163969
-0.01984698
-0.02341263
-0.02691511
-0.03020512
-0.03322907
-0.03599787
-0.03848392
-0.04067564
-0.04262109
-0.04422705
-0.04522609
-0.04543345
-0.04494599
-0.04405177
-0.04312621
-0.042477
-0.04222588
-0.04233987
-0.04274262
-0.04332765
-0.04400869
-0.04471366
-0.04542191
-0.04608466
-0.04661948
-0.04696415
-0.04707636
-0.04687819
-0.04633557
-0.04550582
-0.04432206
-0.04257672
-0.04010758
-0.03679548
-0.0326583
-0.02797015
-0.02314617
-0.01853105
-0.01426351
-0.01031879
-0.006631591
-0.003107495
0.0002917248
0.003503569
0.00641977
0.008927184
0.0107805
0.01169536
0.01163155
0.01086414
0.009735772
0.008501253
0.00733449
0.006340338
0.005471171
0.004627443
0.003768294
0.002794049
0.001551771
1.9828e-05
-0.001675053
-0.00335574
-0.004846463
-0.005968683
-0.006628746
-0.006869434
-0.006786226
-0.00640409
-0.005753612
-0.004882767
-0.003691914
-0.002036401
7.630322e-05
0.002454439
0.004918494
0.00733943
0.009632159
0.01184595
0.0140568
0.016221
0.01827158
0.0201731
0.02188042
0.02351711
0.0252083
0.02693212
0.02862951
0.03021552
0.03168046
0.0330386
0.03434504
0.03552538
0.0364836
0.03728119
0.03803655
0.03874997
0.03933118
0.03969771
0.03978367
0.03954795
0.03903798
0.03829558
0.03733686
0.03618686
0.03489725
0.03353181
0.03214133
0.03070176
0.02918577
0.02769659
0.02637249
0.02531691
0.02451565
0.02388172
0.02323897
0.02241276
0.02131946
0.01993542
0.01820469
0.01603381
0.01335503
0.01023077
0.006703283
0.002805117
-0.001334495
-0.005633225
-0.009943709
-0.01402344
-0.01762578
-0.02053596
-0.02261564
-0.02376506
-0.02388159
-0.02292531
-0.02103772
-0.01857392
-0.0158856
-0.01312259
-0.01025159
-0.007046259
-0.00323077
0.001244415
0.006124597
0.01109419
0.01594632
0.02056356
0.02491399
0.02898573
0.0327876
0.03636692
0.03972714
0.0427893
0.04548693
0.04788501
0.05003016
0.05192763
0.05358217
0.05489802
0.05576026
0.0560797
0.05580235
0.05496643
0.05365358
0.05197216
0.05004399
0.04791815
0.04559846
0.04309071
0.04043753
0.03777841
0.03532969
0.03319122
0.03130394
0.02959664
0.02807705
0.02673266
0.02550002
0.02434671
0.02315324
0.0217775
0.02027144
0.01882277
0.01753852
0.01639181
0.01528458
0.01419332
0.0132333
0.01254906
0.01220117
0.01213602
0.01224499
0.01254307
0.01313021
0.01407403
0.01547424
0.01739379
0.01978377
0.0224723
0.02513131
0.02745998
0.02945075
0.03120637
0.0328145
0.03431906
0.03561665
0.03662054
0.03734765
0.03782527
0.0380114
0.0378064
0.03722716
0.03647291
0.03573648
0.03509843
0.03453197
0.0338999
0.0330659
0.03203865
0.03094901
0.02994793
0.029187
0.02874752
0.02860183
0.02864098
0.0287378
0.02880167
0.02881849
0.02895035
0.02939953
0.03012668
0.03089864
0.03147447
0.03175681
0.03192312
0.03226352
0.03284833
0.03352527
0.03408156
0.0343846
0.03441759
0.03417486
0.03361852
0.03272013
0.03142609
0.0296668
0.02745765
0.02498632
0.02247848
0.02003189
0.01761317
0.01513911
0.01255281
0.009863395
0.007197965
0.004675365
0.00227921
-9.746511e-05
-0.002552834
-0.005052914
-0.007501481
-0.009793145
-0.0118228
-0.01353865
-0.01490363
-0.01593955
-0.01670739
-0.01724033
-0.01756174
-0.01771094
-0.01774551
-0.01772665
-0.01770125
-0.01769271
-0.01770292
-0.01772164
-0.01773714
-0.01774282
-0.01773861
-0.01770558
-0.01755829
-0.01723369
-0.0166837
-0.01586312
-0.01475305
-0.0133443
-0.0117556
-0.01007604
-0.00824716
-0.006157706
-0.003758231
-0.001098703
0.001710521
0.004551346
0.007292909
0.009723894
0.01178743
0.01363226
0.01535041
0.01704418
0.0188451
0.02066122
0.02224425
0.02352697
0.02456817
0.02548604
0.02640806
0.02732623
0.02810823
0.02862616
0.02884731
0.02884262
0.02878546
0.02898112
0.02957432
0.03040463
0.03117587
0.03166081
0.03180169
0.03165374
0.03127772
0.03075048
0.0301293
0.0295096
0.02901284
0.02871443
0.02861015
0.02859609
0.02849509
0.02822544
0.02779688
0.02723389
0.02653474
0.02558648
0.0243334
0.02284164
0.02114367
0.01911036
0.01655588
0.01332464
0.00949164
0.005383641
0.001499726
-0.001770295
-0.004393914
-0.006648024
-0.008957492
-0.0116444
-0.01473515
-0.01809083
-0.02156623
-0.02500469
-0.02824912
-0.03114849
-0.03366963
-0.03593014
-0.03796509
-0.03971704
-0.0411624
-0.04220354
-0.04273297
-0.04280074
-0.04259593
-0.04231186
-0.04200186
-0.0416663
-0.04134456
-0.04111847
-0.04111961
-0.04141867
-0.04204145
-0.04297879
-0.04413181
-0.04534553
-0.04659977
-0.04794082
-0.04937556
-0.05085923
-0.05229793
-0.05361295
-0.05484604
-0.05606614
-0.05740574
-0.05891106
-0.06046446
-0.06185852
-0.06296665
-0.06377642
-0.06444578
-0.06520839
-0.066165
-0.06718393
-0.06809251
-0.06879831
-0.0691875
-0.06911929
-0.06858954
-0.06774372
-0.06673147
-0.0656919
-0.06461802
-0.06331626
-0.06174033
-0.05999573
-0.05826569
-0.05666546
-0.05524778
-0.05404828
-0.05309347
-0.05244001
-0.05218392
-0.0523249
-0.05267813
-0.0529338
-0.05286703
-0.05240929
-0.0516402
-0.05060564
-0.04929795
-0.04766016
-0.04563668
-0.04331904
-0.04084623
-0.03830609
-0.0356913
-0.03290025
-0.0298611
-0.02657163
-0.02316111
-0.01983191
-0.01673159
-0.01388301
-0.01118542
-0.008374886
-0.005163149
-0.001573113
0.002112012
0.005577723
0.00865879
0.01133285
0.01360526
0.01556431
0.01744498
0.01950606
0.02188031
0.02443614
0.02687934
0.02911208
0.03111531
0.03288343
0.03443269
0.03569023
0.03662654
0.03729665
0.03768346
0.03772894
0.03742096
0.0367709
0.035878
0.03489537
0.03396224
0.03314791
0.03248665
0.03209295
0.03206153
0.032406
0.03301772
0.03367308
0.03416189
0.03440373
0.03452161
0.03470593
0.03509356
0.03568316
0.03631946
0.03679257
0.03688294
0.03644133
0.03547342
0.03410808
0.03243394
0.03046066
0.02818949
0.02565802
0.022949
0.02018812
0.0175683
0.01530625
0.01357603
0.0123534
0.01145316
0.01073761
0.01017723
0.00979161
0.009585787
0.009487959
0.009377887
0.009233057
0.00902577
0.008758506
0.008545449
0.008553617
0.00875289
0.008921596
0.008958208
0.008912111
0.008783798
0.008589194
0.008330677
0.007916772
0.007283858
0.006539273
0.005883083
0.005468016
0.005317223
0.005290092
0.005262887
0.005323943
0.005613771
0.006240957
0.00723105
0.00850349
0.00992757
0.01137932
0.01279296
0.01416677
0.01564569
0.01729439
0.0190386
0.02075584
0.02235404
0.02387207
0.0253734
0.02694026
0.02858563
0.03024031
0.03180851
0.03312052
0.03415209
0.03503359
0.03581574
0.03655947
0.03740912
0.03844648
0.03969232
0.04101919
0.04230526
0.04345949
0.04436587
0.0449458
0.04532093
0.04578603
0.04644735
0.04718084
0.0478366
0.0483784
0.04885001
0.04933934
0.04978976
0.05002219
0.05002125
0.04997557
0.05003433
0.05016015
0.05017839
0.05000577
0.04970494
0.04945941
0.04947418
0.04977459
0.05021433
0.05060335
0.05082063
0.0508929
0.05098634
0.05117053
0.05131463
0.05121403
0.05063286
0.04941082
0.04749516
0.04506645
0.04240842
0.03973212
0.03715706
0.03476204
0.03250306
0.0302397
0.02783908
0.02524498
0.02249275
0.01966815
0.01684972
0.01408207
0.01136682
0.008634635
0.005754637
0.002654079
-0.0007058124
-0.00434267
-0.008264827
-0.01252869
-0.01713813
-0.02189094
-0.0265185
-0.03089487
-0.0351295
-0.03940977
-0.04388393
-0.04854781
-0.05319766
-0.05744271
-0.06098545
-0.06381565
-0.06607652
-0.06796196
-0.06969367
-0.0713357
-0.07281888
-0.07401154
-0.07479623
-0.07516046
-0.07520753
-0.07505066
-0.07464688
-0.07396174
-0.07295114
-0.07149386
-0.06952944
-0.06721229
-0.06485715
-0.06266
-0.06057689
-0.05843824
-0.05609702
-0.05355459
-0.05104418
-0.04882558
-0.04688596
-0.04498986
-0.04288174
-0.04044033
-0.03772073
-0.03499144
-0.03250115
-0.03028644
-0.0282827
-0.02630492
-0.0241547
-0.02178585
-0.01937537
-0.01712487
-0.01503472
-0.01294691
-0.01080025
-0.008731874
-0.006797878
-0.004956062
-0.00321866
-0.001512974
0.0002975987
0.002231166
0.004212336
0.00623399
0.008357541
0.01062075
0.01303023
0.01557822
0.01823583
0.02095797
0.02370418
0.02639756
0.02880891
0.03068111
0.03180513
0.03214788
0.03183539
0.03102334
0.02979928
0.02823411
0.02640275
0.02441946
0.02246102
0.02066403
0.01899933
0.01737361
0.0157511
0.01409403
0.01242552
0.0108707
0.009498783
0.008274166
0.007097335
0.005876418
0.004571112
0.003203555
0.001882741
0.0007489449
-0.0001414842
-0.0007672241
-0.001189133
-0.00150122
-0.00167528
-0.001736636
-0.001769472
-0.001753473
-0.001664478
-0.001526326
-0.001389059
-0.001294854
-0.001255422
-0.001176506
-0.0008349227
-0.0001731349
0.0006572631
0.001487062
0.002177194
0.002640169
0.00289147
0.00308244
0.003394674
0.004026488
0.005032511
0.006354297
0.007826134
0.009313172
0.01066731
0.01173357
0.01258234
0.01337566
0.01413214
0.01476016
0.01519814
0.01559855
0.01617472
0.01706469
0.01814922
0.01909222
0.0196392
0.01974432
0.01947987
0.01897217
0.01840942
0.01789275
0.01734733
0.01662402
0.01561332
0.01426127
0.01266076
0.01102173
0.009481729
0.008096695
0.006752156
0.005280658
0.003505109
0.001383101
-0.0009526619
-0.003375859
-0.005888598
-0.008534845
-0.01120079
-0.01377396
-0.01625313
-0.01867806
-0.02103408
-0.0233031
-0.02542665
-0.02733094
-0.0289891
-0.03043908
-0.03176749
-0.03305936
-0.03435292
-0.03565833
-0.03695626
-0.03812617
-0.03899344
-0.03946575
-0.03959396
-0.03952336
-0.03938115
-0.03914264
-0.03869264
-0.03801161
-0.03706407
-0.03570945
-0.03383644
-0.03146971
-0.02874264
-0.02578151
-0.02277157
-0.01991023
-0.01726919
-0.01487844
-0.01280479
-0.01115327
-0.01001864
-0.009342305
-0.008924831
-0.008540355
-0.008042107
-0.007463666
-0.006944819
-0.006608234
-0.006495211
-0.006619151
-0.007026086
-0.007755151
-0.008737227
-0.009740474
-0.0105091
-0.01091072
-0.01098024
-0.01091384
-0.01091491
-0.01097744
-0.0110195
-0.01094705
-0.0106694
-0.01021598
-0.009651425
-0.008932506
-0.008057124
-0.007055705
-0.005985584
-0.004915331
-0.003815297
-0.002655612
-0.001400789
-0.0001532419
0.000874689
0.001562803
0.002030685
0.00246381
0.002815528
0.002850943
0.002409593
0.001569583
0.0005453637
-0.0003929686
-0.001031382
-0.001304744
-0.001294674
-0.001154447
-0.0009849551
-0.0007260604
-0.0002630565
0.0003758397
0.001065743
0.001769239
0.002512976
0.003248442
0.003939296
0.004693733
0.00561377
0.006761277
0.008049989
0.009349318
0.01055663
0.01162827
0.01269661
0.0139132
0.0152808
0.0166762
0.01802929
0.01923242
0.02021782
0.02110216
0.02195909
0.0227608
0.02352981
0.02432602
0.02510827
0.0257546
0.02620638
0.02655152
0.0269152
0.02739624
0.02796896
0.02850426
0.02887632
0.0290364
0.02898656
0.02872246
0.02827339
0.02767911
0.02704581
0.02651959
0.02619888
0.02609231
0.02617421
0.02648714
0.02706561
0.02779673
0.02847059
0.02891906
0.02913495
0.02928542
0.02954909
0.03003313
0.03067711
0.03130063
0.031815
0.03234835
0.03298329
0.03368203
0.03439807
0.03500964
0.03531774
0.03525496
0.03501968
0.03500942
0.03550325
0.03657062
0.03796124
0.03931903
0.04049728
0.04148172
0.04232744
0.04308655
0.0438068
0.04442676
0.04473277
0.04454738
0.04390536
0.04294922
0.04185518
0.04077156
0.03966025
0.03842547
0.03707691
0.03572017
0.03435873
0.03294411
0.03142796
0.02970938
0.02768042
0.0253082
0.02269837
0.02007478
0.0176176
0.01538653
0.01330361
0.01127014
0.009209246
0.007109677
0.004987314
0.002934251
0.001011027
-0.0008277683
-0.002605674
-0.004355076
-0.006146769
-0.007972731
-0.009750135
-0.01139199
-0.01281699
-0.01396395
-0.01490711
-0.0157605
-0.01657938
-0.01738745
-0.01816607
-0.0189014
-0.01953803
-0.02006193
-0.0204535
-0.0206331
-0.02057586
-0.02022723
-0.01953701
-0.01858327
-0.01747847
-0.01636299
-0.01535135
-0.01443382
-0.0135735
-0.01274401
-0.01187475
-0.01095579
-0.01010071
-0.009395135
-0.008836352
-0.008419284
-0.008145041
-0.008000278
-0.007951427
-0.007954853
-0.007972392
-0.007995251
-0.008099948
-0.008367692
-0.008840283
-0.009483956
-0.01024331
-0.01111837
-0.01212323
-0.0131844
-0.01421471
-0.0152182
-0.01624778
-0.01728273
-0.01826151
-0.01910973
-0.01975222
-0.02024658
-0.02077698
-0.02145024
-0.02227393
-0.02323194
-0.02419461
-0.02487842
-0.02507146
-0.02474029
-0.02406542
-0.02335322
-0.02280671
-0.0223235
-0.02170268
-0.02072446
-0.01919769
-0.01707865
-0.01453853
-0.01198446
-0.009737245
-0.007886805
-0.006392677
-0.005206214
-0.004222887
-0.003296243
-0.002399128
-0.001636193
-0.001122765
-0.0008942954
-0.0009316254
-0.001261977
-0.001934722
-0.002985101
-0.004475309
-0.00643955
-0.00878547
-0.01132285
-0.01393229
-0.01649904
-0.01893729
-0.02119836
-0.02331206
-0.02533388
-0.0273382
-0.02936206
-0.03146442
-0.03369312
-0.03597388
-0.03818491
-0.04027808
-0.04220901
-0.04394597
-0.04549672
-0.04690785
-0.04824926
-0.04957951
-0.05087156
-0.05202849
-0.05299455
-0.05371378
-0.05415485
-0.05434386
-0.05430553
-0.05403196
-0.05349483
-0.05253869
-0.05103483
-0.0490137
-0.04660294
-0.04396117
-0.0412314
-0.03851064
-0.03589806
-0.03346303
-0.03114505
-0.02880988
-0.02635955
-0.023895
-0.02161761
-0.01954922
-0.01760235
-0.0157435
-0.013997
-0.01239552
-0.01101132
-0.009967839
-0.009341954
-0.009085037
-0.008985652
-0.008826942
-0.008559658
-0.008335533
-0.008324686
-0.008542439
-0.008871989
-0.009164934
-0.009326096
-0.009344244
-0.009271983
-0.009181548
-0.009125899
-0.009121362
-0.009168163
-0.009327145
-0.009640614
-0.01002516
-0.01026796
-0.01018495
-0.009698247
-0.008842177
-0.007799615
-0.0067435
-0.005746519
-0.004880659
-0.004210725
-0.00365923
-0.003054911
-0.002348553
-0.001654206
-0.00112702
-0.0008516631
-0.0008064966
-0.0008956241
-0.001009469
-0.001074538
-0.001071488
-0.00102317
-0.0009676616
-0.0009340945
-0.0009327096
-0.0009969891
-0.001250208
-0.001793793
-0.002540855
-0.003268897
-0.003816334
-0.004241387
-0.004717451
-0.005340661
-0.006151896
-0.007123074
-0.008133573
-0.00911616
-0.01010486
-0.01117074
-0.01236411
-0.01368377
-0.01504246
-0.01628415
-0.01734949
-0.01827742
-0.01911397
-0.01990995
-0.02068378
-0.02144573
-0.02212795
-0.02262645
-0.0227774
-0.02240767
-0.02161785
-0.02067445
-0.0197424
-0.01887717
-0.01809782
-0.01732904
-0.01649808
-0.01561746
-0.01468249
-0.01371012
-0.01271405
-0.01164142
-0.0105736
-0.009587345
-0.008623856
-0.007641569
-0.006576635
-0.005322877
-0.003873755
-0.002442126
-0.001185977
-0.0001015204
0.0008631127
0.001805684
0.002764162
0.003707293
0.00458869
0.0053812
0.006086443
0.006655264
0.006954365
0.006815454
0.006213467
0.005227135
0.003922653
0.00240704
0.0007442692
-0.001120349
-0.003311884
-0.005966292
-0.009085533
-0.0125376
-0.01610826
-0.01958435
-0.0229668
-0.02627826
-0.02942068
-0.0322508
-0.03471524
-0.03685175
-0.03872377
-0.04047347
-0.04223271
-0.04400076
-0.04560812
-0.04681634
-0.04749391
-0.04765963
-0.04732101
-0.04652584
-0.0453067
-0.04362276
-0.04146631
-0.03892451
-0.03615443
-0.03331213
-0.03050327
-0.02774219
-0.02489191
-0.02177325
-0.01838714
-0.01492307
-0.01158207
-0.008398745
-0.005320301
-0.002269704
0.0008977486
0.004219451
0.007610415
0.01096385
0.01410773
0.01694325
0.01952672
0.02192789
0.02409339
0.02597945
0.02749575
0.02853336
0.02907322
0.02921869
0.02914425
0.0289715
0.02865313
0.02811305
0.02737498
0.02646953
0.02541453
0.02428097
0.02319822
0.0222511
0.02147022
0.02081395
0.0202741
0.01988107
0.01970501
0.01982001
0.02016665
0.02058901
0.02100762
0.02149877
0.02212618
0.02282399
0.02357445
0.0244205
0.02527775
0.02599041
0.02652001
0.02700789
0.02758275
0.02821236
0.02876495
0.02912522
0.02926338
0.02923521
0.02912252
0.02891268
0.02849868
0.02783978
0.02691605
0.02576814
0.02443986
0.02295006
0.02138188
0.01990084
0.01857091
0.01737906
0.01631045
0.01536795
0.01453597
0.0138055
0.01319952
0.01265241
0.01200413
0.01111481
0.009976058
0.00877812
0.007799124
0.007222703
0.007053708
0.007153226
0.007336032
0.0074619
0.007478384
0.007410584
0.00734294
0.007418867
0.007699834
0.008100534
0.00847143
0.008662709
0.008555923
0.0081839
0.007716926
0.007338523
0.007108708
0.006920877
0.00667659
0.006338928
0.005877179
0.005342529
0.004854676
0.004410707
0.003791502
0.002817992
0.001488503
-5.960325e-05
-0.001598208
-0.002900013
-0.003931527
-0.004892471
-0.006073397
-0.007641593
-0.009605035
-0.01177848
-0.01388377
-0.01571257
-0.01721574
-0.0184855
-0.01966888
-0.0208162
-0.02182835
-0.02263551
-0.02332379
-0.02400682
-0.02473989
-0.02551241
-0.02621461
-0.02670524
-0.02684032
-0.02656385
-0.02586201
-0.02480859
-0.02346874
-0.02170961
-0.01931955
-0.01627372
-0.01273482
-0.008916197
-0.005072527
-0.001426372
0.001933768
0.005103243
0.008208824
0.01131227
0.01448034
0.0177201
0.02094062
0.02403114
0.02694113
0.02969505
0.03236204
0.03501896
0.03766602
0.040149
0.04231308
0.04399691
0.04512339
0.04581146
0.04619699
0.04630174
0.04612651
0.04565036
0.0448112
0.04353703
0.04185144
0.03979708
0.03733845
0.03444656
0.03119941
0.02768072
0.02399971
0.02025101
0.01643112
0.01253177
0.008473705
0.004241419
-3.074404e-05
-0.004079036
-0.007688247
-0.01090087
-0.01403936
-0.01735994
-0.02084392
-0.02429018
-0.0274295
-0.03003414
-0.03209493
-0.0337331
-0.03498591
-0.03583412
-0.03628419
-0.03634366
-0.03597513
-0.0350961
-0.03361551
-0.03153555
-0.02900054
-0.02629164
-0.0236848
-0.02126178
-0.01891206
-0.01657222
-0.01439796
-0.01252071
-0.01099793
-0.009874035
-0.00900501
-0.008197453
-0.007411095
-0.006652691
-0.005951978
-0.005402996
-0.005161363
-0.005296702
-0.005691112
-0.006130658
-0.00643732
-0.00654356
-0.006489391
-0.006369373
-0.006271443
-0.006224237
-0.006120107
-0.005778039
-0.005162018
-0.004437402
-0.003816065
-0.003354361
-0.002994889
-0.002699873
-0.002468589
-0.002293811
-0.002079632
-0.001753075
-0.001310982
-0.0006719459
0.000211528
0.001351021
0.002617228
0.003765216
0.004688956
0.005466519
0.006164003
0.006753835
0.007199211
0.007564336
0.007944497
0.008430176
0.009015154
0.009579736
0.009991867
0.01019095
0.01020662
0.01012455
0.01003411
0.00998949
0.00997368
0.00984202
0.00940253
0.008526993
0.007160457
0.005378626
0.003304387
0.001035507
-0.001281894
-0.003493671
-0.00555568
-0.007465876
-0.009216471
-0.01080795
-0.01226921
-0.01364976
-0.01499643
-0.01634159
-0.01769761
-0.01906436
-0.02039764
-0.02155538
-0.02241577
-0.02301039
-0.02346477
-0.02397538
-0.02468859
-0.02557993
-0.02653336
-0.02737874
-0.02800547
-0.02846308
-0.02882978
-0.02909073
-0.02913616
-0.02893592
-0.02859022
-0.02817303
-0.02760598
-0.02688362
-0.02607325
-0.02515771
-0.02411669
-0.02291827
-0.02163797
-0.02037823
-0.01920935
-0.01823477
-0.01751928
-0.01695809
-0.0163701
-0.01566734
-0.01481531
-0.01383899
-0.01288279
-0.0120265
-0.01117927
-0.01033958
-0.009619381
-0.009129444
-0.008847577
-0.008566797
-0.008086318
-0.007316337
-0.006236647
-0.004935829
-0.003509907
-0.002073543
-0.00067375
0.00066472
0.001978207
0.003293415
0.00475647
0.006445623
0.008247581
0.01001272
0.01161364
0.01304328
0.01424053
0.01520966
0.01610737
0.01708341
0.01823933
0.01944789
0.02045285
0.02106624
0.02126624
0.02112793
0.02074155
0.02026067
0.01979742
0.01935354
0.01899788
0.01888026
0.01908318
0.01958903
0.02023055
0.0207881
0.02111898
0.02126204
0.02139854
0.02157907
0.02167723
0.02160646
0.02134385
0.02083923
0.02009431
0.01921193
0.01825992
0.01729179
0.01632136
0.01522498
0.01392345
0.01244809
0.01089125
0.009300675
0.007687073
0.006105146
0.004475704
0.002684606
0.0008164339
-0.0008833834
-0.002229925
-0.00323113
-0.004146983
-0.005239378
-0.006608433
-0.008177198
-0.009852561
-0.01154525
-0.01314432
-0.01462951
-0.01602309
-0.01736661
-0.01862684
-0.01974281
-0.02061271
-0.02121614
-0.0216646
-0.02204148
-0.0223526
-0.02245912
-0.02208978
-0.02112441
-0.01968131
-0.01801539
-0.01631827
-0.01467889
-0.01315049
-0.01159725
-0.009773657
-0.007521764
-0.004890143
-0.002031274
0.0008911987
0.003734281
0.006463171
0.009126366
0.01170731
0.01409696
0.0162387
0.01811704
0.0197265
0.02114381
0.02234427
0.02323025
0.02385342
0.02444506
0.02510555
0.02575642
0.02626492
0.02655505
0.02663817
0.02658652
0.02649549
0.02656097
0.02700127
0.02776683
0.02860899
0.02938867
0.03014826
0.03088875
0.03164644
0.0325072
0.03341621
0.03426783
0.03506384
0.03584505
0.03656141
0.03711675
0.03755598
0.038086
0.03876278
0.03946223
0.04011903
0.04082735
0.04158547
0.04232384
0.04306257
0.04384493
0.04460149
0.04520148
0.0455569
0.04566789
0.04560847
0.04548546
0.04538751
0.04535496
0.04537729
0.04534725
0.04506615
0.04445037
0.04354003
0.04238704
0.04108642
0.03964924
0.03810033
0.03645599
0.03463101
0.03251664
0.03008637
0.02746621
0.02492871
0.02272805
0.02095675
0.01947275
0.01806065
0.01661808
0.01511175
0.01363952
0.01229453
0.01111693
0.01005832
0.009004251
0.007931518
0.00682986
0.005725534
0.004699241
0.003751242
0.00284625
0.001985452
0.001172944
0.0005272009
0.0002286648
0.0003051275
0.0006126871
0.0009484445
0.001159018
0.001192348
0.001096419
0.001017569
0.001183992
0.00171915
0.002490078
0.003221999
0.003734811
0.004103492
0.004523844
0.005107416
0.00590087
0.006872514
0.007892499
0.008880152
0.009816109
0.01059312
0.01097522
0.01079683
0.01016863
0.009402281
0.008798139
0.008505837
0.008500231
0.008606235
0.008539753
0.008098593
0.007344076
0.006533263
0.005921341
0.005628696
0.005619463
0.005760852
0.005910676
0.005981829
0.005958602
0.005848958
0.005611939
0.005221667
0.004665464
0.004009994
0.00340727
0.00299225
0.002784711
0.002638749
0.002412991
0.002073472
0.001636284
0.001268169
0.001221272
0.001571582
0.002151712
0.0027308
0.003298589
0.003943836
0.004627017
0.005217794
0.005605375
0.005763738
0.005750058
0.005644835
0.005424068
0.004978464
0.004296865
0.003448813
0.002489978
0.001517903
0.0006115282
-0.0001904569
-0.0009003378
-0.001534965
-0.002055652
-0.002411788
-0.002590298
-0.002627618
-0.002589026
-0.002537437
-0.002510986
-0.00250082
-0.002353904
-0.001891047
-0.001161749
-0.0003849469
0.0002822307
0.0008727186
0.001466845
0.002050357
0.002542081
0.002863378
0.002991796
0.002976964
0.002901115
0.002830479
0.002806913
0.002903793
0.003176229
0.003494353
0.003632071
0.003431215
0.002823526
0.001911066
0.0009626694
0.0001816068
-0.0004621554
-0.001076199
-0.001672375
-0.002235683
-0.002848994
-0.003583849
-0.004357706
-0.005003634
-0.005398733
-0.005531854
-0.005543246
-0.005703118
-0.006188126
-0.006913064
-0.007633446
-0.008129977
-0.008321081
-0.008268245
-0.008108002
-0.007971275
-0.007981361
-0.008233529
-0.008616391
-0.00886442
-0.00883262
-0.0085705
-0.008234253
-0.007917336
-0.007539572
-0.006999008
-0.006302079
-0.005509454
-0.004708447
-0.003951304
-0.003313789
-0.002871213
-0.002645397
-0.002590432
-0.0026205
-0.002698095
-0.002882514
-0.003191602
-0.003590477
-0.004072713
-0.004586901
-0.005029442
-0.005275934
-0.00520913
-0.00485534
-0.004344407
-0.003769573
-0.003222336
-0.002721016
-0.002126258
-0.001386656
-0.0005821147
0.0002447658
0.001097358
0.001907629
0.002632733
0.003386067
0.004206804
0.004980632
0.005556364
0.005856908
0.005912845
0.005827719
0.005715838
0.005654387
0.005669689
0.005741496
0.005825044
0.005855836
0.005697585
0.005224868
0.004474788
0.003556605
0.00255704
0.001561015
0.0005446442
-0.0004764636
-0.001389958
-0.002151421
-0.002757864
-0.003192798
-0.003450486
-0.003531894
-0.00339259
-0.003047462
-0.00261928
-0.002207813
-0.001716638
-0.001066579
-0.0003528363
0.0002775447
0.0008025847
0.001272354
0.001772917
0.002326257
0.002874384
0.003428091
0.004071774
0.004795844
0.005518663
0.006287837
0.007127096
0.007965465
0.008841236
0.00976435
0.0106293
0.01140134
0.01214832
0.01287911
0.01350712
0.01393814
0.01414202
0.0141641
0.01406752
0.01383957
0.01345875
0.01290962
0.0122112
0.01132351
0.01024207
0.008975367
0.007602462
0.006182063
0.004776932
0.003389102
0.002026378
0.0006654566
-0.0006389127
-0.001765551
-0.002760986
-0.0036903
-0.004522798
-0.005280073
-0.006048803
-0.006851749
-0.007701652
-0.008626759
-0.009580126
-0.01052562
-0.01147913
-0.01238693
-0.01314532
-0.01374647
-0.0142506
-0.01473473
-0.01513741
-0.01531879
-0.01516707
-0.01471984
-0.01416598
-0.01371443
-0.01348184
-0.0134361
-0.01336455
-0.01304531
-0.0125441
-0.01210546
-0.01192137
-0.01209996
-0.01258448
-0.01316635
-0.01365072
-0.01403966
-0.01453584
-0.01539533
-0.01661161
-0.01788121
-0.01885386
-0.01934676
-0.01945084
-0.01954509
-0.01992907
-0.02059089
-0.02130395
-0.02180127
-0.02184858
-0.02135134
-0.02043167
-0.0192394
-0.01798386
-0.01688886
-0.01595344
-0.01510993
-0.01438595
-0.01385368
-0.01352582
-0.01325221
-0.01281473
-0.01211495
-0.01111386
-0.009924076
-0.008795501
-0.007863554
-0.007078147
-0.006329708
-0.005427273
-0.004226513
-0.002771675
-0.001272078
0.0001400257
0.00136868
0.002297007
0.002861753
0.003121717
0.003285197
0.003527154
0.003842515
0.004052141
0.00401417
0.003754639
0.003413717
0.003138502
0.002981988
0.00281618
0.0024446
0.001834867
0.00109954
0.0002653665
-0.0006495137
-0.001621938
-0.002645226
-0.003647726
-0.004591453
-0.005510473
-0.006370212
-0.007058541
-0.007487734
-0.007655426
-0.007611508
-0.007362259
-0.006955643
-0.006517145
-0.006152836
-0.005830349
-0.005492845
-0.005151962
-0.004859825
-0.004685257
-0.004739455
-0.005041664
-0.005489992
-0.006005877
-0.006517459
-0.006934054
-0.007194013
-0.007295364
-0.007285071
-0.007225055
-0.007170759
-0.007147625
-0.007150684
-0.007163268
-0.007155962
-0.007016273
-0.006585056
-0.005872706
-0.005050426
-0.004166083
-0.003240431
-0.00237141
-0.001516023
-0.0006209725
0.0002212032
0.0008927732
0.001494756
0.002277676
0.003379481
0.004703436
0.006110954
0.007463678
0.008567127
0.009275392
0.009591476
0.009732662
0.01001792
0.01058572
0.01131528
0.01197579
0.01238952
0.01251488
0.0124333
0.01227864
0.01216277
0.01213418
0.01217948
0.01225217
0.01228413
0.0121863
0.01196349
0.0115617
0.01091519
0.009968996
0.008820736
0.007713978
0.006804305
0.006120662
0.005576441
0.005089982
0.004662571
0.004312459
0.003949599
0.003431625
0.002755966
0.002050739
0.001372586
0.0006658522
-8.766661e-05
-0.0009000824
-0.001794246
-0.002693815
-0.003491854
-0.00426233
-0.005128179
-0.006203569
-0.007428803
-0.008553492
-0.009360282
-0.009858688
-0.01020151
-0.01058387
-0.01108946
-0.01166505
-0.0122914
-0.01300818
-0.01377493
-0.01447803
-0.01511374
-0.01578127
-0.01649648
-0.01715834
-0.01764125
-0.01788949
-0.01793888
-0.01787869
-0.01780042
-0.01776111
-0.01777264
-0.01781701
-0.01787188
-0.0179185
-0.01794594
-0.01795371
-0.01795195
-0.01795708
-0.01797692
-0.01800648
-0.01803487
-0.01805177
-0.01801501
-0.01779809
-0.01729741
-0.01651207
-0.01545779
-0.01429502
-0.01322094
-0.01225021
-0.0113804
-0.01063622
-0.009947813
-0.009215405
-0.008504795
-0.00808186
-0.00821349
-0.008985723
-0.01022992
-0.01155592
-0.01257346
-0.01308953
-0.01315269
-0.01300555
-0.01297017
-0.01324163
-0.01384138
-0.01459985
-0.01522465
-0.01540203
-0.0149917
-0.01416404
-0.0132809
-0.0126652
-0.01243828
-0.01241988
-0.01222642
-0.01169487
-0.01096083
-0.0102798
-0.009741955
-0.009197979
-0.008573653
-0.007947757
-0.007452198
-0.007166206
-0.007078107
-0.007061965
-0.006874033
-0.006351832
-0.005584816
-0.004823402
-0.004294142
-0.00408293
-0.004127792
-0.004287682
-0.004423895
-0.004459631
-0.004398073
-0.004293107
-0.004204064
-0.004159575
-0.004153212
-0.004163999
-0.004172876
-0.004170026
-0.004142728
-0.004011461
-0.003635237
-0.002979586
-0.0022009
-0.001531408
-0.001130874
-0.001018959
-0.001107217
-0.001351721
-0.001807866
-0.002454458
-0.003163334
-0.003923166
-0.004760296
-0.005588668
-0.006350659
-0.007094417
-0.007836313
-0.008494258
-0.008980423
-0.00933949
-0.00968635
-0.01012952
-0.01068994
-0.01126196
-0.01170616
-0.01194332
-0.01198504
-0.01186854
-0.01149532
-0.01082427
-0.01002239
-0.009333452
-0.008871425
-0.008460586
-0.007915845
-0.00725974
-0.006623455
-0.006038709
-0.005421283
-0.004753818
-0.004133533
-0.003627887
-0.00309759
-0.00242654
-0.001691855
-0.001064854
-0.00062646
-0.0002094555
0.0003463855
0.001003807
0.00161008
0.002061435
0.002444202
0.002920676
0.003519672
0.004204304
0.005025539
0.005939757
0.006772005
0.007354352
0.007707092
0.008085334
0.008642852
0.009305543
0.009892537
0.01026357
0.01039085
0.01033872
0.01021187
0.01006135
0.009788251
0.009276517
0.008591973
0.007930336
0.007465016
0.007149622
0.006727604
0.005995813
0.004881731
0.00359842
0.002491393
0.00170273
0.001075858
0.0004847106
-6.32238e-05
-0.0004950128
-0.0007548081
-0.0008444547
-0.0008176014
-0.0007424864
-0.0005686612
-0.0001289328
0.0005617338
0.001302724
0.001871738
0.002154319
0.002175554
0.002051681
0.001916731
0.001962042
0.002397341
0.003170525
0.004012122
0.004644818
0.00493537
0.004928267
0.004882105
0.005151718
0.005809257
0.006636384
0.00734059
0.007842031
0.008322194
0.008884027
0.009484161
0.01013577
0.01090916
0.01173077
0.0124387
0.0129798
0.01348584
0.01408302
0.01473583
0.01530767
0.01568039
0.01584067
0.01598567
0.01636483
0.01691663
0.01729896
0.01724333
0.016781
0.0161599
0.01565058
0.01540336
0.01540273
0.01545504
0.01527215
0.01472009
0.01393939
0.01320421
0.01273178
0.01257423
0.01257933
0.01251167
0.01220289
0.01162563
0.01093611
0.01035351
0.01002118
0.009971092
0.01026994
0.01093731
0.01178306
0.01252945
0.01298285
0.01311196
0.01299043
0.01259903
0.01193134
0.01114987
0.01048355
0.01008539
0.009971202
0.01004689
0.01018116
0.01027341
0.01028586
0.01025152
0.01031676
0.01066746
0.01133468
0.01224388
0.01340084
0.01481055
0.01629296
0.01754223
0.01835942
0.01888284
0.01938067
0.01996533
0.02066678
0.02151279
0.02243157
0.02324419
0.02379096
0.02402521
0.02401816
0.02390052
0.02379054
0.02372848
0.02360925
0.02325373
0.02257422
0.02154647
0.02026578
0.01882178
0.01726966
0.01568396
0.0141402
0.01267786
0.01129057
0.00994832
0.008615814
0.007290172
0.006034204
0.004832426
0.00370147
0.002765151
0.002143259
0.001858712
0.001782114
0.001641418
0.001394786
0.00109517
0.0007011283
0.0002149178
-0.0002664113
-0.0006289732
-0.0008152435
-0.0008429719
-0.0007311369
-0.0003672082
0.000283258
0.001052968
0.001705633
0.002086011
0.002180942
0.002088927
0.001943901
0.001820755
0.001629287
0.001211601
0.0005730089
-0.0001112672
-0.0006407747
-0.0009105632
-0.0009830693
-0.001102336
-0.001501928
-0.002177355
-0.002922029
-0.003579101
-0.004214819
-0.004886095
-0.005567082
-0.006282037
-0.007072408
-0.007869247
-0.008527139
-0.008933482
-0.008997812
-0.008607217
-0.007842686
-0.006985031
-0.006323352
-0.006002852
-0.005992535
-0.006149771
-0.00631816
-0.006400632
-0.006381017
-0.006301235
-0.006216175
-0.006069211
-0.005669933
-0.005004541
-0.004261966
-0.003671635
-0.003468504
-0.003841253
-0.004662669
-0.005572847
-0.006239497
-0.006520411
-0.0064734
-0.006380764
-0.006622659
-0.007392035
-0.008662317
-0.01009784
-0.01127425
-0.01194933
-0.01225923
-0.0125604
-0.01303562
-0.01363978
-0.01434588
-0.01518064
-0.01604043
-0.01674567
-0.01717999
-0.01741784
-0.01770195
-0.0182007
-0.01885772
-0.01948273
-0.01990525
-0.02006645
-0.02002285
-0.01989029
-0.01977573
-0.01972024
-0.01963928
-0.01942012
-0.01898879
-0.0183621
-0.0176013
-0.01673206
-0.01583411
-0.01505072
-0.01441621
-0.01381143
-0.01313712
-0.01233319
-0.01137542
-0.01037855
-0.009521319
-0.00883109
-0.008184199
-0.007517766
-0.006897777
-0.006431427
-0.006178432
-0.006119321
-0.006177221
-0.006263657
-0.006317324
-0.00631933
-0.006284849
-0.006244098
-0.006262768
-0.006488619
-0.007030545
-0.007794181
-0.008541892
-0.009061154
-0.009273253
-0.009238768
-0.009092142
-0.00896046
-0.008911049
-0.008940924
-0.008928618
-0.008635551
-0.008002
-0.007216133
-0.006543933
-0.006160122
-0.006081023
-0.006194436
-0.006244485
-0.005928465
-0.005229115
-0.004391456
-0.003653267
-0.003031647
-0.002430669
-0.001837377
-0.001327519
-0.0009791305
-0.0008214262
-0.000818178
-0.0008932706
-0.0009719369
-0.001010339
-0.001019177
-0.001158577
-0.001619181
-0.002356345
-0.003151921
-0.003904959
-0.004661395
-0.005391959
-0.005992908
-0.006399704
-0.006761539
-0.007285005
-0.007995834
-0.008903576
-0.009961776
-0.01097212
-0.01174533
-0.01235025
-0.01296052
-0.01360354
-0.0142111
-0.01484441
-0.01558604
-0.01635841
-0.01699928
-0.0173899
-0.01748401
-0.01717499
-0.01646528
-0.01559145
-0.01485601
-0.01439671
-0.01403142
-0.01354334
-0.01287334
-0.01197653
-0.01092448
-0.009894788
-0.008918635
-0.007970047
-0.007012225
-0.005976632
-0.004809062
-0.003525994
-0.002210707
-0.0008981084
0.0003113749
0.001330348
0.00224313
0.003101242
0.003837845
0.004357528
0.004625029
0.004687559
0.004636667
0.004567638
0.004540192
0.004564967
0.004618496
0.004668507
0.004689101
0.004568563
0.004124914
0.003393351
0.002606688
0.002011093
0.001727639
0.001718505
0.001744803
0.001473005
0.0008367478
4.432047e-05
-0.0006227639
-0.0009870504
-0.001039422
-0.0008977271
-0.0007161538
-0.0006056489
-0.0005997671
-0.000667553
-0.0007517973
-0.000814882
-0.0009128888
-0.001131126
-0.001386232
-0.001494863
-0.001384995
-0.001126536
-0.0008523213
-0.0006742038
-0.0006306777
-0.0006898011
-0.0007894133
-0.0008715116
-0.000920031
-0.001020645
-0.001247633
-0.001486247
-0.001562167
-0.001428794
-0.001169164
-0.0009423705
-0.001020721
-0.001559114
-0.002401487
-0.003229083
-0.003779669
-0.003968608
-0.003882216
-0.003738831
-0.003881516
-0.00446704
-0.005322532
-0.006129276
-0.00669003
-0.007128004
-0.007625721
-0.00819727
-0.008732717
-0.009112775
-0.009286463
-0.009237647
-0.008862086
-0.008161404
-0.007342423
-0.006662913
-0.006202219
-0.005771368
-0.005223112
-0.004558765
-0.003783362
-0.002902141
-0.001987624
-0.001076383
-0.0001624251
0.0007273025
0.001608905
0.002514231
0.003416057
0.004332115
0.005346008
0.006513911
0.007776575
0.00898216
0.01006752
0.01103073
0.01182441
0.01249315
0.01321914
0.01403254
0.01480048
0.01546988
0.01616046
0.01689376
0.01756088
0.01804492
0.01837448
0.01874435
0.01929762
0.01997412
0.0205944
0.02100403
0.02116493
0.02121518
0.02142247
0.02194384
0.02267854
0.02338352
0.02385297
0.02402026
0.02395563
0.02379609
0.02366469
0.02362174
0.02366073
0.02372095
0.02365025
0.02326855
0.02257323
0.02176396
0.02099869
0.02024219
0.01930452
0.01812389
0.01690424
0.01592028
0.01524279
0.01470398
0.01415569
0.01355233
0.01279692
0.01186158
0.01079797
0.009675563
0.008630239
0.007779483
0.007029495
0.006270575
0.005493754
0.004627542
0.003672399
0.002782757
0.002134007
0.001727623
0.001326808
0.0007738036
0.000125839
-0.0004508787
-0.0008193292
-0.0009485135
-0.0009847556
-0.001234041
-0.001822349
-0.002597017
-0.003293616
-0.003720343
-0.003893048
-0.004055603
-0.004445516
-0.005064147
-0.005727096
-0.006229389
-0.00646736
-0.006467225
-0.006338836
-0.006202659
-0.006131056
-0.006066469
-0.005812266
-0.005265422
-0.00454587
-0.003883837
-0.003459707
-0.003311343
-0.0032815
-0.003084909
-0.002555292
-0.001723842
-0.0006903615
0.0003864287
0.001291863
0.001883494
0.002228005
0.00250446
0.00288469
0.003423578
0.004015233
0.004498478
0.004769278
0.004826087
0.004747186
0.004634474
0.004562558
0.004574341
0.004749349
0.005133788
0.005722318
0.006413957
0.007032846
0.007438878
0.007596337
0.007568488
0.007463736
0.007375942
0.007350196
0.00738153
0.007436782
0.007481364
0.007497149
0.007484519
0.007416715
0.007210663
0.006856708
0.006396858
0.005854128
0.005311349
0.00487613
0.004512638
0.004027009
0.003319296
0.002422241
0.001466727
0.0005632415
-0.0002750355
-0.00115676
-0.002062722
-0.002852141
-0.003388906
-0.003626603
-0.003635295
-0.003609328
-0.003755919
-0.004177247
-0.004839334
-0.005557716
-0.006120688
-0.006412346
-0.006449546
-0.00635488
-0.006341592
-0.006557146
-0.006960762
-0.00739465
-0.007707477
-0.007818585
-0.007668812
-0.007276701
-0.006785959
-0.006343045
-0.005884774
-0.005304147
-0.004727923
-0.00438805
-0.004455359
-0.004911642
-0.005537755
-0.00607352
-0.006361383
-0.006393258
-0.006269362
-0.006118597
-0.00603128
-0.006032013
-0.006092293
-0.006162316
-0.006154448
-0.005868837
-0.005232573
-0.004373527
-0.003374881
-0.002340939
-0.001405021
-0.0005218215
0.000422734
0.001544642
0.002815492
0.004131921
0.005390312
0.006483197
0.00741268
0.008262324
0.009038724
0.009664846
0.01006826
0.01024173
0.01024587
0.01017287
0.0101028
0.01007705
0.01009934
0.01015321
0.01021297
0.01025613
0.01027334
0.01026901
0.01025737
0.01030223
0.01050255
0.01085089
0.01129007
0.01174192
0.01203313
0.01207187
0.0119069
0.0116162
0.01122906
0.01080789
0.01038247
0.009860369
0.009166418
0.008325872
0.007427516
0.006565361
0.005788674
0.005092422
0.004379758
0.003595906
0.002829631
0.002228667
0.001885833
0.001782488
0.001756222
0.001604098
0.001211811
0.0006057857
4.413157e-05
-0.0001112752
0.0002689988
0.0010148
0.00196084
0.002973906
0.003862491
0.004466525
0.004742214
0.004764082
0.004665392
0.004566823
0.004532325
0.004564285
0.004627535
0.004681576
0.004703245
0.004692654
0.004665505
0.004640309
0.00462856
0.004631465
0.004642746
0.004654195
0.004660255
0.004659846
0.004655322
0.004650228
0.004647231
0.004647103
0.004648944
0.004650771
0.004627372
0.00448609
0.004179917
0.003757808
0.00325782
0.002738789
0.002303201
0.002026713
0.001922258
0.00191748
0.001833541
0.001535557
0.0009882194
0.0002947761
-0.0003463652
-0.0007719749
-0.0009578151
-0.001059865
-0.001242531
-0.001561145
-0.00203058
-0.002593988
-0.003112758
-0.00346293
-0.003611417
-0.003607925
-0.00357222
-0.00367632
-0.004019935
-0.004610049
-0.005315461
-0.005934523
-0.006360847
-0.006668441
-0.006993402
-0.007455826
-0.008039467
-0.008604082
-0.009002352
-0.00917774
-0.009171182
-0.009035673
-0.008762534
-0.008383613
-0.007960122
-0.007534418
-0.007195712
-0.00698202
-0.006947979
-0.007097491
-0.0073473
-0.007621899
-0.007934667
-0.008284949
-0.008616344
-0.008862465
-0.008991289
-0.009019654
-0.008995911
-0.00896209
-0.008941259
-0.008938975
-0.008948925
-0.008960792
-0.008967058
-0.008965717
-0.008959451
-0.008947715
-0.008821169
-0.008376074
-0.007523138
-0.006289063
-0.004828883
-0.003299126
-0.00188532
-0.0006581529
0.0003961183
0.001298847
0.002149582
0.003038727
0.003961469
0.004923803
0.005908483
0.006798023
0.007505023
0.008121496
0.008780238
0.009471786
0.01007756
0.01054752
0.01100395
0.01158015
0.01224775
0.01286605
0.01329626
0.01343027
0.01321595
0.01276848
0.01229131
0.01189318
0.01153985
0.01120903
0.01086942
0.01045222
0.009924706
0.00923326
0.008322615
0.007237832
0.00613106
0.005080417
0.004098922
0.003205648
0.002345449
0.001464867
0.0006400653
1.251185e-05
-0.0003369165
-0.0004369467
-0.000390243
-0.0003638092
-0.0005298934
-0.0008462061
-0.001135501
-0.001352005
-0.001516405
-0.00164504
-0.001741661
-0.001805912
-0.001842749
-0.001915687
-0.002134507
-0.002497717
-0.002898112
-0.003265385
-0.003580096
-0.003803873
-0.003998586
-0.004210161
-0.004426736
-0.004605399
-0.004714547
-0.004745696
-0.004721268
-0.004733212
-0.004913274
-0.005266423
-0.005677861
-0.006061581
-0.006432571
-0.006786248
-0.0071296
-0.007518778
-0.007935368
-0.008298843
-0.00854015
-0.008693081
-0.008887693
-0.009227419
-0.009752277
-0.0103627
-0.01089049
-0.01120942
-0.0112905
-0.01114424
-0.01072506
-0.01003476
-0.009237085
-0.008548297
-0.007997601
-0.00740503
-0.006651742
-0.005687887
-0.004570888
-0.003504437
-0.002710907
-0.002242441
-0.00195244
-0.001697502
-0.001370082
-0.0008950588
-0.000332846
0.0001711006
0.0005005238
0.000627862
0.0006038226
0.0005216179
0.0004604279
0.000452105
0.0004353055
0.0002899451
5.740253e-06
-0.000270454
-0.000384193
-0.0004393083
-0.000698954
-0.001367028
-0.002465969
-0.003847439
-0.005279802
-0.006528874
-0.007527391
-0.00835865
-0.00910943
-0.009845269
-0.01057791
-0.0113071
-0.01197737
-0.0124933
-0.01283986
-0.01313214
-0.01345347
-0.0137859
-0.01410526
-0.0144549
-0.01484147
-0.01520327
-0.01546863
-0.01564202
-0.01583612
-0.01612121
-0.01645696
-0.01675638
-0.01694978
-0.01701289
-0.016973
-0.01686357
-0.01666851
-0.01644545
-0.01622193
-0.01599063
-0.01577046
-0.0156004
-0.01553152
-0.01565017
-0.01594442
-0.01621447
-0.01627424
-0.01610404
-0.01581606
-0.0155541
-0.0154106
-0.01537234
-0.01529278
-0.01503529
-0.01453437
-0.01386386
-0.01321348
-0.01274392
-0.0124247
-0.01205774
-0.01152151
-0.01087309
-0.01019275
-0.009535818
-0.008911003
-0.008321086
-0.007815163
-0.007436492
-0.007111066
-0.006663894
-0.006022741
-0.005302983
-0.004696545
-0.004335785
-0.004227858
-0.004296401
-0.004508543
-0.004831921
-0.005098436
-0.005136049
-0.004914713
-0.004469242
-0.003887988
-0.003310355
-0.002788203
-0.002311884
-0.001899416
-0.001585648
-0.001392289
-0.001309778
-0.001281947
-0.001170833
-0.0008802383
-0.0004623377
-4.916393e-05
0.0002593377
0.0004918631
0.0006688675
0.0008237676
0.001021251
0.0012622
0.001494743
0.001668489
0.001748779
0.001658275
0.001366542
0.0009538613
0.0004946057
0.0001242277
-4.047519e-05
-8.712467e-05
-0.0001413133
-0.0001636969
-9.861508e-05
-4.86386e-05
-0.0001310028
-0.0003448511
-0.0005963542
-0.0007836834
-0.0008582702
-0.0008342593
-0.0007630158
-0.0006977874
-0.0006690265
-0.0006784011
-0.0007083417
-0.0007372401
-0.0007512888
-0.0007486084
-0.000739004
-0.0007388097
-0.0007528106
-0.0007684965
-0.0007757117
-0.0007760184
-0.0007724761
-0.0007727041
-0.0007819228
-0.0007980333
-0.0008148099
-0.000826537
-0.0008328097
-0.000879374
-0.001059538
-0.001382033
-0.00175241
-0.002052774
-0.002213699
-0.002237753
-0.002179274
-0.002105173
-0.0020618
-0.002061964
-0.002091681
-0.002126741
-0.002145894
-0.002086675
-0.001854455
-0.00147013
-0.001057638
-0.0007437777
-0.0005334061
-0.0003093679
5.195233e-05
0.0005971511
0.001234066
0.001872884
0.002535559
0.003243004
0.003914183
0.004437979
0.004826407
0.005241971
0.00573857
0.006169961
0.0064083
0.006505542
0.006623772
0.006841392
0.007137049
0.007511966
0.00796118
0.008391569
0.008630965
0.008648553
0.008581407
0.008556762
0.008619275
0.00874099
0.008863988
0.008941759
0.008960053
0.008934559
0.008909522
0.00899877
0.009278352
0.009684701
0.01007843
0.01039204
0.01077563
0.01135126
0.01203663
0.01261659
0.01287561
0.01284097
0.01270679
0.01262824
0.01265758
0.01276418
0.01288295
0.01296136
0.01301869
0.01316122
0.01343464
0.01377491
0.01407465
0.01425656
0.01430717
0.01426715
0.01419591
0.01409471
0.01388628
0.01355707
0.01318949
0.01289097
0.0127263
0.01269377
0.01273894
0.01279152
0.01280717
0.01278035
0.01273202
0.01268884
0.01265901
0.0125803
0.01243294
0.01231332
0.01222687
0.01208312
0.01185315
0.01158961
0.01136192
0.01114801
0.01086766
0.01052121
0.01017637
0.009847926
0.009496257
0.00913567
0.008813465
0.008501139
0.008135617
0.007654641
0.007063678
0.006464232
0.00591108
0.005414725
0.004996484
0.004596707
0.004074344
0.003381446
0.002545762
0.00158243
0.0005950644
-0.0002310033
-0.0007784358
-0.001119078
-0.001410828
-0.001813992
-0.00238973
-0.003142974
-0.00405275
-0.005014359
-0.005929948
-0.006735197
-0.007440951
-0.008060893
-0.008594841
-0.009096639
-0.009626451
-0.01023472
-0.01087406
-0.01137896
-0.0115093
-0.01113472
-0.01039455
-0.009601138
-0.009033481
-0.00880565
-0.00885891
-0.009040535
-0.009200624
-0.009221377
-0.009011129
-0.008604173
-0.008112019
-0.007597058
-0.007119821
-0.006751297
-0.006506223
-0.006252715
-0.005807775
-0.005153315
-0.00445287
-0.003905352
-0.003571619
-0.0032479
-0.002771501
-0.002293446
-0.002101414
-0.002233962
-0.00248089
-0.002545669
-0.002174886
-0.001295569
-0.00010866
0.001014013
0.001765388
0.002050424
0.001999701
0.001914982
0.002052184
0.002505862
0.003212833
0.003961872
0.004530507
0.004821268
0.004950991
0.005187619
0.005694756
0.006390464
0.007057745
0.007563573
0.007947849
0.008320894
0.008798987
0.009368143
0.009905263
0.01028704
0.01051491
0.01071779
0.01097218
0.01125678
0.01150264
0.01161673
0.01149581
0.01115376
0.01072839
0.01037721
0.01015085
0.00994698
0.009640381
0.009147664
0.008525157
0.007936113
0.00750598
0.007197571
0.006897209
0.006481
0.005931428
0.005339557
0.00475402
0.0042112
0.003752806
0.003338235
0.002927727
0.002564534
0.002388512
0.002509468
0.002950442
0.003612273
0.004278236
0.004747522
0.004940937
0.004909493
0.004783212
0.004759638
0.005056358
0.005721146
0.006558097
0.007292425
0.007800187
0.008134231
0.008372375
0.008557317
0.00869983
0.008799595
0.008909877
0.009082404
0.009224105
0.009300324
0.00935756
0.009404923
0.009455903
0.009382824
0.009052204
0.008509188
0.007933639
0.007511318
0.007328189
0.007350997
0.007475876
0.007596146
0.007650029
0.007632067
0.007574788
0.007519368
0.007492349
0.007497584
0.007522015
0.007547629
0.007563185
0.00760539
0.007811901
0.008304372
0.0090139
0.009724537
0.01023194
0.01045213
0.01043371
0.01030001
0.01017246
0.01011934
0.01014502
0.0102118
0.01027394
0.01030293
0.01029588
0.01026825
0.01024031
0.01022578
0.01022738
0.01022408
0.01011841
0.009838842
0.009428815
0.008931019
0.008391469
0.007897197
0.007456033
0.007032036
0.00662824
0.00620703
0.005738718
0.005278817
0.004903996
0.004588672
0.004266375
0.003929642
0.003557962
0.003117964
0.002657792
0.002265242
0.001939151
0.001605126
0.001242863
0.0008382786
0.0003756347
-8.738498e-05
-0.0004573515
-0.0006733083
-0.0007293978
-0.0006110563
-0.0003098853
9.016602e-05
0.0004566986
0.0006931611
0.0008326266
0.001018486
0.001311558
0.001656109
0.001951791
0.002127154
0.002170194
0.002068187
0.001732897
0.001121826
0.0003710504
-0.0002950834
-0.0007113077
-0.0008449984
-0.0007802831
-0.0006872814
-0.0007715446
-0.001135317
-0.001766193
-0.002508729
-0.003146201
-0.003567625
-0.003848147
-0.00413359
-0.004558738
-0.005118624
-0.005679988
-0.006136203
-0.006516039
-0.00686543
-0.00722193
-0.007646774
-0.008116809
-0.008536651
-0.008821068
-0.008999461
-0.009211333
-0.009572259
-0.01013091
-0.01078425
-0.01135254
-0.01170312
-0.01181281
-0.01175365
-0.01163184
-0.01153342
-0.01150367
-0.01153856
-0.01160238
-0.01165634
-0.01167869
-0.01166983
-0.01163628
-0.01152303
-0.01125831
-0.01086988
-0.01040166
-0.009879761
-0.009382953
-0.00900619
-0.008791476
-0.008655495
-0.008450983
-0.008068153
-0.007490314
-0.006847021
-0.006318058
-0.006017837
-0.005948788
-0.006026933
-0.006142956
-0.006216855
-0.006221996
-0.006176998
-0.006119769
-0.006081908
-0.006075197
-0.006092421
-0.006117146
-0.006134816
-0.006139069
-0.006132218
-0.006121046
-0.006112153
-0.006108944
-0.006110852
-0.006115553
-0.006145835
-0.006296908
-0.006586468
-0.006862926
-0.00705062
-0.007180506
-0.007286231
-0.007378657
-0.007453248
-0.007502787
-0.007525735
-0.007527831
-0.007519111
-0.007510565
-0.007544731
-0.007676155
-0.00782609
-0.007885118
-0.007822614
-0.007685252
-0.007584515
-0.007667425
-0.007964915
-0.008366873
-0.00871764
-0.008862821
-0.008696563
-0.008285641
-0.007814767
-0.007401204
-0.007018516
-0.006654697
-0.0063505
-0.006148629
-0.006058277
-0.006052718
-0.006087585
-0.006123021
-0.0061375
-0.006129495
-0.006109994
-0.006092219
-0.006084178
-0.006086391
-0.006094236
-0.006101886
-0.006105522
-0.006104523
-0.00610942
-0.006195291
-0.006454622
-0.006919831
-0.007544744
-0.008179218
-0.008660381
-0.008906145
-0.008940123
-0.008854958
-0.008752795
-0.008699016
-0.008708898
-0.008765066
-0.00883625
-0.008892411
-0.008917027
-0.008892169
-0.008744443
-0.008432592
-0.008012625
-0.0075164
-0.006983958
-0.006509288
-0.006180259
-0.006026188
-0.006011879
-0.006067152
-0.006125517
-0.006149617
-0.006135718
-0.006101958
-0.006071388
-0.006083813
-0.006237856
-0.006568562
-0.006984615
-0.007349252
-0.00760539
-0.007831123
-0.008094708
-0.008381653
-0.008631687
-0.008793077
-0.008853377
-0.00883846
-0.008790716
-0.008710355
-0.00852317
-0.008171532
-0.007634523
-0.007001057
-0.006432764
-0.006003546
-0.005643107
-0.005245668
-0.004725149
-0.004131024
-0.003599781
-0.003196795
-0.002858378
-0.002484466
-0.001988335
-0.001415169
-0.000899765
-0.0005502069
-0.0003281068
-9.756998e-05
0.000263559
0.0008041294
0.001427742
0.001967093
0.002299082
0.002403188
0.002348303
0.002238404
0.002174062
0.002329596
0.00284842
0.003628948
0.004411382
0.004946286
0.005067964
0.004840123
0.004443151
0.004026087
0.003689439
0.003398743
0.003074012
0.002717061
0.002394549
0.002178027
0.002089593
0.002070917
0.001969162
0.001693854
0.001302794
0.0009045493
0.0005635091
0.0004644988
0.0007087014
0.001069608
0.001177884
0.0008654518
0.0002606804
-0.0003605293
-0.0007744026
-0.0009088831
-0.0008284062
-0.0006573266
-0.0005104674
-0.0004142354
-0.0002705277
-1.640696e-05
0.0003053327
0.0005997803
0.0007904411
0.0008568377
0.0008337322
0.0007827765
0.0007907301
0.0009781574
0.001356965
0.001807221
0.002177668
0.002381018
0.002427365
0.002436052
0.002579856
0.002905613
0.003319474
0.003735402
0.004158212
0.004570991
0.004922595
0.005165085
0.005284911
0.0053074
0.005277018
0.005185553
0.004965719
0.004631926
0.00428588
0.004028142
0.003835522
0.003615897
0.003405812
0.003270177
0.003170949
0.003065619
0.002950256
0.002846535
0.002781718
0.002769647
0.002799614
0.002845728
0.002883275
0.002899669
0.002897233
0.002892099
0.002899795
0.00292253
0.002966699
0.003109805
0.003425069
0.003940661
0.00459719
0.005235156
0.005703595
0.00594045
0.005979781
0.005912188
0.005813617
0.005625455
0.005208209
0.004563767
0.00386486
0.003315117
0.003003364
0.002823882
0.002609986
0.002226322
0.001674181
0.001095849
0.0006569815
0.0004497006
0.0004563918
0.0005573626
0.0005525991
0.0003311954
-4.583804e-05
-0.0004281688
-0.0006835369
-0.0007588619
-0.000689948
-0.0005624257
-0.0004532595
-0.0003555526
-0.0001626258
0.0001732489
0.0005803602
0.0009385254
0.001125837
0.001031027
0.000643755
2.656043e-05
-0.0006634807
-0.00123085
-0.001543753
-0.001591487
-0.001468781
-0.001305795
-0.001199491
-0.001178421
-0.001212129
-0.001253668
-0.001270798
-0.001250462
-0.001143169
-0.0008151752
-0.0001906293
0.0006027721
0.001381899
0.002063866
0.002653699
0.003226021
0.003781252
0.004247535
0.004564486
0.004788898
0.005044834
0.005375845
0.0057957
0.006305309
0.006828356
0.007261481
0.007538369
0.007654043
0.007654913
0.007607737
0.007567356
0.007559209
0.007580309
0.007612315
0.007636747
0.007644633
0.007652872
0.007758395
0.008034883
0.008412843
0.008694568
0.008778263
0.008661821
0.008385021
0.008054375
0.007786157
0.007645656
0.00762895
0.007684491
0.0077358
0.007653289
0.007362242
0.00693729
0.006530139
0.006263809
0.006175151
0.006219872
0.006315904
0.006391242
0.006387312
0.006240326
0.00603728
0.005901074
0.005790421
0.005619814
0.005383934
0.005141635
0.004959505
0.004870732
0.004865463
0.00490473
0.004909228
0.00475973
0.004394793
0.003817127
0.003145039
0.002559658
0.002151127
0.001802315
0.001325591
0.0006913958
-1.99565e-06
-0.0007166757
-0.001474664
-0.002220768
-0.002834335
-0.003263074
-0.003595736
-0.00387634
-0.004009193
-0.003973776
-0.00397414
-0.004300743
-0.005061629
-0.006059608
-0.006961838
-0.007521501
-0.007687989
-0.007629885
-0.007624756
-0.007813779
-0.008152977
-0.00850426
-0.008743806
-0.008824657
-0.008779113
-0.0086811
-0.008599951
-0.008570794
-0.008588378
-0.008574217
-0.008404461
-0.008016142
-0.007415874
-0.006741887
-0.00618219
-0.00585804
-0.005774939
-0.005839919
-0.005872255
-0.005698279
-0.00524825
-0.004579344
-0.003879533
-0.0033395
-0.002986407
-0.002702254
-0.002346164
-0.001844738
-0.001272455
-0.0007775196
-0.0004719581
-0.0003668998
-0.0003169279
-6.157969e-05
0.0005168143
0.001279214
0.001972358
0.002404519
0.002532222
0.00244317
0.00227951
0.002158664
0.0021456
0.002313658
0.002678734
0.003118706
0.003408497
0.003455266
0.003284041
0.002958327
0.002598821
0.002323696
0.002190644
0.002185005
0.002247272
0.002313376
0.002344327
0.002334371
0.002301186
0.002268511
0.002252208
0.002254507
0.002242249
0.002107959
0.001826873
0.00157552
0.001530973
0.001710681
0.002005352
0.002280456
0.002448086
0.002490722
0.002446992
0.002351503
0.002154665
0.001829824
0.001442146
0.001097924
0.0008774012
0.0007982996
0.0008219933
0.0008857108
0.0009365673
0.0009504157
0.0009316356
0.0009014414
0.0009207567
0.001098212
0.001448529
0.001865048
0.00220999
0.002398977
0.002430759
0.002365532
0.002280044
0.002228758
0.002227837
0.002261982
0.002305608
0.002388863
0.002599477
0.00299
0.003565577
0.004208851
0.004748635
0.005074468
0.005289544
0.005670058
0.006300204
0.007030114
0.007637766
0.007981672
0.00810946
0.008269348
0.008682901
0.009329489
0.01000889
0.01051179
0.01074831
0.01082587
0.01095177
0.01128077
0.01184088
0.0124924
0.01302986
0.01325736
0.0130904
0.01263955
0.0120615
0.01146748
0.01096696
0.01062725
0.01037727
0.01007903
0.00962585
0.009021746
0.008388615
0.007798854
0.007257088
0.006714292
0.006144238
0.005617229
0.005217568
0.004889985
0.004455723
0.003837908
0.003153035
0.002569873
0.002118054
0.001738436
0.001384999
0.000985323
0.0005214828
6.987334e-05
-0.0002704653
-0.0004471464
-0.0004758761
-0.0004195656
-0.0003742367
-0.0004838274
-0.0008035613
-0.001263164
-0.001804338
-0.002357844
-0.002820642
-0.003116014
-0.003234015
-0.003225007
-0.00316393
-0.00311274
-0.003101326
-0.003162639
-0.003328802
-0.003501825
-0.003564908
-0.003491562
-0.003334164
-0.003168132
-0.003054445
-0.003018812
-0.003041408
-0.003081884
-0.0031106
-0.003116803
-0.003048497
-0.002818569
-0.002392142
-0.001784808
-0.001126372
-0.0005888036
-0.0002798643
-0.0001996437
-0.0002657682
-0.0003721875
-0.0004455668
-0.0004663792
-0.000450273
-0.0004244521
-0.0004099205
-0.0004135437
-0.0004297487
-0.0004477452
-0.0004587816
-0.000459972
-0.0004458226
-0.0003454464
-1.408066e-05
0.0005962115
0.001336378
0.001972106
0.002354363
0.002552753
0.002732136
0.002976828
0.00326706
0.003543193
0.003823511
0.004150039
0.004494105
0.004783314
0.004955827
0.00500003
0.00495525
0.004881072
0.004799898
0.004608737
0.004160422
0.003472404
0.002735783
0.002159704
0.001853065
0.001766939
0.001694438
0.001442201
0.0009208227
0.0002233173
-0.0004794919
-0.001105729
-0.001614972
-0.002016347
-0.002407166
-0.002832606
-0.003247289
-0.003573512
-0.003762862
-0.003869455
-0.00404636
-0.004408786
-0.00498665
-0.005650761
-0.006208738
-0.006535134
-0.006682742
-0.006895458
-0.007369977
-0.008059788
-0.008753497
-0.009246625
-0.009454173
-0.009424432
-0.00928178
-0.009161886
-0.009215337
-0.009592557
-0.01027853
-0.01092423
-0.01110165
-0.01071865
-0.01001582
-0.009340984
-0.008939612
-0.00886558
-0.009014694
-0.009223109
-0.009362769
-0.009391677
-0.009336519
-0.009242217
-0.009061121
-0.008666355
-0.008044609
-0.007351606
-0.006766686
-0.006303561
-0.005816681
-0.005226592
-0.004604911
-0.004044246
-0.003460638
-0.002783602
-0.002098145
-0.001550361
-0.001234273
-0.001121754
-0.001017319
-0.0006848378
-7.758448e-05
0.0006309698
0.001207809
0.001509851
0.001533273
0.001384068
0.001199251
0.001073119
0.001032437
0.001048601
0.001076318
0.001081782
0.001051088
0.0009942719
0.0009324564
0.0008796176
0.0008422115
0.0008181205
0.0007969993
0.0007722794
0.0007416999
0.0007038444
0.0006638888
0.000626823
0.0005917859
0.000559906
0.0005347212
0.0005149828
0.0004933709
0.0004677311
0.0004422577
0.0004188216
0.0003934693
0.0003661069
0.0003413615
0.0003322065
0.000407876
0.0006433179
0.001010672
0.001465321
0.001979059
0.002466001
0.002822772
0.002995301
0.00300169
0.002914445
0.002816029
0.002760496
0.00276024
0.00279587
0.002837204
0.002861758
0.002863042
0.002848218
0.002830002
0.002818519
0.002817338
0.002823835
0.002832578
0.002838859
0.00284178
0.002847436
0.002856445
0.002861977
0.002846221
0.002727848
0.00242685
0.001911009
0.001255236
0.0006299962
0.0001929278
9.875582e-06
3.804257e-05
0.0001684133
0.0002921672
0.0003475422
0.000329636
0.0002457993
1.438932e-05
-0.0004785809
-0.001189618
-0.00191444
-0.002447789
-0.002693865
-0.00271367
-0.002724549
-0.002897822
-0.003255944
-0.003774656
-0.004360711
-0.004864848
-0.005153039
-0.005087563
-0.00463193
-0.004057537
-0.003764427
-0.003933564
-0.004440933
-0.005009738
-0.005367399
-0.005323795
-0.004905507
-0.004294026
-0.003645674
-0.003087958
-0.002711018
-0.002534072
-0.002511667
-0.002570819
-0.002642455
-0.002683523
-0.002684292
-0.00265941
-0.002631325
-0.002619058
-0.002633638
-0.002670314
-0.002712598
-0.002744151
-0.002757351
-0.002757397
-0.002759624
-0.002773793
-0.002797857
-0.002822894
-0.002840481
-0.002847192
-0.002847732
-0.002851222
-0.002859557
-0.002874271
-0.002894401
-0.002914704
-0.002926698
-0.00292064
-0.002896399
-0.002867134
-0.00285257
-0.002860244
-0.002842536
-0.002686541
-0.002363939
-0.001966903
-0.001590127
-0.001266078
-0.001077416
-0.001038515
-0.001013078
-0.000885746
-0.0006567781
-0.0004043236
-0.0002133949
-0.0001264722
-0.000132824
-0.0001880022
-0.0002437812
-0.0002706111
-0.0002642567
-0.0002384964
-0.0002107138
-0.0001569306
-2.351121e-05
0.0001976392
0.0005973131
0.001143411
0.001593789
0.00170956
0.001436401
0.001045173
0.0009123769
0.001189561
0.001749745
0.002335463
0.002731268
0.002856726
0.002767254
0.002596391
0.002465804
0.002427818
0.00246686
0.002540143
0.002602883
0.002681084
0.002918734
0.003419155
0.004101127
0.00476234
0.005225444
0.005419725
0.005392414
0.005259459
0.005136256
0.005126064
0.005289892
0.005509502
0.005627032
0.005584854
0.005429452
0.005253425
0.005133945
0.005099795
0.005132759
0.005191149
0.00523678
0.005251397
0.005238318
0.00521345
0.005195972
0.005201676
0.005231211
0.005271063
0.005301943
0.005309642
0.005297192
0.005272544
0.005244244
0.005221467
0.005236503
0.005367846
0.005560856
0.005704254
0.005799725
0.005819459
0.005722176
0.005537476
0.005340722
0.005199631
0.005117617
0.004963965
0.004563901
0.003913294
0.003195588
0.002628874
0.002308698
0.00209943
0.001759344
0.001202449
0.0005495047
-5.60364e-05
-0.0006762069
-0.001383885
-0.002101367
-0.002724757
-0.003328455
-0.004006465
-0.004699735
-0.00528535
-0.005765555
-0.006285747
-0.006923428
-0.007592011
-0.008137962
-0.008457152
-0.008546012
-0.008482987
-0.008373348
-0.00829722
-0.008284899
-0.0083224
-0.008375042
-0.008411977
-0.008420221
-0.00840508
-0.008381404
-0.008363218
-0.008357267
-0.008362135
-0.008371716
-0.008379588
-0.00836838
-0.008256089
-0.007984752
-0.00761309
-0.007247707
-0.006913812
-0.006664052
-0.006586725
-0.006683056
-0.006878969
-0.007131665
-0.007391934
-0.007597832
-0.007713015
-0.007745288
-0.007786732
-0.007823585
-0.007760939
-0.007636349
-0.007528775
-0.007410227
-0.007187595
-0.006793191
-0.006293333
-0.005832766
-0.005530754
-0.005425698
-0.005476318
-0.005595288
-0.005699047
-0.005740553
-0.005661578
-0.005338742
-0.004723129
-0.003959778
-0.003283686
-0.002865679
-0.002737727
-0.002812581
-0.002956385
-0.003063358
-0.003141269
-0.003298068
-0.003569171
-0.00388968
-0.004163019
-0.00436463
-0.004586753
-0.004883858
-0.005207795
-0.005472047
-0.005620087
-0.00565116
-0.005607844
-0.005544187
-0.005461274
-0.005240181
-0.004757898
-0.004070011
-0.003377993
-0.002878056
-0.002654234
-0.002663325
-0.002788403
-0.002911831
-0.00296582
-0.002943957
-0.002881014
-0.00282091
-0.002793576
-0.00280974
-0.002858183
-0.002913734
-0.002953576
-0.002968022
-0.002961319
-0.002945374
-0.002931793
-0.002926666
-0.002929656
-0.002936524
-0.002942506
-0.002944816
-0.002943378
-0.002939948
-0.002935588
-0.002925335
-0.002933638
-0.003135002
-0.00364926
-0.004284923
-0.00474861
-0.004957166
-0.004926513
-0.004620394
-0.004091456
-0.003611106
-0.003518276
-0.003919947
-0.004604437
-0.005115397
-0.005055805
-0.00443109
-0.003571694
-0.00286186
-0.002520689
-0.002541997
-0.002766098
-0.003002209
-0.003125725
-0.003112337
-0.003013703
-0.002897275
-0.002736938
-0.002392046
-0.001795767
-0.001072786
-0.0004357945
-4.098881e-05
8.231608e-05
1.476256e-05
-0.0001192344
-0.0002137008
-0.0001180023
0.0002422135
0.0006045651
0.0007203462
0.0005490697
0.0002180673
-9.764581e-05
-0.0002782579
-0.0003002538
-0.0002173152
-0.0001106071
-4.232127e-05
-3.126298e-05
-9.608572e-06
0.0001473929
0.0004596531
0.0008874368
0.001408315
0.001938212
0.002362501
0.002609478
0.002682642
0.002643817
0.002571518
0.002523453
0.002520132
0.002550339
0.002588984
0.002614741
0.002619506
0.002608033
0.002591399
0.002579461
0.002576582
0.002581278
0.002588956
0.002595097
0.002595934
0.002552221
0.002408201
0.002247853
0.002160977
0.002080858
0.001914399
0.001663357
0.001377346
0.001093247
0.0009712347
0.001085817
0.001413417
0.001865855
0.002299063
0.002594032
0.002711574
0.002691121
0.002610889
0.002541878
0.002519772
0.002542245
0.002584553
0.002619939
0.002633705
0.002626892
0.002631971
0.002751548
0.00303039
0.003339948
0.003639256
0.003926966
0.004127496
0.004181359
0.004020849
0.003641765
0.003166248
0.002763243
0.002544204
0.002516269
0.002606888
0.00271982
0.002780596
0.002764415
0.002695081
0.002617246
0.002566953
0.00255642
0.002575706
0.002604605
0.002625531
0.002630926
0.002623415
0.002611039
0.002601533
0.002598661
0.002601742
0.002607452
0.002612306
0.002614398
0.002613782
0.0026118
0.002610023
0.002609366
0.002609898
0.002611135
0.002612367
0.00260444
0.002506698
0.002186263
0.001725119
0.001297774
0.0009066356
0.0005407348
0.0002302345
1.284188e-05
-9.874324e-05
-0.0001240999
-0.0001020602
-7.096129e-05
-5.445248e-05
-5.781147e-05
-7.333665e-05
-8.9389e-05
-9.780484e-05
-9.682965e-05
-8.987663e-05
-8.213215e-05
-7.746059e-05
-6.888627e-05
2.090201e-05
0.0003433244
0.0009499346
0.001692636
0.002340891
0.002732373
0.002841936
0.002759013
0.002615209
0.002514182
0.002496586
0.002545298
0.002615244
0.002665611
0.002695322
0.002850384
0.003309313
0.004022718
0.004764239
0.005308733
0.005559717
0.005565113
0.005449733
0.005335881
0.005291957
0.005322728
0.005390982
0.005446983
0.005457488
0.005414663
0.00527569
0.004983798
0.004516229
0.00390447
0.003280909
0.002799154
0.002542028
0.002492596
0.00256542
0.002662276
0.002717267
0.002713073
0.002669897
0.002621369
0.002592899
0.002587153
0.00248697
0.00208461
0.001388243
0.0006157912
1.830588e-05
-0.0001642314
0.0002398506
0.001085277
0.001956214
0.002472706
0.002546325
0.002196198
0.001576343
0.001016775
0.000701909
0.0005548766
0.0004463594
0.0003098307
0.0001484594
1.147184e-06
-9.543926e-05
-0.0001291582
-0.0001142099
-7.854607e-05
-4.802529e-05
-3.608877e-05
-4.220485e-05
-5.71904e-05
-7.067471e-05
-8.130589e-05
-0.0002014829
-0.0006349613
-0.001365509
-0.002163369
-0.002722504
-0.002868175
-0.002734247
-0.002499875
-0.002276141
-0.002201333
-0.002265582
-0.002348915
-0.002440017
-0.002553432
-0.002677106
-0.002784105
-0.002853588
-0.002881481
-0.002878917
-0.002863491
-0.002850132
-0.002845944
-0.002845511
-0.002731042
-0.002297266
-0.001562278
-0.0007567658
-0.0001354129
0.000169877
0.000185588
4.152569e-05
-0.0001174403
-0.0001991016
-0.0001856503
-0.0001140576
-3.813028e-05
3.930834e-06
3.035164e-06
-2.606905e-05
-5.990633e-05
-8.050403e-05
-8.286978e-05
-6.883106e-05
2.684968e-05
0.0003360363
0.0007664581
0.001022957
0.001090435
0.001215488
0.00152579
0.001882261
0.001976775
0.001649491
0.001143766
0.0007752542
0.0006410787
0.0007974589
0.001100901
0.001230094
0.001034223
0.0006026778
0.0001409907
-0.0001746926
-0.0002786028
-0.0002147992
-8.328504e-05
2.33273e-05
5.050406e-05
-7.746414e-05
-0.0004797717
-0.001165349
-0.001955494
-0.002612251
-0.002985407
-0.003069616
-0.002969964
-0.002823712
-0.002731052
-0.002724926
-0.002781483
-0.002852884
-0.002899507
-0.002906861
-0.002884293
-0.002852508
-0.002812396
-0.002626805
-0.002127695
-0.001376995
-0.000610621
-5.708086e-05
0.0001857556
0.0001667281
1.898682e-05
-0.0001064111
1.181714e-05
0.0005448928
0.001380954
0.002219992
0.002791561
0.002997051
0.002914156
0.002710395
0.002540291
0.002481513
0.002556357
0.002878835
0.003512985
0.004308294
0.005016086
0.005454698
0.005589062
0.005510161
0.005373516
0.005396374
0.005779531
0.006512091
0.00735729
0.00803543
0.008387633
0.008425753
0.008280447
0.008107571
0.008010875
0.008009511
0.008062847
0.008118652
0.008149307
0.008124644
0.007879596
0.007297198
0.006505446
0.005762914
0.005277734
0.005109349
0.005177722
0.005338843
0.005467448
0.005504934
0.005461012
0.005383477
0.005321117
0.005299216
0.005315077
0.005348587
0.005377782
0.005390092
0.005385283
0.005371427
0.005358254
0.005351938
0.005353289
0.005358721
0.005339938
0.005203618
0.004909287
0.004533458
0.00419947
0.0039702
0.003764182
0.003492769
0.003168138
0.002866765
0.002662695
0.002588317
0.002621958
0.00270624
0.002783066
0.002818124
0.002747328
0.00238695
0.001697098
0.0008732431
0.0001812301
-0.0002069092
-0.0002777214
-0.0001499483
1.921462e-05
0.0001213526
0.0001285098
6.708288e-05
-1.10351e-05
-5.599524e-05
-4.839778e-05
-2.430318e-06
5.190154e-05
8.761667e-05
5.233738e-05
-0.0001852281
-0.0007194836
-0.001454839
-0.00216538
-0.002653317
-0.002848845
-0.002812926
-0.002669324
-0.002428692
-0.001964716
-0.001404428
-0.001118408
-0.001277576
-0.001759683
-0.002306127
-0.002695837
-0.002833965
-0.002766009
-0.002617333
-0.002499553
-0.002462729
-0.002499271
-0.002562309
-0.002606258
-0.002611178
-0.002584019
-0.002546034
-0.002517461
-0.002507931
-0.00251509
-0.002529587
-0.00254189
-0.002546736
-0.002544248
-0.002538043
-0.002532336
-0.002529686
-0.002530316
-0.002532798
-0.0025353
-0.002536588
-0.002536423
-0.002535335
-0.002534147
-0.002533452
-0.002533382
-0.002532965
-0.002525969
-0.002506739
-0.00247876
-0.002451214
-0.002432233
-0.002424768
-0.002425385
-0.002423724
-0.002415643
-0.002401245
-0.002380882
-0.002358865
-0.002340997
-0.00233088
-0.002328423
-0.002330801
-0.002334429
-0.002336693
-0.002336749
-0.002335227
-0.002333356
-0.002332153
-0.002331961
-0.002332491
-0.002331382
-0.002321201
-0.002298199
-0.002242956
-0.00209307
-0.001884022
-0.001644323
-0.00140256
-0.001244857
-0.001077058
-0.0008118832
-0.0006547431
-0.000814195
-0.0012549
-0.001776084
-0.002174328
-0.002350196
-0.002326523
-0.002201081
-0.002078693
-0.002021879
-0.002034749
-0.0020785
-0.002110675
-0.002110917
-0.002083569
-0.002046829
-0.002018839
-0.002008429
-0.002010823
-0.00201056
-0.001997572
-0.001973784
-0.001948204
-0.00192964
-0.001920585
-0.001876506
-0.001643699
-0.001097912
-0.0003362249
0.0004013578
0.0009056383
0.001107477
0.001078856
0.0009507925
0.0008374439
0.0008023147
0.0008480551
0.0009919062
0.001342686
0.001966019
0.002739009
0.003434483
0.00388551
0.004112372
0.004344473
0.004791045
0.005434401
0.006090375
0.006568344
0.006785889
0.0067878
0.006685478
0.006595043
0.006639521
0.006848881
0.007212246
0.007754674
0.008330919
0.008754092
0.008922306
0.008742257
0.008284299
0.007749336
0.007275002
0.006944739
0.006780316
0.006741517
0.006761851
0.006784706
0.00677774
0.006740402
0.006693239
0.006663996
0.006669232
0.006703255
0.006746351
0.006779277
0.006792699
0.006788629
0.006776034
0.006764442
0.006759367
0.006732256
0.006509028
0.005960309
0.005199754
0.004475993
0.003995263
0.003821667
0.00388223
0.004038354
0.00416664
0.004207258
0.004167267
0.00409225
0.004030181
0.004006864
0.004020761
0.004052806
0.004080555
0.004041549
0.003747337
0.003122637
0.002333516
0.001640409
0.001275357
0.001454207
0.002110206
0.002749387
0.002924257
0.002571872
0.001945963
0.001374339
0.001065026
0.00104362
0.001194638
0.001364748
0.001450726
0.001430309
0.001343627
0.001251522
0.001198424
0.001195809
0.001224537
0.001251957
0.001298035
0.001502117
0.00199371
0.002702204
0.003324244
0.003460046
0.002994726
0.002166806
0.001353081
0.0008372716
0.0006973245
0.0008294459
0.001048298
0.001194855
0.001205659
0.001110632
0.0009847799
0.0008953372
0.0008710087
0.0008980375
0.0008895575
0.0007656607
0.0005124098
4.395469e-05
-0.0005954179
-0.001231062
-0.001690339
-0.001899313
-0.001896545
-0.001781846
-0.001655055
-0.001579841
-0.001571261
-0.001606413
-0.001644648
-0.001652591
-0.001619289
-0.001555423
-0.001503105
-0.00162551
-0.002087304
-0.002810081
-0.00354707
-0.004063806
-0.004256486
-0.004174852
-0.003959439
-0.003752475
-0.003639114
-0.003625396
-0.003664431
-0.003697453
-0.003687875
-0.003631039
-0.003546757
-0.003460842
-0.003421554
-0.003608662
-0.004140086
-0.004884521
-0.005579271
-0.006014535
-0.006130574
-0.006010076
-0.00580338
-0.005635748
-0.005563497
-0.005578288
-0.005633257
-0.005673876
-0.005670223
-0.005627469
-0.005571538
-0.005526937
-0.005499765
-0.005484783
-0.005501285
-0.005642458
-0.005924546
-0.006169758
-0.006204913
-0.006017472
-0.005720958
-0.005424399
-0.005074435
-0.004552821
-0.003890164
-0.0032499
-0.002793598
-0.002584682
-0.002576916
-0.002671965
-0.00277441
-0.002826794
-0.002819512
-0.002776734
-0.002732143
-0.002708875
-0.002711716
-0.002731012
-0.002752353
-0.002768918
-0.002783291
-0.002850069
-0.003124588
-0.003700753
-0.004459073
-0.005162471
-0.005620837
-0.005786328
-0.005847665
-0.006139361
-0.00675292
-0.007506293
-0.008144625
-0.0085084
-0.008585938
-0.008482724
-0.008410975
-0.0086298
-0.009229547
-0.01003748
-0.0107698
-0.01121865
-0.01134095
-0.01123544
-0.01105665
-0.01092935
-0.01090407
-0.01096115
-0.01104609
-0.0111086
-0.0111259
-0.01110473
-0.01106809
-0.01103889
-0.01102881
-0.01103644
-0.01105226
-0.01106605
-0.01107193
-0.01106993
-0.01106356
-0.01105746
-0.0110547
-0.01105499
-0.01103062
-0.01085641
-0.01039073
-0.009671478
-0.008911753
-0.008337757
-0.008060782
-0.008048894
-0.00817934
-0.00829532
-0.008193422
-0.007718421
-0.006948794
-0.006145446
-0.00556097
-0.005305887
-0.005330493
-0.005492245
-0.005647255
-0.005713454
-0.005684781
-0.005605718
-0.005531254
-0.005496035
-0.005504224
-0.005537586
-0.005571796
-0.005975195
-0.005964269
-0.005940762
-0.005915299
-0.005895711
-0.005884303
-0.005876123
-0.005808087
-0.005524128
-0.004940498
-0.004182981
-0.003486713
-0.003035301
-0.002875655
-0.002929642
-0.00306424
-0.003166273
-0.003184491
-0.003129598
-0.003045845
-0.002977189
-0.002945705
-0.002948021
-0.002965494
-0.002978254
-0.002975257
-0.002956682
-0.002930097
-0.002886961
-0.002688294
-0.0021877
-0.00159736
-0.001321142
-0.001517128
-0.002037851
-0.00260054
-0.002973976
-0.003076783
-0.002969976
-0.002783734
-0.002635145
-0.002579338
-0.002605879
-0.002667097
-0.002714171
-0.002721376
-0.002690792
-0.002642022
-0.002581983
-0.002420874
-0.00200745
-0.001329631
-0.0005655535
5.803306e-05
0.0004040778
0.0004711346
0.0003675707
0.0002328832
0.0001631141
0.0001834397
0.0002615106
0.000341886
0.0004137045
0.0005883669
0.001016235
0.001684301
0.002404989
0.00296573
0.003253825
0.003289757
0.003182907
0.003057379
0.002993918
0.003010339
0.003078788
0.003159181
0.003214925
0.00323095
0.003222618
0.003215656
0.003260405
0.003410574
0.003621277
0.003908077
0.004347858
0.004911856
0.005462715
0.005861354
0.006047773
0.006054363
0.005965475
0.00586552
0.005809576
0.005805491
0.005830047
0.005854771
0.005862323
0.0058508
0.005829086
0.00580883
0.005797567
0.005800019
0.005814554
0.005730851
0.005352908
0.004695978
0.00407428
0.003903863
0.004277874
0.004859192
0.005122504
0.004845466
0.004185898
0.003476838
0.002997298
0.002848302
0.002957751
0.003167614
0.003331626
0.003329513
0.003126845
0.0027794
0.002257663
0.001624817
0.001038752
0.0006393082
0.0004811285
0.0005905541
0.001013438
0.001701424
0.002457759
0.003042589
0.003204594
0.002871646
0.002295988
0.001808407
0.001665091
0.001950686
0.002516003
0.003101908
0.003502143
0.003645124
0.003587444
0.003452652
0.003354103
0.00334273
0.003409223
0.003509978
0.003610374
0.003780258
0.00415761
0.004762086
0.005443421
0.006001544
0.006317875
0.006400878
0.006342949
0.006251422
0.006202916
0.006220797
0.006282052
0.006350142
0.006397255
0.006424645
0.006516516
0.00674988
0.007073358
0.007295581
0.007284844
0.007149394
0.007078257
0.007159184
0.007356764
0.007571588
0.007715271
0.007736649
0.007578561
0.0072513
0.006861896
0.006537385
0.006352063
0.006304415
0.006339126
0.006387857
0.006383101
0.006233952
0.005920888
0.00551277
0.005050589
0.004579019
0.004175983
0.003904741
0.003776527
0.00371918
0.003588986
0.00332156
0.002974948
0.002626349
0.002308816
0.002075632
0.001900599
0.001733229
0.001563926
0.001414342
0.001306988
0.00124496
0.001218185
0.001245597
0.001396452
0.001674688
0.001963522
0.002078469
0.001939375
0.001625471
0.001330174
0.001221666
0.001305971
0.00150271
0.001640164
0.001660448
0.001666917
0.001745991
0.001898828
0.002070015
0.002198393
0.002252385
0.00223835
0.002189729
0.002191655
0.002343882
0.002627291
0.00288189
0.002933782
0.002753971
0.002447716
0.002159086
0.001986105
0.001953987
0.00207493
0.002346116
0.002687583
0.002989301
0.003175703
0.00324359
0.003299571
0.003456005
0.00371639
0.004001796
0.004221699
0.004324949
0.004317487
0.004249437
0.004164644
0.004027087
0.003800426
0.003522475
0.003273101
0.003113732
0.00305541
0.003067414
0.003106797
0.003137855
0.003142763
0.003126222
0.003103974
0.003090338
0.003058734
0.002930139
0.002687204
0.002397447
0.002153245
0.002015071
0.001955791
0.00185985
0.001660322
0.001393238
0.00114746
0.000995049
0.0009566914
0.001000204
0.001068741
0.001114306
0.001116756
0.001086116
0.00104905
0.001025689
0.001018735
0.0009820299
0.000871419
0.0007139629
0.0005176972
0.0003178155
0.0001996214
0.0001949979
0.0002242621
0.0002085825
8.568827e-05
-0.0001347778
-0.0003823521
-0.0006210836
-0.000821601
-0.0009632167
-0.001041605
-0.001069392
-0.001068659
-0.001060508
-0.00105781
-0.001063671
-0.001074493
-0.001084737
-0.001090702
-0.001091883
-0.001090241
-0.00108842
-0.001087963
-0.001073821
-0.001002703
-0.0008950117
-0.0007638131
-0.0005912876
-0.0003556398
-0.0001110179
0.0001039125
0.0002866136
0.0004283593
0.0005187881
0.0005573612
0.0005568035
0.0005624628
0.0006757921
0.0009232978
0.001133173
0.001145197
0.0009517014
0.0006607605
0.0004030663
0.0002589644
0.0002349937
0.0002840196
0.0003442119
0.0003721499
0.0003562407
0.0003106695
0.0002564985
0.0001442487
-0.0001394315
-0.0005841216
-0.001059177
-0.001421807
-0.001600048
-0.001614473
-0.001604569
-0.001765421
-0.002134181
-0.00258782
-0.002962938
-0.003163411
-0.003230659
-0.003320129
-0.003547801
-0.003889073
-0.004229607
-0.004460134
-0.004548553
-0.004612365
-0.004798597
-0.005114937
-0.005457291
-0.005707168
-0.005803628
-0.005761353
-0.00564673
-0.005531779
-0.005457492
-0.005423784
-0.005406471
-0.005382234
-0.005342251
-0.005286858
-0.005221755
-0.005155613
-0.005095352
-0.005044231
-0.005003606
-0.004957421
-0.004847933
-0.004633954
-0.004306026
-0.003913004
-0.003549938
-0.003295936
-0.003174297
-0.003153773
-0.003176954
-0.003192709
-0.003174166
-0.003083727
-0.002863241
-0.002563712
-0.002297837
-0.002121987
-0.00205043
-0.002133559
-0.002349833
-0.00260324
-0.002793093
-0.002866858
-0.002806949
-0.002613093
-0.002321048
-0.002001316
-0.001768873
-0.001683508
-0.001694127
-0.001686548
-0.001599098
-0.001446841
-0.001285293
-0.001165912
-0.001109709
-0.001105306
-0.001123765
-0.001137139
-0.001126805
-0.001061355
-0.0009115908
-0.0006744374
-0.0003760502
-8.398597e-05
0.0001323604
0.0002412116
0.000256835
0.000221824
0.0001807435
0.0001609531
0.0001674565
0.0001895126
0.0002119689
0.0002244771
0.0002249819
0.0002179402
0.0002099406
0.0002057949
0.0002068174
0.0002113985
0.0002220595
0.000262353
0.0003275911
0.0003995279
0.0004471728
0.0004422529
0.0004133652
0.0003898335
0.0003897936
0.0004023082
0.0003933299
0.0003568852
0.0003299361
0.0003224767
0.0003226379
0.0003407273
0.000361709
0.0003649405
0.0003750221
0.0004219169
0.0005020482
0.000587341
0.0006489023
0.000673414
0.0006735864
0.0006947492
0.0007650364
0.000867806
0.0009639392
0.001021379
0.001030761
0.001004109
0.0009632689
0.0009272729
0.0009050694
0.0008953189
0.0008908854
0.0008837042
0.0008681076
0.0008441923
0.0008167871
0.0007915043
0.0007715914
0.0007570398
0.0007455901
0.0007345098
0.0007216442
0.0006963127
0.0006267554
0.0004901547
0.000309761
0.0001391964
2.408947e-05
-2.091778e-05
-1.166606e-05
2.117865e-05
4.923907e-05
3.785968e-05
-5.360815e-05
-0.0002132447
-0.0003848669
-0.0005107512
-0.0005632453
-0.0005507957
-0.0005039135
-0.0004549243
-0.0004234067
-0.0004123687
-0.0004132897
-0.000414641
-0.0004086874
-0.0003939557
-0.0003737919
-0.0003530777
-0.000335343
-0.0003215372
-0.0003104615
-0.0002997045
-0.0002790053
-0.0002412939
-0.0002050942
-0.0001861219
-0.0001736932
-0.0001353274
-5.352188e-05
5.177231e-05
0.0001254598
0.0001185992
3.670086e-05
-7.330097e-05
-0.0001600288
-0.0001959404
-0.0001842501
-0.0001471017
-0.0001089893
-8.49467e-05
-7.72587e-05
-7.922261e-05
-8.174724e-05
-7.866641e-05
-6.872235e-05
-5.446588e-05
-3.971415e-05
-2.725126e-05
-1.787069e-05
-1.067671e-05
-4.120158e-06
1.655646e-06
-9.007743e-07
-1.735256e-05
-4.208637e-05
-6.378827e-05
-7.365557e-05
-6.954614e-05
-5.529588e-05
-3.726988e-05
-2.080971e-05
-8.321104e-06
1.770518e-06
1.791126e-05
4.629266e-05
8.278709e-05
0.0001176484
0.0001428083
0.0001558224
0.000159573
0.0001595041
0.0001607822
0.0001658979
0.0001741
0.0001827773
0.0001900331
0.0001954452
0.0001994975
0.0002028922
0.0002058963
0.0002086309
0.0002113605
0.000214338
0.0002176595
0.0002212428
0.0002249071
0.0002284765
0.0002318482
0.000235004
0.0002379834
0.0002408368
0.0002436003
0.0002462795
0.0002488586
0.0002513168
0.0002536408
0.0002558289
0.0002578881
0.0002598806
0.0002632587
0.0002712708
0.0002826993
0.0002907184
0.0002908709
0.0002856466
0.0002836777
0.000292203
0.0003100744
0.0003300271
0.0003445757
0.0003500766
0.0003474781
0.0003405297
0.0003332336
0.0003280226
0.0003253304
0.0003251748
0.0003281565
0.0003330226
0.0003371981
0.0003396719
0.0003417071
0.0003436878
0.0003447182
0.0003437014
0.0003393561
0.0003315665
0.0003232554
0.0003168362
0.0003127288
0.0003097058
0.0003046084
0.0002943958
0.0002800088
0.0002652357
0.0002536733
0.000246804
0.000243845
0.0002427826
0.0002416593
0.0002393943
0.0002359197
0.0002318016
0.0002277192
0.000224086
0.0002209487
0.0002180944
0.0002152516
0.0002121301
0.000208079
0.0002029078
0.0001977367
0.0001933533
0.0001897006
0.0001868973
0.0001845764
0.0001819483
0.0001786852
0.0001749165
0.0001707175
0.0001665063
0.000162594
0.000158908
0.0001554767
0.0001526268
0.0001502026
0.0001478202
0.0001455989
0.0001436995
0.0001419602
0.0001400669
0.0001378649
0.0001355772
0.0001333248
0.0001308281
0.0001280506
0.0001251772
0.0001223009
0.0001193907
0.0001163909
0.0001132893
0.0001101021
0.0001068655
0.0001036232
0.0001004054
9.722318e-05
9.406867e-05
9.0924e-05
8.776761e-05
8.459553e-05
8.142052e-05
7.825675e-05
7.510989e-05
7.198438e-05
6.887545e-05
6.577825e-05
6.273941e-05
5.98747e-05
5.722418e-05
5.465775e-05
5.198649e-05
4.909061e-05
4.59023e-05
4.243573e-05
3.892346e-05
3.561683e-05
3.258108e-05
2.971702e-05
2.687589e-05
2.395422e-05
2.092737e-05
1.783155e-05
1.472672e-05
1.168158e-05
8.732856e-06
5.853198e-06
2.987015e-06
9.215675e-08
-2.843499e-06
-5.805475e-06
-8.768457e-06
-1.17109e-05
-1.46239e-05
-1.750794e-05
-2.035954e-05
-2.31771e-05
-2.59796e-05
-2.878557e-05
-3.159016e-05
-3.438343e-05
-3.71652e-05
-3.994559e-05
-4.272823e-05
-4.550073e-05
-4.824555e-05
-5.095257e-05
-5.362289e-05
-5.626566e-05
-5.889072e-05
-6.150422e-05
-6.410789e-05
-6.670036e-05
-6.92794e-05
-7.184446e-05
-7.439676e-05
-7.693628e-05
-7.946208e-05
-8.197158e-05
-8.446262e-05
-8.693479e-05
-8.938938e-05
-9.18283e-05
-9.425324e-05
-9.666481e-05
-9.906315e-05
-0.0001014478
-0.0001038185
-0.0001061749
-0.0001085169
-0.0001108446
-0.000113158
-0.000115457
-0.0001177418
-0.0001200121
-0.000122268
-0.0001245093
-0.000126736
-0.0001289481
-0.0001311456
-0.0001333284
-0.0001354965
-0.0001376498
-0.0001397884
-0.0001419121
-0.0001440209
-0.0001461149
-0.000148194
-0.0001502581
-0.0001523072
-0.0001543414
-0.0001563605
-0.0001583645
-0.0001603535
-0.0001623274
-0.0001642861
-0.0001662297
-0.0001681582
-0.0001700714
-0.0001719694
-0.0001738522
-0.0001757197
-0.0001775719
-0.0001794088
-0.0001812304
-0.0001830367
-0.0001848276
-0.0001866032
-0.0001883634
NaN
NaN
