-0.001049393
-0.001052908
-0.001070932
-0.00106305
-0.0010426
-0.001003809
-0.0009742116
-0.0009896738
-0.001109741
-0.001324151
-0.001488657
-0.001294476
-0.0009718418
-0.0007690631
-0.0003829129
9.834086e-05
0.0002261434
0.0003630299
0.0005583039
0.0006792237
0.0005547533
4.342545e-05
-0.0006780843
-0.001039513
-0.001767427
-0.002667983
-0.002806975
-0.002921934
-0.003115144
-0.003103807
-0.002668937
-0.001696389
-0.0007383606
-0.0008647034
-0.0009487841
-0.0004096111
0.0007948758
0.002221895
0.002526054
0.002527015
0.001936502
0.000130438
-0.002647902
-0.004701561
-0.005510462
-0.005707119
-0.007250278
-0.01043823
-0.0138025
-0.01659363
-0.01772887
-0.01623966
-0.01268971
-0.008204034
-0.006339575
-0.007214771
-0.007570496
-0.00618176
-0.002597621
0.002096204
0.004166838
0.003085121
-0.0008948586
-0.004875925
-0.006830102
-0.005038542
-0.001434443
0.002055371
0.002071617
-0.0009015186
-0.004237434
-0.005114297
-0.002081402
0.002057527
0.002730409
0.0001533771
-0.003519909
-0.005895776
-0.0051259
-0.000622352
0.005569934
0.01158557
0.0138589
0.01263894
0.0103485
0.007477388
0.006086048
0.007286456
0.01056661
0.0123479
0.0111476
0.006972153
0.0001825205
-0.005497498
-0.006925223
-0.001747166
0.009007349
0.02163477
0.03192829
0.03490635
0.0328016
0.02583899
0.01560749
0.005659617
-0.001583429
-0.008428305
-0.01530944
-0.02089019
-0.0269077
-0.03298166
-0.03476621
-0.03183473
-0.02363815
-0.01067744
0.003890574
0.0142594
0.0198641
0.02098444
0.01808129
0.01458411
0.01252968
0.01339591
0.01528298
0.01375417
0.006840812
-0.004915932
-0.01829136
-0.03050291
-0.03757369
-0.03567947
-0.02585734
-0.0121362
-0.001641365
0.004953793
0.00955417
0.01502228
0.02241841
0.02827355
0.0282398
0.02200323
0.012223
0.00184251
-0.006200249
-0.009239809
-0.007987759
-0.005952234
-0.006530299
-0.01100104
-0.01694708
-0.02030789
-0.01830428
-0.01127004
-0.001952132
0.006234023
0.01011815
0.009126882
0.00474357
-0.00176877
-0.008766674
-0.01409419
-0.01861313
-0.02412285
-0.02941543
-0.03382865
-0.03627954
-0.03544497
-0.03125655
-0.02445156
-0.01671844
-0.008788575
-0.001356272
0.003903307
0.006038269
0.00535883
0.003028882
0.0004368961
-0.001217753
-0.001757708
-0.002242059
-0.003184902
-0.005691896
-0.009319312
-0.01251558
-0.01381787
-0.01156873
-0.005597028
0.002452892
0.009468186
0.01254939
0.01294002
0.0128263
0.01331838
0.01468236
0.0155531
0.0147414
0.01276929
0.01120924
0.01037836
0.01146858
0.01390779
0.01633906
0.0163021
0.01240495
0.005302362
-0.003438922
-0.01236485
-0.01859341
-0.02075671
-0.0195421
-0.01622945
-0.01299056
-0.01090568
-0.01155386
-0.0152015
-0.01827817
-0.01893037
-0.01583377
-0.009180685
-0.001775012
0.005497798
0.01127648
0.01543697
0.01888068
0.02126998
0.02128043
0.01959541
0.01569146
0.009540682
0.001874588
-0.005231803
-0.01167159
-0.01757123
-0.02141686
-0.02334974
-0.02315466
-0.01915263
-0.009376954
0.004624188
0.01854737
0.03038796
0.03761954
0.04246185
0.04451062
0.0429044
0.03646166
0.02629414
0.01381745
-0.001419802
-0.01484326
-0.02060805
-0.01850737
-0.00975286
0.002274049
0.01202693
0.01446243
0.01186703
0.007224366
0.002962717
0.0006900129
0.0007294382
0.003516007
0.005501624
0.003287045
-0.004333148
-0.01558849
-0.02789322
-0.03856
-0.04443063
-0.04309958
-0.03638238
-0.02541363
-0.01285249
-0.0003492207
0.009832224
0.01822494
0.0242219
0.02761539
0.02887873
0.02850726
0.02684844
0.02293218
0.01537619
0.005988845
-0.003445414
-0.01172719
-0.01779989
-0.02114532
-0.0214346
-0.01835114
-0.01207781
-0.003410537
0.007241461
0.01693656
0.02266429
0.0252838
0.02552292
0.02443461
0.02384521
0.02486577
0.02684366
0.02910256
0.03037847
0.02949625
0.02436752
0.01522261
0.00363974
-0.005470635
-0.009164642
-0.009395735
-0.006565441
-0.003369116
-0.002854455
-0.006449954
-0.01238029
-0.01875166
-0.02457159
-0.03142007
-0.03932832
-0.04669542
-0.05245058
-0.05536976
-0.05525181
-0.05220468
-0.04681334
-0.04045026
-0.03472978
-0.02992102
-0.02492133
-0.01895054
-0.0114053
-0.003301975
0.003862361
0.009533825
0.0122232
0.01182049
0.00954009
0.006598411
0.005714419
0.00812199
0.01237717
0.01794894
0.02424233
0.02940816
0.03231196
0.03227899
0.03051677
0.02979826
0.03019857
0.02894328
0.02371786
0.01371769
-0.003027007
-0.02144272
-0.03634332
-0.0484099
-0.0564109
-0.06157252
-0.06326085
-0.05899836
-0.05033127
-0.04078413
-0.03088886
-0.01826426
-0.003833546
0.00967677
0.02088769
0.02795538
0.03186716
0.03135781
0.02441471
0.01176781
-0.0009788382
-0.00728678
-0.007152156
-0.0001094174
0.01349791
0.03086717
0.04883538
0.06550645
0.07891453
0.08865629
0.09666164
0.1016957
0.1018286
0.0966716
0.08499572
0.06804652
0.05041317
0.03375661
0.01716712
0.0009472442
-0.01504863
-0.02898374
-0.03632686
-0.03775371
-0.03499314
-0.0288564
-0.02205414
-0.01725685
-0.01534059
-0.01577264
-0.01733419
-0.01931538
-0.02025552
-0.01961276
-0.01914624
-0.01948458
-0.02094281
-0.02313326
-0.02420311
-0.02202402
-0.01496352
-0.002957015
0.01134873
0.02443784
0.03445345
0.04323752
0.05016946
0.05351676
0.05274648
0.047404
0.03797284
0.02540728
0.01207803
-0.0001518853
-0.009207653
-0.01445897
-0.01843697
-0.02118875
-0.02145088
-0.01792056
-0.0108386
-0.002402406
0.004182
0.008241602
0.00936531
0.006832929
0.001271583
-0.006575015
-0.01464834
-0.02254132
-0.03117741
-0.0388543
-0.0458354
-0.05088571
-0.05275997
-0.05060945
-0.04357062
-0.03207839
-0.01723966
-0.001839353
0.01366338
0.02783007
0.04020522
0.05173365
0.05998765
0.06644649
0.0707327
0.07160063
0.06913196
0.06434222
0.05928591
0.05361741
0.04849542
0.04429038
0.03935943
0.03436648
0.02904724
0.02311589
0.01783931
0.01230154
0.007689773
0.003690926
-0.00125559
-0.008296674
-0.01750411
-0.02858317
-0.03967321
-0.04851009
-0.05388398
-0.05418519
-0.05067567
-0.04415348
-0.03498821
-0.02484809
-0.01614717
-0.008493908
-0.0004640071
0.008496899
0.01885921
0.0306024
0.04344313
0.05575704
0.06591615
0.07412103
0.08086327
0.08576925
0.08932989
0.09244105
0.09515406
0.0970829
0.09819924
0.09927834
0.09930078
0.09956469
0.1007036
0.1024735
0.104247
0.1069487
0.1098873
0.1126179
0.1148136
0.115712
0.1150661
0.1132946
0.1106472
0.1078327
0.1048989
0.1018527
0.09908305
0.09695683
0.09594007
0.09485529
0.09215013
0.08647583
0.07685502
0.06430165
0.05304719
0.05127566
0.06327235
0.08689906
0.1166815
0.1464089
0.174091
0.1951262
0.2066137
0.2096436
0.2038825
0.1874001
0.1603621
0.1234486
0.07858811
0.02920611
-0.03418298
-0.1036791
-0.1644762
-0.2137582
-0.2482478
-0.2732143
-0.2944929
-0.3125818
-0.3245197
-0.326162
-0.3173393
-0.301162
-0.2819428
-0.2595259
-0.2314509
-0.1992727
-0.1651542
-0.1315337
-0.104643
-0.0825856
-0.06727889
-0.06108779
-0.06023512
-0.06371007
-0.07046626
-0.07815783
-0.0832948
-0.08531891
-0.08372556
-0.07990389
-0.07612269
-0.07430013
-0.07713954
-0.08366003
-0.09213221
-0.09979484
-0.1056712
-0.1097413
-0.1132139
-0.1170819
-0.1205023
-0.1252009
-0.1315543
-0.1379558
-0.1431376
-0.1450378
-0.142008
-0.1354535
-0.1269995
-0.1176715
-0.107284
-0.09611244
-0.0838122
-0.07122784
-0.06081566
-0.05268019
-0.04837677
-0.0498122
-0.05526935
-0.0647917
-0.07663181
-0.08956058
-0.1019415
-0.1150557
-0.1270332
-0.1347015
-0.1392843
-0.1412061
-0.1398618
-0.1340262
-0.1233284
-0.1077882
-0.08845199
-0.06638771
-0.04256079
-0.01908852
0.003531557
0.02681866
0.04898354
0.06883567
0.08632436
0.09925406
0.1070341
0.1108218
0.1112995
0.1095907
0.1068191
0.104204
0.1032758
0.105907
0.1126413
0.1219539
0.1315279
0.1392619
0.1439644
0.1452641
0.1440113
0.1401734
0.1341924
0.1268515
0.12045
0.1157006
0.1109044
0.1060589
0.1012086
0.09598979
0.09130124
0.08731407
0.08470391
0.08459867
0.08634613
0.08919412
0.09341428
0.09975031
0.1074416
0.1152807
0.1236208
0.1315648
0.1373604
0.1401817
0.1389467
0.1338496
0.1243311
0.1100502
0.09217183
0.07336185
0.05342003
0.03035538
0.00572306
-0.02189033
-0.0513268
-0.08064945
-0.1125288
-0.1434932
-0.1711035
-0.1948651
-0.2153511
-0.2281586
-0.2339567
-0.2321435
-0.2241283
-0.2118357
-0.1966313
-0.1800361
-0.1642862
-0.1524341
-0.141969
-0.1320622
-0.122985
-0.1140346
-0.1045876
-0.09494931
-0.08390689
-0.07224799
-0.05730827
-0.03917808
-0.01779463
0.01083202
0.04436503
0.07734185
0.1098354
0.1377683
0.1557899
0.1655895
0.1688923
0.1643754
0.1523981
0.1361863
0.1186747
0.1029802
0.09137791
0.08165998
0.07349098
0.06701198
0.06068435
0.05424918
0.0487964
0.0437887
0.04048435
0.03762873
0.035887
0.03685136
0.04095053
0.04721943
0.05631303
0.07028638
0.08968943
0.1102755
0.1298061
0.1432195
0.1548021
0.164151
0.1666733
0.1632912
0.1547309
0.1418943
0.1230539
0.09979334
0.07933849
0.05785663
0.03483265
0.01100117
-0.01333784
-0.03120494
-0.04520518
-0.05594687
-0.06088928
-0.06367857
-0.06546632
-0.0680314
-0.07243272
-0.07905892
-0.08958186
-0.1038185
-0.1193163
-0.1368483
-0.1557379
-0.1709136
-0.1817287
-0.1869651
-0.1836791
-0.1735731
-0.1598215
-0.1425009
-0.1250554
-0.1113107
-0.09878084
-0.08635609
-0.07592929
-0.06608329
-0.05624169
-0.04775962
-0.04088847
-0.03496315
-0.03035297
-0.02621007
-0.02194027
-0.01709299
-0.01168953
-0.006737426
-0.002096746
0.001430728
0.002669372
0.002517815
0.001310404
-0.001516535
-0.005296145
-0.008614052
-0.01079072
-0.01139548
-0.009735508
-0.00525676
0.00179337
0.01030015
0.02057914
0.03328761
0.04695788
0.06028358
0.07347822
0.08624514
0.09879029
0.1087448
0.1150864
0.1200033
0.1237847
0.1261818
0.127319
0.1270935
0.125687
0.1230468
0.1192911
0.1137777
0.1065568
0.09865794
0.08915722
0.07890891
0.0683904
0.05615
0.041492
0.02691126
0.01412194
0.003937863
-0.00504455
-0.01233658
-0.01635218
-0.01855366
-0.01988715
-0.02083076
-0.02271132
-0.02548342
-0.02788268
-0.03025821
-0.03386478
-0.04007341
-0.04885772
-0.05705602
-0.06320797
-0.06674713
-0.06850687
-0.06965585
-0.07027677
-0.06868975
-0.0658284
-0.06081301
-0.05541122
-0.04963564
-0.04278532
-0.0353205
-0.02928083
-0.0279988
-0.02837946
-0.02898887
-0.03034904
-0.03246932
-0.03681888
-0.0419157
-0.04702049
-0.05034075
-0.05275402
-0.05464849
-0.05532736
-0.0546853
-0.05154968
-0.04514595
-0.03524908
-0.02480277
-0.01696784
-0.01042683
-0.003607712
0.004796694
0.01385154
0.01984956
0.02220752
0.02280422
0.02218788
0.01889834
0.01192054
0.00150962
-0.009978299
-0.01875983
-0.02505342
-0.03078607
-0.03539759
-0.03904845
-0.04133422
-0.04044602
-0.03713375
-0.0321127
-0.02462703
-0.01388127
-0.0004201001
0.01539298
0.03210462
0.04688925
0.05941174
0.06981434
0.07821573
0.08694258
0.09556341
0.1001665
0.09953781
0.0952566
0.08844398
0.08003262
0.07100147
0.0621475
0.05327061
0.04540334
0.03881629
0.03120346
0.02070393
0.006632111
-0.01036406
-0.02795973
-0.04523943
-0.0614829
-0.0754544
-0.08789104
-0.09703179
-0.1014344
-0.1008954
-0.09435914
-0.08107339
-0.06301852
-0.04363496
-0.02397811
-0.003986262
0.01444894
0.03027565
0.04284138
0.05428188
0.06652665
0.07583972
0.07968039
0.08064294
0.08054617
0.0791908
0.07574172
0.069497
0.06033289
0.04995331
0.0396781
0.02873163
0.01707196
0.005152586
-0.007871315
-0.02047865
-0.03017927
-0.0359435
-0.03708343
-0.03428338
-0.02794436
-0.01827182
-0.007281301
0.001110234
0.005615958
0.009584242
0.01424771
0.01880739
0.02261739
0.02486089
0.02577879
0.02572074
0.02494189
0.0231477
0.02061976
0.01791774
0.01465428
0.01046985
0.00555743
6.769544e-05
-0.005718968
-0.01137271
-0.01706275
-0.02220031
-0.02793406
-0.03390331
-0.03909866
-0.0444552
-0.04919339
-0.05215226
-0.05374092
-0.05305547
-0.05008107
-0.04660854
-0.04334926
-0.03936572
-0.03506198
-0.0310915
-0.02779638
-0.02572516
-0.02423667
-0.02266919
-0.02093322
-0.01950624
-0.01870228
-0.01894711
-0.01976366
-0.02085355
-0.02148919
-0.02136966
-0.02132928
-0.02146118
-0.02160273
-0.02147982
-0.02076243
-0.0193568
-0.01777351
-0.01598243
-0.01403928
-0.01232859
-0.01041523
-0.008274792
-0.006505633
-0.004495187
-0.002852866
-0.002324208
-0.002038976
-0.001264896
-0.0002821585
0.0001306662
0.000474539
0.0008332581
0.0009781898
0.001001424
0.0006309467
-0.0003490657
-0.001637192
-0.002100408
-0.001655114
-0.0007010263
0.0004445153
0.0008910493
0.0008006682
0.0007708977
0.0007525426
0.00066866
0.0005633348
0.0007657055
0.001781463
0.003954861
0.006766322
0.01000944
0.01394963
0.01832254
0.02233439
0.02634898
0.02960448
0.03231939
0.03418692
0.03442039
0.0329491
0.02926448
0.02382939
0.01758468
0.01071924
0.003629365
-0.004493116
-0.01294781
-0.02113905
-0.02997431
-0.03895029
-0.04715079
-0.05570816
-0.0633171
-0.07018903
-0.07492342
-0.07655456
-0.07494233
-0.06997875
-0.06216017
-0.05066719
-0.03671323
-0.02407138
-0.01295705
-0.00214736
0.007920126
0.01637166
0.02283584
0.02931085
0.03496965
0.0382168
0.04108107
0.04341158
0.04445739
0.04431911
0.04319377
0.04259109
0.04279349
0.04330008
0.04427591
0.04560894
0.04669716
0.0490443
0.05232883
0.05561982
0.06003511
0.06556623
0.07059932
0.07460533
0.0778962
0.08149589
0.08463895
0.08579845
0.08632986
0.08502961
0.08256644
0.07717396
0.06938571
0.06227723
0.05591581
0.05050613
0.04555027
0.04146823
0.0385195
0.03629307
0.03523466
0.03513178
0.03479838
0.03396109
0.03280327
0.03199365
0.03208222
0.03159573
0.02972821
0.02654078
0.02275021
0.01844265
0.01339194
0.006537491
-0.001096478
-0.008626393
-0.01614353
-0.02288955
-0.03087335
-0.03945016
-0.04682414
-0.05381522
-0.05905241
-0.06276993
-0.06645967
-0.06862079
-0.06765186
-0.06470555
-0.06052178
-0.05635269
-0.05169476
-0.04674824
-0.04141568
-0.03666836
-0.0321454
-0.02631245
-0.01954055
-0.01226772
-0.003734021
0.004912836
0.01246802
0.0193145
0.02574324
0.03257799
0.03881316
0.04362348
0.04746828
0.05010576
0.05102115
0.05032435
0.047976
0.04392543
0.03872313
0.03223038
0.0249105
0.01842683
0.01239166
0.00630465
0.001175344
-0.002717025
-0.00562455
-0.006250166
-0.00460777
-0.001843534
0.002126915
0.008057484
0.01540067
0.0233674
0.03170338
0.03891937
0.04525905
0.0514165
0.05639531
0.05978131
0.06128385
0.06032042
0.0570694
0.05261389
0.04617587
0.03720053
0.02687916
0.01495812
0.001745935
-0.01093735
-0.02388332
-0.03770036
-0.05001467
-0.06002316
-0.06774281
-0.07306628
-0.07659735
-0.07888388
-0.07969067
-0.07889047
-0.07644396
-0.072844
-0.06895291
-0.06585322
-0.06356499
-0.0616601
-0.05993008
-0.05771306
-0.05553786
-0.05412913
-0.05305808
-0.05253535
-0.05217496
-0.05119433
-0.04974248
-0.04854116
-0.04676824
-0.04429294
-0.04060434
-0.03700162
-0.03315174
-0.02907704
-0.02634907
-0.02487337
-0.02449413
-0.0244589
-0.02474012
-0.02558736
-0.02664372
-0.02682162
-0.0267602
-0.02688793
-0.02707702
-0.02709289
-0.02661861
-0.02550123
-0.02423714
-0.02410074
-0.02469122
-0.02565852
-0.02666747
-0.02692399
-0.02818847
-0.03095745
-0.03422533
-0.03816341
-0.04260178
-0.04647525
-0.05037978
-0.05334852
-0.05615595
-0.05871316
-0.06027388
-0.06066786
-0.06043847
-0.05879297
-0.05486479
-0.04948856
-0.0432162
-0.03533024
-0.02605051
-0.01764206
-0.009217686
-0.002235865
0.003197975
0.007756172
0.01089752
0.01335776
0.01455192
0.01414426
0.01290029
0.01131658
0.01017732
0.009451175
0.01004248
0.0113498
0.01280857
0.01396931
0.01532556
0.01649205
0.01786008
0.01913763
0.02085731
0.02280254
0.02515663
0.02674988
0.02725126
0.02699671
0.02560562
0.02445169
0.02290016
0.02090226
0.01812478
0.01553232
0.01389927
0.01297112
0.01246699
0.01221633
0.0121822
0.01289159
0.0148282
0.01769704
0.02098453
0.02483083
0.02909426
0.03398162
0.03989611
0.04603448
0.05170891
0.05606313
0.05960185
0.06395006
0.06848887
0.07233261
0.07506083
0.07621036
0.07713885
0.07844863
0.07905305
0.07898023
0.07883604
0.07885185
0.07920128
0.07911517
0.07823841
0.07716793
0.07680359
0.0766669
0.07566914
0.07354442
0.0709042
0.06790876
0.06387424
0.05847202
0.05247492
0.04580848
0.03821923
0.03058992
0.02275635
0.01398164
0.005733692
-0.002316538
-0.008680914
-0.01402144
-0.01851378
-0.02137825
-0.02302656
-0.02356237
-0.0238574
-0.02400398
-0.02370159
-0.02275071
-0.02161861
-0.02139008
-0.02147261
-0.021367
-0.0212056
-0.02113951
-0.02155053
-0.0226748
-0.02429793
-0.02541751
-0.02692972
-0.02815865
-0.02981913
-0.03108843
-0.03234267
-0.03256395
-0.03244587
-0.03201272
-0.03089475
-0.0296495
-0.02948777
-0.02961704
-0.03019254
-0.03187524
-0.0344946
-0.03734289
-0.04057168
-0.04443054
-0.04835496
-0.05169418
-0.05505879
-0.05780755
-0.05922336
-0.06036013
-0.06011305
-0.05844185
-0.0551296
-0.0503839
-0.04431747
-0.03778237
-0.03096302
-0.02310469
-0.0141114
-0.005085902
0.004257537
0.01337174
0.02173333
0.0291147
0.03445435
0.0384798
0.04137591
0.04225342
0.04182198
0.0407472
0.03920601
0.03704848
0.0339552
0.03019439
0.02574235
0.02107973
0.01637072
0.01239741
0.008673224
0.004392799
0.0001526855
-0.00394628
-0.00760964
-0.01097906
-0.01415932
-0.01630314
-0.01813201
-0.01976011
-0.02070755
-0.02104589
-0.02113448
-0.02119785
-0.02119191
-0.02110432
-0.02108982
-0.02143796
-0.02246614
-0.02401642
-0.02522746
-0.02633684
-0.02700929
-0.0279871
-0.02931269
-0.02973558
-0.02973089
-0.02940522
-0.02846651
-0.02701449
-0.02584262
-0.0243967
-0.02302192
-0.02133786
-0.02002804
-0.01919505
-0.01973873
-0.02094862
-0.02172097
-0.0231324
-0.0252885
-0.02659462
-0.02714881
-0.02834735
-0.02961849
-0.02930454
-0.02821031
-0.02679418
-0.02570409
-0.02377176
-0.02129498
-0.01783119
-0.01514257
-0.01194204
-0.008583469
-0.004663214
-0.000383697
0.002569587
0.00486666
0.006079832
0.006090019
0.006101802
0.006381114
0.006975944
0.008094726
0.009541361
0.01131671
0.01458557
0.01907547
0.02444633
0.03007622
0.0361201
0.04281948
0.04947363
0.05520471
0.06037944
0.06445739
0.06674762
0.06728453
0.06569165
0.06288874
0.05988352
0.05672854
0.05274607
0.04825802
0.04353618
0.03884157
0.03521124
0.03238973
0.02970326
0.02747712
0.02590151
0.02458256
0.02326962
0.0220162
0.02018219
0.01732186
0.01314668
0.00895624
0.005191493
0.001593661
-0.001939813
-0.00604662
-0.01002388
-0.01320533
-0.01596601
-0.01778918
-0.01802687
-0.01692248
-0.01502555
-0.01325852
-0.01206833
-0.01070383
-0.009331771
-0.008084575
-0.007449484
-0.007424959
-0.00773958
-0.008537634
-0.009616581
-0.01006516
-0.01005603
-0.01010552
-0.01011028
-0.009799024
-0.009025965
-0.008043939
-0.007676278
-0.007480108
-0.006539102
-0.004861684
-0.003332988
-0.002070987
-0.001752766
-0.002141383
-0.003093475
-0.00455074
-0.005775985
-0.007270399
-0.008545162
-0.009730714
-0.01006607
-0.009785242
-0.008997804
-0.007582227
-0.006072908
-0.003691862
-0.001012003
0.001657581
0.004495716
0.0076652
0.01112217
0.01428971
0.01626449
0.01832894
0.01977404
0.0201247
0.020623
0.02178298
0.02317196
0.02376884
0.02478039
0.02600932
0.02614737
0.02629444
0.02646339
0.02606419
0.02451476
0.02179729
0.01914562
0.0166323
0.0138872
0.01060677
0.006604215
0.002496268
-0.0003475161
-0.002695697
-0.004525997
-0.005732279
-0.006979212
-0.007071937
-0.00704937
-0.007308541
-0.0079215
-0.008931534
-0.009883451
-0.01044313
-0.01185072
-0.01397485
-0.01584395
-0.01754141
-0.01840395
-0.0177845
-0.01648337
-0.0150455
-0.01405722
-0.01305718
-0.01240805
-0.01136237
-0.01043435
-0.0104501
-0.01026264
-0.009480765
-0.008283765
-0.007490563
-0.008050684
-0.009059464
-0.009892268
-0.01039002
-0.01201891
-0.01495527
-0.01826643
-0.02179981
-0.02499664
-0.02735164
-0.02940627
-0.02964777
-0.02913166
-0.02753248
-0.02436307
-0.02025041
-0.01537201
-0.01036281
-0.005054286
-0.0005173925
0.002305608
0.005396589
0.00903276
0.01245868
0.01451185
0.01459116
0.01465792
0.01489331
0.01488107
0.01434442
0.01323342
0.01224277
0.01215981
0.01216265
0.01223678
0.01277341
0.0139018
0.01527857
0.01639047
0.01802512
0.02002293
0.02276508
0.02499292
0.02603419
0.02614346
0.02600981
0.02531555
0.0236457
0.02155264
0.01998896
0.01812303
0.01558696
0.01327592
0.01143637
0.01010865
0.008831244
0.007592284
0.006786593
0.006723588
0.006735783
0.006724185
0.006730549
0.006625319
0.006219755
0.005360234
0.004238446
0.002994074
0.001234788
-0.0008171482
-0.002474455
-0.004314348
-0.006444305
-0.007989728
-0.009192581
-0.01006003
-0.01011753
-0.009677396
-0.008543992
-0.00687605
-0.005345471
-0.004590159
-0.004682084
-0.005079589
-0.005836674
-0.00670477
-0.0066534
-0.005440216
-0.004433122
-0.003827878
-0.002809382
-0.001881902
-0.00120341
-0.0001265876
0.0007836055
0.001334413
0.002305602
0.003285731
0.003638329
0.003584932
0.003596959
0.00372626
0.003915151
0.003994443
0.003697991
0.002794217
0.001518036
0.000905762
0.00160474
0.003014453
0.004680234
0.006611331
0.0089864
0.0111031
0.01322157
0.01647878
0.02045567
0.0240579
0.02741559
0.02961508
0.03093523
0.03163629
0.03148576
0.03040169
0.02821924
0.02581585
0.02397434
0.02252041
0.02065496
0.01866887
0.01691377
0.01457744
0.0120151
0.01005965
0.008672492
0.007149437
0.005737944
0.004605342
0.00411201
0.003880407
0.003070579
0.001613997
2.792406e-05
-0.00208805
-0.004750966
-0.007728371
-0.0113549
-0.01563442
-0.01970121
-0.0233054
-0.0261045
-0.02844599
-0.03048854
-0.03264826
-0.03451771
-0.03527097
-0.03544843
-0.03528739
-0.03423599
-0.03199715
-0.02929753
-0.02671452
-0.02415097
-0.0213525
-0.01802109
-0.01407296
-0.01000321
-0.006292975
-0.003160782
-0.001371818
-0.0003246351
0.000305684
0.000897851
0.002071829
0.003391581
0.003701674
0.00361868
0.003607303
0.003630274
0.003681629
0.00372217
0.003753799
0.003760536
0.003743337
0.003693903
0.003638028
0.003631421
0.003748106
0.003985512
0.004138255
0.00373986
0.002228181
-0.0003831338
-0.00280774
-0.004320134
-0.005116669
-0.006193225
-0.007387699
-0.00855205
-0.01020366
-0.01152475
-0.01322019
-0.0144315
-0.01555002
-0.01563032
-0.01555852
-0.01565024
-0.01569629
-0.01576714
-0.01580557
-0.01588178
-0.0159211
-0.01585153
-0.01546581
-0.01470248
-0.01378692
-0.01319688
-0.01243581
-0.01078253
-0.008815211
-0.007808622
-0.00717942
-0.005573833
-0.003319254
-0.001553464
0.000165647
0.002425126
0.004109786
0.005233779
0.006213353
0.006309778
0.006325568
0.006376064
0.006339835
0.006295419
0.006431942
0.007016163
0.008087694
0.009075681
0.009213616
0.008475863
0.007282087
0.006153651
0.005088562
0.003479215
0.001736167
0.0003354938
-0.0007652954
-0.001715325
-0.002544302
-0.003920968
-0.005354121
-0.006754013
-0.008372707
-0.01062845
-0.01326803
-0.01555532
-0.01740666
-0.01915176
-0.02067658
-0.02126233
-0.02109764
-0.02045317
-0.01923315
-0.01774509
-0.01546861
-0.01245654
-0.00939576
-0.006792596
-0.005360485
-0.005151926
-0.005132285
-0.004972728
-0.004810618
-0.004726532
-0.004762548
-0.004849613
-0.004826582
-0.004448632
-0.003551621
-0.002412567
-0.001849329
-0.0009128282
0.0007343561
0.002213299
0.003810147
0.004868854
0.006036505
0.006586364
0.007513726
0.008665839
0.00863787
0.007358426
0.006196703
0.006818588
0.008166476
0.009418763
0.009393233
0.009158052
0.009019193
0.008922743
0.009076325
0.00969601
0.01090217
0.0121089
0.01205832
0.01181664
0.0117425
0.01187657
0.01251809
0.0137664
0.01525915
0.0164433
0.018001
0.01965728
0.02181257
0.02362322
0.02534484
0.02752183
0.0289201
0.02971509
0.03071891
0.03149786
0.03230453
0.03356382
0.03447988
0.03462904
0.03447518
0.03370061
0.03193527
0.02961792
0.02724763
0.02492528
0.0223833
0.01888157
0.01533139
0.01250042
0.009572587
0.006474346
0.003495702
0.0008659939
-0.001278119
-0.00283369
-0.004095923
-0.004374675
-0.003513518
-0.002129234
-0.001023493
-8.799907e-05
0.000697324
0.001937936
0.004047085
0.005774724
0.006240078
0.006214591
0.006312675
0.006436468
0.006265258
0.005468248
0.004005204
0.002402029
-0.0001390519
-0.003050432
-0.005785231
-0.00811616
-0.009778263
-0.01098148
-0.01254183
-0.01400019
-0.01570576
-0.01710005
-0.01828347
-0.01856298
-0.01843624
-0.01836791
-0.01836453
-0.01865031
-0.01936285
-0.02044558
-0.02104683
-0.01985244
-0.01851422
-0.01861805
-0.01890213
-0.01897174
-0.01862063
-0.01755134
-0.01588162
-0.01428158
-0.011638
-0.008874157
-0.00624608
-0.003547997
-0.0008528952
0.001924461
0.004808548
0.007830198
0.0107806
0.01323243
0.01454286
0.0145608
0.01421145
0.01336921
0.01201099
0.01086634
0.008665388
0.006211921
0.004626398
0.002530268
0.0007130259
-0.0004728959
-0.001794865
-0.002025422
-0.001920983
-0.001380184
-9.717417e-05
0.001432762
0.002423513
0.003182215
0.003340859
0.003975303
0.005289371
0.006439436
0.006549576
0.006287618
0.00563073
0.004482685
0.003553105
0.003598369
0.003740068
0.003788311
0.003818005
0.003664205
0.003106207
0.001955743
0.0005234445
-0.0008209089
-0.002875965
-0.005312455
-0.007957217
-0.009676278
-0.01156207
-0.01279966
-0.01346088
-0.01467427
-0.01573696
-0.01581875
-0.01577861
-0.01585405
-0.01591186
-0.01597252
-0.01594393
-0.01586009
-0.01576373
-0.01588805
-0.01646415
-0.01760591
-0.01878468
-0.01943479
-0.0203798
-0.02118411
-0.02127308
-0.02188272
-0.02331413
-0.02502762
-0.02617978
-0.02708184
-0.02782858
-0.02896103
-0.02979194
-0.02991269
-0.03000389
-0.02994221
-0.02933267
-0.0279983
-0.02632229
-0.02448331
-0.02248702
-0.02108106
-0.01982575
-0.0183848
-0.01697299
-0.0154454
-0.0139995
-0.01259079
-0.01148427
-0.01061418
-0.009877302
-0.008545797
-0.007040994
-0.005754208
-0.004483371
-0.003270682
-0.00163545
0.0006703353
0.00389242
0.007124713
0.009742674
0.01237971
0.01567082
0.01800276
0.01916575
0.01993941
0.02009171
0.02017669
0.02016137
0.01990789
0.01957992
0.01971465
0.02073051
0.0221314
0.02409857
0.02628273
0.0291732
0.03225973
0.03465907
0.03732464
0.03919207
0.0412086
0.04233053
0.04249789
0.04279175
0.04291528
0.04219015
0.03999704
0.03665397
0.03321594
0.02963079
0.02691653
0.02430474
0.02150433
0.018657
0.01572171
0.01280452
0.009996426
0.007545395
0.005598776
0.004007455
0.002253079
0.0004917347
-0.001240908
-0.003436405
-0.005209163
-0.006884795
-0.009106599
-0.01074895
-0.01193138
-0.01302346
-0.01325346
-0.01317095
-0.01255488
-0.01097812
-0.008888585
-0.007185863
-0.005322689
-0.002582347
0.0002482466
0.003885893
0.007540044
0.01040295
0.0132213
0.01590711
0.01798459
0.01921418
0.01990112
0.0201149
0.02029645
0.02032136
0.01982142
0.01871149
0.01753597
0.01756956
0.01769213
0.01760074
0.01742379
0.01726444
0.01739342
0.01804047
0.01918339
0.01999395
0.01897549
0.01739612
0.01625758
0.01418719
0.01155338
0.008038105
0.005885797
0.003954043
0.00119821
-0.0004915469
-0.003330611
-0.006574269
-0.009564483
-0.01183393
-0.01253062
-0.01149536
-0.01032032
-0.01025635
-0.01040598
-0.0104038
-0.010447
-0.01083839
-0.01176289
-0.01285434
-0.01311699
-0.01335775
-0.01418974
-0.01535599
-0.01615747
-0.01757446
-0.01979958
-0.0212684
-0.02151646
-0.02153752
-0.02161086
-0.02140022
-0.02060672
-0.01928142
-0.01812869
-0.01675621
-0.01512565
-0.01300929
-0.01086721
-0.009428865
-0.008514082
-0.008781072
-0.01020625
-0.01179608
-0.01372713
-0.015611
-0.01687509
-0.01800149
-0.01870873
-0.01912239
-0.01951867
-0.01936916
-0.01880067
-0.01760573
-0.01559779
-0.01393969
-0.01341427
-0.01351929
-0.01355382
-0.01348281
-0.01337296
-0.01322931
-0.01309587
-0.01308311
-0.01340283
-0.01422314
-0.01535698
-0.01596309
-0.01582217
-0.01591923
-0.01667113
-0.01806262
-0.01954913
-0.02086592
-0.02226257
-0.02360386
-0.0250051
-0.02621847
-0.02723943
-0.02790636
-0.02854744
-0.02834024
-0.02668825
-0.02501317
-0.02301508
-0.02139254
-0.01970104
-0.01710435
-0.01461032
-0.01222149
-0.009349096
-0.005600463
-0.001544723
0.002862638
0.007272737
0.01211852
0.01663373
0.02121959
0.02662155
0.03168611
0.03624676
0.04086491
0.04589925
0.04993967
0.05277991
0.05503674
0.05622411
0.05614654
0.05547636
0.05419909
0.05264717
0.05078628
0.04839039
0.044518
0.04077679
0.03581157
0.02970001
0.02464392
0.01908527
0.0146416
0.009728506
0.005369483
0.00187361
-0.002105384
-0.00573399
-0.007469902
-0.008629911
-0.0105111
-0.01196951
-0.01324758
-0.0130022
-0.01189289
-0.01033929
-0.008909659
-0.006520919
-0.003906024
-0.001101992
0.002536737
0.007125229
0.01167254
0.01622516
0.02081845
0.02480147
0.02838441
0.03065275
0.0324137
0.03472201
0.03633439
0.03665381
0.0367177
0.03689345
0.03703257
0.03684357
0.03599621
0.03448176
0.03285828
0.03039167
0.02764575
0.02504081
0.02244186
0.01966106
0.01640235
0.01253614
0.008499526
0.005464843
0.002874695
0.0003210018
-0.002253207
-0.005112333
-0.008240998
-0.01152477
-0.01464097
-0.01705393
-0.01987899
-0.02318587
-0.02569452
-0.02815598
-0.03051325
-0.03245334
-0.03393213
-0.03486795
-0.03455739
-0.03320126
-0.03202904
-0.03083834
-0.02940859
-0.0272325
-0.0243611
-0.02123851
-0.01790717
-0.01475964
-0.01255388
-0.01048821
-0.008645553
-0.007972626
-0.008182292
-0.009155621
-0.01100936
-0.01299708
-0.01469959
-0.01647783
-0.01842819
-0.01993113
-0.02075356
-0.02047166
-0.01951377
-0.0191985
-0.01898428
-0.01779271
-0.01568326
-0.01397615
-0.01353658
-0.01364286
-0.01366077
-0.0135911
-0.01347769
-0.01334319
-0.01323195
-0.01326652
-0.01363564
-0.01447962
-0.01553796
-0.01599872
-0.0162758
-0.0171864
-0.01848278
-0.01910344
-0.01902762
-0.01864828
-0.01785077
-0.01685613
-0.01641711
-0.01601875
-0.01472412
-0.01265167
-0.01014746
-0.00779269
-0.005948192
-0.004317
-0.002017848
0.0005561608
0.002531347
0.003926631
0.005454616
0.006907759
0.008123968
0.008667432
0.008692912
0.0087467
0.008818638
0.008832105
0.008765687
0.008708158
0.008863593
0.009480609
0.01054933
0.01147773
0.01181269
0.01176431
0.01136724
0.01040856
0.009165825
0.00873152
0.009179316
0.01009126
0.01118938
0.01164355
0.01173385
0.01210457
0.01254547
0.01245885
0.01201169
0.01184672
0.01162362
0.01071849
0.009182642
0.007852697
0.006834457
0.006354742
0.006006232
0.005089249
0.00391628
0.003484556
0.003522453
0.003177037
0.002223782
0.0009792886
0.0004423753
0.0004902518
0.0005543534
0.0006133132
0.000657745
0.0005297848
-4.156619e-05
-0.001208654
-0.002642441
-0.004053693
-0.00538672
-0.00652982
-0.007359997
-0.007964859
-0.008852701
-0.01001721
-0.0105286
-0.01054295
-0.0106629
-0.01083063
-0.01073914
-0.009953769
-0.008310994
-0.006334261
-0.004174164
-0.002785583
-0.002650555
-0.002736758
-0.002664949
-0.002478568
-0.002265701
-0.002174075
-0.002479703
-0.003460021
-0.005013181
-0.006362392
-0.007978952
-0.009300018
-0.01034475
-0.01024038
-0.009314571
-0.008248991
-0.007755024
-0.006973821
-0.005564514
-0.004336593
-0.002649659
-0.0007734071
0.001626789
0.003430428
0.004517504
0.005675725
0.005767927
0.005750192
0.005859836
0.005931373
0.0059882
0.006000883
0.006016068
0.006031115
0.006050874
0.006024141
0.005925467
0.005781735
0.005782574
0.006239599
0.00744457
0.009091811
0.01013457
0.01128733
0.01186809
0.01291735
0.0141897
0.01424704
0.01423879
0.01437062
0.01448255
0.01437516
0.01382034
0.01276504
0.01172703
0.01117305
0.01001586
0.008432981
0.007162484
0.005683663
0.004465275
0.003043104
0.001749805
4.514053e-05
-0.001767802
-0.003932281
-0.005479573
-0.006597258
-0.008126365
-0.00963633
-0.01165305
-0.01349358
-0.01521297
-0.01632096
-0.01626731
-0.0156725
-0.01438336
-0.01260074
-0.01085245
-0.009010242
-0.007707562
-0.006428069
-0.004714328
-0.002712048
-0.0005031042
0.001042451
0.002137944
0.002836674
0.002882425
0.002981237
0.00319067
0.00329308
0.003057769
0.002271994
0.001113532
0.0004115319
0.0004613253
0.0004620635
0.0003087612
0.0001918505
0.0003575649
0.001061056
0.002199607
0.003001227
0.002831886
0.001927058
0.0008765864
0.0005095298
0.0003533696
-0.0005227821
-0.002070812
-0.003418345
-0.004442474
-0.004941546
-0.005353654
-0.006378727
-0.007580637
-0.007710457
-0.006734871
-0.005580932
-0.005132157
-0.004404533
-0.002887491
-0.001180791
0.001356971
0.003902402
0.005746846
0.006958929
0.008104577
0.008449833
0.008491473
0.008605609
0.008660887
0.008641356
0.008559456
0.008614775
0.009050826
0.01008094
0.01133202
0.01186879
0.01290757
0.01423024
0.01439646
0.0143445
0.01397148
0.0128697
0.01126074
0.01009012
0.008579597
0.007510886
0.006309138
0.00565866
0.004561367
0.003257049
0.003200524
0.003254712
0.003212453
0.003165351
0.003136768
0.003131685
0.003126935
0.003074858
0.00297287
0.002901502
0.003073822
0.00372544
0.004864559
0.00583907
0.005934609
0.00608126
0.006356608
0.006301139
0.005869158
0.005853382
0.00590931
0.00587788
0.005872832
0.005904218
0.006022059
0.006099674
0.00591687
0.005138006
0.003739662
0.002328118
0.001296478
0.0004680263
-0.000239883
-0.001584276
-0.003090622
-0.004401456
-0.005743359
-0.007073157
-0.008703099
-0.01062277
-0.01276461
-0.01431679
-0.01543166
-0.01616143
-0.01619462
-0.01623176
-0.01633269
-0.01641703
-0.01645028
-0.01643429
-0.01638792
-0.01638222
-0.01646634
-0.01664907
-0.01675162
-0.01642501
-0.01523143
-0.01319923
-0.01133659
-0.01016893
-0.008886774
-0.007434138
-0.005711774
-0.004130938
-0.003108054
-0.003399572
-0.004484705
-0.005479948
-0.006550926
-0.008236995
-0.009938484
-0.01196171
-0.01434186
-0.01624399
-0.01751219
-0.01872524
-0.01911869
-0.01909978
-0.01886739
-0.01814105
-0.01708824
-0.0163204
-0.01482913
-0.01247066
-0.01099553
-0.01104625
-0.01115493
-0.01107319
-0.01098195
-0.0108853
-0.01084905
-0.01083504
-0.01085271
-0.0108597
-0.01087327
-0.01087259
-0.01088125
-0.0108763
-0.01087163
-0.01084553
-0.01083155
-0.01084175
-0.01092267
-0.0110212
-0.01099702
-0.01053721
-0.009401018
-0.007747951
-0.005935407
-0.003401205
-0.001088862
0.0009029818
0.003174522
0.005869058
0.007955227
0.01067326
0.01293961
0.01396366
0.01406236
0.01401405
0.01372689
0.012914
0.01194015
0.01148626
0.01153255
0.01152092
0.01148101
0.01148545
0.01157038
0.01162044
0.01143406
0.01077502
0.009742121
0.009048105
0.009518508
0.01079816
0.01163561
0.01160469
0.01132033
0.01062181
0.009367068
0.007997862
0.006616808
0.004864112
0.002906444
0.0009618314
-0.000689948
-0.002737065
-0.004798275
-0.006222687
-0.007444538
-0.008081974
-0.0081479
-0.007933871
-0.007164674
-0.005838151
-0.004591403
-0.003231728
-0.001693915
0.0002646436
0.002331472
0.004095759
0.006143468
0.007817057
0.008299305
0.008294625
0.00843403
0.008637233
0.008689572
0.008320195
0.007376541
0.006198656
0.005735703
0.005184544
0.004180675
0.003359428
0.002745554
0.001731675
0.0005806581
0.0004268097
0.000562123
0.0003386445
-0.0003837462
-0.001501301
-0.002146244
-0.0009859594
0.000319999
0.0002051566
-4.548544e-05
-8.166498e-06
0.0004712179
0.001514158
0.002704492
0.003131672
0.004230514
0.006052745
0.007362761
0.008620416
0.008604116
0.007963227
0.006842518
0.005609805
0.005621996
0.00591721
0.006493531
0.007528464
0.0085472
0.009051644
0.0100432
0.01121493
0.01189382
0.0129722
0.01396882
0.01408859
0.01432593
0.01475773
0.01487793
0.01436304
0.01360479
0.0119527
0.009741728
0.008169987
0.006893905
0.005293941
0.004106674
0.00316752
0.002406528
0.001261602
0.0002316725
-0.0004772031
-0.001599142
-0.002590511
-0.003301513
-0.004392449
-0.005308193
-0.005836954
-0.006737923
-0.007618364
-0.007955566
-0.008179182
-0.008942888
-0.01014839
-0.01097119
-0.01104365
-0.01095345
-0.01059771
-0.009774576
-0.00877852
-0.00848401
-0.008580742
-0.008211221
-0.007157988
-0.005805858
-0.005312634
-0.005772861
-0.006734374
-0.007839385
-0.00816919
-0.007989988
-0.008109327
-0.008757496
-0.009827035
-0.01068231
-0.01089857
-0.01084473
-0.01086038
-0.01093488
-0.01099327
-0.01094192
-0.01072915
-0.01041466
-0.01031977
-0.01082521
-0.01109578
-0.01115692
-0.01109331
-0.01062884
-0.009637655
-0.008495762
-0.008283398
-0.008388114
-0.008396937
-0.008355213
-0.008299077
-0.008261593
-0.008249163
-0.008253012
-0.00826237
-0.008263784
-0.008259977
-0.008252119
-0.008258167
-0.008278868
-0.008313225
-0.008319925
-0.008264191
-0.008127108
-0.008010539
-0.008132317
-0.008775364
-0.009979827
-0.01104581
-0.01053564
-0.00939539
-0.008356107
-0.008280204
-0.007854164
-0.006648351
-0.005324698
-0.004499218
-0.003502366
-0.002493939
-0.001236102
0.0006282241
0.002507825
0.004559785
0.005452245
0.005302363
0.005398293
0.00606338
0.007271055
0.008514254
0.009224026
0.01029224
0.01120185
0.01119708
0.01115504
0.01121664
0.01128033
0.01133404
0.01134687
0.01133226
0.01130179
0.01129754
0.01134565
0.01144564
0.01149416
0.01128829
0.01058833
0.009431348
0.008432234
0.007721235
0.006685011
0.005985737
0.00587441
0.005424318
0.004505626
0.003565785
0.002942014
0.002176217
0.0009327068
4.282948e-05
1.001332e-06
0.0003309542
0.001162688
0.002399793
0.00308916
0.002716438
0.001843556
0.0007609867
0.0001905025
0.0003325891
0.0001937992
-0.0005289512
-0.001671385
-0.0025396
-0.003003082
-0.003855205
-0.004688761
-0.004277676
-0.003050033
-0.002556155
-0.00269078
-0.002801282
-0.002832205
-0.002790136
-0.002678861
-0.002523559
-0.002458991
-0.00273749
-0.003655626
-0.005136807
-0.006430375
-0.007533927
-0.008319604
-0.009134436
-0.01027716
-0.01083402
-0.01091682
-0.01103535
-0.01107824
-0.01076139
-0.009904284
-0.00877464
-0.008321698
-0.008401008
-0.008437289
-0.008393236
-0.008322642
-0.008261089
-0.008251484
-0.008312556
-0.008420391
-0.008446384
-0.008168311
-0.007359142
-0.006156699
-0.005285444
-0.004436678
-0.003314915
-0.002880527
-0.002991776
-0.002962038
-0.00260334
-0.001901305
-0.001163398
-0.001216986
-0.002201178
-0.002803049
-0.002843424
-0.002828062
-0.002550939
-0.001640977
-6.378924e-05
0.00155584
0.003747719
0.005651366
0.006828517
0.007864364
0.008055412
0.008112956
0.008674741
0.00979452
0.01102997
0.01125287
0.0111426
0.0112066
0.01145073
0.01179125
0.01190465
0.01144282
0.01126962
0.01131445
0.01133235
0.01134493
0.01133388
0.01131947
0.0112944
0.01128263
0.01129475
0.0113531
0.0114251
0.01141323
0.01112757
0.01039731
0.009345021
0.008566144
0.007443832
0.005350999
0.003303847
0.002022361
0.001032823
0.0005346781
0.000153695
-0.0008220862
-0.002097166
-0.002646316
-0.00260069
-0.002574896
-0.002605573
-0.002653763
-0.002682602
-0.002685897
-0.002670714
-0.002679156
-0.002734861
-0.00282756
-0.002839746
-0.002576785
-0.001847355
-0.0007879293
-9.85157e-05
0.0001275672
0.0008639161
0.002056953
0.002796473
0.002762843
0.002737834
0.00287031
0.003053716
0.003120876
0.002789294
0.001873512
0.000656229
0.0002119357
0.001070457
0.002317311
0.003004319
0.002898279
0.002779664
0.002787638
0.002828403
0.002878844
0.002902993
0.002919362
0.002937481
0.002966151
0.002961321
0.002858402
0.002607058
0.002303671
0.002288654
0.002711544
0.002943082
0.003582728
0.004750725
0.005666635
0.005563729
0.005389475
0.005512712
0.006006368
0.006954955
0.007924693
0.008278552
0.008286795
0.008868301
0.01021909
0.01183384
0.01291892
0.01385676
0.01427738
0.01512308
0.01623703
0.01677114
0.01682785
0.01693115
0.01704798
0.0169068
0.01625733
0.01510081
0.01413921
0.01416021
0.01425765
0.01424243
0.01422731
0.01419435
0.01414307
0.01402916
0.01389635
0.01389993
0.01431785
0.01533514
0.01660754
0.01698914
0.01635555
0.01522915
0.01416291
0.01416547
0.01371728
0.01223221
0.01019914
0.00852038
0.006928323
0.004091068
0.001215441
-0.001141827
-0.002759449
-0.003770249
-0.005051179
-0.005743119
-0.006901017
-0.00825583
-0.0084098
-0.008448191
-0.008577402
-0.008510609
-0.007991804
-0.00690527
-0.005822427
-0.005917294
-0.005937159
-0.00535669
-0.004236391
-0.003090088
-0.003085726
-0.002875042
-0.001989844
-0.0007671108
-0.0001188596
-0.0001769581
-0.0002461328
-0.0002277029
-0.0001332764
3.390338e-05
0.0001896404
0.0001299338
-0.0004233491
-0.001514084
-0.002600951
-0.002581655
-0.002774234
-0.003659671
-0.004866018
-0.005505071
-0.005450442
-0.005442452
-0.005554125
-0.005697758
-0.005667067
-0.005206931
-0.00413912
-0.002877373
-0.002321814
-0.001244359
0.0001011415
0.0002351254
5.94077e-05
-0.0004637827
-0.001533262
-0.002589874
-0.002463754
-0.002395803
-0.00290002
-0.003974889
-0.005231885
-0.005679756
-0.006711742
-0.00836294
-0.009552297
-0.0110904
-0.01220408
-0.01342922
-0.01405039
-0.01506704
-0.01627912
-0.01636126
-0.01664007
-0.01743687
-0.01830791
-0.01847505
-0.01879165
-0.01765981
-0.0160488
-0.01485963
-0.01338002
-0.01208545
-0.01059816
-0.009552795
-0.008719667
-0.008444212
-0.007741409
-0.006459953
-0.005498432
-0.005520928
-0.005699206
-0.005739014
-0.005585535
-0.004988206
-0.003977532
-0.003010538
-0.002690621
-0.00275934
-0.002804067
-0.002773327
-0.002725246
-0.002635245
-0.002545266
-0.002502092
-0.002688641
-0.003260346
-0.004216646
-0.00503849
-0.005573553
-0.006364773
-0.007529251
-0.008172144
-0.008520998
-0.009067044
-0.009350119
-0.008621848
-0.008388453
-0.008142702
-0.007099082
-0.005447513
-0.004152153
-0.003052827
-0.002814002
-0.002871541
-0.002791079
-0.002681528
-0.002605712
-0.002676911
-0.002912119
-0.003228431
-0.003254542
-0.002635904
-0.002532288
-0.002583756
-0.00262984
-0.002784627
-0.002937446
-0.002856876
-0.002094429
-0.0003785722
0.00181496
0.00334597
0.004568587
0.006143837
0.007359697
0.00830833
0.008363106
0.008314036
0.008411526
0.008550225
0.008746556
0.00881794
0.00854106
0.007657462
0.006362694
0.005591593
0.005907956
0.006762344
0.007934232
0.008687481
0.008697798
0.008595511
0.008248761
0.007382148
0.006258119
0.005813177
0.005906854
0.005935762
0.005886252
0.005810289
0.005755465
0.005750083
0.00582511
0.005975997
0.00616176
0.006204614
0.005985221
0.006566156
0.0077305
0.008458957
0.008533502
0.008475405
0.008507713
0.008565057
0.008596029
0.008540097
0.008435711
0.008419479
0.008747184
0.009607768
0.01078209
0.01135807
0.01126781
0.01121816
0.01131472
0.01147745
0.01158278
0.01140116
0.01072471
0.009605483
0.00874246
0.008815783
0.008696402
0.007952016
0.006752013
0.005742396
0.005090099
0.004084112
0.003207492
0.002489032
0.001056221
-0.0006696818
-0.002210289
-0.003498443
-0.004518683
-0.004986242
-0.005325526
-0.006295492
-0.007645923
-0.008329574
-0.008316834
-0.007922188
-0.006882544
-0.00534941
-0.004208593
-0.003119575
-0.002499155
-0.001627663
-0.0003576724
0.0003232286
0.001230276
0.002500583
0.003269499
0.004283262
0.005581504
0.006072969
0.006988857
0.008207739
0.008744674
0.01003751
0.01209145
0.01351859
0.01474216
0.01586268
0.01673267
0.01668028
0.01669085
0.01719397
0.01820735
0.01940286
0.01995949
0.01979072
0.01916009
0.01794114
0.01634103
0.01426815
0.01148119
0.008870725
0.006858882
0.005495785
0.004334228
0.003176562
0.002165797
0.0009298263
0.0003565909
0.0003748039
0.0003757415
0.0003338355
0.0002827265
0.0002466262
0.0002293655
0.0002311092
0.0002413372
0.000253689
0.0002583441
0.0002501236
0.000227828
0.0002063533
0.0002157259
0.0002847111
0.0003955857
0.0004315853
0.0001743009
-0.0005812654
-0.001697647
-0.002410161
-0.00247158
-0.002413335
-0.002427756
-0.002475872
-0.002522818
-0.002549804
-0.002556448
-0.002552041
-0.002544491
-0.002538313
-0.002532387
-0.002528417
-0.002529258
-0.002541616
-0.002562535
-0.002576174
-0.002549393
-0.002464826
-0.002364383
-0.002409807
-0.002849051
-0.00387354
-0.005135957
-0.005697849
-0.006783363
-0.008119631
-0.008212889
-0.007952211
-0.007340676
-0.006287967
-0.005457051
-0.005580907
-0.005508366
-0.00479455
-0.003590388
-0.002588402
-0.00259012
-0.002629151
-0.002511984
-0.002421872
-0.002553792
-0.003154856
-0.004199275
-0.005088072
-0.005234614
-0.005803498
-0.006982861
-0.007996927
-0.008082272
-0.008101793
-0.00815706
-0.007930362
-0.007248026
-0.006192781
-0.005500042
-0.005263447
-0.004563474
-0.003436353
-0.002746014
-0.00264113
-0.002174216
-0.001164585
-0.0001596579
0.0002992579
0.0003707632
0.0003748139
7.769493e-05
-0.0007423388
-0.001893783
-0.0024632
-0.002373503
-0.002300607
-0.002350436
-0.002468774
-0.002623251
-0.002662318
-0.002373699
-0.001530578
-0.0003027657
0.0005576335
0.001323484
0.002328067
0.002746393
0.00297806
0.003921955
0.005564322
0.007035685
0.008156689
0.008521303
0.008360341
0.008371391
0.008808878
0.009786427
0.01101459
0.01153866
0.01153083
0.01153815
0.01143989
0.01095756
0.01000455
0.008941565
0.00789671
0.006529636
0.005196427
0.003764258
0.00233486
0.0008212744
-0.0005084085
-0.00156876
-0.00209214
-0.002479209
-0.003441071
-0.00466679
-0.005122804
-0.004998488
-0.005077103
-0.005645712
-0.006758262
-0.007989529
-0.009087385
-0.01014547
-0.01056852
-0.01052636
-0.01060487
-0.01079841
-0.01092839
-0.01070174
-0.009818836
-0.008348019
-0.00705564
-0.006001239
-0.00538229
-0.004804724
-0.003749886
-0.002820863
-0.002472551
-0.002396835
-0.002408254
-0.002722616
-0.00351673
-0.004557197
-0.005021864
-0.005308195
-0.006195799
-0.007431758
-0.007986213
-0.007963339
-0.007919879
-0.007867296
-0.007800091
-0.007845893
-0.008231881
-0.009131301
-0.01026268
-0.0106898
-0.01056503
-0.01051131
-0.01060633
-0.01081992
-0.01099603
-0.01079824
-0.00975824
-0.007727154
-0.00544351
-0.003280639
-0.0008216759
0.0009526249
0.002370325
0.003955279
0.005811042
0.007432396
0.008361685
0.00873158
0.008818897
0.008641283
0.007863748
0.006468052
0.00514893
0.004122919
0.00338149
0.002639994
0.001238588
-0.0002882429
-0.001772465
-0.003155401
-0.00423297
-0.004822353
-0.004792751
-0.005068172
-0.005961708
-0.00722608
-0.008007558
-0.007944938
-0.007799127
-0.007719434
-0.007758158
-0.008091457
-0.008831414
-0.009746875
-0.01003003
-0.009548217
-0.008842317
-0.008053715
-0.008068617
-0.007866968
-0.006993065
-0.005751856
-0.004638871
-0.003617874
-0.002632124
-0.002201142
-0.001304112
-0.0001432296
0.0004079662
0.0003498396
0.0002036944
9.199418e-05
0.0002062378
0.0008428179
0.002146457
0.00348565
0.0034235
0.002724782
0.001532688
0.0002317768
0.0001870761
0.0004712382
0.00112115
0.002310366
0.003359115
0.002847734
0.001780555
0.000905986
0.0009818955
0.0005827209
0.0005378605
0.0006125109
0.0005635718
0.0005194134
0.0003990004
0.0002970381
0.0003082283
0.0007064017
0.001655266
0.002911622
0.003570685
0.004405246
0.005483362
0.005831352
0.006269303
0.007324095
0.008481427
0.00865655
0.008580209
0.008962082
0.009920167
0.01116788
0.01167701
0.01160799
0.01154408
0.01155213
0.0115993
0.01170701
0.01184257
0.01190561
0.01164449
0.01078088
0.009340327
0.007995923
0.006618946
0.005299171
0.00393635
0.002736566
0.001609844
0.0006508014
-5.640106e-05
-0.001193005
-0.00225057
-0.003051702
-0.004204017
-0.004983707
-0.004999095
-0.004981461
-0.004991713
-0.00494682
-0.004898466
-0.005016242
-0.005550069
-0.006570482
-0.007600571
-0.008003517
-0.007817922
-0.007573991
-0.006524744
-0.00542782
-0.004795917
-0.003737573
-0.002774746
-0.00283055
-0.002944878
-0.002835536
-0.002391424
-0.001514639
-0.000494911
0.0001197847
0.0006394249
0.001659378
0.002696596
0.003137555
0.003997289
0.005096623
0.005599657
0.005565892
0.005522314
0.005520057
0.005528949
0.005570924
0.005667511
0.005774312
0.005726346
0.005231505
0.004071749
0.002587161
0.001828081
0.0008676333
0.0001440919
-0.0003590081
-0.001408893
-0.002531056
-0.002625907
-0.002973567
-0.003968326
-0.005051919
-0.005106532
-0.003911449
-0.002740341
-0.002868818
-0.00314126
-0.003074452
-0.002581533
-0.001545451
-0.0004793976
-0.0003716848
-0.0004565556
1.18441e-05
0.001115792
0.002394488
0.00256852
0.002034546
0.001082191
6.417957e-05
-0.0001344164
-0.0003543035
-0.001224497
-0.002437768
-0.003161187
-0.004053483
-0.005149866
-0.005366351
-0.00533199
-0.005430272
-0.005567743
-0.005536104
-0.005100647
-0.004177131
-0.003235785
-0.003371466
-0.0044003
-0.005173661
-0.005299558
-0.005166335
-0.00509714
-0.005077168
-0.005073764
-0.005061691
-0.005062418
-0.005088655
-0.005131083
-0.005079917
-0.004763987
-0.004029765
-0.003059209
-0.002523472
-0.002278999
-0.001531769
-0.0004268786
0.0001676464
0.0001264405
2.101713e-05
-5.434207e-05
-1.221737e-05
0.0003472014
0.001172497
0.00220787
0.002608501
0.002484403
0.002346046
0.002252079
0.002295292
0.00265006
0.003441366
0.004385627
0.004654763
0.004415023
0.004320026
0.004611473
0.005418368
0.006457228
0.006843634
0.006540431
0.005888389
0.00496102
0.00425453
0.004091215
0.004174371
0.004210849
0.00410632
0.003702064
0.002888007
0.001895449
0.001488975
0.001525417
0.001525462
0.001461978
0.001383366
0.001311761
0.001260802
0.001223956
0.001195021
0.001164098
0.001131053
0.001093961
0.001056993
0.001018859
0.0009820337
0.000944204
0.0009077922
0.0008716324
0.000837907
0.000803314
0.0007657587
0.0007199811
0.0006687074
0.0006221406
0.000600989
0.0006158554
0.0006410328
0.0005832148
0.0003000559
-0.0003099356
-0.001066274
-0.001409228
-0.001623815
-0.002248296
-0.003086974
-0.003425732
-0.003329176
-0.003210416
-0.003167555
-0.003329439
-0.003823046
-0.004560016
-0.005007915
-0.004762982
-0.003992118
-0.003193295
-0.003146143
-0.003841251
-0.00465901
-0.004881251
-0.00450056
-0.003827666
-0.003075782
-0.002806678
-0.002874362
-0.002876224
-0.002777139
-0.002644027
-0.002588835
-0.002767656
-0.003275663
-0.003932315
-0.004165431
-0.004064728
-0.003971805
-0.00390199
-0.003845105
-0.003834855
-0.003924346
-0.004123791
-0.004288981
-0.004101611
-0.003672942
-0.003418415
-0.003327559
-0.003314485
-0.003500681
-0.003973809
-0.004523805
-0.004581074
-0.004424056
-0.004313759
-0.004238653
-0.004197463
-0.0041732
-0.004136192
-0.004001401
-0.003668516
-0.003092354
-0.002496741
-0.002373504
-0.002337814
-0.002057909
-0.001504761
-0.0008884329
-0.0007314385
-0.0007370747
-0.0007071632
-0.0006611145
-0.0006123425
-0.0005740336
-0.0005384752
-0.0004923018
-0.0004251825
-0.0003589287
-0.0003574472
-0.0005099685
-0.0008569728
-0.001231822
-0.001249265
-0.001244071
-0.0014621
-0.001819024
-0.002018479
-0.001961121
-0.001852568
-0.001762653
-0.001685791
-0.001610923
-0.001534634
-0.001449855
-0.001352872
-0.001238883
-0.001120406
-0.001032518
-0.00103548
-0.001173307
-0.00138718
-0.001454718
-0.001413791
-0.001516482
-0.00171689
-0.001753654
-0.001630852
-0.001523904
-0.001410599
-0.00119711
-0.0007946091
-0.0002410509
0.0002495335
0.0008732111
0.001325243
0.001599587
0.001986653
0.002293034
0.00268395
0.002962604
0.003206023
0.003182445
0.00305781
0.002870639
0.002627358
0.002513042
0.00251237
0.002495803
0.002464376
0.002460581
0.002493123
0.002552567
0.002571132
0.002454492
0.002346091
0.002341324
0.002349462
0.00234512
0.002302782
0.002204717
0.002048335
0.001907241
0.001851293
0.001745025
0.001617187
0.001599554
0.001694155
0.001829997
0.001917177
0.001898598
0.001899118
0.001963386
0.002072717
0.002157259
0.002135491
0.002104307
0.002077931
0.002055739
0.0020439
0.002057453
0.002100452
0.002142294
0.002132142
0.002087729
0.002060082
0.002066648
0.002097166
0.00211435
0.002082562
0.002074511
0.002092863
0.002102693
0.002103581
0.002078891
0.001984032
0.001869055
0.001774073
0.001726645
0.001683735
0.001635526
0.001587894
0.001537951
0.001483239
0.001417817
0.0013433
0.001278564
0.001236786
0.001185947
0.001126081
0.001079441
0.001046939
0.001005958
0.0009581571
0.0009234539
0.0009053643
0.0008874304
0.0008673888
0.0008492503
0.0008358914
0.0008302376
0.0008283054
0.000818543
0.000797704
0.0007773391
0.0007587838
0.0007412974
0.0007239755
0.0007067714
0.0006895422
0.0006726446
0.0006560447
0.0006401353
0.0006245779
0.0006092085
0.0005939105
0.0005794503
0.0005665343
0.0005559435
0.0005465075
0.0005350291
0.0005206717
0.0005064819
0.0004921253
0.0004771067
0.0004619904
0.0004489723
0.0004381777
0.0004274499
0.0004162086
0.0004046232
0.0003930734
0.000382835
0.0003738487
0.0003649923
0.0003560834
0.0003473138
0.0003386426
0.0003301703
0.0003218241
0.0003136309
0.0003054703
0.0002973258
0.0002891426
0.0002810914
0.0002733515
0.0002658795
0.0002584447
0.0002510721
0.000243752
0.0002365138
0.0002293334
0.0002222313
0.0002151892
0.0002082226
0.0002013177
0.0001944878
0.0001877227
0.0001810321
0.0001744088
0.0001678609
0.0001613854
0.0001549877
0.0001486623
0.0001424115
0.0001362349
0.0001301351
0.0001241123
0.0001181678
0.0001123022
NaN
NaN
