0.002243187
0.002230152
0.002215536
0.002202711
0.002188381
0.002175567
0.002161358
0.002148321
0.002133774
0.002119871
0.002105961
0.00209291
0.002079898
0.002067817
0.002056647
0.002046434
0.002038765
0.002030604
0.002021426
0.002011132
0.002002726
0.001992814
0.001987194
0.001974018
0.001945603
0.001917465
0.001901611
0.001879372
0.0018584
0.001834772
0.001810893
0.001778732
0.001750598
0.001731292
0.001667645
0.001587577
0.00188662
0.002515314
0.002403539
0.002164086
0.001966127
0.001606324
0.001692583
0.00243401
0.003603543
0.003956632
0.001356364
-0.0006929442
4.039334e-05
0.0009252874
0.00174399
0.001358978
0.001003583
0.001343614
0.001956103
0.002094804
-0.001063685
-0.0007080069
0.00465555
0.005972202
-8.862654e-05
-0.005939153
-0.003484026
8.279251e-05
0.004141271
0.007811127
1.064918e-05
0.001219117
0.004792017
0.006206965
0.01076818
0.01306432
0.004033144
0.00232016
0.006392596
0.001126297
-0.0038622
-0.004279108
0.001200992
0.006376554
0.004599121
-0.00348675
-0.01105926
-0.004583314
0.01250043
0.0130636
-0.01096005
-0.02642304
0.001012876
0.02900765
0.0136788
-0.0188245
-0.02942084
-0.001129148
0.02106329
-0.01033822
-0.01749041
0.007720471
0.03020277
0.0224923
-0.009810253
-0.0453595
-0.03749588
0.02029949
0.05883214
0.0164972
-0.03626342
-0.04155755
0.02231284
0.02870099
-0.0334257
-0.03776617
-0.01795764
-0.0007545577
0.01935341
0.00167519
-0.04698371
-0.05461504
-0.01740115
0.02094626
0.02326918
-0.006593583
-0.01302223
0.007466668
-0.008055873
-0.008387517
0.005381595
0.01353595
0.02187519
0.004556537
-0.01685921
-0.03610703
-0.01964207
0.00843004
0.03252727
0.02534607
0.001638476
-0.01875921
-0.01250832
0.01063238
0.01093717
-0.008633451
-0.01482248
0.004195929
0.01935483
-0.0012895
-0.02376979
-0.01756034
-0.009936375
-0.0009625449
0.006712944
-0.007962138
-0.02570432
-0.006194579
0.01992536
0.01863771
-0.005644287
-0.01721147
-0.009325923
-0.002278018
0.005738588
0.009657909
0.0002619276
-0.008306472
0.0004450694
0.01364364
0.01855256
-0.004399751
0.002067035
0.01049533
-0.03383873
-0.03602495
-0.009474092
0.01218036
0.01752122
-0.004796331
-0.03191282
-0.03001708
-0.00440533
0.0210592
0.02552841
0.006730934
-0.003269683
0.003729315
0.004216911
0.0008261058
0.0002373452
-0.001725736
-0.00142149
-0.0021701
-0.002057138
0.0008419048
0.007282167
0.00888707
0.001481986
-0.004254384
0.005861352
-0.006894519
-0.001436408
0.01233647
0.01641191
0.009752219
0.0001971296
-0.008085757
-0.01432723
-0.008730184
-0.003221416
-0.009452581
-0.01737657
-0.006522084
0.003284826
-0.003849834
0.003895042
0.01748529
0.02629319
0.01604325
0.001619457
0.008382736
0.01713425
0.0239698
0.01469634
-0.01124537
-0.03365826
-0.01650769
0.01514682
-0.02702271
-0.008667713
0.02841417
0.01063442
-0.0117337
0.009812909
0.03319917
0.01544085
0.0008860732
-0.01459212
-0.01825028
-0.007981873
0.003652183
-0.007648656
-0.01914344
-0.005896597
0.001884165
0.0006103074
0.01334149
0.02458926
0.007727769
-0.001885123
0.02614336
0.01510008
-0.007249409
-0.02337851
-0.02075352
-0.01136899
0.0004737645
0.01177578
-0.004857218
-0.02685192
-0.01552218
-0.004299998
0.005498936
0.01828354
0.02493037
0.007451083
0.01058162
0.02444573
0.01218277
-0.002157867
-0.006808409
-0.005637822
-0.00284738
-0.001006784
0.0002961383
-0.01067684
-0.0307592
-0.001355706
0.07062042
0.04466991
0.00536196
-0.02244228
-0.04442995
-0.0291911
-0.01154424
0.004330004
0.01741569
0.01655905
-0.01550278
-0.04934156
-0.0272144
0.01594392
0.05618626
0.05756211
0.01333919
-0.04603077
-0.0977261
-0.02702731
0.06765098
0.03709215
0.001292896
-0.019694
-0.02504447
-0.05718307
-0.09348051
-0.01635547
0.07012858
0.03356998
-0.02782459
-0.07171512
-0.01466369
0.02401944
0.02011069
-0.007374977
-0.04652169
-0.04547952
-0.01196734
0.006527722
-0.01841669
-0.04371408
-0.06921776
-0.0784695
-0.06002487
-0.03773487
-0.06293793
-0.1393087
-0.1233583
-0.07627708
-0.04713074
-0.04880403
-0.0644199
-0.04944008
-0.03499666
-0.02490614
-0.05291045
-0.08222749
-0.05172499
0.01452433
0.06734348
-0.002207247
-0.09538248
-0.03878916
0.02767539
0.06089494
0.02941832
-0.0115324
-0.01784099
0.008780821
0.04042868
0.07792268
0.106089
0.03825138
-0.04286829
-0.05523261
-0.01031205
0.01892965
-0.008080606
-0.01136869
-0.00268418
-0.001494223
0.002369775
0.006107465
0.01106899
0.01363689
0.01776246
0.03070716
0.05178667
0.0680295
0.08604474
0.1144382
0.1371452
0.03311856
-0.09068016
-0.1317923
-0.07940466
-0.01102991
0.04813987
0.04519733
0.01268762
-0.007026234
0.0220598
0.07924663
0.1030803
0.1100079
0.1115384
0.1178041
0.1185535
0.1264607
0.1289204
0.1234506
0.103242
0.08859585
0.1002624
0.1375745
0.1341584
0.1152137
0.0946636
0.07673471
0.04951551
0.02922729
0.02426804
0.03428126
0.04904921
0.03499767
-0.1125288
-0.1255725
-0.06000269
-0.02406115
-0.07593148
-0.1333547
-0.07868048
-0.02457813
-0.02595329
-0.04441833
-0.03449244
-0.0003764786
0.02631764
0.01139912
-0.003052886
0.02478339
-0.03096616
-0.1034488
-0.1482928
-0.1602505
-0.1513854
-0.1632987
-0.1847762
-0.1365344
-0.0612679
0.01092251
0.0872087
0.1264748
0.1408944
0.1360951
0.1439707
0.2354994
0.2129148
0.1607195
0.1298268
0.09738492
0.1198935
0.1008714
0.01296381
-0.07991699
-0.1013013
-0.05812341
-0.01041322
0.03329753
0.09091371
0.147622
0.1407823
0.06020286
0.01883674
0.03981927
0.06444916
0.02401753
-0.08651234
-0.2066569
-0.2149008
-0.1002478
-0.000581959
-0.03804788
-0.08975875
-0.1047163
-0.0380369
0.0376905
0.005298752
-0.06454948
-0.1296124
-0.1051748
-0.02131812
0.01333707
-0.05197432
-0.1065706
-0.03272501
0.05917771
0.1190147
0.05621065
-0.003301932
0.0980363
0.2080455
0.2588333
0.2151285
0.161181
0.1116991
0.0530219
-0.002916844
-0.06779513
-0.1162563
-0.08212201
-0.03423778
0.0002909057
0.0453066
0.1006234
0.1504922
0.0577781
-0.04671362
-0.004048002
0.04146913
0.01281702
-0.009073928
-0.01972427
-0.02232985
-0.02609991
-0.02690771
-0.02984814
-0.03521579
-0.03043345
0.02107473
0.08308822
0.1368509
0.1191296
0.08931356
0.0678289
0.03752134
0.008824688
-0.02195931
-0.04243032
-0.05144028
-0.05881395
-0.06739721
-0.07051868
-0.07314332
-0.07534038
-0.08719912
-0.1078001
-0.1291293
-0.153963
-0.1772046
-0.1657631
-0.1337609
-0.1040752
-0.07206594
-0.03705582
-0.003907535
0.0115514
0.02628335
0.04205378
0.03489286
0.01598092
-0.002821609
-0.02367054
-0.03511055
-0.03039409
-0.02469708
-0.02693662
-0.02373202
-0.004606538
0.003662582
-0.02303656
-0.0603342
-0.08815012
-0.02506163
0.03000863
2.201007e-05
-0.02890781
-0.05763627
-0.07883556
-0.0585209
-0.05675088
-0.08157854
-0.1021553
-0.1040904
-0.08573655
-0.1060079
-0.1492226
-0.1465239
-0.07447937
-0.02745323
-0.05333809
-0.07449374
-0.03101305
0.01486959
0.01010858
0.02863364
0.02825865
-0.02324892
-0.0388167
-0.002196271
0.01431073
0.004001396
-0.001940145
-0.01009114
-0.005991714
0.01385716
0.03679558
0.04068259
0.01884274
-0.006853574
-0.02983014
-0.05268716
-0.07156884
-0.09324617
-0.1116862
-0.1308109
-0.1534313
-0.1781863
-0.1489366
-0.1011427
-0.1359323
-0.2339266
-0.1791059
-0.1072702
-0.1225403
-0.1378246
-0.1543796
-0.1552096
-0.1077755
-0.05591094
-0.06836245
-0.1035052
-0.1390568
-0.1348978
-0.07240467
-0.01585284
-0.04878276
-0.06476694
0.02469918
0.120062
0.2087019
0.253992
0.262833
0.304666
0.3461005
0.3789937
0.427438
0.4749827
0.4097399
0.2640015
0.2180617
0.1934237
0.1547637
0.1194261
0.08287988
0.04512826
0.005549712
-0.006691824
-0.005566691
-0.01861274
-0.03620339
-0.04957231
-0.04719351
-0.03983632
-0.03046155
-0.03508112
-0.09268937
-0.1261577
-0.1102329
-0.0960015
-0.08268129
-0.06407692
-0.04660533
-0.04191361
-0.03149434
0.008190861
0.04719414
0.05721654
0.06755866
0.07504039
0.05725019
0.0388954
0.04609526
0.06217209
0.07821606
0.0934925
0.09359162
0.1059673
0.1231775
0.1345262
0.14866
0.1644228
0.1793777
0.1669364
0.1369817
0.1080553
0.08511171
0.07298575
0.06272034
0.04957009
0.0455119
0.05854897
0.07303751
0.06052931
0.03700551
-0.0005118504
-0.0408093
-0.0815465
-0.1219772
-0.162482
-0.2062596
-0.2493128
-0.251433
-0.2361975
-0.2368029
-0.3035543
-0.3413737
-0.2816877
-0.2145787
-0.1562192
-0.148969
-0.158597
-0.1096928
-0.04688381
0.009582805
-0.001656682
-0.0274177
-0.03066626
0.01582554
0.0700755
0.1188153
0.176583
0.2293563
0.2700114
0.3041317
0.3373669
0.3730061
0.4123138
0.4058505
0.3186652
0.2239928
0.1766424
0.1711585
0.1493942
0.1017254
0.06987004
0.07348302
0.08007608
0.08193284
0.09290798
0.100246
0.07250026
0.02983457
0.02001539
0.006572516
-0.05598683
-0.1286635
-0.1986987
-0.2447784
-0.2124903
-0.1861187
-0.2163042
-0.2484406
-0.2111926
-0.1298266
-0.09447795
-0.08844755
-0.06881884
-0.02836251
0.01455191
0.03654607
0.05361191
0.07041512
0.08471263
0.07352458
0.05949884
0.02926171
-0.006550278
-0.04651612
-0.08713762
-0.07760407
-0.04294173
-0.07907989
-0.1348135
-0.1111584
-0.05997343
-0.01323837
0.04092871
0.06317459
0.05958985
0.06609004
0.09370033
0.1229525
0.1525515
0.144886
0.1099853
0.1109244
0.1158822
0.07177724
0.02821598
-0.0129406
-0.05941955
-0.09947657
-0.1055548
-0.09884943
-0.09341981
-0.08745912
-0.04830587
0.02366382
0.09494085
0.1012189
0.0686561
0.04008703
0.0280627
0.007509783
-0.02366907
-0.04964721
-0.06199869
-0.07271568
-0.08713165
-0.09321374
-0.07922314
-0.0608255
-0.04205197
-0.03171458
-0.05803611
-0.05757348
-0.02679009
-0.009157316
-0.02720681
-0.05069883
-0.07033365
-0.06888004
-0.04362757
-0.03510003
-0.03639202
-0.02862918
-0.02664234
-0.04166023
-0.05523045
-0.05532564
-0.03417555
-0.0526082
-0.07859062
-0.09782043
-0.09445406
-0.08468989
-0.07926656
-0.05814072
-0.01117253
0.001798058
-0.02392636
-0.04382766
-0.01596432
0.03317201
0.08494681
0.1312236
0.1070179
0.07571405
0.06329042
0.03107091
-0.008843139
-0.04255078
-0.0201253
0.01141698
0.04271914
0.07776691
0.05742073
0.01983372
0.01795139
0.004097363
-0.02209096
-0.04343227
-0.04739852
-0.03866594
-0.04817776
-0.07351831
-0.05935465
0.007223562
0.07643849
0.1288535
0.1424893
0.1520993
0.1669084
0.1525801
0.1071095
0.05977384
0.0134605
-0.03657704
-0.07613109
-0.1154242
-0.159972
-0.1992962
-0.1788861
-0.148477
-0.1227311
-0.08923901
-0.07454789
-0.08308284
-0.07621795
-0.02126817
0.03094007
0.04172128
0.02336282
0.002306846
-0.002041897
0.0206519
0.04733865
0.06991759
0.09732954
0.1304465
0.1538431
0.1103671
0.108259
0.1192723
0.09406878
0.06560261
0.0352988
0.004988662
-0.02036668
-0.03069533
-0.04247228
-0.05265306
-0.05252645
-0.0557364
-0.07496789
-0.09448477
-0.1003114
-0.08628237
-0.0729562
-0.08392841
-0.09782515
-0.07551591
-0.04709058
-0.02056901
-0.00373154
-0.01059716
0.01315755
0.04184561
0.06551289
0.09675606
0.1087549
0.07103507
0.02718669
0.0005701456
-0.02058178
-0.03695765
-0.02082165
0.01519488
0.04552355
0.03817928
-0.002469909
0.02218568
0.05941348
0.09196918
0.08952866
0.0350283
-0.004972767
-0.0001704323
-0.01009254
-0.03883115
-0.06616996
-0.09658778
-0.1078279
-0.06110546
-0.006832226
0.04399581
0.07820851
0.08997766
0.104124
0.1195332
0.1062535
0.0529252
0.001705398
0.006872459
0.02257104
0.03156772
0.03114894
0.02434423
0.03722596
0.04938555
0.0518499
0.0418425
0.01674855
-0.0125323
-0.04288308
-0.07257392
-0.05428945
-0.02493674
-0.002606324
-0.04226879
-0.09684072
-0.1086038
-0.07840024
-0.04381686
-0.03093007
-0.03406735
-0.02947418
-0.04046536
-0.06019329
-0.07542526
-0.08271246
-0.06758351
-0.05233394
-0.02872466
-0.0228756
-0.09101483
-0.1392625
-0.08989143
-0.0393799
-0.01970359
-0.03937936
-0.05760641
-0.001237954
0.07977495
0.0591232
0.0189022
-0.009871764
0.0008479353
0.04327674
0.05052948
0.04446752
0.03659147
0.02572856
0.01239029
0.003642669
0.01677215
0.03295205
0.04538993
0.0597874
0.08211807
0.09855759
0.03661422
-0.02020824
0.009601144
0.002035856
-0.06899992
-0.07785649
-0.06341948
-0.1087939
-0.1222468
-0.1033071
-0.08828641
-0.08125465
-0.102197
-0.1276263
-0.1345218
-0.1152448
-0.09734276
-0.07676282
-0.01223769
0.03284877
0.02298133
0.01434677
0.03610037
0.06545536
0.0975463
0.1375979
0.1320565
0.05288951
-0.007575719
0.0431924
0.0982369
0.07032988
0.02752813
-0.002067281
-0.003040465
0.01866063
0.04804489
0.0753908
0.04384432
-0.009041712
-0.01820825
-0.008391864
-0.003345296
-0.001715486
0.02334996
0.009440431
-0.03137852
-0.06533533
-0.05176037
-0.02880052
-0.01455078
0.006490257
0.04575751
0.08908714
0.1376138
0.1715096
0.1118474
0.05282629
0.09896532
0.1138202
0.07256882
0.04349067
0.05024325
0.06242273
0.07343735
0.08802661
0.06092159
0.02006732
-0.01787997
-0.05739852
-0.1027913
-0.1477035
-0.132718
-0.07025673
-0.006650087
0.007859444
-0.0415674
-0.04363056
-0.006145214
0.03111863
0.05538792
0.009564785
-0.01699716
0.01899125
0.0598391
0.09472552
0.0608041
0.0126738
0.04256998
0.08682069
0.1138655
0.03739871
-0.02633159
0.003124243
0.02764159
0.03135409
-0.004763947
-0.04559083
-0.06354898
-0.02844803
0.009951853
-0.00860026
-0.06133086
-0.05222925
0.002373019
0.04096956
0.01653891
-0.01273402
-0.03747953
-0.06327295
-0.07500427
-0.08760878
-0.1016479
-0.09417005
-0.05435846
-0.00962331
0.002570635
-0.02692093
-0.04297384
0.0004710285
0.05332542
0.09949973
0.05580371
-0.01499593
-0.03032629
0.02288465
0.01577504
-0.02655693
-0.0576915
-0.06638406
0.004748142
0.07186262
0.05203229
0.01101804
-0.01856124
-0.03402268
-0.01289992
0.007347341
0.00605764
-0.06294653
-0.1391341
-0.1657618
-0.08221033
0.007508481
0.02584732
-0.02498073
-0.08484071
-0.127215
-0.04983097
0.05683571
0.1425923
0.08434407
-0.006431377
-0.05072742
-0.0334225
-0.01592617
-0.07522126
-0.02910653
0.02777051
-0.001317808
-0.03013444
0.005111033
0.07297317
0.1366025
0.1087027
0.0356902
0.03789394
0.08994999
0.1471582
0.1900171
0.1374854
0.06444344
0.003173011
-0.01204339
0.01752145
-0.03180737
-0.1123269
-0.1805862
-0.1521708
-0.1113647
-0.07897817
-0.0531121
-0.05377847
-0.04165932
-0.007865378
0.02927859
0.06228355
0.06115164
0.07087338
0.102047
0.1221545
0.07898253
0.04404738
0.07035689
0.09557823
0.1223656
0.1365927
0.102007
0.08776633
0.1013339
0.110243
0.1060191
0.07034178
0.03332877
-0.006704566
-0.04618443
-0.05108995
-0.04743913
-0.04594438
-0.03527561
-0.05382621
-0.1233431
-0.1475489
-0.08397067
-0.01105198
0.04065555
-0.0298013
-0.1160085
-0.1205913
-0.08166725
-0.03853624
-0.03080844
-0.05085135
-0.02859663
0.01600291
-0.03921238
-0.09469613
-0.07548173
-0.05587288
-0.04033867
-0.03790765
-0.07281427
-0.1136916
-0.1282811
-0.08366258
-0.03116671
-0.02824184
-0.08331712
-0.1359888
-0.08445046
-0.006827554
-0.04040168
-0.07473485
-0.05029634
-0.05109336
-0.07258522
-0.05654309
-0.03273088
-0.01306463
0.008059062
0.02668858
0.04445712
0.06597454
0.08515085
0.07110692
0.04563303
0.0518203
0.06060142
0.0721589
0.08387435
0.05849408
0.01698106
0.04022261
0.1017949
0.1463204
0.08407084
0.007216904
-0.02878045
0.003819167
0.05399957
0.06232021
-0.02116043
-0.04098599
0.0188565
0.06074933
0.05407556
0.02439347
0.0001104515
-0.0315975
-0.03000041
-0.0273458
-0.02467689
-0.02145107
-0.01385162
-0.01630865
-0.03476407
-0.02903375
0.01197269
0.04926543
0.0917339
0.1332056
0.1528376
0.1468418
0.1436486
0.1393072
0.1557919
0.1824276
0.2006502
0.1182673
0.05135484
0.07001196
0.09159338
0.103761
0.05534085
0.02393281
0.05259862
0.08016941
0.1075367
0.1064581
0.0801407
0.05237973
0.02891841
0.007938885
-0.02379641
-0.07373881
-0.1251468
-0.179
-0.2147778
-0.2004306
-0.180415
-0.1702299
-0.1577171
-0.1313623
-0.08150284
-0.06297946
-0.07903635
-0.09608086
-0.1113272
-0.1266375
-0.1376583
-0.1486332
-0.1662701
-0.1847939
-0.1157102
-0.002873863
0.02420464
-0.0006200761
-0.0185362
0.007845322
0.07211962
0.08876445
0.06860047
0.05025726
0.06278645
0.09106498
0.1237735
0.1372256
0.09896032
0.05281427
0.04642993
0.0613256
0.06586581
-0.01024916
-0.02924493
-0.0004727692
-0.03199906
-0.08132135
-0.06742013
-0.04757231
-0.03585865
-0.01679355
-0.01035326
-0.01179506
-0.01992133
-0.04011096
-0.06280929
-0.08429486
-0.1071515
-0.1291804
-0.1529187
-0.1767575
-0.1753355
-0.1575368
-0.141899
-0.1238905
-0.105131
-0.08527837
-0.06626656
-0.03074557
0.0206696
0.07200923
0.1008814
0.1165816
0.1451556
0.1691502
0.1684053
0.1656674
0.1654869
0.1622252
0.1598004
0.1585625
0.1600283
0.162018
0.1635415
0.1534387
0.1402966
0.125791
0.1112416
0.1224649
0.1419428
0.1492448
0.1171932
0.08174724
0.07295763
0.07055519
0.04647134
-0.01904117
-0.08488927
-0.1073936
-0.1053775
-0.1149368
-0.1344596
-0.1437149
-0.1249914
-0.1088884
-0.1283951
-0.1536197
-0.1714335
-0.1960025
-0.2250113
-0.2478952
-0.2071511
-0.1594906
-0.1097829
-0.03048812
0.002308414
0.008666439
0.05264662
0.09517724
0.1392122
0.1870165
0.1853468
0.1227715
0.1012408
0.1085051
0.1072339
0.07942493
0.04678935
0.0327955
0.03951455
0.02842094
0.007271454
-0.007720357
-0.001863961
0.008224321
-0.003057872
-0.02261141
-0.04252636
-0.06282489
-0.08450683
-0.1034664
-0.1232585
-0.1502597
-0.1764845
-0.1819517
-0.1665715
-0.1508322
-0.1492454
-0.1543159
-0.1321209
-0.101691
-0.08102484
-0.09059779
-0.08381578
-0.05472605
-0.0306393
-0.001733366
0.02623644
0.0284183
0.01924671
0.02776903
0.03521658
0.02667781
0.005970558
-0.01380152
-0.03768961
-0.06008631
-0.04952883
-0.02239495
0.006914612
0.03399055
0.007634532
-0.02040305
0.01108605
0.05520801
0.09992436
0.1481553
0.1368467
0.0928006
0.05189495
0.06310402
0.1072819
0.07977926
0.06128818
0.1000794
0.09280902
0.07958509
0.09758108
0.1192493
0.1332838
0.08720276
0.03564865
0.0405408
0.06584334
0.08925523
0.08805856
0.06871742
0.07795075
0.09156584
0.1038568
0.1172658
0.09834677
0.06399638
0.02649339
-0.008231304
-0.004535253
-0.02119753
-0.07617872
-0.1320708
-0.1501842
-0.09302826
-0.0332889
-0.02529523
-0.03765662
-0.03834091
-0.00761051
0.009017189
-0.01969178
-0.03137666
-0.03458493
-0.04757068
-0.04760147
-0.0211683
0.006922871
0.02025001
0.01834552
0.01617901
0.01370761
0.003131448
-0.009633959
-0.02321051
-0.03971316
-0.03668341
0.002671864
0.04049731
0.05609346
0.07448226
0.09758647
0.1005406
0.05454727
0.02157153
0.02741097
0.01037302
-0.01183632
-0.03023349
-0.04846868
-0.03776962
-0.02431352
-0.01352575
0.003217654
0.02709676
0.05127086
0.07839417
0.1052621
0.09386117
0.06834263
0.07554986
0.08348728
0.05716431
0.0186943
0.007973366
0.02850286
0.05022058
0.07224939
0.09663867
0.1056751
0.1114009
0.1025136
0.08335646
0.06636638
0.05523652
0.03894539
0.008425632
-0.02375713
-0.04541979
-0.03859265
-0.02896705
-0.02428177
-0.017936
-0.009376706
0.007470652
0.01949938
0.009374193
-0.003152107
-0.01338083
-0.02657707
-0.03829294
-0.05027624
-0.06196775
-0.06752899
-0.06426177
-0.07103037
-0.09718027
-0.122624
-0.1211423
-0.1158965
-0.1110444
-0.1050313
-0.11196
-0.1228451
-0.131932
-0.147223
-0.1598094
-0.1324424
-0.08752883
-0.06964534
-0.0562293
-0.04102145
-0.02677275
-0.01558049
-0.01095011
-0.0138226
-0.03734172
-0.06601947
-0.09471641
-0.12524
-0.1116829
-0.09182257
-0.07592689
-0.04898395
0.005942948
0.06627241
0.114621
0.1230038
0.143764
0.174461
0.2003185
0.186918
0.1092451
0.04503085
0.0228989
0.0003259021
-0.02412846
-0.04635103
-0.06932554
-0.06745683
-0.04086966
-0.01485069
0.01152807
0.04398952
0.07307625
0.05318772
0.02215307
-0.003784537
-0.03438308
-0.06554308
-0.09918647
-0.1134562
-0.09282773
-0.0685074
-0.04540694
-0.02106765
-0.01414661
-0.008712768
0.01182847
0.03999438
0.05862189
0.03565818
0.009084997
0.01221211
0.01392737
-0.0009241116
-0.01970794
-0.03401734
-0.01491437
0.01874208
0.04737653
0.08043608
0.1163371
0.1503519
0.1449425
0.1406443
0.1585634
0.1701884
0.1534379
0.1344187
0.1159152
0.1038692
0.1094299
0.1147977
0.08681394
0.04526973
0.005594295
-0.01307284
-0.008480123
-0.01788363
-0.04087958
-0.06259154
-0.08211864
-0.1026504
-0.1229652
-0.1443726
-0.1664717
-0.1718445
-0.1476455
-0.1217097
-0.09738533
-0.08813345
-0.08401668
-0.0686153
-0.04181457
-0.0117963
0.01711078
0.0265391
0.02004224
0.01639614
0.00492407
-0.02599777
-0.04229624
-0.01949848
0.002326799
-0.004541051
-0.01520351
-0.01250546
-0.002416029
0.009063389
0.02023746
0.02758144
0.02508529
0.02269802
0.02615373
0.03522969
0.04460841
0.04560033
0.02710781
0.007544936
-0.01129274
-0.03167949
-0.05255143
-0.07240563
-0.08696416
-0.09478723
-0.07667449
-0.03679332
0.005168197
0.04198659
0.04718902
0.05016809
0.05188222
0.02961164
0.006044468
-0.01546291
-0.0424438
-0.06695834
-0.0563979
-0.0313063
-0.01100284
0.01341037
0.04186289
0.06716071
0.03700887
-0.0004342937
-0.03365485
-0.06414295
-0.07567638
-0.08715754
-0.09967628
-0.09851854
-0.07969346
-0.05944685
-0.0388984
-0.02134124
-0.01916495
-0.01897616
-0.01789579
-0.01621181
-0.01576783
-0.03771414
-0.06712408
-0.09494698
-0.1073742
-0.09235485
-0.07711793
-0.05936213
-0.03423408
-0.008199454
0.02042037
0.04760763
0.03227818
0.0117582
0.01303791
0.02348032
0.02683401
0.02228797
0.02478491
0.03866545
0.05419196
0.06876385
0.07477227
0.07536841
0.08288195
0.0929452
0.102587
0.1117991
0.122123
0.1297732
0.1339903
0.1337189
0.1228372
0.1098411
0.09891069
0.08362919
0.0626768
0.04244016
0.04062757
0.04547293
0.04895748
0.05447876
0.05902279
0.06119785
0.06219626
0.06426194
0.06692302
0.06434454
0.04283579
0.01966276
-0.002547358
-0.02668484
-0.04699801
-0.06094776
-0.07453507
-0.08920959
-0.1030011
-0.1062324
-0.1058503
-0.1063849
-0.1014082
-0.0909432
-0.08030991
-0.07062761
-0.05984888
-0.03822489
-0.01438914
0.009027273
0.03557959
0.05364999
0.04398907
0.03099344
0.02058583
0.006773383
-0.00562497
-0.01942223
-0.03312689
-0.03792496
-0.02683329
-0.01527944
-0.005025471
0.004618732
0.0142134
0.02499962
0.03578899
0.03766105
0.03754484
0.03793875
0.03791394
0.03848063
0.03191056
0.01538125
-0.001727383
-0.02040964
-0.03913959
-0.03451731
-0.01908658
-0.005130213
-0.001656518
-0.01045425
-0.006847055
0.001333864
0.007818324
0.01551047
0.0238017
0.02873386
0.02845718
0.0284081
0.02845573
0.02007889
0.007319682
-0.005193401
-0.01822958
-0.03144137
-0.04439686
-0.05781655
-0.07183645
-0.07913288
-0.07605458
-0.07553049
-0.0807246
-0.08510528
-0.08920652
-0.09528245
-0.1008633
-0.09013131
-0.06974301
-0.05023868
-0.02966055
-0.008438132
0.01320118
0.02919438
0.03505565
0.02921374
0.01522291
-0.001169545
-0.01781709
-0.01965785
-0.002747152
0.01561546
0.03232864
0.03667179
0.03910041
0.0452718
0.0562426
0.06948654
0.08192943
0.08005081
0.06855214
0.05866712
0.04732812
0.03090081
0.01150773
-0.006960899
-0.02138669
-0.0299003
-0.0389394
-0.04412545
-0.04588921
-0.04829627
-0.05039882
-0.03670764
-0.01990395
-0.005071271
0.001025764
0.003810166
0.01002405
0.0183215
0.02756592
0.03721944
0.04445418
0.04285501
0.05395693
0.0679097
0.07106936
0.06600122
0.05924697
0.05657096
0.06191196
0.06764698
0.05687327
0.04498175
0.03419122
0.02109539
0.009559479
0.008584814
0.008878215
0.008515145
0.009204487
0.004874657
-0.003537057
-0.01196097
-0.02033418
-0.02972429
-0.03892375
-0.03937388
-0.03444996
-0.02989062
-0.02467338
-0.01934311
-0.01417562
-0.008319131
-0.002595281
-0.004967846
-0.01450731
-0.0248628
-0.03493877
-0.0352184
-0.03254528
-0.0307345
-0.02785652
-0.02457785
-0.0210583
-0.01803895
-0.01496561
-0.01026533
-0.007582596
-0.02103113
-0.03540951
-0.02879386
-0.01781418
-0.008321822
-0.001212501
0.004492844
0.01016391
0.01547298
0.02119884
0.02666773
0.02540709
0.02130236
0.01766657
0.01201203
0.001666276
-0.01033603
-0.01996309
-0.01699721
-0.01130395
-0.002328275
0.009082473
0.01976527
0.02968424
0.0327653
0.03555949
0.03828433
0.04090639
0.04294802
0.045292
0.04897891
0.05383319
0.05819774
0.0626451
0.06769263
0.07264115
0.0683148
0.05627712
0.04405379
0.03196658
0.01943218
0.006686653
-0.005511982
-0.01250238
-0.01843801
-0.02467938
-0.03071767
-0.03671209
-0.03714721
-0.03319323
-0.0291824
-0.02406835
-0.02032694
-0.02969583
-0.0403332
-0.04968228
-0.06129657
-0.06875614
-0.06254857
-0.0543773
-0.04804321
-0.03984109
-0.03253997
-0.02626278
-0.02203263
-0.01737087
-0.01333075
-0.009014958
-0.005255091
-0.001186693
0.002582892
0.006446396
0.008088944
0.009885821
0.01131167
0.01281109
0.01393385
0.01548075
0.01701954
0.01885922
0.02027034
0.02212715
0.02272169
0.02200169
0.02076299
0.02006234
0.01884338
0.01805621
0.01573723
0.01355899
0.01096095
0.009033061
0.006871746
0.002616615
-0.00667759
-0.01549784
-0.02442258
-0.03217994
-0.04047022
-0.0499035
-0.0562117
-0.03963202
-0.03626374
-0.03750608
-0.03440419
-0.0337127
-0.03217618
-0.03132857
-0.03083139
-0.03148012
-0.03173734
-0.03277313
-0.03267805
-0.02748756
-0.02163137
-0.01671907
-0.01119828
-0.006371378
-0.001431547
0.002952155
0.007284382
0.0113587
0.01526836
0.01662877
0.01606326
0.01534686
0.0147103
0.01383899
0.01314584
0.01308568
0.01324431
0.0131019
0.01318864
0.01315044
0.01190988
0.009511836
0.007402607
0.005354572
0.003638857
0.002752595
0.002132581
0.001463824
0.0009953424
0.000807242
0.001157128
0.001494517
0.002034716
0.002601941
0.003103706
0.003563526
0.004304258
0.005144386
0.005869543
0.006498636
0.007027629
0.007436127
0.007878003
0.008072865
0.006838147
0.00558603
0.004690882
0.003784082
0.003108478
0.002560915
0.002140863
0.0017889
0.002087228
0.002971785
0.003769337
0.004400306
0.004981809
0.005413365
0.00576038
0.005991279
0.006131326
0.006151003
0.00612095
0.005841071
0.005464805
0.005150915
0.005093093
0.005050655
0.004831801
0.0046167
0.004417357
0.004204081
0.003994711
0.003796074
0.003611069
0.0034195
0.003226272
0.003029546
0.002832148
0.002633565
0.002436854
0.002240469
0.00204692
0.001854746
0.001666024
0.00147934
0.001297633
0.001118529
0.0009420031
0.0007647243
0.0005915
0.000423229
0.0002590413
9.849112e-05
-5.860276e-05
-0.0002127701
-0.0003640806
-0.0005127868
-0.0006591146
-0.0008032324
-0.0009450703
-0.001084692
-0.001222056
-0.001357186
-0.001490007
-0.0016205
-0.001748634
-0.001874382
-0.001997701
-0.00211855
-0.002236885
-0.002352664
-0.002465845
-0.002576387
-0.002684252
