-0.0001114726
-0.0001102414
-0.0001088578
-0.0001074877
-0.000106513
-0.0001065276
-0.0001082431
-0.0001120938
-0.000117736
-0.0001243141
-0.0001309626
-0.0001368235
-0.0001409785
-0.0001424915
-0.0001405219
-0.0001348693
-0.0001261617
-0.0001148901
-0.0001011262
-8.537303e-05
-6.824738e-05
-4.893276e-05
-2.578098e-05
1.467474e-06
3.1867e-05
6.374849e-05
9.357145e-05
0.0001166201
0.0001307138
0.0001369534
0.0001374782
0.0001353192
0.0001319877
0.0001232362
0.0001022909
6.883034e-05
2.851688e-05
-1.42124e-05
-5.872219e-05
-0.000101531
-0.0001324753
-0.0001450759
-0.000139566
-0.0001162443
-7.537094e-05
-1.870151e-05
4.93103e-05
0.0001190843
0.000177759
0.0002141864
0.0002202994
0.0001954201
0.0001453163
7.851355e-05
6.286436e-06
-5.656528e-05
-9.604609e-05
-0.0001025878
-7.496691e-05
-1.802521e-05
6.05057e-05
0.0001501674
0.0002406661
0.000317845
0.0003600122
0.0003568219
0.0003166121
0.0002517855
0.0001761884
0.0001001944
3.394338e-05
-1.332568e-05
-3.827383e-05
-4.413176e-05
-3.671477e-05
-1.698936e-05
4.332874e-06
-6.270905e-09
-3.601709e-05
-8.582659e-05
-0.0001298896
-0.0001456779
-0.0001045557
1.005239e-05
0.0001966406
0.000435475
0.0006723246
0.0008327287
0.0008618141
0.0007348157
0.0004557425
6.450893e-05
-0.0003814959
-0.000824184
-0.001214389
-0.001516286
-0.001698521
-0.001741753
-0.001655234
-0.001468771
-0.00122454
-0.0009531641
-0.0006732202
-0.000412382
-0.0002092169
-8.426577e-05
-4.140171e-05
-6.493352e-05
-8.446777e-05
-1.010498e-05
0.0001711954
0.0003918772
0.0005708898
0.0006609471
0.0006486854
0.0005351326
0.0003432537
0.0001169422
-8.720266e-05
-0.0002099826
-0.0002043534
-4.997145e-05
0.0002578361
0.0006963643
0.001201825
0.001688654
0.002054621
0.002206762
0.002106052
0.001780697
0.001324896
0.0008532173
0.0004284501
5.918408e-05
-0.0002228211
-0.0003231958
-0.000168278
0.0002160843
0.0007090908
0.001134446
0.001315413
0.001125648
0.0005634206
-0.0002384661
-0.001107142
-0.001901685
-0.00251596
-0.002875393
-0.002965606
-0.002842078
-0.002618245
-0.002416573
-0.002338692
-0.002444163
-0.002743319
-0.00318166
-0.003627265
-0.003943861
-0.004068731
-0.003951766
-0.003601721
-0.00313921
-0.002705752
-0.002407041
-0.00227624
-0.0022561
-0.002202646
-0.001960432
-0.001436043
-0.0005967906
0.0005185348
0.001788173
0.003073098
0.004242395
0.005147573
0.005678988
0.005858929
0.005819708
0.005659873
0.005394767
0.005006326
0.004449718
0.003692037
0.00276274
0.001710515
0.0005240229
-0.0008050489
-0.002209143
-0.003613298
-0.004943864
-0.006108286
-0.007044243
-0.007700804
-0.008038001
-0.008033225
-0.007721545
-0.007173398
-0.006474858
-0.005715436
-0.004962228
-0.004267787
-0.003676883
-0.003173633
-0.0026536
-0.002001797
-0.001186233
-0.0002688583
0.0006794864
0.001636762
0.002595995
0.003450604
0.003997874
0.004119707
0.003867287
0.00336974
0.002696218
0.001887667
0.001067716
0.0003684905
-8.801143e-05
-0.0001324336
0.0003620877
0.001375135
0.002813173
0.004550839
0.006373838
0.008007914
0.009199393
0.009718139
0.009398623
0.008293384
0.006709433
0.004991859
0.003297271
0.001664979
0.0002448131
-0.0006826874
-0.0009554939
-0.0006945772
-0.000187998
0.0003217801
0.000661039
0.0006585338
0.0002555576
-0.0004476282
-0.001351506
-0.002374129
-0.003391843
-0.004293543
-0.005052193
-0.00564674
-0.005971468
-0.005918125
-0.005447956
-0.004660696
-0.003770236
-0.002954964
-0.002284322
-0.001777286
-0.001411014
-0.001081795
-0.0006267257
9.647842e-05
0.001171185
0.002650302
0.00449325
0.006478182
0.008266056
0.009572291
0.01019442
0.01000476
0.009029508
0.007457383
0.005585345
0.003730026
0.002165672
0.00100076
0.0002436886
-0.0001444468
-0.0003073651
-0.0004702785
-0.0007640531
-0.001145532
-0.001566265
-0.001982141
-0.002326876
-0.002587887
-0.002812934
-0.003016558
-0.003182548
-0.003266561
-0.003260444
-0.003181412
-0.003056767
-0.002928616
-0.002819845
-0.002771843
-0.002830503
-0.002940545
-0.002943973
-0.002656912
-0.001936396
-0.0007961001
0.000572075
0.001910166
0.003022664
0.003774587
0.004002627
0.003722597
0.003220424
0.002730787
0.002214954
0.001504793
0.0005282205
-0.0005488436
-0.0015137
-0.002305959
-0.002923106
-0.003347894
-0.003560287
-0.003556083
-0.003304364
-0.002815149
-0.002235142
-0.001680288
-0.001063825
-0.0002996094
0.0005125181
0.001273052
0.001966894
0.002616909
0.003296246
0.004071586
0.00482616
0.005249656
0.005140314
0.004575504
0.003803846
0.003065459
0.002496406
0.00216631
0.002138076
0.00239838
0.002719518
0.002755666
0.00231755
0.001373326
-0.0001167925
-0.002191263
-0.00473996
-0.00746972
-0.01000967
-0.01208577
-0.01359806
-0.01450708
-0.01474879
-0.01436098
-0.01349512
-0.01226706
-0.01064798
-0.008557602
-0.00598694
-0.002978589
0.0003969635
0.003959531
0.007401869
0.0103595
0.01253578
0.01383813
0.01433518
0.01411684
0.01331827
0.01214402
0.01077664
0.00939952
0.008211069
0.007344727
0.006864978
0.006795104
0.007038563
0.007369159
0.007559463
0.007447092
0.006925005
0.005961403
0.004660207
0.003163306
0.001572545
3.699677e-05
-0.001258008
-0.002202837
-0.002822545
-0.003144219
-0.003224322
-0.003171727
-0.003035802
-0.002821154
-0.002546531
-0.002209257
-0.001809287
-0.001416433
-0.001092514
-0.0007918159
-0.000430289
4.808573e-06
0.000488999
0.0009680724
0.001343416
0.00164951
0.002127256
0.002831085
0.003488167
0.00389644
0.004115623
0.004296154
0.004544798
0.004855896
0.005114165
0.0052123
0.005193801
0.00516975
0.005160617
0.005162661
0.00523204
0.005388586
0.005587548
0.005779429
0.00594576
0.00605521
0.006054947
0.005880911
0.005509147
0.004956093
0.004153636
0.003098873
0.00205905
0.001395154
0.001270736
0.001618213
0.002257885
0.002925085
0.00328415
0.003100844
0.002280433
0.0008154425
-0.00114471
-0.00333222
-0.005454628
-0.007306508
-0.008765153
-0.009751892
-0.01020483
-0.01007784
-0.009404172
-0.008347098
-0.007116395
-0.005866967
-0.004675569
-0.003586648
-0.002613097
-0.001685233
-0.0006895078
0.0004436067
0.001718816
0.003069023
0.004400058
0.005594755
0.006430234
0.006692125
0.006322722
0.005411634
0.00412995
0.002709006
0.001346368
0.0001367674
-0.0007986696
-0.001308944
-0.001421884
-0.001301006
-0.001081754
-0.0008520091
-0.0007200628
-0.0007865809
-0.001080429
-0.001580479
-0.002231785
-0.002949803
-0.003631442
-0.004190394
-0.004577333
-0.004764667
-0.00475561
-0.004561146
-0.004183092
-0.003697131
-0.003204251
-0.002731172
-0.002310486
-0.001983456
-0.001704332
-0.001399372
-0.001075414
-0.0007331328
-0.0003595066
-2.776599e-05
0.0001274317
3.5972e-05
-0.0002923295
-0.0007410369
-0.001096415
-0.001289087
-0.001440226
-0.001609513
-0.001669129
-0.001442692
-0.000860828
3.360301e-06
0.0009826287
0.001936888
0.002797075
0.003467891
0.003834519
0.00385239
0.003576724
0.0030984
0.002416893
0.00144476
0.0001651144
-0.001320244
-0.002853507
-0.004292192
-0.005559218
-0.006651446
-0.007653563
-0.008644973
-0.009582099
-0.01029053
-0.01052169
-0.01011921
-0.009123253
-0.00764581
-0.005774494
-0.003586841
-0.001172601
0.001291725
0.003524992
0.005220139
0.006196579
0.006447853
0.006087388
0.005322679
0.004467701
0.003838459
0.003621608
0.003885943
0.004615432
0.005656871
0.006744973
0.007617797
0.007965072
0.007531732
0.006328654
0.004632593
0.002732955
0.0008356694
-0.000893388
-0.002365021
-0.003503592
-0.004247219
-0.004607207
-0.004629127
-0.004286884
-0.003561667
-0.002543214
-0.001379901
-0.0001256868
0.001241836
0.00268295
0.004172847
0.005797931
0.007642957
0.009735571
0.01206008
0.01445013
0.01657028
0.01807593
0.01879697
0.01875655
0.01803888
0.01678549
0.01522593
0.01358857
0.01199329
0.01034814
0.008472123
0.006315585
0.003975017
0.001571234
-0.0007293371
-0.002652664
-0.003934029
-0.004478357
-0.004423153
-0.004043377
-0.003619249
-0.00342324
-0.003696121
-0.004543283
-0.005769606
-0.006910362
-0.007544736
-0.007539273
-0.006989602
-0.006071925
-0.004949791
-0.003732747
-0.002523891
-0.001476374
-0.0007514051
-0.0004438264
-0.0005720629
-0.00103228
-0.001613651
-0.002104524
-0.00238145
-0.002378569
-0.002043693
-0.001345757
-0.0002829967
0.001064934
0.002536908
0.004033373
0.005483063
0.006631326
0.007155117
0.007009637
0.00650452
0.006030239
0.005847449
0.006019736
0.006429592
0.006850477
0.007049185
0.00684477
0.006084593
0.004697626
0.002708693
0.0002327922
-0.002509764
-0.005185252
-0.007511641
-0.009365477
-0.01074021
-0.01160817
-0.01197996
-0.01200636
-0.0118951
-0.01180667
-0.01182961
-0.01199019
-0.01224069
-0.01246512
-0.01251608
-0.01223699
-0.01159527
-0.0106667
-0.009473444
-0.008048966
-0.006553342
-0.005138602
-0.003906996
-0.002985709
-0.002446522
-0.00225657
-0.002374546
-0.002738596
-0.003221525
-0.00369807
-0.004088012
-0.004313118
-0.004296012
-0.004015928
-0.003507423
-0.002828708
-0.002072714
-0.001289674
-0.0004452759
0.0004045482
0.001099567
0.001592244
0.001988146
0.002436218
0.003040197
0.003793312
0.004545287
0.00509943
0.005313077
0.00504333
0.004201182
0.002853722
0.001205125
-0.0005388148
-0.002159582
-0.003466361
-0.0044161
-0.005065343
-0.005493499
-0.005775571
-0.00584082
-0.005403376
-0.004276904
-0.002581423
-0.0005863163
0.001436904
0.003253838
0.004754932
0.005937351
0.006814722
0.00741136
0.007778786
0.008023274
0.008264211
0.008538644
0.008804844
0.008987606
0.009075019
0.009077734
0.008952406
0.008681802
0.008324552
0.007968404
0.007617092
0.007145977
0.006361781
0.005131054
0.00357015
0.002024817
0.0007754751
-9.78233e-05
-0.0006641816
-0.001078036
-0.001514545
-0.002010411
-0.002447855
-0.002747617
-0.002880957
-0.002812122
-0.002528944
-0.002055216
-0.001452149
-0.0008196571
-0.000370927
-0.0003435144
-0.0008244053
-0.001778386
-0.00305403
-0.004437407
-0.005743243
-0.00677169
-0.007298199
-0.007233595
-0.006664291
-0.005698797
-0.004464217
-0.003166953
-0.001982958
-0.0009786273
-0.0001542408
0.0005070353
0.001095157
0.001703286
0.002329368
0.002986206
0.003701261
0.004350876
0.004768301
0.004934377
0.004867529
0.004530313
0.003911092
0.003096494
0.002226023
0.001399993
0.0006681729
3.987006e-05
-0.0005003365
-0.0009775194
-0.001372483
-0.001601327
-0.001594969
-0.001369397
-0.001041455
-0.0007104067
-0.0004215226
-0.0002276941
-0.0001464689
-0.0001142218
-9.431609e-05
-0.0001088147
-0.0001017418
4.250064e-05
0.000382634
0.0008526698
0.001283494
0.001433405
0.00104284
2.479085e-05
-0.00142896
-0.002971043
-0.004270887
-0.005227215
-0.005985335
-0.006549114
-0.006654077
-0.006076336
-0.004786118
-0.00283893
-0.0003526435
0.002375125
0.004969999
0.007139428
0.008650275
0.009299586
0.009001885
0.00791321
0.006341413
0.004563639
0.002864385
0.001576632
0.0009892245
0.001243361
0.002220386
0.003537155
0.004651793
0.005067753
0.004577416
0.003266556
0.001348783
-0.0008923557
-0.003145713
-0.0051543
-0.006741666
-0.00775076
-0.008043115
-0.007646688
-0.006821312
-0.005938001
-0.005299463
-0.00513005
-0.005547329
-0.006404895
-0.007392426
-0.00824078
-0.008770049
-0.008923525
-0.008753615
-0.008319502
-0.007624201
-0.00670001
-0.005734341
-0.004870902
-0.00406412
-0.003282361
-0.002610406
-0.002117798
-0.001778331
-0.001537245
-0.001267044
-0.0008158364
-0.0001665936
0.000610573
0.001462374
0.002344547
0.003216941
0.004020356
0.004636537
0.00503131
0.005262648
0.005359099
0.00528149
0.004972566
0.004439277
0.003706084
0.002762327
0.001661703
0.0004990526
-0.000681215
-0.001850445
-0.003035367
-0.00430332
-0.005666065
-0.007055058
-0.00842393
-0.009780921
-0.01106817
-0.01213399
-0.01287001
-0.01320039
-0.01304753
-0.01249184
-0.01174078
-0.0109639
-0.0102659
-0.00972434
-0.009371768
-0.009197209
-0.009137336
-0.009062868
-0.008734468
-0.007907867
-0.006573212
-0.005003123
-0.003513486
-0.002312199
-0.001448029
-0.0008292948
-0.0003242006
0.000146905
0.0006088572
0.001065848
0.001514675
0.002004635
0.002634321
0.003437777
0.004390229
0.005419114
0.006329955
0.006900896
0.006994228
0.006563869
0.005677264
0.00451143
0.003247623
0.001950514
0.0006208771
-0.0005954405
-0.001468533
-0.001882426
-0.001896127
-0.001654075
-0.001345184
-0.001131607
-0.0009650091
-0.0006768211
-0.000192197
0.0004590536
0.001222228
0.001996598
0.002615283
0.002962058
0.00304516
0.00289871
0.002568315
0.002084613
0.001454265
0.0007729362
0.0001720929
-0.000268787
-0.0004424988
-0.0002548797
0.0002782787
0.001034563
0.001863005
0.002624655
0.003167212
0.003388004
0.003251343
0.002767129
0.002017655
0.001142936
0.0002741146
-0.000487497
-0.001026855
-0.001252077
-0.001194201
-0.0009219277
-0.00050608
-6.208026e-05
0.0003500208
0.0007681952
0.001249297
0.001820448
0.00249616
0.003286927
0.004194312
0.005215248
0.006244726
0.006982551
0.007151781
0.006774594
0.006089574
0.005174594
0.00399288
0.002504178
0.0006711939
-0.001499082
-0.003901684
-0.006345476
-0.008719728
-0.01094798
-0.01289174
-0.01442705
-0.01542521
-0.01582259
-0.01578122
-0.01552377
-0.01518925
-0.01485611
-0.01446882
-0.01385672
-0.01304277
-0.01228526
-0.01180797
-0.01163505
-0.01163398
-0.01156851
-0.01115931
-0.01022024
-0.008692205
-0.006621607
-0.004213797
-0.001789827
0.0004484181
0.002398208
0.003952841
0.005112834
0.005960651
0.006541146
0.006942726
0.00732866
0.00783371
0.008497498
0.009243376
0.009817989
0.009945251
0.009653601
0.009191898
0.008717896
0.008177305
0.007436692
0.006401192
0.005047211
0.003466903
0.00180004
0.0001595344
-0.001283476
-0.002296257
-0.002741145
-0.002683925
-0.002229982
-0.001447576
-0.0004667353
0.0005113735
0.00130406
0.001864596
0.002299044
0.002686669
0.003013728
0.003339827
0.003839946
0.004639619
0.005719711
0.007038667
0.00860722
0.0103672
0.01214344
0.01373775
0.01491442
0.01540785
0.01506617
0.0139416
0.01228621
0.0104426
0.008700467
0.007308006
0.006513026
0.006445618
0.007046398
0.00811523
0.009467695
0.01093615
0.01228247
0.01322034
0.01353311
0.01309868
0.01186962
0.009968349
0.007755328
0.005524131
0.003367249
0.001313588
-0.0005317333
-0.002054643
-0.003248527
-0.004221459
-0.005086468
-0.005867467
-0.006552608
-0.007051228
-0.00714291
-0.006647584
-0.005590727
-0.004158701
-0.002499557
-0.0007757611
0.0007199468
0.001722717
0.002175173
0.002212233
0.002025829
0.001679737
0.001128405
0.0004236176
-0.0002269408
-0.000493078
-0.0001243568
0.0008752905
0.002254825
0.003629275
0.004680187
0.00525081
0.005227294
0.004584324
0.00353324
0.002346183
0.001179944
0.0001375944
-0.0007042588
-0.001299333
-0.001651514
-0.00179543
-0.001875844
-0.002199043
-0.003076728
-0.004610605
-0.006606095
-0.008679136
-0.010457
-0.01175423
-0.01256202
-0.0129761
-0.01316894
-0.01334008
-0.01360531
-0.01399347
-0.01447175
-0.01486627
-0.01487725
-0.01424383
-0.01278224
-0.01031764
-0.006811548
-0.002606213
0.001751271
0.005796068
0.009109966
0.01135144
0.0124366
0.01248889
0.0116783
0.01027578
0.008686168
0.007308081
0.006447368
0.006205059
0.006502612
0.007143275
0.007822799
0.008198347
0.008071531
0.007432097
0.00639208
0.005124247
0.003744518
0.002348641
0.001114541
0.0001609817
-0.0004565377
-0.0007235376
-0.0007322304
-0.0006681173
-0.0007838589
-0.001407306
-0.002749001
-0.004730007
-0.007046124
-0.009305696
-0.01117671
-0.01243574
-0.01295511
-0.01268875
-0.01169961
-0.01023195
-0.008603932
-0.007016613
-0.005595492
-0.004457331
-0.003646317
-0.003104566
-0.00268963
-0.002198451
-0.001460355
-0.0003920604
0.0009745169
0.002469514
0.003837026
0.004856152
0.005437158
0.005693202
0.005878975
0.00609916
0.006191512
0.00591985
0.005120778
0.003771292
0.002078139
0.0003763633
-0.001122563
-0.002358147
-0.003285677
-0.003905382
-0.004201992
-0.004174099
-0.003910394
-0.003509759
-0.003019778
-0.002513538
-0.002121543
-0.001958273
-0.002037346
-0.002307928
-0.002693782
-0.003058105
-0.003320747
-0.003526994
-0.003662724
-0.003533937
-0.002957612
-0.001976367
-0.0008607271
0.0001656829
0.001032931
0.001656968
0.001901104
0.001758962
0.001416204
0.001000623
0.0005099715
-4.899839e-05
-0.0007012456
-0.001532769
-0.002508973
-0.003481091
-0.004354257
-0.00508423
-0.005547634
-0.005574741
-0.005052605
-0.004059615
-0.002863017
-0.001710293
-0.0007298965
4.046306e-05
0.0005728495
0.0008384424
0.0009010478
0.0008521095
0.0006661413
0.0003474036
-5.502639e-06
-0.0003591796
-0.0007102368
-0.001017477
-0.001295524
-0.001573913
-0.001793981
-0.001944226
-0.002075483
-0.002148063
-0.002119834
-0.002019744
-0.001868507
-0.001633262
-0.00128427
-0.0008270922
-0.0003064961
0.0002085358
0.0006769111
0.001103028
0.001467684
0.001722066
0.001852808
0.001907612
0.001938851
0.002009773
0.002257777
0.002793861
0.003584718
0.004625178
0.006006857
0.007812673
0.009966496
0.01214765
0.01396529
0.01522854
0.01586317
0.01581252
0.01516427
0.01423692
0.01341488
0.01295173
0.01292196
0.01325648
0.01381325
0.01443184
0.01490817
0.01495126
0.0142664
0.01274361
0.01054714
0.007977884
0.005264038
0.002555902
8.948998e-05
-0.001936521
-0.003572036
-0.004906977
-0.005964944
-0.006809951
-0.007509038
-0.008113218
-0.008690122
-0.009276067
-0.009855083
-0.01036208
-0.01062464
-0.01040824
-0.009647029
-0.008494484
-0.007142969
-0.005702889
-0.004305739
-0.003253319
-0.002707423
-0.002589825
-0.002753848
-0.002969572
-0.003018449
-0.002809773
-0.002388778
-0.001951339
-0.001786093
-0.002140436
-0.003128074
-0.004706317
-0.006688422
-0.008784052
-0.01075118
-0.01250958
-0.01405675
-0.0153604
-0.01640427
-0.01717871
-0.01772439
-0.01816869
-0.0185357
-0.01865917
-0.01843223
-0.01790778
-0.01712531
-0.01603392
-0.0146666
-0.01317589
-0.01163275
-0.01002209
-0.008382137
-0.006768678
-0.005233869
-0.003724926
-0.002106851
-0.0003701658
0.001336938
0.002951498
0.00458029
0.006302174
0.008031156
0.009662643
0.0111234
0.01227345
0.01305956
0.01353094
0.01364538
0.01332479
0.01259142
0.01160425
0.01056647
0.009580412
0.00866629
0.007801042
0.006922083
0.005992342
0.00502175
0.003987533
0.002741693
0.001085306
-0.001104661
-0.003791992
-0.006666421
-0.009210678
-0.01105146
-0.01224099
-0.01304846
-0.01369886
-0.01435256
-0.01511568
-0.01597904
-0.01681024
-0.01746029
-0.01787689
-0.01803219
-0.01788998
-0.0174751
-0.01685643
-0.01607521
-0.01513462
-0.0140694
-0.01292123
-0.01168778
-0.01041129
-0.009161602
-0.008016971
-0.007142086
-0.006741758
-0.006980822
-0.007924171
-0.009448788
-0.0112321
-0.01292285
-0.01435301
-0.01560246
-0.01677803
-0.01791235
-0.01905167
-0.02015455
-0.02105345
-0.02166071
-0.02198936
-0.02202532
-0.02171306
-0.02102992
-0.02003341
-0.01888139
-0.01776216
-0.01679173
-0.01603432
-0.01554558
-0.01533383
-0.01529363
-0.01526459
-0.01511839
-0.01478461
-0.01424374
-0.01353564
-0.01274668
-0.01192774
-0.01105729
-0.01008577
-0.009032667
-0.007966325
-0.006885662
-0.005710032
-0.004372046
-0.002837377
-0.001102707
0.0007404728
0.002508758
0.00399385
0.005063505
0.005691981
0.005855028
0.005526378
0.004774737
0.00376516
0.002693144
0.001779429
0.001155337
0.000824043
0.0007363505
0.000801556
0.0008924284
0.0009095318
0.0008020523
0.0005458657
0.0001368805
-0.000389482
-0.0009561483
-0.001492768
-0.001944634
-0.002252623
-0.002383538
-0.00235285
-0.002160096
-0.001807794
-0.001411059
-0.001181885
-0.001336503
-0.002050835
-0.003387936
-0.005146806
-0.006947976
-0.008516659
-0.0097618
-0.01065081
-0.01111745
-0.01107888
-0.0104853
-0.009418087
-0.008099723
-0.006787638
-0.005709981
-0.005069706
-0.004978591
-0.005427503
-0.006308145
-0.007386414
-0.008337574
-0.008873268
-0.008716358
-0.00761752
-0.005439635
-0.002156149
0.002167496
0.007189377
0.01221907
0.01661637
0.02002597
0.02238119
0.0239123
0.02501713
0.02596221
0.02687678
0.02791059
0.02918747
0.03071943
0.03239949
0.03403787
0.03539294
0.03622479
0.03638224
0.03579384
0.0344482
0.0324052
0.02971125
0.02640139
0.02265167
0.01875406
0.01487393
0.01098985
0.007119701
0.003345206
-0.0002827712
-0.003694344
-0.006872142
-0.009760192
-0.01209895
-0.01360489
-0.01431754
-0.0145836
-0.01476204
-0.01515357
-0.01602034
-0.01744968
-0.01940987
-0.0218715
-0.02476062
-0.02797045
-0.03130476
-0.03437123
-0.03664541
-0.03769404
-0.03732304
-0.0355079
-0.03230717
-0.02797748
-0.02300248
-0.0180281
-0.0135113
-0.009414095
-0.005616123
-0.002034323
0.001580263
0.005413943
0.009259073
0.01281339
0.0161524
0.0195127
0.022922
0.02633753
0.02973202
0.03295711
0.03570681
0.03779357
0.03925183
0.04009153
0.04020755
0.03953436
0.03822932
0.03666276
0.03518941
0.03392056
0.03270289
0.03131532
0.02961295
0.02758534
0.02545866
0.02357456
0.02205867
0.02082647
0.01979624
0.01889257
0.01800749
0.01710501
0.01619106
0.01519369
0.01400769
0.01254672
0.01065512
0.008206624
0.005287324
0.002155818
-0.001021319
-0.004271909
-0.007769911
-0.01163919
-0.01580187
-0.01994645
-0.02363107
-0.02665862
-0.02905408
-0.03088903
-0.03227432
-0.03345379
-0.03468031
-0.03604216
-0.0373783
-0.03839414
-0.03896845
-0.03919564
-0.03913109
-0.03873648
-0.03805954
-0.03736737
-0.03696967
-0.03710201
-0.03798589
-0.03987763
-0.04300882
-0.04732039
-0.05222095
-0.05690954
-0.06098221
-0.06429784
-0.06668431
-0.0679553
-0.06802859
-0.06694555
-0.06485301
-0.06181911
-0.05776921
-0.05272969
-0.04683266
-0.03989429
-0.03186913
-0.02338008
-0.0152171
-0.007430625
0.0004486996
0.008542194
0.01666419
0.02443585
0.03142006
0.03741875
0.0424752
0.04645616
0.04907507
0.05028928
0.05032614
0.04928483
0.0471694
0.04415979
0.04053372
0.03647793
0.03200634
0.02704724
0.02180417
0.01688025
0.01271862
0.009219254
0.006186701
0.003741667
0.001939038
0.0006188591
-0.0002699756
-0.0006207448
-0.0004728243
4.437762e-05
0.0009996619
0.002683298
0.005354939
0.008994041
0.01329143
0.0178586
0.02237708
0.02661484
0.03042767
0.03379304
0.03673405
0.03930003
0.04149625
0.04327723
0.04464835
0.04568614
0.04655033
0.04741811
0.04838478
0.04949373
0.05081948
0.05236836
0.05403475
0.05572579
0.05738826
0.05884384
0.05977088
0.05988231
0.05915152
0.05782841
0.05616185
0.05422652
0.05197255
0.04935083
0.04640921
0.04312709
0.03936706
0.03502834
0.03006669
0.02449591
0.01845208
0.01224464
0.006104827
9.949413e-05
-0.005685684
-0.01093267
-0.01537843
-0.01897323
-0.02164556
-0.02329633
-0.02383409
-0.02321978
-0.02144273
-0.01850126
-0.01434204
-0.008992935
-0.002646138
0.004425878
0.011839
0.01902305
0.02548336
0.03115834
0.03605711
0.03995221
0.04276223
0.04459903
0.04557703
0.04581428
0.04543175
0.04445584
0.04284461
0.04072409
0.03837928
0.0359987
0.03368056
0.03151121
0.02953618
0.02779283
0.02634189
0.02515429
0.02411747
0.02318859
0.02241003
0.02177586
0.02123107
0.02074501
0.02022525
0.01953595
0.0185815
0.01730065
0.01562703
0.01355521
0.01117103
0.008534447
0.005731633
0.002921886
0.0002736147
-0.00206373
-0.003980948
-0.005486513
-0.006637348
-0.007305213
-0.007157932
-0.005958565
-0.003798165
-0.0009778899
0.002188836
0.005497617
0.008858053
0.01206894
0.01485309
0.01714579
0.01904279
0.02042216
0.02109539
0.02102221
0.02022124
0.01870988
0.01650579
0.01365113
0.01020205
0.006354616
0.002416502
-0.001368139
-0.004777216
-0.0076086
-0.009880083
-0.01187059
-0.01386095
-0.01577833
-0.01724831
-0.01799505
-0.01794495
-0.01709651
-0.01542769
-0.01293204
-0.009679195
-0.005714489
-0.001139387
0.003702615
0.008349011
0.01246594
0.01599888
0.01895514
0.02136557
0.02328631
0.0247366
0.02572209
0.02624722
0.02627972
0.02569844
0.02436466
0.02219422
0.01909779
0.01506825
0.0103751
0.005324628
-4.995598e-07
-0.005567333
-0.01120207
-0.01659493
-0.02151815
-0.02586974
-0.02954363
-0.03245651
-0.0347125
-0.036447
-0.03770299
-0.03849928
-0.03886345
-0.03881233
-0.03836007
-0.03754905
-0.03645989
-0.03521842
-0.03391848
-0.03259383
-0.03126879
-0.02995053
-0.02862308
-0.02725158
-0.02573937
-0.02390376
-0.02164642
-0.01897318
-0.01596082
-0.0127523
-0.00941859
-0.005916612
-0.002225178
0.001519373
0.005130657
0.008558517
0.01175951
0.01462856
0.01708814
0.01912507
0.02063145
0.02138868
0.0212576
0.02030702
0.01885591
0.01742193
0.01642036
0.01589615
0.01568493
0.01575464
0.01620543
0.01704746
0.01822191
0.01966513
0.02129816
0.02297799
0.02447899
0.02557754
0.02613128
0.02604678
0.02522516
0.02359565
0.02112489
0.01780966
0.01373174
0.009073288
0.004026972
-0.001193671
-0.006407971
-0.01180344
-0.01777442
-0.02430552
-0.0307155
-0.0361966
-0.04060938
-0.04429499
-0.04747369
-0.05013383
-0.05227854
-0.05391252
-0.05495226
-0.05536215
-0.05519749
-0.05452652
-0.05341005
-0.05189757
-0.04990823
-0.04727098
-0.04402036
-0.0404912
-0.03696891
-0.03358401
-0.03051447
-0.0279628
-0.02600187
-0.02449859
-0.02318195
-0.02172739
-0.01986747
-0.01743713
-0.01434692
-0.01065597
-0.006546919
-0.002197598
0.002175003
0.006255149
0.009828693
0.01273948
0.01489034
0.01631052
0.0170893
0.01736912
0.0174242
0.01756221
0.01795621
0.01862503
0.01950222
0.02040768
0.02104011
0.0211026
0.02040381
0.01891638
0.01681992
0.01442768
0.01199931
0.009695523
0.007659282
0.005948419
0.00451415
0.003349635
0.002479602
0.00182478
0.001263648
0.0007032424
4.544607e-05
-0.0008365986
-0.002048672
-0.00363194
-0.005531154
-0.007672653
-0.01010072
-0.01292514
-0.01622237
-0.01984513
-0.02340951
-0.02655447
-0.02920254
-0.03154513
-0.03364018
-0.03533322
-0.03652541
-0.03719593
-0.03726902
-0.0366341
-0.03527891
-0.03324043
-0.03046901
-0.02692552
-0.0226476
-0.0177491
-0.01241496
-0.006864712
-0.001393192
0.003707363
0.008219756
0.01211667
0.01541956
0.018005
0.01965966
0.02018467
0.01943444
0.0174043
0.01433395
0.01065571
0.006850057
0.003256357
2.053092e-05
-0.002780867
-0.00499709
-0.006411567
-0.007013471
-0.007029163
-0.006658484
-0.005982102
-0.0050875
-0.004111866
-0.003111927
-0.002090568
-0.001072396
-0.0001224009
0.0007789507
0.001775342
0.002853359
0.003746554
0.004320094
0.004599761
0.004574262
0.00421522
0.003547605
0.002624134
0.00148165
0.000134905
-0.001428301
-0.003180254
-0.004965102
-0.006568916
-0.007916918
-0.009026256
-0.009888311
-0.01031375
-0.01012316
-0.009344159
-0.00810217
-0.006510976
-0.004721792
-0.003015818
-0.001691989
-0.0008850995
-0.0005679783
-0.0007087683
-0.001269286
-0.002232966
-0.003612313
-0.005359316
-0.007374193
-0.009513808
-0.01167528
-0.01380103
-0.01588964
-0.01794631
-0.0199171
-0.02170126
-0.02318094
-0.02416796
-0.02446576
-0.02401926
-0.02288902
-0.02116229
-0.01890841
-0.01626782
-0.01354046
-0.01109173
-0.009214857
-0.008008035
-0.007327128
-0.006901564
-0.006558458
-0.006367674
-0.006533986
-0.007119739
-0.007971202
-0.00893161
-0.009939867
-0.01101858
-0.01218863
-0.01335061
-0.01435176
-0.01505288
-0.01534169
-0.01517612
-0.01453716
-0.01342986
-0.01197017
-0.01037804
-0.008789267
-0.007217201
-0.005664406
-0.004125377
-0.002630305
-0.001392128
-0.0007418873
-0.0008445249
-0.001669524
-0.003105853
-0.004967509
-0.00710971
-0.009479561
-0.01194937
-0.0143548
-0.01657174
-0.01848383
-0.02005238
-0.02126599
-0.02211194
-0.02254358
-0.02246804
-0.02181567
-0.02054808
-0.01865506
-0.01613445
-0.01299568
-0.009234652
-0.005057266
-0.0009774021
0.0027305
0.006063455
0.008970638
0.01123832
0.01265572
0.01312141
0.01262028
0.01122834
0.009104967
0.006466637
0.003494899
0.0003596398
-0.002696668
-0.00548601
-0.007897573
-0.009888825
-0.01146284
-0.01272038
-0.01376894
-0.01466781
-0.01544622
-0.01603094
-0.01627172
-0.01613138
-0.01567955
-0.0148486
-0.01344491
-0.01133473
-0.008478543
-0.005004441
-0.001291749
0.002193613
0.005192084
0.00764511
0.009507595
0.01075553
0.01138836
0.011515
0.01133095
0.01095528
0.01038059
0.009598531
0.008787871
0.008147111
0.007733192
0.007489979
0.007291608
0.007035158
0.006616475
0.005921096
0.004959511
0.004038715
0.003602148
0.003743812
0.004239583
0.004876366
0.005541294
0.006211163
0.006974712
0.007932626
0.009110437
0.01049029
0.01207959
0.01388029
0.0158837
0.01813702
0.02067671
0.02347884
0.02646024
0.02947662
0.0323262
0.03488691
0.03717314
0.03921499
0.04096791
0.0422927
0.04293922
0.04276959
0.04196762
0.04083453
0.03946387
0.03780946
0.03577131
0.03322642
0.03022175
0.0269443
0.02342973
0.01955954
0.01538247
0.01112358
0.006837574
0.002466633
-0.002068562
-0.006789241
-0.01154209
-0.01607733
-0.0201129
-0.02355342
-0.02647358
-0.02886744
-0.03062201
-0.0316412
-0.03191402
-0.03155415
-0.03072246
-0.0294953
-0.02791276
-0.02607009
-0.02397654
-0.02152171
-0.01875158
-0.01577624
-0.01262135
-0.009273468
-0.005623621
-0.001604725
0.002634012
0.006878351
0.0108983
0.01448081
0.01743513
0.01974082
0.02153319
0.02289854
0.02381686
0.02424836
0.02421698
0.02372645
0.02275412
0.02130473
0.01940333
0.01708729
0.01447301
0.01167711
0.00879255
0.005974607
0.003312659
0.0008454943
-0.001317051
-0.003047623
-0.004364535
-0.005396981
-0.006228908
-0.006869407
-0.007330129
-0.007628877
-0.007773336
-0.00778687
-0.007715332
-0.007587839
-0.007345407
-0.00683052
-0.005995442
-0.005092066
-0.004498207
-0.004417792
-0.004805285
-0.005468888
-0.006169623
-0.006653208
-0.00672829
-0.006336756
-0.005476923
-0.004156753
-0.002399019
-0.0002548557
0.002221573
0.004968768
0.007885082
0.01092043
0.01413764
0.01751979
0.02100393
0.02460488
0.02816677
0.03132841
0.03378688
0.03541274
0.03626054
0.03651071
0.03628498
0.03555242
0.03427412
0.03252523
0.03041855
0.0280606
0.02556139
0.02301446
0.02040162
0.01769091
0.01497363
0.01239265
0.009999492
0.007726755
0.005530806
0.003462589
0.001516707
-0.0003908213
-0.002323912
-0.004264469
-0.006159925
-0.007938176
-0.009569189
-0.0109844
-0.0120545
-0.01273035
-0.01306329
-0.01311966
-0.01297188
-0.01268769
-0.01234314
-0.01208287
-0.01212023
-0.01260717
-0.01354478
-0.01483084
-0.01630598
-0.0178246
-0.0192807
-0.02061056
-0.02174683
-0.02258465
-0.02304007
-0.02303255
-0.02243867
-0.02118281
-0.0192841
-0.01674072
-0.01354365
-0.00964178
-0.004914352
0.0005484807
0.006448835
0.0125092
0.01858303
0.02453802
0.03018196
0.0352892
0.03963055
0.04299538
0.04540851
0.04700115
0.04778328
0.04773547
0.04689889
0.04534196
0.04312751
0.04026152
0.03667742
0.03238265
0.0277084
0.02319617
0.01915185
0.01546554
0.01199848
0.008734537
0.005692866
0.002891948
0.000502962
-0.001367844
-0.002761979
-0.003731221
-0.004355851
-0.004721263
-0.004881301
-0.004897919
-0.004869214
-0.004871222
-0.004971582
-0.005241404
-0.005672734
-0.006198771
-0.006727482
-0.007114665
-0.007262222
-0.007230753
-0.007287194
-0.007651184
-0.008256466
-0.008902288
-0.009398358
-0.009670968
-0.009774173
-0.009778074
-0.009708656
-0.009589584
-0.009473773
-0.009354762
-0.009151708
-0.008822354
-0.008381675
-0.007817469
-0.00713412
-0.006422764
-0.005744764
-0.005114561
-0.004559787
-0.004096406
-0.00371609
-0.003453413
-0.003422024
-0.003693636
-0.004259439
-0.005143907
-0.006316466
-0.007640307
-0.009080448
-0.0106502
-0.01229075
-0.01391482
-0.01552488
-0.01714922
-0.01878374
-0.02041023
-0.02190801
-0.02314527
-0.02406041
-0.02461476
-0.02482304
-0.02476095
-0.02450687
-0.02407242
-0.02347234
-0.02277492
-0.02202977
-0.02126842
-0.02054274
-0.01990035
-0.01935043
-0.01888964
-0.01852341
-0.01825165
-0.0180701
-0.01800047
-0.01801949
-0.0180675
-0.01811831
-0.01811139
-0.01793474
-0.017498
-0.01673579
-0.01557004
-0.01396332
-0.01190577
-0.009368043
-0.0063413
-0.002916638
0.0008127324
0.004802735
0.008884496
0.01290717
0.01697305
0.02119084
0.02534747
0.02906378
0.03207701
0.03416429
0.03507188
0.03483913
0.03370354
0.03181387
0.02926904
0.02622769
0.02283874
0.01928203
0.01578004
0.01249295
0.00958179
0.007152953
0.005207601
0.003735988
0.002838107
0.002668282
0.00325913
0.004535398
0.006309124
0.008278546
0.01024522
0.01227071
0.01442263
0.01646901
0.01810697
0.01913854
0.01938564
0.01873387
0.01718179
0.01487146
0.01208805
0.009157164
0.006269052
0.003580171
0.001193308
-0.000847783
-0.002487624
-0.003715114
-0.004505698
-0.00483884
-0.004719955
-0.004115131
-0.002949409
-0.001154754
0.001365948
0.004661499
0.008583275
0.01290155
0.01741722
0.02185604
0.02583511
0.02911309
0.0317267
0.03365841
0.03478006
0.0351278
0.03481237
0.03383703
0.03216852
0.0297911
0.02668291
0.02291825
0.01865395
0.01405901
0.009328392
0.004725896
0.0005090184
-0.003180386
-0.006338883
-0.008957704
-0.01102463
-0.01256861
-0.01367013
-0.01444754
-0.01495639
-0.01523386
-0.01542393
-0.01561605
-0.01575789
-0.01580741
-0.01581131
-0.01573907
-0.0154672
-0.01494847
-0.01423975
-0.0134451
-0.01270175
-0.01210344
-0.01165027
-0.01131638
-0.01114019
-0.0112502
-0.0117181
-0.0123782
-0.01287171
-0.01296572
-0.01277876
-0.01258413
-0.01249059
-0.01245659
-0.01242512
-0.01231173
-0.01203741
-0.01159143
-0.01097492
-0.01017999
-0.009201464
-0.008035454
-0.006644875
-0.004992546
-0.003161987
-0.00128303
0.0005997065
0.002490835
0.004304759
0.00594929
0.00745485
0.008812587
0.009897653
0.01060011
0.01093679
0.01103264
0.01103888
0.01106513
0.01115499
0.01132358
0.0115426
0.01171392
0.01173684
0.01160716
0.01140145
0.01114302
0.01081745
0.01040971
0.009895326
0.009276008
0.008555788
0.007766254
0.006944099
0.006127997
0.005410607
0.004843311
0.004390063
0.004021847
0.003722917
0.003492161
0.003276342
0.002960487
0.002482198
0.001818693
0.0009196122
-0.0002976563
-0.001858552
-0.003680879
-0.005600818
-0.007440272
-0.009095345
-0.01050935
-0.01163256
-0.01244148
-0.01302181
-0.01355531
-0.01417084
-0.01483125
-0.01546729
-0.01610759
-0.01674312
-0.01724802
-0.01754089
-0.01760672
-0.01739481
-0.0169048
-0.01624679
-0.01547214
-0.01456768
-0.01358361
-0.01259428
-0.01162706
-0.01071086
-0.009878172
-0.009192928
-0.008758338
-0.008576455
-0.00847195
-0.008270944
-0.007904359
-0.007352222
-0.006590297
-0.00561832
-0.00451612
-0.003417096
-0.002498336
-0.001851703
-0.001344182
-0.0007138677
0.0001650547
0.001166447
0.002087035
0.002752811
0.003083698
0.003124883
0.002883422
0.00226737
0.001209489
-0.0002300952
-0.001964272
-0.003949849
-0.006075248
-0.008178886
-0.01015195
-0.0119252
-0.01342174
-0.01458225
-0.01531317
-0.01545686
-0.01481702
-0.01324586
-0.01075395
-0.007598931
-0.004187638
-0.000757071
0.00263813
0.006006624
0.009443642
0.01301755
0.01670085
0.02037446
0.02381113
0.02681284
0.02938818
0.03161085
0.03348117
0.03498615
0.03611505
0.03685606
0.0372019
0.03718522
0.0369132
0.03648391
0.03586275
0.03492678
0.03360223
0.03192981
0.03003301
0.02807868
0.0262366
0.02459674
0.0232321
0.02221743
0.02156272
0.02123471
0.02122167
0.02147018
0.02184634
0.0222215
0.02252801
0.02270774
0.02273432
0.02261252
0.02234356
0.02197657
0.0216262
0.02140236
0.02136032
0.02148989
0.02172459
0.02201484
0.02233546
0.0225628
0.02244005
0.02182156
0.02078429
0.01945197
0.01791612
0.01622776
0.01435747
0.01229446
0.01012008
0.007894832
0.005659359
0.003486858
0.001417935
-0.0005254811
-0.00228205
-0.003823327
-0.005143486
-0.006286975
-0.00728159
-0.008112248
-0.008792669
-0.00932878
-0.009725737
-0.009956286
-0.009884317
-0.009360493
-0.008400527
-0.007218503
-0.006130186
-0.005442304
-0.005328054
-0.005734109
-0.006491383
-0.007447153
-0.0085997
-0.009975323
-0.01149854
-0.01313042
-0.01480679
-0.01637138
-0.01773337
-0.01885963
-0.01967952
-0.02011869
-0.02012998
-0.01967161
-0.01870267
-0.01724278
-0.01542881
-0.01352563
-0.01189327
-0.01070425
-0.009830384
-0.009016189
-0.008157473
-0.00740408
-0.006955658
-0.006907952
-0.007306273
-0.008162667
-0.009478754
-0.01129003
-0.01353164
-0.01597875
-0.0183878
-0.02065597
-0.0227798
-0.02478133
-0.02664307
-0.02828529
-0.02966754
-0.03081157
-0.03165929
-0.03210091
-0.03210168
-0.03170056
-0.0309334
-0.02985515
-0.02860014
-0.02727781
-0.02598622
-0.02479266
-0.02366721
-0.02258183
-0.02159439
-0.02067681
-0.01964313
-0.0183378
-0.01675446
-0.01492532
-0.01286892
-0.01063789
-0.008276945
-0.005814366
-0.00326741
-0.0006257949
0.002124429
0.004920641
0.007655252
0.01036112
0.01311807
0.0158792
0.01851172
0.02093455
0.02309993
0.02496914
0.02657464
0.02795099
0.02910585
0.03001722
0.03055675
0.03059299
0.03013198
0.02925489
0.02797755
0.02626448
0.02417563
0.021898
0.01963415
0.01752116
0.015623
0.01396327
0.0125215
0.01132245
0.01054237
0.01043035
0.01100176
0.01190861
0.01268576
0.01309602
0.01315761
0.01295541
0.01254098
0.01193579
0.01113773
0.01013925
0.009018971
0.007898502
0.006827454
0.005829165
0.004959122
0.004250674
0.003680661
0.003185775
0.002696396
0.002187861
0.001771668
0.001603748
0.001709698
0.001976155
0.002201574
0.002252446
0.002245882
0.002416406
0.002916944
0.003753985
0.004822123
0.006025227
0.007275896
0.008478969
0.009590685
0.01057531
0.01136883
0.01195938
0.01235759
0.01250929
0.0123469
0.01187457
0.01121737
0.01054404
0.009976269
0.00955381
0.009300991
0.009255079
0.009412794
0.009709814
0.01002826
0.010251
0.01022932
0.009761973
0.008729158
0.007137692
0.005010155
0.002364149
-0.0007385013
-0.004197577
-0.007821985
-0.01139798
-0.01478473
-0.01797698
-0.02092401
-0.02346685
-0.02551132
-0.02713297
-0.02847121
-0.02955484
-0.03036012
-0.03087612
-0.03112414
-0.03120396
-0.03119809
-0.03108665
-0.03083064
-0.03043308
-0.02988118
-0.02916496
-0.02836954
-0.02763061
-0.02700519
-0.02647206
-0.02598377
-0.02551522
-0.0251113
-0.02489677
-0.02497447
-0.0253197
-0.02581532
-0.02634553
-0.02685734
-0.02735224
-0.02787823
-0.0284859
-0.02918129
-0.02991713
-0.03050692
-0.03057774
-0.02983239
-0.02829798
-0.0262576
-0.0240202
-0.02177258
-0.01951889
-0.01724392
-0.0150036
-0.01284513
-0.01081371
-0.008980039
-0.007324937
-0.005757297
-0.004297778
-0.003076962
-0.002144168
-0.001450533
-0.0009395221
-0.0005412201
-0.0002260306
1.618077e-05
0.0003028499
0.0008000305
0.00147196
0.001954636
0.001855208
0.001145635
4.72129e-05
-0.001286659
-0.002842585
-0.00465658
-0.006697506
-0.008885042
-0.01117998
-0.01357408
-0.01598565
-0.01821209
-0.02009547
-0.02155233
-0.02254612
-0.02312216
-0.02348324
-0.02384797
-0.02426714
-0.02461404
-0.02480025
-0.02476129
-0.02435958
-0.02348843
-0.02215771
-0.02044608
-0.01842765
-0.01615804
-0.01370618
-0.01119722
-0.008754094
-0.0065069
-0.004553423
-0.002873752
-0.001404041
-0.0001660956
0.0007473445
0.001346939
0.001729946
0.001862458
0.001628406
0.001026509
0.0001106063
-0.001136754
-0.002759095
-0.004703055
-0.006871719
-0.009102446
-0.01117759
-0.01297221
-0.01445366
-0.01564598
-0.01659283
-0.01736576
-0.01800522
-0.01849315
-0.01882296
-0.01896438
-0.01887374
-0.01855799
-0.017971
-0.01704474
-0.01586365
-0.01458542
-0.01326431
-0.0119133
-0.01061007
-0.009371543
-0.008124628
-0.006876036
-0.005716595
-0.004658863
-0.003638153
-0.002541177
-0.001236576
0.00026338
0.001764075
0.003001821
0.003767062
0.004069641
0.004111194
0.004035997
0.003859306
0.00359874
0.003294681
0.002895177
0.002288614
0.001451304
0.0004140075
-0.0008027866
-0.002149495
-0.003597878
-0.005192766
-0.006948216
-0.008738804
-0.01037433
-0.01175126
-0.01286193
-0.01383975
-0.0149161
-0.01612568
-0.01724878
-0.01810135
-0.01863028
-0.01881983
-0.01865569
-0.01810362
-0.0171026
-0.01562627
-0.0137152
-0.0114011
-0.008752493
-0.00589463
-0.00289116
0.0001504877
0.002970584
0.005291045
0.00711767
0.008572353
0.009647028
0.01030937
0.01054615
0.01031518
0.009599925
0.008485911
0.007075482
0.005452628
0.003761589
0.002102989
0.0004905733
-0.001006933
-0.002224484
-0.00308423
-0.003684682
-0.004087021
-0.004241319
-0.004104864
-0.003755547
-0.003299869
-0.002734357
-0.001990349
-0.001072127
-5.927009e-05
0.001034892
0.002270178
0.003560964
0.00475439
0.005802261
0.00670255
0.007430846
0.008020312
0.008568752
0.009082138
0.009476976
0.009734333
0.009910642
0.01001959
0.01004599
0.01006146
0.01012287
0.01021033
0.01032454
0.01053714
0.01088413
0.01136896
0.01205507
0.0130154
0.01419448
0.015393
0.01639808
0.01706991
0.01737158
0.01737699
0.01730542
0.01741196
0.01767002
0.01775096
0.0173551
0.01649715
0.01538414
0.014145
0.01277137
0.01121282
0.009449176
0.007524725
0.005571245
0.003731535
0.002073251
0.0006091409
-0.0007086007
-0.001939859
-0.003029838
-0.003857166
-0.00435806
-0.004511037
-0.004222854
-0.003413336
-0.002180591
-0.0008067503
0.0003678721
0.001157775
0.00168282
0.002180472
0.002737733
0.003258215
0.003638052
0.003890021
0.004063094
0.004161974
0.004151605
0.004005899
0.003732993
0.00339331
0.003045203
0.002713357
0.002454796
0.002356147
0.002455245
0.002738178
0.003220058
0.003978705
0.005070115
0.00646829
0.008041596
0.00961775
0.0110849
0.01243872
0.01364789
0.01463504
0.01544298
0.0162136
0.01705284
0.01800558
0.01907103
0.02021338
0.02136007
0.02247074
0.02355894
0.02460788
0.02554381
0.02637196
0.02715153
0.02790769
0.0286653
0.02943042
0.03013671
0.03070822
0.03110199
0.03126664
0.03120957
0.03098295
0.03057399
0.02989508
0.02892255
0.02772334
0.02634436
0.02478313
0.02303316
0.02112455
0.01915976
0.01725221
0.01547599
0.0138432
0.01231894
0.01090095
0.009652596
0.008684144
0.008058744
0.007732182
0.007577516
0.007474691
0.007324659
0.007021551
0.006604719
0.006315735
0.00625137
0.006182805
0.005766426
0.004835996
0.003489864
0.001941534
0.0003837403
-0.001107819
-0.002496098
-0.003696474
-0.004710191
-0.005595869
-0.006339901
-0.006915053
-0.007383414
-0.00781758
-0.008186794
-0.008391461
-0.008366055
-0.008110412
-0.007651471
-0.007043344
-0.006371093
-0.005755907
-0.005401407
-0.005482209
-0.005943272
-0.006543278
-0.007073414
-0.007532205
-0.008009146
-0.008546758
-0.009137062
-0.009812582
-0.01064503
-0.01160568
-0.0125854
-0.0134919
-0.01427458
-0.01493435
-0.01552371
-0.01613952
-0.01679447
-0.01736876
-0.01775381
-0.01792191
-0.01792115
-0.01786107
-0.01784397
-0.01789203
-0.0179462
-0.01798654
-0.01804574
-0.01810546
-0.01812656
-0.01807722
-0.01788968
-0.01748366
-0.01683104
-0.01594806
-0.01484805
-0.013598
-0.012326
-0.01110384
-0.009914609
-0.008766791
-0.007647913
-0.006522501
-0.005445513
-0.004500442
-0.003690352
-0.002951588
-0.002241659
-0.001511709
-0.0006981668
0.0002252915
0.001270162
0.002475499
0.003836133
0.005249858
0.006574739
0.007723403
0.008693914
0.009506766
0.01014141
0.01054288
0.01069609
0.01063944
0.01035453
0.009806886
0.009081629
0.008323108
0.007586231
0.006842823
0.006134545
0.005507422
0.004882029
0.004121175
0.003172491
0.002084987
0.001033899
0.0002913404
-4.953865e-05
-0.0001837346
-0.000336576
-0.0005861363
-0.0008426043
-0.000957599
-0.0008626476
-0.0006404504
-0.0004243602
-0.0002800045
-0.0002549097
-0.0004159231
-0.0007398425
-0.00109072
-0.001362657
-0.001470953
-0.001281031
-0.0007000242
0.0002700585
0.001590101
0.003224301
0.005146641
0.007272682
0.009336836
0.0109906
0.012074
0.01268516
0.01302221
0.01317391
0.01313782
0.01286993
0.0122854
0.01138393
0.01024223
0.008847074
0.007201605
0.005478475
0.003954761
0.002759011
0.001845651
0.001162681
0.0007402095
0.0005885868
0.0006231879
0.0007617795
0.001030314
0.001512024
0.002248276
0.003222209
0.004405102
0.005777886
0.007271406
0.008794457
0.01031971
0.01181356
0.01316229
0.01427442
0.01515047
0.01580135
0.01619179
0.01622434
0.01579153
0.01487373
0.01358661
0.01215491
0.01086071
0.009891612
0.009154201
0.008373477
0.007174373
0.005275558
0.002726657
3.21217e-05
-0.002045885
-0.003154491
-0.003718349
-0.004297742
-0.004992747
-0.005640915
-0.006142997
-0.00656059
-0.007013899
-0.007510379
-0.007979558
-0.008430365
-0.008896492
-0.009365551
-0.009813735
-0.01027345
-0.01082119
-0.01147709
-0.01215765
-0.01268766
-0.01287634
-0.01272368
-0.0124415
-0.01222326
-0.0121208
-0.0121085
-0.01216344
-0.01228691
-0.01245241
-0.01258356
-0.01264029
-0.01262123
-0.01253026
-0.0123911
-0.01222916
-0.01205847
-0.0119403
-0.01193974
-0.01203388
-0.0121451
-0.01221951
-0.01224043
-0.0121527
-0.01181455
-0.01112929
-0.01020235
-0.009292637
-0.008620623
-0.008195714
-0.007835026
-0.007365428
-0.006819122
-0.006345109
-0.005996648
-0.005715356
-0.005430914
-0.005104626
-0.004753814
-0.004505209
-0.004510013
-0.004813201
-0.005341331
-0.006003417
-0.006765096
-0.007636309
-0.008686785
-0.01001312
-0.01158824
-0.01324573
-0.014735
-0.01592582
-0.01693757
-0.01789878
-0.01879339
-0.01963752
-0.02047797
-0.02120497
-0.02170093
-0.0220063
-0.02209549
-0.02179557
-0.02104787
-0.02000569
-0.01885923
-0.01773553
-0.01670372
-0.01577668
-0.01489925
-0.01403728
-0.01326689
-0.01271068
-0.01242319
-0.0123583
-0.01240957
-0.01247753
-0.01251182
-0.01252547
-0.01255966
-0.01268097
-0.0128921
-0.01309867
-0.01322681
-0.01324648
-0.01312189
-0.0128523
-0.01253849
-0.01226781
-0.01203526
-0.01181443
-0.01160759
-0.0114314
-0.0113162
-0.01128787
-0.01132061
-0.0113732
-0.01147659
-0.01172277
-0.01220416
-0.01300298
-0.01407903
-0.01514484
-0.01583626
-0.01607666
-0.0160921
-0.01606723
-0.01600879
-0.01583953
-0.01547934
-0.01491219
-0.01415423
-0.01324262
-0.01222852
-0.0111394
-0.009944676
-0.008576933
-0.007070823
-0.005584409
-0.004210802
-0.002905501
-0.001542269
-3.569156e-05
0.001654916
0.003527233
0.005429173
0.007009906
0.007902807
0.008086021
0.007877781
0.007530393
0.007098461
0.006625204
0.006257104
0.006101958
0.006164973
0.006479961
0.007055407
0.007749379
0.008414318
0.009036978
0.009565791
0.009888547
0.01003397
0.01015717
0.01030993
0.01039003
0.01032146
0.01011132
0.009823948
0.009535469
0.009280348
0.008975988
0.008446532
0.007545776
0.006342684
0.005144532
0.004250734
0.003778255
0.003703914
0.003948695
0.004461741
0.005205348
0.006188939
0.007493427
0.009067472
0.01073652
0.01230313
0.01354854
0.01430017
0.01457019
0.01446602
0.01405796
0.01334834
0.01233563
0.01109195
0.009774491
0.008578403
0.007614263
0.006904948
0.006459536
0.006302005
0.00637767
0.00659196
0.00694047
0.007455567
0.008139493
0.008940949
0.009811375
0.01071032
0.01157104
0.01235802
0.01307815
0.01375317
0.0144038
0.01501022
0.01550515
0.01582253
0.01592994
0.015885
0.01576468
0.01554249
0.01513849
0.01454599
0.01385418
0.01309793
0.01222787
0.01122776
0.01022886
0.009394599
0.008725646
0.00805823
0.007219392
0.006136353
0.00479563
0.003229266
0.001572823
-1.648194e-05
-0.00155128
-0.003098087
-0.004547311
-0.005760856
-0.006735986
-0.00752523
-0.008193131
-0.008805252
-0.009335599
-0.00971214
-0.009929825
-0.01001309
-0.009963684
-0.009820793
-0.009676826
-0.009675599
-0.01003226
-0.01081495
-0.01179675
-0.01276611
-0.01371493
-0.01464367
-0.0155229
-0.01635855
-0.0171477
-0.01790645
-0.01869727
-0.01952353
-0.02030284
-0.02093752
-0.02139629
-0.02168157
-0.02180042
-0.02172961
-0.02140269
-0.02077269
-0.01988788
-0.01885609
-0.01772861
-0.01652868
-0.01525973
-0.01383364
-0.01217758
-0.01032842
-0.008374679
-0.006360949
-0.004317837
-0.002296593
-0.0003427846
0.00149809
0.00320084
0.004720027
0.005986721
0.006957005
0.007616232
0.007997754
0.008149615
0.008145809
0.008073524
0.007944925
0.007764271
0.00753146
0.007192262
0.006661036
0.005912341
0.004959599
0.003822533
0.002549344
0.001208511
-0.0001250377
-0.001368661
-0.002450245
-0.003359253
-0.00408966
-0.004630477
-0.005004405
-0.005234036
-0.005332986
-0.005332265
-0.005232979
-0.004948856
-0.004417229
-0.003665982
-0.002744064
-0.00173923
-0.0007940104
2.493218e-05
0.0008082387
0.001732561
0.002906336
0.004231477
0.005475064
0.006491749
0.007284098
0.007929898
0.008497452
0.009077229
0.009757769
0.0105323
0.0113303
0.01212238
0.01294889
0.0138522
0.01483131
0.01585205
0.01689923
0.01798736
0.01911683
0.02026313
0.02141147
0.02259471
0.02376052
0.02467801
0.02510824
0.02499995
0.02446369
0.02366884
0.02277824
0.02186652
0.02091773
0.01987763
0.01871703
0.01741063
0.0159797
0.01456865
0.01330659
0.01219844
0.01117508
0.01015687
0.009157484
0.00826759
0.007526496
0.00694588
0.006552548
0.006368027
0.006391893
0.006633926
0.007071475
0.007621918
0.008228605
0.008874561
0.009524851
0.0101629
0.0108175
0.01150552
0.01225763
0.01313899
0.01415243
0.01520233
0.01619775
0.01716061
0.01810639
0.01898072
0.01968553
0.02014556
0.0203807
0.02050664
0.02065705
0.02089057
0.02115962
0.02138964
0.02153227
0.02157102
0.0215568
0.02155059
0.02155721
0.02157102
0.02163306
0.02176195
0.02192543
0.02210855
0.02231194
0.02255353
0.02284311
0.02314365
0.0234111
0.02362613
0.02382467
0.02403375
0.02425191
0.02449567
0.02474243
0.02490748
0.02494897
0.02486041
0.02456851
0.02401806
0.02337233
0.02294024
0.02281365
0.02281015
0.02271006
0.02235435
0.0217291
0.02098005
0.02026775
0.01963585
0.01910222
0.01872265
0.01846877
0.0182716
0.0181011
0.01792494
0.01771569
0.01747417
0.01713725
0.01657409
0.01578642
0.01490509
0.01404737
0.01327767
0.01262658
0.01203278
0.01132649
0.01043578
0.009553931
0.008948172
0.008711484
0.008782722
0.009049581
0.009429612
0.009870495
0.01033689
0.01080464
0.01125765
0.0116795
0.01195863
0.01191612
0.0114562
0.01060661
0.009451096
0.008050153
0.006415223
0.004531257
0.002357321
-8.240973e-05
-0.002742395
-0.005557556
-0.008393771
-0.01116468
-0.01387952
-0.01653325
-0.01905869
-0.02140894
-0.02354131
-0.02542591
-0.02705377
-0.02844679
-0.02958392
-0.03042839
-0.0310148
-0.03134876
-0.03143964
-0.03134268
-0.03113882
-0.0308851
-0.03059823
-0.03032175
-0.03010673
-0.02998127
-0.02993
-0.02991358
-0.02993704
-0.03005246
-0.03028842
-0.03061169
-0.03092663
-0.03117571
-0.03137647
-0.03151155
-0.03150429
-0.03128261
-0.03079464
-0.03000623
-0.02895824
-0.02775697
-0.02646497
-0.02506689
-0.02358264
-0.02207971
-0.02059547
-0.01912022
-0.01765785
-0.01618996
-0.01468138
-0.01317869
-0.01179577
-0.01057564
-0.009358582
-0.007989905
-0.00665089
-0.005665801
-0.00517942
-0.005206508
-0.005711632
-0.006560187
-0.007575785
-0.008689414
-0.009878447
-0.01107925
-0.01224916
-0.0133652
-0.01439983
-0.01533313
-0.01615776
-0.01688379
-0.01760765
-0.0184447
-0.01935613
-0.02016162
-0.0207042
-0.02101623
-0.02127323
-0.02166454
-0.02223461
-0.02277228
-0.02300599
-0.0228316
-0.02225928
-0.02134656
-0.02022537
-0.01901614
-0.01767806
-0.01609021
-0.01422772
-0.01216842
-0.01001294
-0.007768393
-0.005375159
-0.002825437
-0.0001777032
0.002489602
0.00512618
0.007667642
0.01004915
0.01221259
0.01416477
0.01596377
0.0176861
0.0193641
0.02088061
0.0220825
0.02291127
0.02337484
0.0234554
0.02316586
0.02256487
0.02170278
0.02062653
0.01936819
0.01791853
0.01628449
0.01459028
0.01299465
0.01152014
0.01004936
0.008457966
0.006703699
0.004879555
0.003173133
0.001607035
-2.841061e-06
-0.001739126
-0.003513237
-0.005260895
-0.006930873
-0.008476059
-0.00995357
-0.01140424
-0.01276777
-0.01398827
-0.01505948
-0.01602654
-0.01692753
-0.01773152
-0.01836731
-0.01875092
-0.01882361
-0.01858004
-0.01806205
-0.01731027
-0.01638173
-0.01537415
-0.0144391
-0.01376469
-0.01343293
-0.01331214
-0.01318682
-0.01287757
-0.01233457
-0.01177164
-0.01151647
-0.01169504
-0.01224039
-0.01303414
-0.01397831
-0.01496097
-0.01586098
-0.01663485
-0.01723856
-0.01760679
-0.01775689
-0.01775045
-0.01755869
-0.01711676
-0.01642758
-0.01548285
-0.01421825
-0.01259079
-0.01056876
-0.00813063
-0.005377791
-0.002596552
-5.246028e-05
0.002193953
0.004327894
0.006575033
0.008994602
0.01152236
0.01407161
0.01656804
0.01885462
0.02083508
0.02261192
0.02428776
0.02583811
0.02720022
0.02832737
0.02914864
0.02959977
0.02966805
0.02936814
0.0287233
0.02784778
0.02690926
0.02601748
0.02520674
0.02448702
0.02388142
0.02339137
0.02298158
0.02258444
0.02210196
0.02148747
0.02077614
0.0199943
0.01915223
0.01827123
0.01738327
0.01657266
0.01591963
0.0154284
0.01506983
0.01483318
0.01475064
0.01486703
0.01516964
0.01557313
0.01598464
0.01638666
0.01683875
0.01736056
0.0178847
0.01836453
0.01882624
0.01928332
0.01970497
0.02007138
0.02039202
0.0206969
0.02101342
0.02136086
0.02172911
0.02206443
0.02231128
0.02244626
0.0224504
0.02234081
0.02213262
0.02179709
0.02132891
0.02076394
0.02007358
0.01920731
0.01817317
0.01695082
0.01553049
0.01411365
0.01305983
0.01247531
0.01213155
0.01178901
0.01134081
0.01080116
0.0102732
0.009865661
0.009609917
0.009480748
0.009455846
0.009536963
0.009737115
0.01000855
0.01029132
0.01062028
0.01107491
0.01164517
0.01220224
0.01264944
0.0129668
0.01322022
0.01354623
0.01396505
0.01425939
0.01416436
0.01362965
0.01281167
0.01190139
0.01107314
0.01040865
0.00985051
0.009291868
0.008692828
0.008064124
0.007384128
0.006636947
0.005860253
0.00506936
0.004206039
0.003236932
0.002146879
0.000881907
-0.0005612187
-0.002080834
-0.003598781
-0.005071868
-0.006384243
-0.007464603
-0.008384244
-0.009208821
-0.009896897
-0.01040282
-0.01072415
-0.01083528
-0.01069101
-0.01032739
-0.009833528
-0.009224592
-0.008444699
-0.007455741
-0.006308001
-0.005124363
-0.003968892
-0.00285981
-0.001799539
-0.0007760297
0.0001719194
0.0009510814
0.00151842
0.001929908
0.002230737
0.002367454
0.002292197
0.002036338
0.001603024
0.0009845132
0.0002541216
-0.0004856129
-0.00116589
-0.001744279
-0.002218251
-0.002619488
-0.002982588
-0.003313788
-0.003569378
-0.003700504
-0.003647661
-0.003411473
-0.003081724
-0.002735848
-0.002409617
-0.002123162
-0.001837908
-0.00148742
-0.00110415
-0.0008086161
-0.0006933441
-0.0007314317
-0.0007779299
-0.0006413721
-0.0001884402
0.0005079475
0.0011716
0.001578434
0.001710173
0.00164823
0.001480069
0.00123969
0.0008944587
0.0004251892
-0.0001739645
-0.0009039151
-0.001690629
-0.00243988
-0.003092989
-0.003623868
-0.00402146
-0.004300167
-0.004526174
-0.004714314
-0.00479587
-0.004746055
-0.004619603
-0.004566522
-0.004779197
-0.005294941
-0.005911836
-0.006329649
-0.006438717
-0.006302498
-0.0059436
-0.005366619
-0.004665075
-0.003926463
-0.00315342
-0.00235394
-0.001588266
-0.0008931888
-0.0002418737
0.0003998689
0.001039356
0.001642726
0.002194022
0.002730578
0.003293438
0.003922571
0.004674032
0.00554044
0.006433501
0.007296974
0.008127837
0.008922215
0.009622301
0.0102026
0.01070767
0.01114024
0.01151579
0.01186843
0.0121865
0.01244647
0.01262063
0.01269073
0.01267138
0.01255489
0.01229481
0.01187759
0.01138292
0.01089611
0.01035682
0.009689671
0.00893392
0.008161812
0.007355282
0.006483605
0.005592893
0.004716907
0.003849693
0.002999825
0.002119065
0.00114043
8.93707e-05
-0.0009537602
-0.002002177
-0.003119999
-0.004287847
-0.005457058
-0.006573744
-0.007567232
-0.008385027
-0.009086424
-0.009717586
-0.01020441
-0.01044369
-0.01045246
-0.01035214
-0.01023661
-0.01019136
-0.01022101
-0.01013423
-0.009703038
-0.008921913
-0.008016918
-0.007267246
-0.006823752
-0.006652295
-0.006660143
-0.006793853
-0.007085655
-0.007562792
-0.008173113
-0.008835283
-0.009576461
-0.01046831
-0.01147052
-0.01252149
-0.01366912
-0.01494989
-0.01625377
-0.01744235
-0.01843387
-0.01908917
-0.01926049
-0.01903751
-0.01877713
-0.0188171
-0.01915398
-0.01955004
-0.01982106
-0.01992346
-0.01982725
-0.01950818
-0.0190307
-0.01848216
-0.01786811
-0.01714553
-0.0162913
-0.01533746
-0.01436875
-0.01347495
-0.01269102
-0.0119817
-0.01133502
-0.01081643
-0.01039702
-0.009903622
-0.009241462
-0.008484455
-0.007708104
-0.006907865
-0.006123955
-0.005382021
-0.004569709
-0.003575554
-0.002462419
-0.001366253
-0.0003950234
0.0003742591
0.0009337586
0.001304552
0.001496607
0.001521453
0.00139086
0.001126515
0.0008603242
0.0007588836
0.0008348249
0.000996991
0.001180126
0.001371985
0.00153621
0.001649336
0.001746848
0.001839369
0.001917155
0.002005134
0.002163294
0.002415562
0.00276172
0.003255716
0.003928273
0.004688484
0.005452387
0.006177702
0.006816274
0.007347081
0.007806481
0.008227242
0.008569084
0.008806734
0.00897782
0.009118544
0.009246316
0.009375894
0.009514916
0.009579631
0.009409174
0.008862827
0.007948917
0.006940714
0.006182554
0.005766229
0.005488793
0.005114104
0.004555321
0.003884124
0.003215407
0.002594962
0.002016427
0.001538084
0.001292869
0.001325133
0.001564678
0.001988015
0.002645566
0.003549896
0.004641087
0.005861349
0.007138372
0.008386828
0.009650883
0.01105894
0.01257494
0.01400743
0.0151569
0.01586949
0.01610247
0.01597083
0.01562703
0.015166
0.01463438
0.01407748
0.01349222
0.0128433
0.01215293
0.01147228
0.01081855
0.01016768
0.009515427
0.008942233
0.008504751
0.008106861
0.00763707
0.007120569
0.006607382
0.006064806
0.005444317
0.004727213
0.003887503
0.002897516
0.001779929
0.0005541339
-0.000761519
-0.002076242
-0.003323971
-0.004514459
-0.005660978
-0.006738561
-0.007713753
-0.008546562
-0.009242165
-0.009843444
-0.01035811
-0.01074774
-0.01096509
-0.01099969
-0.01085371
-0.0105287
-0.01007452
-0.009535729
-0.008903792
-0.0081529
-0.007237474
-0.006091758
-0.004740695
-0.003362293
-0.002105455
-0.001009872
-0.0001206121
0.0005277527
0.0009976513
0.001388551
0.001636712
0.001643949
0.001458192
0.001170978
0.0008083495
0.0003686379
-0.000159154
-0.0008292468
-0.0016125
-0.00241008
-0.003213297
-0.0041097
-0.005118883
-0.006218852
-0.007487176
-0.008973612
-0.01057164
-0.01200583
-0.01297149
-0.01341208
-0.0136096
-0.01394519
-0.01458977
-0.01551199
-0.01659251
-0.0177019
-0.01875136
-0.01973237
-0.02063813
-0.02141411
-0.02206227
-0.0226506
-0.02316859
-0.02354987
-0.0237469
-0.02372303
-0.02345155
-0.02297238
-0.02232858
-0.02143414
-0.02015234
-0.01855955
-0.01697062
-0.01564271
-0.01457522
-0.01361551
-0.01259657
-0.01144226
-0.0101522
-0.008811824
-0.007544131
-0.006402594
-0.005417453
-0.004669734
-0.00419637
-0.00396807
-0.004006929
-0.004330303
-0.004877422
-0.005598193
-0.006511285
-0.007568444
-0.008623765
-0.009562225
-0.01038327
-0.01109355
-0.01167639
-0.01217617
-0.01260935
-0.01292712
-0.01314679
-0.01328934
-0.01331105
-0.01320716
-0.01304397
-0.01287478
-0.01268926
-0.012497
-0.01228351
-0.01196393
-0.01152438
-0.01105977
-0.01064353
-0.01027512
-0.009865836
-0.00933341
-0.008681416
-0.007891549
-0.00689383
-0.00568628
-0.004378945
-0.003076324
-0.001779187
-0.0005174334
0.0006050829
0.001587632
0.002503481
0.003357068
0.004099047
0.004708197
0.005179549
0.00554681
0.005874058
0.006212709
0.006575524
0.006969374
0.007389685
0.007797457
0.008148429
0.008428154
0.008681898
0.008945205
0.009179218
0.009264406
0.009090674
0.008705657
0.008337294
0.008253828
0.008542648
0.009042556
0.009493333
0.00973003
0.009749372
0.009636727
0.009498664
0.009435647
0.009470872
0.009516806
0.009523813
0.009556958
0.009668768
0.009795856
0.009860579
0.00985245
0.009809191
0.009762372
0.009738167
0.009771668
0.009878063
0.009999563
0.01006773
0.01003923
0.009871909
0.009473241
0.00880077
0.008013492
0.007313474
0.006781515
0.006416942
0.006150319
0.00593715
0.005800678
0.005699468
0.005630653
0.005646446
0.005721498
0.005767716
0.005750818
0.005712067
0.005680209
0.005675827
0.005735281
0.005863629
0.00604116
0.006260321
0.006483898
0.006614815
0.006639054
0.006659279
0.006737334
0.006822302
0.00685167
0.00682869
0.006833311
0.006935093
0.00715843
0.007491655
0.007905242
0.00836981
0.008856365
0.009376048
0.009960251
0.01058862
0.01130447
0.01224643
0.01337505
0.01452396
0.01566604
0.01682905
0.01788239
0.01866719
0.01924101
0.01973082
0.0200656
0.02011113
0.01982984
0.01926645
0.01850716
0.0176154
0.0165684
0.01533721
0.0139652
0.01257596
0.01127901
0.01010333
0.008995726
0.007873744
0.006725751
0.005630795
0.004667972
0.003879027
0.003289995
0.002831858
0.00238471
0.001914597
0.001380799
0.0007473606
0.0001632724
-6.989981e-05
0.0001777845
0.0007418378
0.001377166
0.001926054
0.002292934
0.002496826
0.00269739
0.002999275
0.003385752
0.003854299
0.004414761
0.004963117
0.00536916
0.005636464
0.005859988
0.006097181
0.006335448
0.006549019
0.006748514
0.006956462
0.007185334
0.007472936
0.007870417
0.008246841
0.008271822
0.007798534
0.006974786
0.005972135
0.004930815
0.003969332
0.003131907
0.002391743
0.001699244
0.001004532
0.0002895473
-0.0004431707
-0.001150563
-0.001849436
-0.002629526
-0.003542575
-0.004543225
-0.005539555
-0.006489141
-0.007452136
-0.008460662
-0.009419718
-0.01018696
-0.01073064
-0.01112758
-0.01149819
-0.01193111
-0.01240986
-0.01282721
-0.01313499
-0.01338315
-0.0135673
-0.01361911
-0.01347981
-0.01318497
-0.0128209
-0.01239612
-0.01191122
-0.01145308
-0.01109053
-0.01084717
-0.01072649
-0.01073279
-0.01083134
-0.01102049
-0.01132168
-0.01166556
-0.01191139
-0.01196413
-0.01188572
-0.01184324
-0.01191466
-0.01204077
-0.01214596
-0.01221304
-0.01224399
-0.01224668
-0.01225777
-0.01229487
-0.01232289
-0.01232757
-0.01228893
-0.01212961
-0.01183163
-0.01150081
-0.01120765
-0.01094572
-0.01069362
-0.01039276
-0.009983982
-0.009518337
-0.009184923
-0.009136495
-0.009362665
-0.009719511
-0.009964337
-0.009901749
-0.009605735
-0.009304901
-0.009138413
-0.009115535
-0.009208034
-0.009377846
-0.00957105
-0.009774683
-0.01002726
-0.01030593
-0.01056619
-0.01084251
-0.01117004
-0.01156999
-0.01213605
-0.01292625
-0.01387094
-0.01491149
-0.01605712
-0.01727754
-0.01849041
-0.01959919
-0.02056582
-0.0216101
-0.02292415
-0.02436543
-0.0256497
-0.02657076
-0.02706675
-0.02717281
-0.02695658
-0.02649982
-0.02584444
-0.02498869
-0.02396278
-0.02280736
-0.02155009
-0.02021227
-0.01879983
-0.01736558
-0.01595978
-0.01462905
-0.01339012
-0.01217291
-0.010964
-0.009818441
-0.008751917
-0.007780208
-0.006928736
-0.006170083
-0.005468962
-0.004836695
-0.004294706
-0.003861154
-0.003545511
-0.003304506
-0.003056006
-0.002785206
-0.002546795
-0.002363533
-0.002251666
-0.002223386
-0.002247691
-0.002319243
-0.002505665
-0.002862385
-0.003338434
-0.003847651
-0.004338451
-0.004814121
-0.005313907
-0.005855465
-0.006410156
-0.00695622
-0.007540375
-0.00820413
-0.00892933
-0.009670763
-0.01037637
-0.0109989
-0.01151739
-0.01193598
-0.01220728
-0.01228214
-0.01215889
-0.01184644
-0.01138479
-0.0108384
-0.01025798
-0.009649929
-0.009024355
-0.008399994
-0.007740215
-0.007036732
-0.006427543
-0.006050563
-0.005851225
-0.005600869
-0.005113523
-0.004397972
-0.003635933
-0.003061664
-0.002775584
-0.002664283
-0.002601096
-0.002581704
-0.002583729
-0.002545524
-0.002524866
-0.002630128
-0.002876824
-0.003218553
-0.003623242
-0.004087445
-0.004629369
-0.005277799
-0.006018318
-0.006727394
-0.007281231
-0.007603082
-0.007642437
-0.007459792
-0.007257199
-0.007234847
-0.007399182
-0.007526192
-0.007376796
-0.006915853
-0.006247648
-0.005455925
-0.004589412
-0.003693037
-0.002759628
-0.001777217
-0.000788229
0.0001649294
0.001084022
0.001980364
0.002847515
0.003658244
0.004351317
0.004904334
0.005363421
0.005787629
0.006206277
0.006594045
0.006899112
0.007093999
0.007156629
0.007073815
0.006864274
0.006576029
0.006278698
0.006061025
0.005917688
0.00578088
0.005651069
0.005584668
0.005620853
0.005818559
0.006182309
0.00655774
0.006779593
0.00694263
0.007263392
0.007829665
0.00855169
0.009314209
0.01007967
0.01083257
0.01156182
0.0122638
0.01294983
0.01363225
0.01434233
0.01510709
0.0158949
0.0166176
0.0171809
0.01760366
0.01799288
0.01833922
0.01851447
0.01849494
0.01838901
0.01825754
0.01807571
0.01781086
0.01745677
0.01699551
0.01637272
0.01555673
0.01458055
0.01353011
0.0124075
0.01110093
0.009494713
0.007654141
0.005930661
0.004633121
0.003712799
0.002948596
0.002190159
0.001401083
0.0006052748
-0.0001651835
-0.0008692652
-0.001440053
-0.001863319
-0.00220649
-0.002542895
-0.002848151
-0.003050916
-0.003186992
-0.003302247
-0.003334694
-0.003236472
-0.003134468
-0.00319752
-0.003370528
-0.003473108
-0.00340219
-0.003202445
-0.003056557
-0.003141574
-0.003439124
-0.003750722
-0.003899341
-0.003814924
-0.003534209
-0.003140425
-0.002687129
-0.002200192
-0.001709251
-0.00126014
-0.0008098094
-0.0003021038
0.0002286248
0.0007975888
0.001439584
0.002084858
0.002668305
0.00321191
0.00369253
0.004065986
0.004367196
0.004637952
0.00480743
0.004804363
0.004659689
0.004394821
0.004022767
0.003626553
0.003241775
0.002828124
0.002403968
0.001974629
0.001480856
0.00092395
0.000372352
-0.000114366
-0.0005166641
-0.0008097002
-0.001003097
-0.001165195
-0.001328894
-0.001462853
-0.001573862
-0.001662107
-0.001679181
-0.001626021
-0.001521069
-0.001328477
-0.001059772
-0.0008000354
-0.0006101473
-0.000489208
-0.0004143148
-0.0003659548
-0.0003019416
-0.0001489631
0.0001064523
0.0004161408
0.000732974
0.001026727
0.001275351
0.001485388
0.001685229
0.001885785
0.002138706
0.002502086
0.002967117
0.00349326
0.004049953
0.004569802
0.004892065
0.004952784
0.004860742
0.00482281
0.005059142
0.005568112
0.006123859
0.006501711
0.006626728
0.006545986
0.006339488
0.006065118
0.005723324
0.005294527
0.004801049
0.004328811
0.003879224
0.00338905
0.002802373
0.002092947
0.001304336
0.0004534072
-0.0004858414
-0.001502584
-0.002492969
-0.003316814
-0.003945132
-0.004491263
-0.005159256
-0.006114483
-0.00729265
-0.008438953
-0.00932159
-0.009882496
-0.01019292
-0.01033702
-0.01034698
-0.01025291
-0.01007151
-0.009819618
-0.009515614
-0.009129215
-0.008640268
-0.00811418
-0.00763327
-0.007225331
-0.006871674
-0.006550078
-0.00620981
-0.005790846
-0.005301399
-0.004806999
-0.004320809
-0.003800281
-0.003227179
-0.002628934
-0.002031744
-0.001427906
-0.0008163977
-0.0001702437
0.0005454887
0.001332275
0.002192462
0.003109984
0.004040991
0.004954924
0.005809663
0.006591935
0.00733604
0.008060557
0.00875895
0.009431796
0.01004885
0.01055065
0.01096586
0.011358
0.01168813
0.0118996
0.01198367
0.0119099
0.011623
0.01116953
0.01064353
0.01004393
0.009376634
0.008697398
0.008050244
0.007467476
0.006972558
0.006608846
0.006394389
0.006274745
0.006187033
0.006110008
0.006056982
0.00602173
0.005975181
0.005906848
0.005814858
0.005653752
0.005363353
0.004974643
0.004636268
0.004530461
0.004693457
0.004986354
0.005211304
0.005307657
0.005356937
0.005433868
0.005553356
0.0057205
0.005965098
0.006258857
0.006500754
0.006642679
0.006718893
0.006783524
0.006873218
0.007008864
0.007160818
0.007297765
0.007396415
0.007474499
0.007608722
0.007874973
0.008262221
0.008594313
0.008642237
0.008334583
0.008139931
0.007558324
0.007128042
0.006892468
0.006731014
0.006515269
0.006181089
0.005721341
0.00518991
0.004648411
0.004087274
0.003478364
0.002797903
0.002033927
0.001177469
0.0002464497
-0.0006598163
-0.001459918
-0.002172372
-0.002809485
-0.003352744
-0.003779625
-0.00407193
-0.004282728
-0.004524412
-0.004841072
-0.005172889
-0.005497445
-0.005868733
-0.006290245
-0.006690818
-0.007005403
-0.007215065
-0.007399302
-0.007639934
-0.007940073
-0.008225931
-0.008453872
-0.008633868
-0.008775461
-0.008898318
-0.009030771
-0.00915829
-0.009281073
-0.009444155
-0.009677139
-0.009986874
-0.01035764
-0.01075715
-0.01117957
-0.01166581
-0.01224634
-0.01287804
-0.01352332
-0.01420075
-0.01491314
-0.01562903
-0.01625752
-0.01672213
-0.01703093
-0.01721279
-0.0172736
-0.01719675
-0.01695057
-0.01655256
-0.01605442
-0.01551572
-0.01501115
-0.01459073
-0.01428168
-0.01411563
-0.01403944
-0.01385188
-0.01337246
-0.01262729
-0.01182694
-0.01117802
-0.01072692
-0.01038982
-0.01009547
-0.009818245
-0.00955159
-0.009247195
-0.00885805
-0.008393499
-0.00783722
-0.007108043
-0.00618886
-0.005160198
-0.004019901
-0.002699699
-0.001217715
0.0002560143
0.001629367
0.002956101
0.004299338
0.005677682
0.006951886
0.007854479
0.008316551
0.008518903
0.008624311
0.008699882
0.008804325
0.0089747
0.009172281
0.009354165
0.009564903
0.009867277
0.01024948
0.01065826
0.01102341
0.01129482
0.01147594
0.01162345
0.01179105
0.01197531
0.01217534
0.01238687
0.01259971
0.01283861
0.01313196
0.01346904
0.01379372
0.01401502
0.01411417
0.01412906
0.01407668
0.01397468
0.01389158
0.01388787
0.01392342
0.01392815
0.01388165
0.01381477
0.01380198
0.01391797
0.01417676
0.01452214
0.01488223
0.01523507
0.01557787
0.01588308
0.01613172
0.01636531
0.01662593
0.01686928
0.01702981
0.01707217
0.01699018
0.01680894
0.01654917
0.01621341
0.01578312
0.01528903
0.01476863
0.01418994
0.01353985
0.0128652
0.01222816
0.01168346
0.01127456
0.01094156
0.01062428
0.01033593
0.01013876
0.01006964
0.01007179
0.01006557
0.009998908
0.009858112
0.00969222
0.009589379
0.009661473
0.009994338
0.01053546
0.01108585
0.01147654
0.01169706
0.0118261
0.01190645
0.0119416
0.01190152
0.01173955
0.01146465
0.01109984
0.01061756
0.01000553
0.009313939
0.00857114
0.007762756
0.006881143
0.005920006
0.00493701
0.004033892
0.0032202
0.002431742
0.001594914
0.0006238975
-0.0004836305
-0.001581493
-0.002532485
-0.003333908
-0.004034382
-0.004610145
-0.005044579
-0.0053866
-0.005654226
-0.005835592
-0.005936715
-0.005956937
-0.005910246
-0.005810114
-0.005655528
-0.005431039
-0.005142665
-0.004856127
-0.004634066
-0.004512296
-0.004505179
-0.004553757
-0.004575901
-0.004568536
-0.004606728
-0.004754492
-0.005012951
-0.005366795
-0.005785744
-0.006219941
-0.006635898
-0.00698396
-0.007216385
-0.007357915
-0.007507292
-0.007687126
-0.007812589
-0.007837124
-0.007789919
-0.007713492
-0.007680023
-0.007730493
-0.007822408
-0.007890042
-0.007904694
-0.007852957
-0.007733579
-0.007594207
-0.007486999
-0.007401431
-0.007290298
-0.007122914
-0.006891276
-0.006604777
-0.006300568
-0.006029659
-0.005806089
-0.005571439
-0.0052728
-0.004956532
-0.004706545
-0.004550151
-0.004445773
-0.004329944
-0.004163557
-0.0039422
-0.003705305
-0.003485554
-0.00327173
-0.003053647
-0.002886156
-0.002848014
-0.002920118
-0.002983162
-0.002907321
-0.002652226
-0.00231449
-0.002042355
-0.001923438
-0.00192909
-0.001979217
-0.002012182
-0.001988191
-0.001898084
-0.001781971
-0.00168624
-0.001614056
-0.001542913
-0.001455191
-0.001339899
-0.001204399
-0.001060747
-0.000898212
-0.0006994195
-0.0004605752
-0.000172899
0.0001739513
0.0005474994
0.0008477011
0.0009830441
0.0009606247
0.0008605087
0.000769812
0.0007275773
0.0007144432
0.0006993649
0.0006727558
0.0006370629
0.0005890702
0.0005263326
0.0004533964
0.0003816967
0.0003494066
0.0004073887
0.000547811
0.0007154902
0.0008788617
0.001045095
0.001236801
0.001472109
0.001751757
0.002055784
0.002349252
0.002613773
0.00284375
0.003034599
0.003199419
0.003357511
0.003500666
0.00360729
0.00367921
0.003723021
0.003745433
0.003763701
0.00378048
0.00378804
0.003785581
0.003783881
0.003788516
0.003792659
0.003786233
0.00376401
0.003737065
0.003717202
0.00370184
0.003685155
0.003673644
0.003676552
0.003689876
0.003718461
0.003788968
0.003915582
0.004086263
0.004284108
0.004500454
0.004726187
0.004940327
0.005121508
0.005260674
0.005362462
0.005428232
0.005454632
0.005443679
0.00539956
0.005325483
0.005211859
0.005043078
0.004819789
0.0045572
0.004269901
0.003964909
0.00362488
0.003235032
0.002830447
0.002490842
0.002253938
0.002080501
0.001918011
0.001745388
0.001563651
0.001382464
0.00120895
0.001041724
0.0008806495
0.0007275502
0.0005835009
0.000449389
0.0003326976
0.0002341303
0.0001424961
5.744004e-05
-1.610884e-05
-8.364013e-05
-0.0001549678
-0.0002276929
-0.0002881059
-0.0003273391
-0.0003467886
-0.0003744666
-0.0004512082
-0.0005862602
-0.0007452638
-0.0008916477
-0.001015561
-0.001113568
-0.001187953
-0.001252076
-0.001315436
-0.001374357
-0.001427635
-0.001477113
-0.00151982
-0.001551721
-0.001571218
-0.001578258
-0.001572701
-0.001558623
-0.001537274
-0.001511023
-0.001485507
-0.001464056
-0.001441349
-0.001416185
-0.001399224
-0.00139626
-0.001407977
-0.001431575
-0.001459239
-0.001485985
-0.001511571
-0.001537891
-0.001564331
-0.001589823
-0.001613506
-0.001636209
-0.001661787
-0.001694331
-0.001736545
-0.001784861
-0.001833414
-0.001881453
-0.001931319
-0.001981649
-0.002028565
-0.002072451
-0.002114703
-0.002153803
-0.002189809
-0.002225647
-0.00226273
-0.002298431
-0.002329424
-0.002355731
-0.002380296
-0.002402876
-0.002421139
-0.002435482
-0.0024491
-0.002464352
-0.00248091
-0.002494891
-0.002502695
-0.002507218
-0.002512196
-0.00251514
-0.002512946
-0.002507302
-0.00250164
-0.002498221
-0.002497872
-0.002503127
-0.002516056
-0.002530926
-0.002536604
-0.002526997
-0.002506101
-0.002484468
-0.002468416
-0.002458299
-0.002451006
-0.002441522
-0.002427677
-0.002410956
-0.002393992
-0.002377393
-0.002360753
-0.002343958
-0.002326998
-0.002309493
-0.00229109
-0.002272153
-0.002252279
-0.002229815
-0.002203693
-0.002173823
-0.002141811
-0.002112479
-0.002091293
-0.002078134
-0.002067079
-0.002052624
-0.002032984
-0.00201014
-0.001986838
-0.001963615
-0.001940131
-0.00191657
-0.00189304
-0.001869237
-0.001844923
-0.001820074
-0.001794824
-0.001769265
-0.00174336
-0.00171677
-0.001689249
-0.001660987
-0.001632356
-0.00160364
-0.001574977
-0.001546263
-0.001517418
-0.001488565
-0.001459766
-0.001431253
-0.001403487
-0.001376547
-0.001350091
-0.001323893
-0.001297889
-0.001271944
-0.001245985
-0.001220228
-0.001194765
-0.001169415
-0.001144141
-0.001119043
-0.001094129
-0.001069355
-0.001044749
-0.001020356
-0.0009961889
-0.0009722677
-0.0009485837
-0.000925101
-0.0009017739
-0.0008785864
-0.0008555304
-0.000832612
-0.0008098784
-0.0007873426
-0.000764987
-0.0007428072
-0.0007207851
-0.0006988937
-0.000677118
-0.0006554507
-0.000633875
-0.0006123731
-0.0005909369
-0.0005695607
-0.0005482346
-0.0005269574
-0.0005057374
-0.0004845733
-0.0004634534
-0.000442375
-0.0004213426
-0.0004003603
-0.0003794292
-0.0003585461
-0.0003377036
-0.0003168994
-0.0002961417
-0.0002754426
-0.0002548094
-0.0002342426
-0.000213739
-0.0001932954
-0.0001729102
-0.000152583
-0.0001323139
-0.0001121035
-9.195228e-05
-7.186099e-05
-5.18302e-05
-3.186063e-05
-1.195306e-05
7.891608e-06
2.767242e-05
4.738834e-05
6.703829e-05
8.662119e-05
NaN
NaN
NaN
