8.823849e-05
0.0007666926
-0.0008256267
-0.0003883751
0.00176737
0.002700973
0.004842097
0.004276004
0.002227738
0.002623299
-0.0001228083
-0.002834284
0.002665213
0.006531686
0.004897315
-0.0007568379
-0.001848474
-0.001230513
-0.002163874
-0.0004196171
0.002725237
0.003347788
0.0009258154
0.002287217
0.000864232
-0.001264361
0.0007178958
0.00346542
0.001524292
0.0009931059
0.004142401
0.005157173
0.001854641
-0.00070496
-0.002000392
-0.0009514619
-0.0004090501
0.001275177
0.002943536
0.002701903
0.002832032
0.002972858
-0.001856263
-0.005988197
-0.00149141
-0.001347428
-0.0009468546
-0.001361698
-0.003038705
-0.00522918
-0.0001892724
0.005174613
-0.00105825
-0.005303492
-0.001831758
0.004082545
0.001857948
-0.0008647168
0.001490902
0.003986997
0.00324228
0.0003032815
0.002288593
0.001334025
-0.00252573
-0.005873663
-0.008001883
-0.01011397
-0.00494244
0.001014322
0.001446598
-2.162443e-06
0.001407991
0.003216826
0.001882914
0.001118043
-0.001709378
-0.001937939
0.0006934872
0.00123485
-0.004211261
-0.003306921
-0.001301038
-0.0007497265
0.002651423
0.004570477
-0.002898576
-0.004190528
-0.002070593
-0.001041044
-0.001486411
-0.002018472
0.001063345
0.001346304
0.0009948514
0.001383954
7.581983e-05
0.0003701531
0.0023302
0.007562468
0.004761282
-0.001053932
0.00499965
0.004151997
0.005182252
0.001033041
0.001099587
-0.00159592
-0.00140574
0.002113834
1.842721e-05
-0.001693336
-0.001382311
0.001590025
0.0006518188
-0.0002240271
-0.001756608
-0.002875939
-0.003731956
-0.001544137
0.003116322
0.006576407
0.00260596
0.002909484
0.003719103
0.001756541
-0.001698099
-0.005633996
-0.004266725
-0.001516142
0.002513714
0.002143486
4.863697e-05
-0.00231733
0.002009128
0.006923311
0.002673005
0.001960269
0.004777967
-0.002385838
-0.01614576
-0.01565608
-0.01092296
-0.003821183
0.00397646
0.00094193
-0.001180491
0.0002897586
-9.717951e-05
2.101555e-05
-0.002097415
-0.004803129
-0.005979625
-0.004887404
-0.002811663
-0.0027971
-0.0004597572
0.001601409
0.001521838
0.001801553
0.001536832
-0.0007258238
-0.005131252
-0.004594535
-0.00262753
-0.002180076
0.001976346
0.003396356
0.0006478744
0.0005026837
0.001549102
0.003044569
-0.001296154
-0.001798367
-2.675054e-05
-0.001518884
-0.001248208
-0.001541342
-7.676739e-05
-0.0005183233
0.00307243
0.003528971
-0.0003675999
-0.002492183
-0.002433719
-0.001231587
0.0005195503
0.002139354
0.002586401
0.002099374
0.004589971
0.001867591
-0.001302328
0.0005106961
0.0004134997
-0.003063736
-0.003788773
-0.001216932
-0.0003074537
-0.00275456
-0.00425589
0.001208592
0.006137809
0.0004990368
-0.009150144
-0.007214956
-0.00379238
0.0005361834
0.0006462517
-0.002813454
-0.002535658
-0.002932879
-0.0029841
-0.001202162
-0.001055066
-0.002313314
-0.002765547
-0.002033347
-0.003095116
-0.006792354
-0.008950203
-0.01035304
-0.007161601
-0.004668654
-0.001583904
-0.001460014
-0.006612385
-0.007194958
-0.002185696
0.005373759
0.003045528
0.001901707
0.004938033
0.003478387
0.005291086
-0.006559951
-0.01665436
-0.01486866
-0.006255924
-0.0004286273
-0.001001657
0.0002380259
0.003149658
0.006739759
0.01161318
0.002252677
-0.02382852
-0.01271528
0.001673359
0.000854968
-0.001917588
0.0006129884
0.002194095
-0.00789345
-0.004462788
-0.006267642
-0.005662093
0.0004638362
0.005570923
0.005531227
-0.0003559951
-0.001262425
0.0006587147
0.004140584
0.002755137
0.0007853553
0.003411816
0.002265416
-0.003812567
-0.001895674
-0.001693288
-0.00410403
-0.001153543
0.003611631
0.00238645
-0.0002737673
-0.004693384
0.0005597583
0.008315056
0.00580007
0.004752956
0.002305472
0.003267937
-0.0007807723
0.004135382
0.005490799
0.001703456
0.003988251
0.005664182
-4.869323e-05
-0.009662996
-0.009324071
-0.007405098
0.0004299406
0.0126898
0.01051367
0.007744968
0.005873927
-0.0008583776
-0.00352389
-0.009429891
-0.001705583
0.007951674
-0.003129667
-0.002580924
0.00507522
0.007565104
0.0009770237
-0.003704641
0.003035687
0.005326807
0.007530235
0.01167781
0.01007873
0.007151636
-8.493844e-05
-0.009694013
-0.01449887
-0.01056945
0.003412078
0.0111553
0.008612856
0.006725256
0.004224644
-0.0009310238
-0.00351731
-0.002507074
0.001512159
-0.003505809
0.01175688
0.009989631
-0.007406053
-0.005140232
-0.004434004
-0.0001945082
0.001246091
0.002445954
-0.001094142
-0.001639538
0.004487883
0.0123299
0.008062451
0.002664815
-0.00291951
0.006380994
0.001908406
-0.008255815
-0.000965832
0.002749014
0.004957281
0.02351101
0.02303761
0.000247595
-0.009149868
-0.008943058
-1.52943e-05
0.002971939
0.003680442
0.004770373
0.005715409
0.00818733
-0.01204294
-0.0160716
0.006064729
-0.0009557036
-0.0001946198
0.003295921
0.003203137
5.406183e-06
0.0142037
0.02594476
0.005879084
-0.01549023
-0.005050906
0.006230859
0.005729509
0.006800921
0.006039316
0.002914293
0.0008357099
0.003947825
0.005182038
0.004680127
0.002281952
0.004871491
0.005595363
0.003903787
0.004981423
0.002312508
0.008588902
-0.0003531964
-0.007196227
-0.005038872
-0.01221563
-0.00480343
-0.002030283
-0.001991855
-0.002109585
-0.005127276
0.004407053
0.00804262
0.0004815448
0.0008937061
0.01142926
0.005843615
0.006505361
0.01156728
0.005343814
-0.01651534
-0.02069087
-0.008097702
-0.002555906
0.008068437
0.00978807
0.004821489
0.002680196
-0.004478591
-0.009283328
-0.01023565
-0.003690063
0.007802409
0.009698603
0.01211589
0.006873898
0.0003496384
-0.009531561
-0.008461139
-0.01451146
-0.01029152
0.004057923
0.0001329213
0.0007304777
-0.003591548
-0.01215996
-0.01797448
-0.005029304
0.003826575
0.008235132
0.01306686
0.01038515
0.002456431
-0.003262073
0.004278276
0.00534864
0.005561056
0.0003765267
-0.00669105
-0.01155759
-0.01250849
-0.000575884
0.008860649
0.0004929543
-0.003805068
-0.006014259
-0.01087762
0.005316793
0.01837662
0.004218631
-0.005319903
-0.001393545
-0.004010616
-0.004732658
-0.01138001
-0.009499262
-0.005347114
-0.001032911
-0.009737094
-0.009911148
0.0009531046
-0.005434028
0.01030761
0.0185919
0.0151787
0.01063623
0.005060379
0.002511755
-0.002908298
0.000651602
-0.008449886
-0.007000622
0.005084055
0.007533684
0.004327286
0.0003802419
-0.01150049
-0.004749007
0.007069709
0.01188396
0.006093145
-0.001650076
-0.003178563
-0.005905672
-0.00889607
-0.01371647
-0.008880648
-0.005900335
0.001644355
0.0009055029
-0.002343691
-0.006036706
-0.002867285
-0.01840581
-0.015103
-0.01171363
-0.009302541
0.009984316
0.01092942
0.0142561
0.01601085
0.01230949
-0.004074654
-0.002788441
-0.0006628822
0.00296298
0.004177447
0.00644036
0.00348484
-0.01125791
-0.01713596
-0.01244488
0.009192368
0.009223867
0.01349131
0.02004957
0.01895262
0.01481494
0.02020701
0.02197186
0.01597541
0.01542567
-0.005559886
-0.007819365
-0.003664166
0.002127008
-0.008531461
-0.02414621
-0.03012002
-0.01738
-0.006156808
-0.008285519
-0.004439168
-0.001328336
-0.0001209199
-0.001597221
0.004881363
0.002966273
0.01304119
0.01599845
0.00618114
-0.001104621
0.0006926269
0.003798445
0.01133607
0.01362979
0.007700186
0.001346172
0.005399132
0.01256403
0.008531278
0.0135693
0.00773303
-0.002616827
-0.007258845
-0.01081668
-0.00821278
-0.009940893
-0.01894373
-0.02069851
-0.01576422
-0.01920726
-0.02673956
-0.0283243
-0.012461
0.003235975
0.01211928
0.0204211
0.02282421
0.02198059
0.01946205
0.02177009
0.0230183
0.02080455
0.0150595
0.003219893
0.0211989
0.02227748
0.01328144
0.0003389738
-0.02148367
-0.02349695
-0.01937193
-0.01563966
-0.02275923
-0.01945648
-0.01305503
-0.004951248
-0.01227196
-0.01511185
-0.01842915
-0.01901188
-0.01749856
-0.01622703
0.006630732
0.01312051
0.01102592
0.01122833
0.007210959
0.01269383
0.01753815
0.01885221
0.01644322
0.006803434
0.001818888
0.003874349
0.005140298
0.004333577
-0.0001268144
-0.004313875
0.0005902977
0.007489563
0.01402671
0.01195094
-0.0001024915
0.002959436
0.004424022
0.003243729
0.0006976339
0.00478968
0.008176889
0.01328686
0.02715148
0.0281345
0.01233443
0.00526452
0.000314163
-0.01876524
-0.02272725
-0.01601801
-0.008065408
-0.01107577
-0.003819838
-0.002615571
-0.02540069
-0.05995151
-0.06716021
-0.04642805
-0.0262416
-0.002820724
0.005644913
0.007219435
0.0239022
0.04998427
0.05438216
0.02856256
0.003740534
-0.005613189
-0.02260466
-0.04983386
-0.05702617
-0.05682756
-0.0326426
-0.01218778
-0.005021492
0.001665407
0.006306202
0.0293825
0.02992599
0.01784802
-0.0188313
-0.04328285
-0.03999548
-0.03520256
-0.02189058
-0.01565839
0.002273227
0.0316207
0.04902605
0.05086726
0.04773088
0.04056248
0.03490983
0.03422971
0.005307863
-0.02795404
-0.02938172
-0.03018411
-0.01187267
-0.0007930024
-7.139284e-05
-0.01201815
-0.02857628
-0.04340955
-0.04005005
-0.01154344
-0.00106325
0.008832529
0.02653237
0.04400582
0.04980542
0.045351
0.01780791
-0.0266141
-0.03871735
-0.02736258
-0.02252965
-0.02560882
-0.01584204
-0.00997672
-0.0131873
0.01543127
0.0307083
0.02660436
0.00270025
-0.01092323
-0.02118167
-0.02476415
-0.01580262
-0.0149439
-0.01014385
-0.007223588
-0.009816368
-0.01056288
-0.009336655
-0.01655086
-0.01630473
-0.01800673
-0.03209962
-0.0191247
0.004292023
0.007877973
0.02292267
0.04328164
0.02228682
-0.009168029
-0.009700487
0.009224646
0.01314361
0.007257387
0.002912458
-0.004713736
2.152268e-05
0.001811097
-0.0001446926
-0.01026653
-0.01907656
-0.02922681
-0.04201468
-0.05752283
-0.07293705
-0.08292479
-0.09166194
-0.1006877
-0.0932801
-0.0700961
-0.04425492
-0.02561181
-0.02667296
-0.02757288
-0.02075743
-0.02267616
-0.01292294
-0.009476302
-0.007070995
0.02058347
0.03216692
0.0261789
0.0158937
0.02009566
0.02805232
0.0361427
0.0282263
0.005925947
0.008296425
0.02258161
0.0333336
0.07546088
0.1078962
0.1304591
0.1274292
0.1073583
0.09127051
0.07315408
0.05857817
0.03326989
0.01591772
0.0033066
-0.005588569
-0.01743043
-0.02273807
-0.02317614
-0.02038582
-0.0327169
-0.0312177
-0.0145908
-0.01106672
-0.008507467
-0.01633376
-0.01794714
-0.03457992
-0.04709384
-0.06751879
-0.08194809
-0.07598952
-0.07265737
-0.04910158
-0.03128013
-0.01758653
-0.01416321
0.01442565
0.04413965
0.07999926
0.09991028
0.09731095
0.07539498
0.04177462
0.023386
-0.0112103
-0.02419272
-0.045435
-0.04952384
-0.04884715
-0.05085194
-0.03651828
-0.0245142
0.003642701
0.0101859
0.01589789
0.02785135
0.04686943
0.04024073
0.01603141
0.01600128
0.01121295
0.01652374
0.02316061
0.01148144
-0.001707222
0.001309964
0.001992464
0.00433358
0.01018563
0.01022174
0.007669176
0.01155291
0.02499107
0.0320064
0.03729189
0.05357411
0.04359957
0.008386248
-0.009044303
-0.00721818
-0.006403804
-0.004487737
0.00976532
0.01990278
0.02348682
0.02335713
0.02115082
0.01335602
0.01808487
0.01979257
0.01794361
0.005779488
-0.003293944
-0.002068348
0.01319254
0.03639625
0.02974873
0.0212653
0.02103478
0.02019234
0.02180003
0.00969493
-0.006710407
-0.00697416
-0.01229091
-0.01510347
-0.01904815
-0.01744291
-0.006384244
-0.00261645
0.003771807
0.02079058
0.02423325
0.02334099
0.02267627
0.01999919
0.01715897
0.02228401
0.03418296
0.03165612
0.02938947
0.02860596
0.03490746
0.03710558
0.03883252
0.04449981
0.04824652
0.03715433
0.01877739
0.01568113
0.0002715133
-0.02321541
-0.03500184
-0.04202788
-0.04156192
-0.0393313
-0.02899059
-0.004401438
0.0004854698
0.02284607
0.04120629
0.01928066
-0.00946258
-0.02305263
-0.02439038
-0.03252229
-0.03018485
-0.03016682
-0.02988456
-0.02732661
-0.02977578
-0.02374971
-0.01337531
0.001652383
0.01244408
0.02750861
0.04649612
0.04797538
0.04195873
0.02890617
0.01607807
0.008015462
0.004815247
8.916658e-05
-0.003374101
-0.001586356
-0.007765779
-0.01651148
-0.02532749
-0.0194218
-0.004722652
0.01792644
0.03895172
0.04738006
0.04455784
0.03304731
0.02430715
0.01768557
0.00141789
-0.009523306
-0.01863968
-0.02409115
-0.02592567
-0.03600684
-0.03322781
-0.03183901
-0.02427407
-0.01580333
-0.0001344198
0.01786523
0.01869627
0.01622153
0.01510648
0.01737378
0.02065703
0.02347315
0.02731441
0.02617197
0.02783048
0.01996425
-0.002652158
-0.02046129
-0.01911377
-0.01003667
-0.007617087
0.002725879
0.004286668
-0.01440462
-0.02902201
-0.03784986
-0.04793229
-0.05249039
-0.04995334
-0.04495808
-0.02941192
-0.00469799
8.719699e-05
-0.002903064
-0.008716671
-0.02001991
-0.03091003
-0.04326894
-0.05456501
-0.06184022
-0.06281796
-0.0604307
-0.04969474
-0.03355481
-0.0155595
-0.002159275
0.006086886
0.008965809
0.0112409
0.01298048
0.01083488
0.004568487
-0.008080052
-0.01718205
-0.01563526
-0.008179605
-0.002402879
-3.378501e-06
-0.002233665
-0.008314458
-0.001406581
0.01977721
0.03405966
0.03415799
0.03511312
0.04151195
0.03660817
0.02231526
0.007914228
-0.01009048
-0.02139789
-0.02460448
-0.02915443
-0.02453561
-0.01669769
-0.01885477
-0.01929317
-0.02217755
-0.02440815
-0.01861136
-0.01353064
-0.01068578
-0.009420921
-0.007898035
0.001142226
0.01191748
0.0108097
0.003907274
-0.01008521
-0.01596973
-0.01431139
-0.004842945
-0.01084181
-0.01680705
-0.01285793
-0.008831319
-0.004488546
-0.01747867
-0.02426111
-0.02808152
-0.02675197
-0.02939028
-0.03505802
-0.03959972
-0.03401389
-0.019039
-0.02098697
-0.02580936
-0.02280736
-0.02197086
-0.0231173
-0.02897721
-0.03019004
-0.02597346
-0.02463945
-0.01251899
-0.004492863
-0.005666166
-0.005787902
0.002310489
0.01126461
0.00955763
-0.0003746825
-0.01034887
-0.01501198
-0.01285541
-0.0005692958
0.008500706
0.02055721
0.03215771
0.03642538
0.04075724
0.03556019
0.03158302
0.02943259
0.02474536
0.01935937
0.02045133
0.02197265
0.01066332
0.006612245
0.004795924
0.01011953
0.01699245
0.01756273
0.01416615
0.01039924
0.005182844
0.003380315
0.004575494
-0.006387799
-0.0138342
-0.01392342
-0.01927387
-0.02789146
-0.03368169
-0.03693219
-0.03591202
-0.01841383
0.001211992
0.01362839
0.0176654
0.01546504
0.01491189
0.01181887
0.0215492
0.03096939
0.0289716
0.02116687
0.01049484
0.002530835
-0.005150719
-0.005616875
-0.003801376
-0.008675122
-0.01369277
-0.01199788
-0.01497979
-0.01212329
-0.004235223
0.002225778
0.006276432
0.003567459
-0.003900922
-0.01210073
-0.007393549
-0.003545296
0.0008710082
0.006144023
0.01253895
0.01866654
0.02388522
0.02704239
0.02160598
0.004024329
-0.006690773
0.006691532
0.01083663
0.01699408
0.01250061
-0.01084154
-0.01780767
-0.01423016
-0.01129535
-0.01071071
-0.005204667
0.009287483
0.01234738
0.0129143
0.00692252
0.008112468
0.02059576
0.01709963
0.02496214
0.02569474
0.01617931
-0.001768559
-0.001065825
-0.0004182682
-0.01562773
-0.01125941
0.0016095
0.01142545
-0.002127922
-0.02232159
-0.01903393
-0.01087282
-0.008249379
0.002055582
-0.0001580152
-0.00393231
-0.01331671
-0.01421888
-0.01876255
-0.03006586
-0.02687914
-0.01757457
0.006469926
0.03074281
0.02665551
0.008100422
0.006309965
0.008583089
0.008265314
0.002384361
0.004903009
-0.00274478
-0.007752909
0.004308566
0.0101153
0.0127579
0.01030754
0.0009435231
-0.003095172
0.002925275
0.008036805
0.01356338
0.01689176
0.02057397
0.02850031
0.0335675
0.03125386
0.02257126
0.01642937
0.01121559
0.005131655
0.004953422
0.005989915
0.004434493
0.0005533746
-0.003525717
-0.002774184
-0.003268166
-0.005500321
-0.008567951
-0.007951433
-0.01176589
-0.002679479
0.01812663
0.02553088
0.02688134
0.02031242
0.008371072
0.005825871
0.00332954
0.009013518
0.01204235
0.004921064
0.001341134
0.009355455
0.01530725
0.01599473
0.01593344
0.01151055
0.01431019
0.01364786
0.02233273
0.0230554
0.01339641
0.0128286
0.01828585
0.02859923
0.04092703
0.04072507
0.02123584
-0.0106485
-0.02586002
-0.01383761
-0.01329334
-0.01218408
-0.02256722
-0.0363083
-0.01772055
0.006927964
0.02103776
0.02147336
0.02203332
0.01115289
-0.01264491
-0.02803899
-0.03012419
-0.0196655
-0.02147851
-0.01804369
-0.01307077
-0.004895137
0.005317372
0.0117089
0.01661624
0.008775563
-0.009699701
-0.0218388
-0.0114686
0.01676888
0.02469707
-0.01276584
-0.04881814
-0.05796698
-0.034176
-0.01133369
0.002682501
-0.003550408
-0.02670824
-0.03676321
-0.02491475
0.002100024
0.02128013
0.01911565
-0.005505203
-0.002714629
0.009552712
0.01351108
0.01106788
0.006304118
0.007802091
0.009390796
0.01086827
0.009227558
0.005540676
-0.01819129
-0.03467723
-0.0388161
-0.03305694
-0.01626244
-0.006333616
-0.006021385
-0.01820215
-0.02255549
-0.01376514
-0.006746558
0.006554157
0.01529748
0.01686506
0.02103565
0.01279179
0.01111363
0.007833024
-0.004456255
-0.01429756
-0.02416644
-0.03432401
-0.0489237
-0.04354366
-0.02975477
0.001923879
0.01962136
0.01331822
-0.00111637
-0.02030317
-0.02701334
-0.02947933
-0.02604871
-0.01978861
-0.01420583
0.003161011
0.02548911
0.03139724
0.02532954
0.006885144
-0.00131438
0.001515347
0.005841405
0.01019602
0.01516161
0.01661022
0.0103558
0.00354445
0.0087946
0.02331553
0.03448881
0.03245617
0.01368532
0.002581814
0.005112652
0.006113496
0.006486026
0.007619482
0.004956507
0.00103792
-0.003350876
-0.008190501
-0.01254154
-0.01591947
-0.01653218
-0.01352081
-0.009841324
-0.01188096
-0.01058008
-0.004256699
0.0003245426
0.005254646
0.01048465
0.01350434
0.008294694
0.001838634
0.00325802
0.002354894
-0.002326283
-0.00159939
0.008768573
0.01452719
0.01506242
0.01717052
0.01267824
0.0006390139
-0.005703474
-0.002649684
-0.000441435
0.003070415
0.006621066
0.01115402
0.01111333
0.007721998
-0.010852
-0.02584166
-0.02379728
-0.01420689
-0.003152747
0.009436539
0.02304691
0.02175105
0.02031039
0.02525092
0.03311889
0.03432328
0.0191149
0.007759108
0.007433663
0.00908198
0.002222539
-0.004347159
0.006875067
0.01626952
0.01989797
0.01675676
0.01173473
0.004356576
0.0006474277
0.002861492
0.006226188
0.01393412
0.01671756
0.0190635
0.02046398
0.02383516
0.02414134
0.01252684
-0.002514767
-0.006613736
-0.001189905
0.00561917
0.008310589
0.01149271
0.01945668
0.02609576
0.01798674
-0.006215747
-0.01633603
-0.01419786
-0.008141769
-0.001671474
0.000968814
0.001735457
0.003298814
0.005287607
0.0169869
0.01646566
0.00202663
-0.002360205
0.0009642602
0.003256586
0.0004398345
-0.0005489753
-0.002681101
-0.006511421
-0.0120685
-0.01335779
-0.01279874
-0.01025057
-0.009349598
-0.01139224
-0.01154573
-0.01272625
-0.01384035
-0.01663224
-0.0188569
-0.01829277
-0.0203693
-0.0206393
-0.01757379
-0.01733049
-0.0178123
-0.01477499
-0.0127545
-0.01147951
-0.01075929
-0.0133264
-0.01444702
-0.01041449
-0.008418779
-0.01126386
-0.01225751
-0.01255847
-0.0114415
-0.008457801
-0.007921976
-0.01070816
-0.01804343
-0.02321922
-0.02744424
-0.02876825
-0.02104475
-0.01546004
-0.01383586
-0.01675158
-0.0171447
-0.01444504
-0.0135425
-0.01518472
-0.0166065
-0.01560155
-0.01175068
-0.01250802
-0.01330909
-0.01100514
-0.008806122
-0.007232225
-0.006600671
-0.005026499
-0.00751179
-0.009273762
-0.008443776
-0.005220732
-0.002367809
-0.004416868
-0.007106345
-0.008166744
-0.006262883
-0.003358261
-0.0005728401
0.002253523
0.004385405
0.01076981
0.01234913
0.01361036
0.01394149
0.01200326
0.01094951
0.01188083
0.01399753
0.01426919
0.01323538
0.01404384
0.01332755
0.01152918
0.01098554
0.01236986
0.01395526
0.01754203
0.01893391
0.0180493
0.01804304
0.01649367
0.01694771
0.01571279
0.01528788
0.01467543
0.01464759
0.01206479
0.01173836
0.01335213
0.01449071
0.01220733
0.01098286
0.01159555
0.009152451
0.005060153
-5.404282e-05
-0.00444186
-0.008522517
-0.008890236
-0.006196796
-0.006281698
-0.009231644
-0.008554331
-0.006498861
-0.005389814
-0.005700472
-0.006281294
-0.003542901
0.004260947
0.01021975
0.008591926
0.004412194
0.002486796
0.00510563
0.005622376
0.004737774
0.00525886
0.005293538
0.004962164
0.005909999
0.005046442
0.006240352
0.00870735
0.006810912
0.00475446
0.005276693
0.006252948
0.005881908
0.006105648
0.005354391
0.004220755
0.005983018
0.008236019
0.009069299
0.01010874
0.007620109
0.005877217
0.003567321
0.004075797
0.005781866
0.002870507
0.002316478
-0.001392301
-0.004727651
-0.006162635
-0.004251911
-0.002569563
-0.002732289
-0.005421453
-0.008819415
-0.008107695
-0.007408114
-0.007037897
-0.008326102
-0.006403251
-0.007679023
-0.007318623
-0.005323069
-0.006414964
-0.00820955
-0.009608286
-0.009570776
-0.01071536
-0.01165789
-0.01052057
-0.01366105
-0.01513578
-0.01495394
-0.01546258
-0.01645156
-0.01938764
-0.01600781
-0.01534417
-0.01569944
-0.01548752
-0.01525105
-0.01579991
-0.01705966
-0.01667407
-0.01595999
-0.01754186
-0.01808839
-0.0158686
-0.01592541
-0.01365657
-0.01310739
-0.01242556
-0.008964192
-0.006688011
-0.007254526
-0.00990486
-0.01119345
-0.01358258
-0.01396126
-0.01478462
-0.01709408
-0.01408015
-0.01110085
-0.01320623
-0.01249739
-0.01060024
-0.008671443
-0.007442347
-0.005623672
-0.0051626
-0.006815974
-0.007420776
-0.008124507
-0.009415749
-0.01032245
-0.009700156
-0.006004607
-0.003229095
-0.001104346
0.001792539
0.005010718
0.01163059
0.01661437
0.01736514
0.01608303
0.01346165
0.01382885
0.01513443
0.01226615
0.01092069
0.01121231
0.0145741
0.01830001
0.02138122
0.02169822
0.02000781
0.01933837
0.01814971
0.01982416
0.02253589
0.02477428
0.02620785
0.02644082
0.02496727
0.02335699
0.02351634
0.02379089
0.02397459
0.02328102
0.02306984
0.02342876
0.02276353
0.02114656
0.01850236
0.01794909
0.01801384
0.01677495
0.01441804
0.01188153
0.009784529
0.008698253
0.009639639
0.008562338
0.008903751
0.007642635
0.008685589
0.008068888
0.00677173
0.006037493
0.005249075
0.004676773
0.003169004
0.001323485
-0.001723725
-0.00271883
-0.005241012
-0.006020152
-0.009483058
-0.01088264
-0.01121036
-0.0106498
-0.008447198
-0.00771049
-0.00725342
-0.008268368
-0.007774899
-0.008283236
-0.01022382
-0.01099565
-0.009832721
-0.01012041
-0.0110121
-0.01357168
-0.01479423
-0.0149072
-0.01631167
-0.01583547
-0.01618565
-0.01565678
-0.01396429
-0.01165185
-0.008821447
-0.008535136
-0.009610722
-0.01107311
-0.01242147
-0.01052032
-0.01005249
-0.00901878
-0.006784754
-0.00845041
-0.01008366
-0.009775058
-0.009680894
-0.007473517
-0.006568921
-0.005245344
-0.003637431
-0.004126881
-0.003669
-0.005689968
-0.006584087
-0.006009661
-0.003612751
-0.003604941
-0.002787509
-0.0005331629
-0.0008807544
-0.001289879
-0.00280233
-0.003638272
-0.003045808
-0.003279886
-0.00233834
-0.0001983073
0.0006455143
-0.001264417
-0.001869559
-0.00333772
-0.004097436
-0.003925121
-0.00358438
-7.891274e-06
0.001951522
0.002358797
9.61241e-05
0.001250455
0.002888776
0.003921877
0.005195955
0.005596547
0.007697979
0.008907802
0.009194851
0.01102093
0.01340986
0.01380575
0.01267974
0.01357377
0.01602697
0.01746379
0.01851304
0.01808474
0.01799852
0.01714781
0.01491045
0.01436507
0.01410448
0.01544372
0.0157762
0.01512942
0.01499219
0.01480313
0.01401517
0.01201865
0.010733
0.01098339
0.01022019
0.007936354
0.007223732
0.005906635
0.003422988
0.002221213
0.003094191
0.003332633
0.001826697
0.0009872285
-0.001254664
-0.002823384
-0.00266465
-0.003037184
-0.003715295
-0.004846729
-0.005762033
-0.005881791
-0.00636404
-0.005982123
-0.004809583
-0.004155898
-0.004204265
-0.00483599
-0.004641156
-0.003667641
-0.002817725
-0.002025274
-0.002711243
-0.003320881
-0.003725608
-0.003502618
-0.003612904
-0.004099421
-0.003257897
-0.002885263
-0.00369399
-0.003341956
-0.002299461
-0.00196549
-0.002362101
-0.003257755
-0.003270521
-0.003048378
-0.002181217
-0.001443789
-0.0007577902
-0.0003712481
-0.0006308802
-0.0006315922
-0.001358451
-0.001872268
-0.001452131
-0.001075377
-0.001098737
-0.001248899
-0.001713393
-0.002063294
-0.002124403
-0.002161106
-0.001872073
-0.001644979
-0.001538065
-0.001820502
-0.002014151
-0.002368807
-0.002459592
-0.002341843
-0.002218946
-0.00191811
-0.001803282
-0.002001183
-0.002393312
-0.002757272
-0.002805789
-0.002680776
-0.002625439
-0.002363859
-0.002265221
-0.002287658
-0.002214467
-0.002279198
-0.002331444
-0.002344274
-0.002404391
-0.002364705
-0.002271506
-0.002201819
-0.002093654
-0.001974655
-0.001807805
-0.001698262
-0.001560684
-0.001442275
-0.001361602
-0.001243974
-0.001180013
-0.001161787
-0.001110312
-0.001037325
-0.001059354
-0.001059744
-0.001006646
-0.0009288363
-0.0008721023
-0.0008300944
-0.0008079313
-0.0007724111
-0.0007221793
-0.0006757222
-0.0006016208
-0.0005377817
-0.0004874988
-0.0004250273
-0.0003724727
-0.0003148344
-0.0002587947
-0.0001915997
-0.0001223757
-5.513747e-05
7.333016e-06
6.460013e-05
0.0001258045
0.0001827293
0.000245052
0.0003047556
0.0003633703
0.0004196725
0.0004728595
0.000523013
0.0005699706
0.0006161266
0.0006618289
0.000705734
0.0007474721
0.0007872744
0.0008255839
0.000862268
0.0008969391
0.0009296252
0.0009601351
0.0009884785
0.00101463
0.001038572
0.001060241
0.001079563
0.001096488
0.001110975
0.001122992
0.001132513
