0.0008079708
0.0008056074
0.0008038263
0.0008051357
0.0008085651
0.0008128575
0.0008143851
0.0008028769
0.0007766121
0.0007529262
0.0007365374
0.000730893
0.0007554431
0.0008092629
0.0008483718
0.0008702492
0.0008798518
0.0008290787
0.0006597568
0.0003963378
7.456734e-05
-0.0003030053
-0.0007269424
-0.001115733
-0.001351119
-0.001386517
-0.001206795
-0.0008827393
-0.0004398328
0.0001532676
0.0007443779
0.001025534
0.001171702
0.001438587
0.001802177
0.002229364
0.002490979
0.002397148
0.001831304
0.0008824876
-0.0001210082
-0.0007853806
-0.001207469
-0.00139489
-0.00145481
-0.001516811
-0.001548516
-0.001375462
-0.0009512498
-0.0004894702
-9.300177e-06
0.0004163844
0.0008740875
0.001372519
0.002076831
0.002821702
0.003429656
0.00395041
0.003963649
0.003224917
0.001923336
0.0003906496
-0.0009092951
-0.001911864
-0.002603459
-0.00287118
-0.002850385
-0.00257735
-0.002068097
-0.001542614
-0.001047793
-0.0007901469
-0.0007343759
-0.0008126101
-0.001139311
-0.001607843
-0.001641633
-0.001174361
-0.0006184239
-7.609779e-05
0.0003823348
0.0008492635
0.001296226
0.001831561
0.002411383
0.002923646
0.002859608
0.002108128
0.001309821
0.0009939035
0.001022447
0.001098696
0.001114509
0.001083204
0.00105137
0.001063961
0.001139448
0.001172118
0.0008671061
6.519126e-05
-0.0007174602
-0.0008006725
-0.0001052114
0.001001976
0.002365191
0.003819095
0.004786465
0.005111906
0.005139441
0.004857748
0.003835425
0.002061546
0.0002277568
-0.0009103203
-0.001140883
-0.0005335196
0.0007567498
0.002079985
0.003130698
0.003801918
0.004011189
0.004015029
0.004011091
0.003843192
0.00317902
0.001854498
-0.0001777317
-0.002367376
-0.003968631
-0.0052401
-0.006378876
-0.006910098
-0.006756073
-0.005982608
-0.004648612
-0.002835686
-0.001084851
-4.300767e-05
0.0002297656
9.472234e-05
-0.0002900796
-0.0007522712
-0.0007452033
-0.00027112
0.0001007816
0.0001744768
-0.0001389724
-0.000933368
-0.001921024
-0.002714022
-0.003227291
-0.003668923
-0.003922828
-0.003982733
-0.003775943
-0.003063604
-0.001779149
1.264546e-05
0.001806817
0.003089312
0.003775245
0.003959067
0.003967277
0.003964354
0.003734434
0.003013913
0.001964593
0.0008926279
0.0001222295
-0.0001005851
0.0001423848
0.0006488844
0.001217054
0.001996131
0.00273933
0.003012519
0.002767821
0.002204939
0.001650814
0.001159457
0.0009111388
0.000856778
0.0009259703
0.001239077
0.001702306
0.001760264
0.00132611
0.0007192138
-8.828491e-05
-0.0008366165
-0.001145185
-0.001045466
-0.0006736718
-0.0004329702
-0.0009553823
-0.001977728
-0.002808634
-0.003078567
-0.003016516
-0.002946451
-0.002975744
-0.003036139
-0.002864504
-0.002164925
-0.0008809138
0.0009070233
0.002721011
0.004053759
0.004733204
0.004640099
0.004108185
0.003780457
0.003761147
0.0038671
0.003929742
0.003694635
0.00295013
0.001870488
0.0007760807
5.707845e-05
7.554402e-05
0.0005950384
0.001100698
0.001592933
0.002297055
0.003511985
0.00485458
0.005973844
0.006464751
0.005918686
0.00462644
0.00311105
0.001830362
0.00059394
-0.0008125414
-0.00209111
-0.003133249
-0.003855649
-0.004116272
-0.004042846
-0.00372753
-0.003320184
-0.003136608
-0.002832901
-0.001842811
-0.0003990193
0.0006774729
0.001251996
0.001695334
0.001888354
0.00166115
0.001092604
0.0005517204
0.0003032223
0.0005528238
0.0008659696
0.0009827064
0.0007707119
-5.138273e-06
-0.001345226
-0.002940442
-0.003991955
-0.003995505
-0.003131112
-0.002028286
-0.001258653
-0.001041862
-0.001075256
-0.001076892
-0.001080257
-0.001348412
-0.001904272
-0.002224604
-0.001831785
-0.0005575176
0.001282937
0.003378411
0.004976781
0.005710046
0.005353983
0.004115467
0.00280605
0.001546406
0.0001106317
-0.001432408
-0.002959382
-0.003946116
-0.004179964
-0.004052353
-0.003987367
-0.004284854
-0.004882693
-0.00519119
-0.004733302
-0.00344929
-0.001887074
-0.0003663352
0.0008664179
0.001877024
0.002653783
0.002913966
0.002416192
0.001130717
-0.0004233612
-0.001934094
-0.003151855
-0.004178707
-0.005145931
-0.005847112
-0.006067896
-0.006074214
-0.006281702
-0.006728175
-0.007033064
-0.007170986
-0.00718066
-0.00666217
-0.005213616
-0.003227339
-0.001171067
0.0008393546
0.002796399
0.004524708
0.005773203
0.006518062
0.006755998
0.006535463
0.005784111
0.004485829
0.00272241
0.0009781526
-0.0003300156
-0.001303682
-0.001990939
-0.002270279
-0.002236431
-0.001924067
-0.001432809
-0.001159834
-0.001132554
-0.001194098
-0.001268833
-0.001265159
-0.0009735373
-0.0002884489
0.0004329882
0.00103668
0.001821554
0.002534138
0.002571419
0.001861074
0.0008255705
-0.0002811042
-0.001502737
-0.002688312
-0.003485763
-0.004178882
-0.004825234
-0.005394868
-0.006152033
-0.006861936
-0.007151063
-0.007143294
-0.007079245
-0.007049873
-0.007067124
-0.00712925
-0.007167864
-0.006935958
-0.006197493
-0.005134886
-0.004069959
-0.003345114
-0.003153415
-0.003193014
-0.003018807
-0.002507064
-0.001921475
-0.001408272
-0.001250249
-0.001320606
-0.001098394
-0.0001322382
0.001356648
0.002733921
0.003837056
0.004525784
0.004441593
0.003658769
0.002857528
0.002556467
0.00259965
0.002676403
0.002660799
0.002585909
0.0026095
0.002926808
0.003421045
0.003460177
0.002943916
0.002336736
0.001999972
0.002289192
0.003072482
0.004113596
0.004893498
0.005422771
0.005658916
0.005497897
0.004755446
0.003242761
0.0009910681
-0.001346618
-0.003383909
-0.004854364
-0.005583895
-0.005814001
-0.005533562
-0.004947096
-0.004112657
-0.003446928
-0.003440446
-0.003732783
-0.003599482
-0.003066929
-0.002241991
-0.001492501
-0.001062688
-0.0006626832
7.273362e-05
0.001566422
0.003358371
0.004756165
0.005510424
0.00543524
0.004640654
0.003577266
0.00256569
0.001671966
0.0007545887
-0.0005181599
-0.002327284
-0.004133551
-0.005150068
-0.0051311
-0.004545228
-0.003994388
-0.003512502
-0.003007984
-0.002267329
-0.001563907
-0.001249118
-0.001063071
-0.0007208498
-0.0001961711
0.000861104
0.002344371
0.003601592
0.004381134
0.004864109
0.005332637
0.005554358
0.005341299
0.004799149
0.004258182
0.003799891
0.003543816
0.00324943
0.002802458
0.002590802
0.00261137
0.00243054
0.001664961
0.0004042888
-0.0008821872
-0.00169616
-0.002208738
-0.002401753
-0.002158906
-0.001430462
-0.0004284021
0.0006522869
0.001708899
0.002448344
0.002449142
0.001714828
0.0006647375
-0.0004384339
-0.001494838
-0.002216246
-0.002178124
-0.001447867
-0.0006300943
-4.578266e-05
0.0004468244
0.0006706453
0.0004574658
-0.0002575266
-0.001306812
-0.00261355
-0.004054708
-0.005242379
-0.00625805
-0.007480491
-0.008949642
-0.01018747
-0.01098453
-0.01148791
-0.01190743
-0.01193959
-0.01153015
-0.01091094
-0.009903762
-0.008756506
-0.007934535
-0.007014553
-0.005851397
-0.004690207
-0.003438825
-0.002770491
-0.002998121
-0.003374765
-0.003424899
-0.003067932
-0.002567959
-0.002564346
-0.003035997
-0.003363487
-0.003409869
-0.003356866
-0.003324335
-0.003327546
-0.003342484
-0.003355913
-0.00336008
-0.003337867
-0.00329613
-0.003322649
-0.003591522
-0.004064803
-0.004348051
-0.004418833
-0.004391644
-0.00413343
-0.00345188
-0.002469925
-0.00122211
0.000305694
0.001874538
0.003192612
0.00366551
0.003139044
0.001878284
0.0005610622
-0.0007316955
-0.002148796
-0.003417923
-0.004450268
-0.005146695
-0.005378539
-0.005362595
-0.005323252
-0.005301052
-0.005275187
-0.005303605
-0.005551621
-0.006015107
-0.00635599
-0.006616894
-0.006783663
-0.006710929
-0.006901055
-0.007658898
-0.009193543
-0.01094679
-0.01227475
-0.01322727
-0.01394618
-0.01446588
-0.01471608
-0.01428626
-0.01328503
-0.0119076
-0.01035411
-0.009281833
-0.009071869
-0.009687939
-0.01072189
-0.01129443
-0.01135768
-0.01122157
-0.01091482
-0.01050103
-0.01027449
-0.01001036
-0.009323002
-0.008334241
-0.007287962
-0.006290222
-0.005355367
-0.004445654
-0.003437474
-0.002139154
-0.0006628954
0.000349408
0.0006698664
0.0006191488
0.000295033
-0.0004271295
-0.001387715
-0.002410341
-0.003469863
-0.004503256
-0.005200362
-0.005196071
-0.004724126
-0.004359575
-0.004059404
-0.003688539
-0.003477587
-0.00320581
-0.002496534
-0.001482002
-0.0004647932
0.0003105597
0.0008233529
0.001248906
0.001433581
0.001481081
0.001705418
0.002135316
0.002443552
0.002732997
0.003139669
0.003405355
0.003660385
0.00408892
0.004591685
0.005319914
0.006244705
0.00730759
0.008596001
0.009977003
0.01095997
0.01174392
0.01291265
0.0141712
0.01519015
0.01584487
0.01631
0.0172074
0.01864997
0.02029696
0.02205363
0.02345358
0.02420037
0.02489334
0.02583785
0.02686855
0.02763518
0.02791203
0.02789759
0.02777107
0.02751106
0.02731258
0.02752783
0.02779297
0.02788275
0.02782477
0.02757225
0.02715975
0.02669587
0.0257473
0.02403328
0.02173644
0.01921664
0.0169909
0.01508609
0.01322241
0.01105062
0.008342972
0.005331076
0.002345443
-0.0003527115
-0.002738096
-0.005106107
-0.007589232
-0.01036871
-0.01307508
-0.01508054
-0.01631677
-0.01718574
-0.01787609
-0.01841356
-0.01890097
-0.01911063
-0.01907657
-0.01906253
-0.0193234
-0.01982426
-0.02011861
-0.02013081
-0.02002672
-0.01999297
-0.02027924
-0.02100021
-0.02177243
-0.02234145
-0.02283547
-0.02308624
-0.02292219
-0.02218944
-0.02075075
-0.01854661
-0.01579711
-0.01251099
-0.009062549
-0.005837948
-0.003139686
-0.0007261664
0.001460693
0.00344705
0.005133534
0.006342512
0.007284464
0.00821642
0.00922925
0.01023875
0.01099532
0.0112834
0.01123404
0.01091667
0.01042046
0.01011594
0.0100775
0.01034517
0.0110495
0.01206996
0.01336245
0.01482408
0.01607003
0.01708036
0.0180019
0.01878476
0.01934124
0.01956967
0.01907855
0.01807013
0.01694014
0.01592227
0.01527164
0.01507144
0.01483551
0.0141149
0.01313965
0.0123429
0.01180381
0.01117379
0.01049534
0.009730601
0.008530118
0.007062624
0.005458278
0.00394244
0.002767368
0.002285664
0.002073955
0.001661182
0.001145184
0.0006040178
0.0003062708
0.0002849945
0.0005911282
0.001324143
0.002257164
0.003249343
0.004509112
0.006226558
0.008016296
0.009370921
0.01010358
0.0100326
0.009276046
0.008269083
0.007216912
0.005997191
0.00459078
0.00329749
0.002033394
0.0008052838
-1.616199e-06
-0.0004224904
-0.000334393
-8.11494e-05
-0.0002966966
-0.0008211229
-0.001358541
-0.001573434
-0.00160152
-0.001827686
-0.002274095
-0.002533604
-0.002599873
-0.002666385
-0.002541182
-0.001597216
0.0006805952
0.004021131
0.007203843
0.0092851
0.00992354
0.009309543
0.008221148
0.00718083
0.006232366
0.005245429
0.004190118
0.003365012
0.003315286
0.004322681
0.006157861
0.008236893
0.01001516
0.01121894
0.01195041
0.01239626
0.01263419
0.01243489
0.01193584
0.01109595
0.01007482
0.009294784
0.009060621
0.009186547
0.009269864
0.008801735
0.007545843
0.005975865
0.004436902
0.003239394
0.002303622
0.001363474
0.0003024631
-0.0007525343
-0.001282397
-0.0008069393
0.0004450948
0.002047445
0.003647857
0.005120981
0.006033436
0.006287214
0.006434377
0.006846434
0.007440308
0.008224015
0.008863807
0.009115827
0.009550249
0.01068557
0.01225867
0.01408646
0.01577961
0.01698819
0.01794783
0.01896541
0.02000361
0.02053283
0.02004129
0.01878057
0.01723748
0.01572804
0.01404182
0.01212212
0.01009128
0.008070175
0.006321921
0.005119354
0.004433864
0.004002718
0.003366866
0.002421726
0.001119255
-0.0006129332
-0.002400324
-0.00390879
-0.005085894
-0.005830954
-0.006538961
-0.007226031
-0.007724648
-0.008197679
-0.00869824
-0.009412271
-0.01014336
-0.01071052
-0.01123768
-0.01149441
-0.01125873
-0.01045871
-0.009404297
-0.008573727
-0.008302478
-0.008605095
-0.009397061
-0.0103713
-0.01133162
-0.01236723
-0.01365683
-0.01494668
-0.01548753
-0.01514266
-0.01425976
-0.01369224
-0.01411374
-0.01521052
-0.01656144
-0.01781478
-0.01859195
-0.01907651
-0.01923115
-0.01902549
-0.01859007
-0.01806203
-0.01707702
-0.01560098
-0.01405093
-0.01259792
-0.01141761
-0.01021267
-0.008582127
-0.006603148
-0.004356778
-0.001903692
0.0005571308
0.003051449
0.005468671
0.007689621
0.009500349
0.01101861
0.0119094
0.01187416
0.01132816
0.01100563
0.01102703
0.01109642
0.01087096
0.01018487
0.009245357
0.008009462
0.006078811
0.003369625
0.0002676261
-0.002777221
-0.005225896
-0.006703614
-0.007594772
-0.008247582
-0.008770727
-0.009274935
-0.00949848
-0.009437393
-0.00936252
-0.009652186
-0.01047466
-0.01128119
-0.01133328
-0.01054251
-0.009440256
-0.008598981
-0.008323056
-0.008587531
-0.009375975
-0.01059986
-0.01211707
-0.0136818
-0.01519307
-0.0162019
-0.01647552
-0.01615689
-0.01537294
-0.01440365
-0.01339349
-0.01220029
-0.01074127
-0.009201444
-0.007648441
-0.006426048
-0.005754838
-0.005566757
-0.005320881
-0.004629515
-0.003861777
-0.003470124
-0.003445179
-0.003932032
-0.005176463
-0.006999763
-0.009240328
-0.01122176
-0.01273862
-0.01414896
-0.01542035
-0.01646401
-0.01693573
-0.0164814
-0.01545684
-0.01416045
-0.01264902
-0.01110667
-0.009633224
-0.008664739
-0.008218425
-0.007823359
-0.00716082
-0.005934726
-0.00436691
-0.002581719
-0.0009399524
0.0002870177
0.001520022
0.003158672
0.004914491
0.006465277
0.007877095
0.009066826
0.0102777
0.01171938
0.01322114
0.01472955
0.01600646
0.01699982
0.01763047
0.01784911
0.01810991
0.01878137
0.01955063
0.02011777
0.02058396
0.02084324
0.02090953
0.02065926
0.01973314
0.01806833
0.01579729
0.01284492
0.009385813
0.005819536
0.002314274
-0.0006233141
-0.002736105
-0.004315086
-0.005992963
-0.008448621
-0.01137439
-0.01412369
-0.01660068
-0.0192687
-0.02217962
-0.02494186
-0.02722066
-0.02897579
-0.03014442
-0.0306134
-0.03038737
-0.02985651
-0.02901659
-0.02784956
-0.02662375
-0.02556996
-0.02435371
-0.02317172
-0.02217795
-0.02124799
-0.02011924
-0.01848573
-0.01622145
-0.01320182
-0.009784066
-0.006708068
-0.004110912
-0.001944603
-0.0008042131
-0.0008104996
-0.001339673
-0.001710959
-0.002032383
-0.002467022
-0.002524048
-0.00190878
-0.0006586426
0.001356182
0.004069002
0.007084625
0.01010713
0.0129934
0.01561832
0.01808995
0.02081019
0.02356638
0.02568926
0.02670895
0.02639538
0.02487984
0.02279712
0.02048806
0.01806966
0.01586548
0.01385267
0.01192164
0.01022036
0.008942109
0.007968772
0.007292658
0.0070244
0.006991929
0.007086752
0.007411652
0.007841076
0.007821406
0.00740295
0.007163467
0.006951275
0.006087559
0.004178767
0.00134773
-0.001986031
-0.005244796
-0.007739553
-0.009461412
-0.01059607
-0.0112854
-0.01156615
-0.0115759
-0.01126362
-0.01050644
-0.009691498
-0.009306247
-0.009554343
-0.01064205
-0.01240633
-0.01417985
-0.01549567
-0.01647659
-0.01717815
-0.01741735
-0.01716384
-0.01646829
-0.01552585
-0.01422941
-0.01224584
-0.009812739
-0.00756536
-0.005557006
-0.003548802
-0.00158295
-0.0001520156
0.0003647899
0.0005423495
0.0009143399
0.001421761
0.0021337
0.003023679
0.004272588
0.006281275
0.008954582
0.01166613
0.01416765
0.01687327
0.01982494
0.02257365
0.02458995
0.02581782
0.02651202
0.02672675
0.02646139
0.02569398
0.02467333
0.02366064
0.0227355
0.02180393
0.02058362
0.01885741
0.01686287
0.01489511
0.01300325
0.01090735
0.008192203
0.004696942
0.0007340127
-0.002808136
-0.005795674
-0.008370352
-0.01052869
-0.01250277
-0.01444683
-0.01620561
-0.01750556
-0.01824008
-0.01822445
-0.0174916
-0.01625464
-0.01452792
-0.01230922
-0.009586951
-0.006612058
-0.003634935
-0.0007434504
0.002108845
0.005090987
0.008387986
0.01167669
0.01395975
0.01472511
0.01415715
0.01285198
0.01106454
0.008821416
0.006147993
0.003426871
0.0008955606
-0.001573152
-0.003757467
-0.005463248
-0.006664479
-0.007646043
-0.008591533
-0.009331066
-0.009646162
-0.009643614
-0.009326277
-0.008593542
-0.007661513
-0.006678433
-0.00543557
-0.003701113
-0.001727135
5.155649e-05
0.001504585
0.002885048
0.004315026
0.006061378
0.008063089
0.01003296
0.01171634
0.01316405
0.01484175
0.01681686
0.01884023
0.02058341
0.02183132
0.02275439
0.02345237
0.02396374
0.02443188
0.02467516
0.0247139
0.02465603
0.02443203
0.02401853
0.02349431
0.02251458
0.02106582
0.01951294
0.01784686
0.01617944
0.0143968
0.01216445
0.009949578
0.008209761
0.006994113
0.005848083
0.004468711
0.002974971
0.001235709
-0.0007082567
-0.002720195
-0.004707339
-0.006470297
-0.007765412
-0.008483854
-0.008433265
-0.007702381
-0.006688585
-0.005468306
-0.003818206
-0.001628654
0.001145307
0.004214739
0.007040693
0.009011723
0.009872187
0.009987777
0.01019122
0.01096873
0.01183287
0.01194156
0.01092581
0.009068876
0.007033336
0.005313972
0.00389188
0.002257323
0.0002592835
-0.001994434
-0.004172094
-0.00590181
-0.007614837
-0.00954964
-0.01151465
-0.01319815
-0.01450082
-0.0157932
-0.01699627
-0.01730063
-0.01655425
-0.0152117
-0.01370641
-0.01242381
-0.01118928
-0.009956989
-0.009146421
-0.008890626
-0.009423752
-0.01045557
-0.01156762
-0.01254692
-0.01321138
-0.01363252
-0.01432422
-0.01557026
-0.01731196
-0.01906495
-0.02055744
-0.02202514
-0.02351317
-0.02497015
-0.02597416
-0.02650764
-0.02691294
-0.02710914
-0.02715397
-0.02718553
-0.02716196
-0.02687738
-0.02634101
-0.02605349
-0.02630339
-0.02705859
-0.02786348
-0.02844457
-0.02891101
-0.02908181
-0.02890237
-0.02850418
-0.02784404
-0.02618944
-0.02307188
-0.01859451
-0.01328862
-0.007552695
-0.001899817
0.003262075
0.007939836
0.0121299
0.01564471
0.01795381
0.01869816
0.01766406
0.0151311
0.01177507
0.008002672
0.004297731
0.001048228
-0.001694431
-0.003827218
-0.005233501
-0.00598999
-0.006685865
-0.007337249
-0.00763027
-0.007687262
-0.007669223
-0.00741605
-0.006687405
-0.00564711
-0.004602346
-0.003852213
-0.003571621
-0.003592827
-0.003890245
-0.004582548
-0.005540676
-0.006769657
-0.008449947
-0.01050648
-0.01281775
-0.01499718
-0.01643426
-0.01740831
-0.01855972
-0.02003409
-0.02135546
-0.02218775
-0.02239181
-0.02202833
-0.02127112
-0.02058619
-0.02010901
-0.01921225
-0.01752885
-0.01521911
-0.01265536
-0.01041015
-0.008720594
-0.007526578
-0.006510812
-0.005576902
-0.005092919
-0.005263702
-0.005595378
-0.005975904
-0.006418376
-0.006458848
-0.006027798
-0.005400066
-0.004550249
-0.003847711
-0.00385091
-0.004404774
-0.004794874
-0.004602722
-0.003622877
-0.001938948
0.0002868445
0.003246979
0.006960861
0.01101645
0.01483946
0.01781838
0.01954702
0.02004447
0.01969664
0.01857553
0.01684415
0.01510367
0.01366362
0.01222482
0.01047709
0.008271766
0.00627298
0.004787524
0.003443204
0.001974737
2.571103e-06
-0.002206174
-0.004036264
-0.005552377
-0.006704703
-0.007420359
-0.007810523
-0.008237996
-0.008990235
-0.01029243
-0.01160882
-0.01238919
-0.01235762
-0.01179855
-0.01125167
-0.01077976
-0.01031881
-0.00957184
-0.008598763
-0.00774749
-0.007219521
-0.007054963
-0.007378121
-0.007666391
-0.007470375
-0.006702806
-0.005671171
-0.004656451
-0.003699313
-0.002720367
-0.001669693
-0.0006793333
-0.000161323
-0.0003589563
-0.0009166159
-0.001766176
-0.00274923
-0.003511514
-0.003823524
-0.003801845
-0.003457454
-0.002734763
-0.00200281
-0.001472423
-0.0008218976
7.952802e-05
0.001348835
0.003126006
0.005123431
0.006879037
0.008139021
0.009088416
0.009803147
0.01012947
0.009955816
0.008975357
0.006987161
0.004202212
0.00115901
-0.001641702
-0.003891789
-0.005520274
-0.0064384
-0.006950723
-0.007584174
-0.008236109
-0.008796573
-0.009725397
-0.01111636
-0.01270181
-0.01453329
-0.01626794
-0.01727466
-0.01733328
-0.01666426
-0.01539765
-0.01310216
-0.009655422
-0.005902187
-0.002592688
0.0003187804
0.002981593
0.005414124
0.00758204
0.009283196
0.01081391
0.01227872
0.01347515
0.01395649
0.01398042
0.01396539
0.01379064
0.01292393
0.01096772
0.007910928
0.004168774
0.0004503862
-0.002983926
-0.006537743
-0.01041669
-0.01468437
-0.01917176
-0.02316896
-0.02617765
-0.02813367
-0.02910892
-0.02909289
-0.02792039
-0.02550892
-0.02198493
-0.01728421
-0.01185767
-0.006329282
-0.0008600463
0.00411606
0.008136307
0.01082039
0.01195228
0.01186843
0.01124993
0.01064553
0.01011953
0.00990328
0.01014205
0.0108436
0.01181726
0.01309333
0.01484806
0.01683232
0.01859384
0.01987175
0.02082565
0.02150408
0.02178927
0.02179589
0.02151449
0.02081858
0.01983678
0.01857814
0.01692242
0.01498315
0.01271897
0.00999746
0.007084891
0.004349232
0.001835481
-0.0006418857
-0.002676759
-0.003751939
-0.003540862
-0.001999052
0.0005603224
0.003827415
0.007247787
0.01067773
0.01415962
0.0178843
0.02137835
0.02391801
0.02536717
0.02578964
0.02554806
0.02478223
0.0233408
0.02108795
0.0183179
0.0153293
0.01264968
0.01019004
0.007750703
0.005245581
0.003054728
0.001561076
0.0007751273
0.0002814323
0.0003037961
0.001265379
0.003182307
0.00567651
0.008491686
0.01187758
0.01549659
0.01905553
0.02277516
0.02640771
0.02940342
0.03167959
0.03341201
0.03438555
0.03419915
0.0327365
0.03024512
0.02679649
0.0225934
0.01766467
0.01223315
0.006732307
0.001341853
-0.003524404
-0.007771971
-0.01167338
-0.01505654
-0.01752055
-0.01923718
-0.02044333
-0.02119463
-0.02120542
-0.02026053
-0.018505
-0.01620669
-0.01348797
-0.01059807
-0.007648966
-0.004439036
-0.0008134385
0.002887659
0.006408812
0.009833255
0.01283704
0.01515123
0.01658024
0.01676932
0.0159935
0.01489949
0.01382355
0.01283738
0.01209878
0.01182468
0.01203452
0.01276599
0.01402127
0.01581902
0.01786286
0.01963964
0.02068305
0.0209441
0.02059985
0.01960497
0.01814701
0.01645522
0.01429384
0.01158256
0.008117072
0.004340607
0.0007950443
-0.002300789
-0.004686957
-0.006895805
-0.009484451
-0.01220145
-0.01473382
-0.01715205
-0.01934793
-0.02136658
-0.02312431
-0.0241996
-0.02424762
-0.02304055
-0.02056189
-0.01706333
-0.01264867
-0.007696381
-0.002407031
0.003040554
0.007953825
0.01188622
0.01501695
0.01783151
0.02050553
0.02302178
0.02541541
0.02735854
0.0289146
0.03040314
0.03142131
0.03146283
0.03042364
0.02864346
0.02665817
0.02465635
0.02243921
0.01996664
0.0177018
0.01596024
0.01480704
0.01393297
0.01296593
0.01167727
0.01021003
0.009185337
0.008678233
0.008269145
0.007837827
0.007195726
0.006277132
0.004756371
0.002268595
-0.000711039
-0.003499364
-0.005797744
-0.00775122
-0.009207675
-0.009766836
-0.009491159
-0.008418642
-0.006732706
-0.004790512
-0.002541795
0.0003722679
0.00382443
0.007338711
0.01076097
0.01391954
0.01693474
0.01988367
0.02235304
0.02387049
0.02459058
0.02473939
0.0244727
0.02392084
0.02333043
0.02284575
0.02289088
0.02340838
0.02375866
0.02360318
0.022841
0.02154815
0.01980191
0.01787563
0.01591383
0.01371447
0.01104943
0.008101265
0.005099182
0.002122698
-0.0007719734
-0.003445668
-0.005904365
-0.008371064
-0.01065353
-0.01244998
-0.01336246
-0.01327841
-0.01272941
-0.0124539
-0.01245953
-0.01226678
-0.01157015
-0.01059745
-0.009575076
-0.008361465
-0.006721159
-0.004736956
-0.002456434
2.51294e-05
0.002270068
0.004056186
0.005294116
0.005967725
0.005955619
0.005461003
0.004864641
0.004109952
0.003389554
0.002895363
0.002458898
0.001999536
0.001246972
0.0002417945
-0.0007670831
-0.001541853
-0.0020335
-0.002435686
-0.002677681
-0.002970039
-0.003432143
-0.003707925
-0.003729386
-0.003635868
-0.003583254
-0.003834073
-0.004582675
-0.005603796
-0.00661656
-0.007537167
-0.008481368
-0.009736137
-0.01144796
-0.0132103
-0.01469653
-0.0160713
-0.01750746
-0.01944775
-0.0218918
-0.02443159
-0.02695055
-0.02917844
-0.03092512
-0.03196405
-0.03222012
-0.03165314
-0.03016416
-0.02820042
-0.02612131
-0.02388113
-0.02151332
-0.01934921
-0.0171745
-0.0145093
-0.01127939
-0.007776251
-0.004584524
-0.001877515
0.000556653
0.002993226
0.005067439
0.006385167
0.006617719
0.00555207
0.003737914
0.001674605
-8.15509e-05
-0.0015744
-0.0027761
-0.003579176
-0.003821538
-0.003339671
-0.00210892
-0.0005141744
0.001317172
0.003001826
0.004025574
0.004503519
0.0048585
0.005101636
0.005415571
0.005865886
0.006086393
0.006111555
0.00629976
0.00679591
0.007364916
0.00787353
0.008052627
0.008024916
0.008232225
0.00895133
0.009964005
0.01099456
0.01197503
0.01294933
0.01394662
0.01490425
0.01566161
0.01619283
0.01666336
0.01687627
0.01683572
0.01677296
0.01701845
0.01777962
0.01877118
0.01959247
0.02014424
0.02055931
0.02056318
0.02016302
0.01961413
0.01862309
0.01716415
0.01559672
0.01406997
0.01288944
0.01214412
0.01165085
0.01117508
0.01095372
0.01114728
0.01164792
0.01221928
0.01295369
0.01367856
0.01421699
0.01469581
0.01496029
0.01499027
0.01472056
0.01401929
0.01302964
0.01177091
0.01012984
0.008202222
0.005914082
0.003140687
0.0003629445
-0.001683813
-0.002672216
-0.002795298
-0.002452357
-0.00196827
-0.00155729
-0.0008644608
0.0005593994
0.002839267
0.005439247
0.007805265
0.009287279
0.00970004
0.009179607
0.008389139
0.007579066
0.006396364
0.004980417
0.003438092
0.001890891
0.00038837
-0.0006235867
-0.0008910846
-0.000558401
0.0002067508
0.0009971373
0.001603518
0.002086314
0.002051367
0.001332174
0.000297825
-0.0007393772
-0.001708795
-0.002668279
-0.003664735
-0.004661381
-0.005451554
-0.005792545
-0.005569209
-0.004519145
-0.002565457
-0.0001188496
0.002411934
0.005201832
0.008170042
0.01070158
0.01219929
0.01268757
0.01240728
0.01165021
0.01016506
0.007945747
0.005202112
0.002397191
-0.0001397311
-0.002309345
-0.003759252
-0.004694708
-0.005392563
-0.005951617
-0.006410261
-0.006345453
-0.005822144
-0.00553463
-0.005800646
-0.006362206
-0.006484763
-0.005842082
-0.00453185
-0.002513243
-2.034726e-05
0.002502893
0.004939397
0.007105653
0.009117227
0.01111312
0.0128401
0.01383341
0.0140617
0.01396014
0.01385999
0.01389854
0.01418325
0.01463524
0.01490798
0.01515798
0.01562272
0.01615227
0.01666322
0.01689371
0.0169043
0.01689208
0.01688601
0.01670716
0.01621555
0.01542452
0.01425373
0.013075
0.01177143
0.009864968
0.007475801
0.004998633
0.002264451
-0.0009165241
-0.00439165
-0.007638974
-0.01037928
-0.01255836
-0.01426274
-0.01549038
-0.01622847
-0.01640232
-0.01611311
-0.01564873
-0.01538018
-0.01507623
-0.01441024
-0.01368993
-0.01315395
-0.01248826
-0.01154337
-0.01025676
-0.008712185
-0.007404998
-0.006665646
-0.006675352
-0.007190009
-0.00781067
-0.008585065
-0.009266739
-0.009539345
-0.00957499
-0.00956499
-0.009339019
-0.00860104
-0.007370804
-0.00587941
-0.004399737
-0.002737965
-0.0007765844
0.001529066
0.003999433
0.005981527
0.007264905
0.008190049
0.008874437
0.009168294
0.009125608
0.008783721
0.008315239
0.008262817
0.008663602
0.009224235
0.01021362
0.01168206
0.01328331
0.01480812
0.01576399
0.01600663
0.01594097
0.01588618
0.01589363
0.01589289
0.01585741
0.01588066
0.01615077
0.01662683
0.0168936
0.01693094
0.01692659
0.0169062
0.01668237
0.01617265
0.01561111
0.01511783
0.01495177
0.01496561
0.01470348
0.01397138
0.0132285
0.01289768
0.01270807
0.01236076
0.01185472
0.01085625
0.009375534
0.007814792
0.006318616
0.005128362
0.004173051
0.003231002
0.002201524
0.001165621
0.0004510592
0.0004048985
0.0008485593
0.001450671
0.002485856
0.00390291
0.00516891
0.006209307
0.007182975
0.007990634
0.008296521
0.007786864
0.006283995
0.004270274
0.002209672
0.0002151467
-0.001693827
-0.003402795
-0.004889887
-0.006339047
-0.007594443
-0.008608919
-0.009290345
-0.009521193
-0.00954425
-0.009548053
-0.009340532
-0.008598531
-0.007323478
-0.005807106
-0.004547816
-0.003571134
-0.002651248
-0.001667028
-0.0006496384
0.0001684674
0.0004904525
0.0001794669
-0.0008924606
-0.002376207
-0.003609158
-0.004593069
-0.005782228
-0.007440597
-0.009223336
-0.01081914
-0.01224395
-0.01319348
-0.01370937
-0.01415059
-0.01441907
-0.01444843
-0.01413814
-0.01342895
-0.01269178
-0.01210711
-0.01138799
-0.01069213
-0.01034766
-0.0103035
-0.01061274
-0.01154261
-0.01298517
-0.01474175
-0.01699774
-0.01952651
-0.0220345
-0.02397283
-0.02519857
-0.026144
-0.02708396
-0.02785267
-0.02814803
-0.02792702
-0.02718763
-0.02596847
-0.02420546
-0.02196208
-0.01947757
-0.01720063
-0.01521911
-0.0135573
-0.01230944
-0.01132686
-0.01061788
-0.01034196
-0.01039489
-0.01070052
-0.01113586
-0.01139028
-0.01169029
-0.01234705
-0.01307798
-0.0136698
-0.0143601
-0.01504112
-0.0155964
-0.01629346
-0.01701503
-0.01759721
-0.01811634
-0.01830454
-0.01803151
-0.01752367
-0.01726746
-0.01724632
-0.01709387
-0.01664033
-0.01602932
-0.01525203
-0.014753
-0.01492862
-0.01547909
-0.01632064
-0.01727744
-0.01805242
-0.01857946
-0.01902186
-0.01922635
-0.01924804
-0.01927219
-0.01929417
-0.01906048
-0.01831948
-0.01727497
-0.01625266
-0.01551285
-0.01505614
-0.01458981
-0.01407759
-0.0135435
-0.01331573
-0.01352781
-0.01402049
-0.01455387
-0.01530763
-0.01627866
-0.01727319
-0.01808743
-0.01862725
-0.01885108
-0.0183833
-0.01737114
-0.01604453
-0.01457523
-0.01333619
-0.0123022
-0.01134787
-0.01062048
-0.01033368
-0.0103674
-0.01064231
-0.01111529
-0.01163108
-0.01236003
-0.01327903
-0.0143032
-0.01554677
-0.01700241
-0.01832041
-0.0193904
-0.0200549
-0.02001287
-0.01951392
-0.0191778
-0.01910915
-0.01917956
-0.01945507
-0.0199406
-0.02040818
-0.0208826
-0.02141659
-0.02220605
-0.02294074
-0.02305477
-0.02254011
-0.02163713
-0.0204092
-0.01946734
-0.01893617
-0.01825384
-0.01729341
-0.0162788
-0.01548691
-0.014982
-0.01457768
-0.01435513
-0.01410084
-0.01361624
-0.01309417
-0.01261284
-0.01236039
-0.01213236
-0.01171585
-0.0112125
-0.01045816
-0.009490345
-0.008452445
-0.007432058
-0.00652342
-0.005822813
-0.005101728
-0.003895911
-0.002398106
-0.0008548243
0.0004043667
0.001360867
0.002066563
0.002570675
0.003037129
0.003274873
0.003301754
0.003257297
0.00320242
0.003204554
0.003435978
0.003959602
0.004538309
0.005027854
0.005033578
0.004581764
0.004027574
0.003267719
0.002305751
0.001274121
0.0002905918
-0.000472565
-0.0009715982
-0.001366053
-0.001583988
-0.001896009
-0.002572305
-0.003279517
-0.003815206
-0.004538605
-0.00553311
-0.006572916
-0.007317774
-0.007551162
-0.007526128
-0.007512109
-0.007511185
-0.007299838
-0.006778305
-0.006191651
-0.005716442
-0.005746455
-0.00617185
-0.006474471
-0.006788603
-0.007440417
-0.008181651
-0.008771323
-0.00929617
-0.009525781
-0.009276286
-0.008535447
-0.007571476
-0.006536054
-0.00527372
-0.003783415
-0.002523168
-0.001759418
-0.001502838
-0.00152563
-0.001817275
-0.002540676
-0.003523903
-0.004561519
-0.005578606
-0.006526173
-0.00727013
-0.007793778
-0.008261011
-0.008491306
-0.008485228
-0.008406748
-0.008414315
-0.008697565
-0.009198071
-0.009479092
-0.009472847
-0.009375024
-0.009391523
-0.009709144
-0.01019136
-0.01023461
-0.009769466
-0.009211305
-0.008648826
-0.008163581
-0.007725336
-0.007488859
-0.007244819
-0.006771526
-0.006236849
-0.005722827
-0.005486451
-0.005481918
-0.005521734
-0.005535727
-0.005530514
-0.005525198
-0.005518472
-0.005505232
-0.005507329
-0.005552997
-0.005595427
-0.005383898
-0.004640766
-0.003401633
-0.001892623
-0.0004070335
0.001104616
0.002608733
0.004045699
0.005026642
0.005575406
0.006054109
0.006273777
0.006010998
0.005265951
0.004490766
0.003967387
0.003493557
0.003017466
0.002503049
0.002215877
0.002228765
0.002536363
0.00302065
0.003289768
0.003355805
0.003356468
0.003122907
0.002369024
0.001128353
-0.0003226692
-0.001615569
-0.002931571
-0.004369627
-0.005352178
-0.005625475
-0.0055539
-0.005494651
-0.005527944
-0.005545531
-0.005324415
-0.004818412
-0.004271273
-0.003761361
-0.003503767
-0.00347395
-0.003574567
-0.00384787
-0.004078364
-0.003856581
-0.00339628
-0.002859952
-0.002301578
-0.001559692
-0.0008872078
-0.0006005863
-0.0003790128
7.217795e-05
0.0006050379
0.001117695
0.00135402
0.001376398
0.001370747
0.001325932
0.001080718
0.00064917
0.0003538982
5.806625e-05
-0.0003857767
-0.0006576812
-0.0006863003
-0.0004837517
-1.490818e-05
0.0007866775
0.0022283
0.003925472
0.005525798
0.00724296
0.008911349
0.01021046
0.01120546
0.01190358
0.01217026
0.01211811
0.01181665
0.01138386
0.01112491
0.01081752
0.01016147
0.009456494
0.008890195
0.008140764
0.007215154
0.006428212
0.005892639
0.005447261
0.005216052
0.005164587
0.005207031
0.00546261
0.005946772
0.006428832
0.006927159
0.007463793
0.008193291
0.00885673
0.009183345
0.009505009
0.009935088
0.009903622
0.009234479
0.008471838
0.00790699
0.007199129
0.006259211
0.005242292
0.00426118
0.003331483
0.002341857
0.001100724
-0.0003678503
-0.001643806
-0.002643986
-0.003390363
-0.003879057
-0.004100141
-0.003838761
-0.003353939
-0.002814722
-0.002319388
-0.001777805
-0.001303354
-0.001064331
-0.001264906
-0.00155134
-0.001878953
-0.002327102
-0.002593963
-0.002661656
-0.002600178
-0.002309877
-0.001833219
-0.001563654
-0.001531674
-0.001568387
-0.001610034
-0.001648748
-0.001616281
-0.001339967
-0.0008572684
-0.0005811452
-0.0005558163
-0.000607125
-0.0006402746
-0.0006269685
-0.0005713712
-0.0005487642
-0.0007856768
-0.001481804
-0.002489413
-0.003739704
-0.005218507
-0.006740233
-0.00826687
-0.009493857
-0.01022318
-0.01045291
-0.01045521
-0.01038738
-0.01011514
-0.009648145
-0.009370721
-0.009328459
-0.009374986
-0.009450962
-0.00948294
-0.009234213
-0.008479029
-0.007429902
-0.00642717
-0.005722413
-0.005247001
-0.004541652
-0.003563068
-0.002555465
-0.001758728
-0.001218129
-0.0008151655
-0.0008340105
-0.001196328
-0.00151239
-0.002104544
-0.003247261
-0.004263157
-0.004864243
-0.005333849
-0.005564425
-0.00538356
-0.004639603
-0.003358344
-0.001646405
0.000125943
0.001861861
0.003744481
0.00551407
0.007337106
0.00902113
0.01001146
0.01026095
0.01021222
0.01013665
0.009923982
0.009478054
0.008932934
0.008189162
0.007448459
0.006903417
0.006442157
0.006208875
0.006159489
0.006206533
0.006465564
0.006949654
0.007418969
0.007901596
0.008453346
0.009253395
0.009940947
0.009965417
0.009507948
0.00916939
0.008898687
0.008451741
0.007943529
0.007434314
0.00716797
0.007118756
0.007193658
0.007490728
0.007946359
0.008167716
0.008209716
0.008437035
0.008913429
0.009224111
0.009241386
0.008980611
0.008504324
0.007976429
0.007209145
0.006274556
0.005466805
0.004888085
0.00446266
0.004514929
0.00497249
0.005283724
0.005364742
0.005331897
0.00507173
0.004395162
0.003409017
0.002137904
0.0005903518
-0.0009248107
-0.00212285
-0.002652633
-0.002889196
-0.003065818
-0.002868935
-0.002379476
-0.001565753
-0.000603076
0.0001816786
0.0007196355
0.001178595
0.001381429
0.00134234
0.001306885
0.001576033
0.002277453
0.003028035
0.003626081
0.004333635
0.004996734
0.005343618
0.005599867
0.005782001
0.005546876
0.005100906
0.004586089
0.004043013
0.003268997
0.002517978
0.002247623
0.002503458
0.003055566
0.003555734
0.004029681
0.004541114
0.005293643
0.006031184
0.006360184
0.006343013
0.006043713
0.005514672
0.004999815
0.00454719
0.004293898
0.004014965
0.003569295
0.003304307
0.00326581
0.003305123
0.003349974
0.003371437
0.003307486
0.003068197
0.002833047
0.002972131
0.003244305
0.00377412
0.00471959
0.005740795
0.006956683
0.008180127
0.009467814
0.01089468
0.01211941
0.01313946
0.01411936
0.0150654
0.01579606
0.01627314
0.01676988
0.01730319
0.01779257
0.01779792
0.01731463
0.0167665
0.01624128
0.01578337
0.01527128
0.01476524
0.01430296
0.0140958
0.01400508
0.01375288
0.01355946
0.01399312
0.01475381
0.0153775
0.01584281
0.01600097
0.01602505
0.01626813
0.01674375
0.01702483
0.01705221
0.01700949
0.01699502
0.01700682
0.01699471
0.01695259
0.01697475
0.01724784
0.01773164
0.01800706
0.01803161
0.01798623
0.01796467
0.01797183
0.01798298
0.01798394
0.01797631
0.01796964
0.017984
0.01801478
0.01799795
0.01777479
0.01732268
0.01680568
0.01605112
0.0150722
0.01404917
0.01310642
0.0123401
0.01159882
0.01068914
0.009951598
0.009193697
0.008254906
0.007211018
0.006192349
0.005467308
0.005212197
0.005215005
0.005281625
0.005505415
0.005940961
0.006469502
0.007255204
0.008200952
0.00898441
0.009522213
0.009980529
0.01020268
0.01019395
0.01012224
0.01014052
0.01042781
0.01089989
0.01113747
0.01117277
0.01137271
0.01184404
0.01233647
0.01283139
0.01335607
0.01410663
0.01483981
0.01516369
0.01514461
0.01484885
0.01433837
0.01383268
0.01332505
0.01287964
0.01240735
0.01188933
0.0111562
0.01040605
0.009872197
0.009444832
0.009196865
0.008905434
0.008475815
0.008258727
0.00820636
0.007968752
0.007499174
0.007215934
0.007202816
0.007280985
0.007275664
0.007020517
0.006572561
0.006263719
0.005957985
0.005533751
0.005322174
0.005291324
0.005093963
0.004594024
0.004035445
0.003549056
0.003371034
0.003332858
0.003058223
0.002589119
0.002539925
0.003023265
0.003614563
0.004119477
0.004321933
0.004383144
0.004588827
0.004785714
0.004595261
0.004367427
0.004293052
0.004259114
0.004249588
0.00449387
0.00523795
0.006279417
0.00728398
0.008008728
0.008507615
0.009169134
0.009915744
0.01055231
0.0110522
0.01096872
0.01021499
0.009421295
0.009114708
0.009153867
0.009231231
0.00921841
0.009149506
0.009178089
0.00949192
0.009966748
0.009998864
0.009530166
0.008999778
0.008488806
0.007968863
0.007226525
0.006514731
0.006204498
0.006171264
0.006257613
0.006546997
0.007011713
0.007268972
0.007307047
0.00730196
0.007273104
0.007046981
0.006566793
0.006049859
0.005503565
0.005029637
0.00461884
0.004350751
0.003855988
0.002943348
0.002110428
0.0013031
0.0006367624
0.0003688301
0.0003426789
0.0003923419
0.0006260851
0.001118681
0.001680057
0.002223773
0.002426352
0.002176487
0.001699601
0.001388275
0.001098787
0.0006633266
0.0004068779
0.0003754854
0.0004316732
0.0004671018
0.0004107557
0.0001905457
-3.090964e-05
-6.069706e-05
-0.000300989
-0.0007347157
-0.001264192
-0.001773412
-0.002324418
-0.00279634
-0.003024232
-0.002816979
-0.002548506
-0.002259588
-0.001788304
-0.001271449
-0.0007438685
-0.0004707557
-0.000495374
-0.0007899639
-0.001239994
-0.00152359
-0.001812018
-0.002271751
-0.002561989
-0.002556606
-0.002259477
-0.001813327
-0.001555382
-0.001259395
-0.0005941132
0.0001611194
0.0007357176
0.001223932
0.001473065
0.001467068
0.001192984
0.0006874371
0.0002027901
-0.0002834241
-0.000787668
-0.00150845
-0.00226193
-0.002827404
-0.0032739
-0.003446004
-0.003488328
-0.003737898
-0.004188296
-0.004423654
-0.004475441
-0.00470628
-0.00517147
-0.005458355
-0.005481121
-0.005407692
-0.005389678
-0.005603928
-0.006084613
-0.006668448
-0.007429363
-0.008095097
-0.008388993
-0.008642314
-0.009083683
-0.009383353
-0.009410941
-0.009136947
-0.008619338
-0.008112087
-0.007610962
-0.007154545
-0.006637857
-0.00611838
-0.005625917
-0.005416815
-0.00543147
-0.005398528
-0.005158736
-0.00494234
-0.005156056
-0.005420614
-0.00547512
-0.005384586
-0.005337705
-0.005639995
-0.006408843
-0.007153224
-0.007417626
-0.007425003
-0.007604701
-0.008021442
-0.008347179
-0.008690413
-0.009121503
-0.009154793
-0.008706011
-0.008103593
-0.007353129
-0.006673593
-0.006162777
-0.005453215
-0.004488527
-0.003441815
-0.002466894
-0.001722669
-0.001195777
-0.000711172
-0.0005033125
-0.0007085575
-0.001196793
-0.001730891
-0.00247282
-0.003419403
-0.004441366
-0.005473171
-0.006435394
-0.007161849
-0.007635754
-0.008116175
-0.008615868
-0.009119408
-0.009362997
-0.009362794
-0.009310307
-0.009308837
-0.009375476
-0.009394421
-0.009111179
-0.008392172
-0.007630141
-0.007090829
-0.0065916
-0.006123429
-0.005690892
-0.005457534
-0.005158037
-0.004477376
-0.003732995
-0.003195079
-0.002698658
-0.002217537
-0.001738299
-0.001498258
-0.001455904
-0.001444939
-0.001504148
-0.001806014
-0.002253438
-0.002279258
-0.001872037
-0.001515288
-0.001163563
-0.000746659
-0.0007258009
-0.001154686
-0.001708961
-0.002475275
-0.003424993
-0.004436427
-0.005456289
-0.006420027
-0.007178771
-0.007684977
-0.008099919
-0.008324708
-0.008578748
-0.009067339
-0.009593366
-0.01005765
-0.01027586
-0.010529
-0.01118819
-0.01213092
-0.01321646
-0.01452275
-0.01593233
-0.01689781
-0.01745302
-0.01814923
-0.0188881
-0.01921344
-0.01896765
-0.01817857
-0.01715595
-0.01614389
-0.0151769
-0.0142011
-0.01319297
-0.0122237
-0.01147777
-0.01098818
-0.01052424
-0.01008698
-0.009598819
-0.009069433
-0.008341336
-0.00761892
-0.007098881
-0.006597504
-0.006123208
-0.005668283
-0.005412671
-0.005157111
-0.00470221
-0.004228615
-0.00372763
-0.003206537
-0.002480886
-0.001752289
-0.001230859
-0.0007556473
-0.0003084921
0.0002066062
0.0007168284
0.001209173
0.001464851
0.001508755
0.001440762
0.001173819
0.0007426482
0.0004490371
0.0001492365
-0.0002895243
-0.0005347486
-0.0005597056
-0.0005447397
-0.0005676427
-0.0005439326
-0.0002800287
0.0001885089
0.0004560662
0.0005149748
0.0005367107
0.0004675953
-1.368799e-06
-0.0008858182
-0.001703573
-0.002760486
-0.004162499
-0.00542063
-0.00643267
-0.007364224
-0.008335916
-0.00935286
-0.01030672
-0.01102755
-0.01155859
-0.01224898
-0.012957
-0.013477
-0.01397534
-0.01446789
-0.01496901
-0.01522036
-0.01521194
-0.01512065
-0.01511509
-0.01540579
-0.01594956
-0.01624993
-0.01601836
-0.01524429
-0.01424373
-0.01324573
-0.01220665
-0.01100112
-0.00980878
-0.009010215
-0.00829494
-0.007600098
-0.007049434
-0.006588727
-0.006409754
-0.006378128
-0.006136011
-0.005656616
-0.005368621
-0.005359786
-0.005448157
-0.005448409
-0.005169117
-0.004677124
-0.004396388
-0.004370053
-0.004417048
-0.00445807
-0.004467866
-0.004411145
-0.004202719
-0.003972462
-0.003908953
-0.003676662
-0.003468246
-0.00341664
-0.003433168
-0.003463847
-0.003480343
-0.003460681
-0.003389229
-0.003365984
-0.003666149
-0.004435198
-0.005205054
-0.005487397
-0.005408513
-0.005335378
-0.005609347
-0.00632755
-0.00707074
-0.007626253
-0.008341121
-0.009256037
-0.01021652
-0.01122778
-0.01248801
-0.01399362
-0.01526129
-0.01600026
-0.0162116
-0.01622113
-0.01621183
-0.01595371
-0.01520005
-0.01420126
-0.01340138
-0.01292886
-0.01252031
-0.01204142
-0.01125755
-0.01030639
-0.009541253
-0.008999142
-0.008346698
-0.007670449
-0.007078472
-0.006314654
-0.005607809
-0.005347335
-0.005401999
-0.005433849
-0.005173337
-0.004676731
-0.004394122
-0.004372904
-0.004421149
-0.004433677
-0.004414246
-0.004419185
-0.004477369
-0.004491935
-0.004206568
-0.003484284
-0.002723949
-0.002201495
-0.00172238
-0.001224943
-0.0006946162
-0.000456627
-0.0006790164
-0.00121493
-0.001751616
-0.002261035
-0.002691857
-0.003155605
-0.003692999
-0.004463639
-0.005185034
-0.005468217
-0.00545615
-0.00539891
-0.005382522
-0.005384725
-0.00538651
-0.005410152
-0.005460807
-0.005441124
-0.005145359
-0.004617324
-0.004366697
-0.004616334
-0.005145062
-0.005443065
-0.005463306
-0.005406495
-0.00537351
-0.005376453
-0.005410653
-0.005456696
-0.005424549
-0.005142754
-0.004671707
-0.004425838
-0.004386199
-0.004215777
-0.003790445
-0.003249221
-0.002445607
-0.001487017
-0.0007176743
-0.0002413578
0.000194888
0.0006890634
0.001415899
0.002167318
0.002732049
0.003211667
0.003428968
0.00340736
0.003324803
0.003360538
0.003688808
0.004153378
0.004147267
0.003677445
0.003369613
0.003362563
0.003411859
0.003212944
0.002701117
0.002140054
0.001628619
0.001401188
0.001401014
0.001439125
0.001450703
0.001443562
0.001440914
0.001440439
0.00143167
0.001417422
0.001433281
0.001499334
0.001519288
0.001218807
0.0004615232
-0.0002917225
-0.0005853166
-0.000576916
-0.0005392029
-0.0005092316
-0.0003096876
0.0001304554
0.0006712413
0.001465495
0.002396932
0.003150609
0.003700662
0.004373083
0.005046423
0.005585799
0.006309734
0.007249455
0.00825395
0.009265787
0.01027901
0.01123955
0.01196877
0.0124415
0.01291778
0.0134287
0.01395748
0.01418285
0.01397363
0.01348773
0.01295514
0.01218494
0.01118965
0.01021612
0.00950224
0.008992176
0.008257042
0.007338016
0.006578357
0.006028876
0.00533817
0.004612091
0.004076814
0.003650769
0.003396028
0.003075243
0.002628092
0.002595119
0.003070757
0.003656883
0.004186785
0.004419927
0.004422303
0.004366563
0.004314882
0.004331008
0.004578535
0.005090638
0.005608459
0.006066596
0.006339988
0.006653005
0.007067936
0.007079115
0.00667513
0.00633509
0.006004251
0.00556408
0.005346076
0.005368458
0.005366158
0.005080296
0.004606374
0.004539173
0.00496558
0.005555603
0.006369214
0.007285868
0.008019771
0.008577669
0.009297094
0.009984976
0.01028269
0.01032968
0.01030031
0.01003788
0.009319243
0.008322983
0.007292763
0.00630813
0.005352403
0.004387747
0.003388443
0.002370113
0.001427343
0.0007184515
0.0001841823
-0.0005329415
-0.001253776
-0.001605163
-0.001611034
-0.001266744
-0.0005301147
0.0002203682
0.000741247
0.001225475
0.001702672
0.002190352
0.002456895
0.002514683
0.002451943
0.002161276
0.001684478
0.001415307
0.001390397
0.001435218
0.001464902
0.001464834
0.001434842
0.001387894
0.00141421
0.001689697
0.00217337
0.002448982
0.002476064
0.002430244
0.00239949
0.002395009
0.002420796
0.002473736
0.002473044
0.002209553
0.001648131
0.001146414
0.0009658148
0.001203003
0.001184536
0.0007240549
0.0004270825
0.0006162043
0.001160437
0.001689535
0.002170465
0.002635947
0.003354219
0.004310933
0.005345921
0.006396165
0.007368756
0.008048546
0.008326883
0.008582835
0.008993607
0.009215042
0.009274302
0.009512753
0.00998024
0.01026669
0.01028614
0.01020568
0.01018455
0.01041897
0.01093497
0.01148739
0.01199441
0.01222468
0.01222524
0.01217972
0.01216169
0.0121874
0.01223208
0.01221146
0.01196223
0.0115006
0.01115691
0.010883
0.01071973
0.01095021
0.01119284
0.01125041
0.01122733
0.01121091
0.01121618
0.01120109
0.01115948
0.01118227
0.01145731
0.01194352
0.01221827
0.01223244
0.01217622
0.01217082
0.01223489
0.01224889
0.01196121
0.01125823
0.01053103
0.009971793
0.009234199
0.00831512
0.007521767
0.006968102
0.006508981
0.006316511
0.006349241
0.006355803
0.006091209
0.005594606
0.005310843
0.005305156
0.005387561
0.005379618
0.005120746
0.004672995
0.004371759
0.004073321
0.003634038
0.003383456
0.003362214
0.003403851
0.003400394
0.00334951
0.003368025
0.003648269
0.004139768
0.004397875
0.004382732
0.004357598
0.00458717
0.005060678
0.005411685
0.005660498
0.005798214
0.005632311
0.005639943
0.005795978
0.005620453
0.005380119
0.005275164
0.005300289
0.005561773
0.006057284
0.006564056
0.007078287
0.007549392
0.008044948
0.008509141
0.009000829
0.009493273
0.01005342
0.0105345
0.01074468
0.01051376
0.01028544
0.01021501
0.01000709
0.009543476
0.009032187
0.008508557
0.008037108
0.007540109
0.00706399
0.006562338
0.006106106
0.005618131
0.005090967
0.004382074
0.003694268
0.00315002
0.002402261
0.001474302
0.0006825038
0.0001407954
-0.0003126505
-0.0005296816
-0.0005416738
-0.0005021387
-0.0004819702
-0.0005111841
-0.0005688721
-0.0005496574
-0.0002532536
0.0002674029
0.0005115543
0.0002800883
-0.0002046143
-0.000521762
-0.000805398
-0.00123796
-0.001515402
-0.001561546
-0.001354384
-0.0008349093
-2.898581e-06
0.001198224
0.002169247
0.002749332
0.003406696
0.004112229
0.004675652
0.005150789
0.005365954
0.005396722
0.005407466
0.005363121
0.005084402
0.00461761
0.004393021
0.00437743
0.004165404
0.003511815
0.00269106
0.001846449
0.0009361677
0.0004522761
0.0001906752
-0.0002413973
-0.0007555719
-0.001274814
-0.001527738
-0.001548733
-0.001497745
-0.001424671
-0.00139876
-0.001664395
-0.002426774
-0.003419285
-0.00423314
-0.004749347
-0.005152711
-0.005370068
-0.005617415
-0.006096331
-0.006631515
-0.007146155
-0.00738859
-0.007395693
-0.007335407
-0.007286317
-0.007326867
-0.007589144
-0.008025947
-0.008313399
-0.008606395
-0.009068755
-0.009365361
-0.009364311
-0.009049578
-0.008565086
-0.008330238
-0.008284829
-0.008081378
-0.007660323
-0.007344744
-0.007030159
-0.006611415
-0.006406045
-0.006353896
-0.006114745
-0.005648384
-0.005367162
-0.005338054
-0.005389749
-0.005419136
-0.00539261
-0.00534023
-0.005363082
-0.005637897
-0.006115975
-0.00638782
-0.006430677
-0.006419831
-0.006365286
-0.006120892
-0.005700188
-0.005410204
-0.005087746
-0.004602414
-0.004371501
-0.004614303
-0.00513646
-0.005440558
-0.005466701
-0.005391105
-0.005319815
-0.005354123
-0.005648358
-0.006141224
-0.006391988
-0.006369119
-0.00634593
-0.00659775
-0.007091668
-0.007386721
-0.007416453
-0.007339197
-0.007266172
-0.007319035
-0.007643867
-0.008099122
-0.008099403
-0.007665954
-0.007369776
-0.007256314
-0.007057193
-0.006876351
-0.007078196
-0.007320433
-0.007402193
-0.00738931
-0.007310032
-0.007123483
-0.00694122
-0.00685575
-0.006348159
-0.005658179
-0.005333595
-0.0053226
-0.005385894
-0.005420073
-0.005426148
-0.005400813
-0.00532971
-0.005303348
-0.0055996
-0.006382013
-0.007182393
-0.007448307
-0.007146554
-0.006617323
-0.00637031
-0.006338707
-0.006125636
-0.005668394
-0.005369606
-0.005305133
-0.005366564
-0.005612541
-0.006057252
-0.006564453
-0.007330736
-0.008325335
-0.00931557
-0.01007661
-0.01058813
-0.01105712
-0.01131404
-0.01130229
-0.01101947
-0.01056703
-0.01027269
-0.009979482
-0.00954192
-0.009287511
-0.009256201
-0.009291857
-0.00931126
-0.009307696
-0.009301585
-0.009301159
-0.009300797
-0.009294952
-0.009290957
-0.009309553
-0.009345115
-0.009316397
-0.009065454
-0.008625053
-0.008317924
-0.008013672
-0.007593672
-0.007381178
-0.007327248
-0.00710733
-0.006659969
-0.006334111
-0.006096779
-0.005906813
-0.005864404
-0.005626373
-0.005410965
-0.005361214
-0.005381944
-0.005405015
-0.005403287
-0.005388726
-0.005379369
-0.005403472
-0.005451211
-0.005425619
-0.005142784
-0.004654663
-0.004399395
-0.004412736
-0.004428967
-0.004195666
-0.003743175
-0.003431412
-0.003149701
-0.002749056
-0.002467272
-0.00218431
-0.001781221
-0.001501513
-0.001197355
-0.0007495387
-0.0004964604
-0.0004754145
-0.0005171167
-0.0005174644
-0.0004761022
-0.0004963789
-0.0007481423
-0.001196194
-0.001504918
-0.0017897
-0.002186989
-0.002444483
-0.002713846
-0.003192263
-0.00370061
-0.004167473
-0.004428891
-0.004708257
-0.005151606
-0.005412411
-0.005444918
-0.005407304
-0.005386392
-0.005390245
-0.005398253
-0.005400735
-0.00539899
-0.005397375
-0.005397147
-0.005398021
-0.005399018
-0.005399043
-0.005396985
-0.005394261
-0.005396634
-0.005407458
-0.00541541
-0.005391515
-0.00533853
-0.005358918
-0.005654156
-0.006176035
-0.006419119
-0.006183792
-0.005693136
-0.00538768
-0.005131301
-0.004690535
-0.004203554
-0.003684946
-0.003213755
-0.002701474
-0.002194412
-0.001703609
-0.001464037
-0.001447935
-0.001478503
-0.001508214
-0.001536657
-0.001520136
-0.001285974
-0.00080269
-0.0002892393
0.0002553765
0.0007475649
0.001175821
0.001397542
0.00168574
0.002363262
0.003130613
0.003710946
0.004179489
0.00438941
0.004397821
0.004369653
0.00435504
0.004350524
0.004351319
0.004382804
0.004431976
0.004386139
0.004066028
0.003605448
0.003603158
0.004065703
0.004393855
0.004444438
0.004369198
0.004296522
0.004333344
0.004624272
0.005087524
0.00531757
0.005372382
0.005608261
0.006048884
0.006285544
0.006342625
0.006574676
0.007033982
0.007313546
0.007346611
0.007304722
0.007280384
0.007284552
0.007293328
0.007297843
0.007297286
0.007293384
0.007284955
0.007281898
0.007302826
0.007340599
0.007307756
0.007047264
0.006603798
0.00632453
0.00606234
0.005595571
0.005088141
0.004612214
0.004341651
0.004077312
0.003672201
0.003402125
0.003131821
0.002676046
0.002187196
0.001668453
0.001192162
0.0006803923
0.0002019139
-0.0002596782
-0.0005623512
-0.0008463773
-0.001059916
-0.000803384
-0.0002808178
0.000242647
0.0004525778
0.0004821675
0.0007071811
0.001147838
0.001409004
0.001510989
0.001718474
0.001904223
0.001696905
0.001449388
0.001381467
0.001424261
0.001476426
0.001437097
0.001200746
0.000919231
0.0008845139
0.000936239
0.001202066
0.001391236
0.001434089
0.001636967
0.002121289
0.002674
0.003194197
0.00343406
0.003419991
0.003344527
0.003342479
0.003586091
0.004076448
0.004584138
0.005122266
0.005632298
0.006096639
0.006288629
0.006323791
0.006561558
0.007030018
0.007313412
0.007346349
0.007300391
0.007267124
0.007266176
0.007297425
0.007345318
0.007317835
0.00703894
0.006555513
0.006288106
0.00627263
0.006304786
0.006287672
0.006283827
0.006504608
0.007009838
0.007561189
0.008070704
0.008302239
0.008305671
0.008264386
0.008243421
0.008247882
0.00827567
0.008315406
0.008281754
0.008017496
0.007566847
0.007285713
0.007045223
0.00661206
0.006065751
0.005331303
0.004642491
0.004120665
0.003391065
0.002416208
0.001424243
0.0006560811
0.0001223508
-0.0003642326
-0.0005725037
-0.000345145
0.0001811625
0.000683933
0.001155718
0.001649576
0.002417567
0.003347148
0.00409686
0.004658363
0.005380616
0.006079698
0.006369397
0.006363957
0.006304558
0.006290118
0.006308677
0.0063228
0.006303685
0.006264779
0.006293273
0.006546663
0.006985995
0.007285159
0.007583759
0.008022373
0.008275208
0.008305645
0.008269851
0.008250377
0.008253892
0.008260815
0.008263008
0.008262826
0.008263086
0.008260618
0.008252957
0.008249108
0.008269668
0.008307808
0.008276513
0.008016037
0.007568822
0.007284155
0.007026198
0.00658269
0.006090664
0.005546161
0.005054192
0.004610655
0.004352712
0.004067868
0.00362075
0.003360403
0.00332965
0.003367332
0.003386705
0.003381212
0.003376514
0.003380619
0.003383403
0.003362039
0.003335507
0.003380497
0.003614761
0.003889708
0.003903358
0.003837698
0.003629079
0.003653709
0.003823712
0.003637745
0.003399345
0.00332377
0.003364899
0.003432293
0.003403403
0.003116546
0.002650537
0.002420624
0.002373697
0.002144269
0.001682412
0.00140141
0.001367967
0.001408967
0.001431385
0.001429042
0.001428122
0.001428862
0.001409801
0.001373206
0.001406074
0.001667437
0.00211216
0.002389196
0.002643302
0.00310612
0.003633854
0.004147802
0.004386686
0.004391231
0.004350058
0.004335773
0.004344228
0.004351889
0.004352154
0.004348718
0.004346658
0.004349677
0.004354634
0.004354123
0.004335066
0.004318138
0.004365339
0.004570795
0.004803078
0.004869042
0.005103745
0.005311852
0.005356515
0.005329848
0.00530468
0.005327461
0.005379086
0.005355623
0.00507087
0.00457997
0.004326334
0.0043474
0.004368369
0.004115463
0.0036252
0.00334065
0.003314035
0.003362428
0.003388281
0.003381208
0.003363981
0.003352854
0.003369462
0.003412464
0.003408477
0.003168516
0.002652418
0.002122628
0.001662776
0.001417625
0.001144376
0.0006750381
0.0003712293
0.0003742001
0.0006925541
0.001168719
0.001386299
0.001439656
0.001705844
0.002166068
0.002216251
0.001742381
0.001156355
0.0006326291
0.000394618
0.0003626289
0.0004064953
0.0006468673
0.001144354
0.001686792
0.002194511
0.002427034
0.002430501
0.002391506
0.002377897
0.002385558
0.002392446
0.002394782
0.002394764
0.002391365
0.00238208
0.002375734
0.002397805
0.00244419
0.002421967
0.002144231
0.001651721
0.001372248
0.001371915
0.001458743
0.001447491
0.001161781
0.0006928076
0.0004578031
0.0004029616
0.0001699165
-0.0002684421
-0.0005077067
-0.0005733924
-0.0008093914
-0.001247745
-0.001489038
-0.00155485
-0.001775106
-0.00219632
-0.002477961
-0.00274094
-0.003206919
-0.003733089
-0.004245043
-0.004482926
-0.004487435
-0.004449744
-0.004439955
-0.004447726
-0.00443622
-0.004420306
-0.004465156
-0.004669866
-0.004903047
-0.004969646
-0.005202813
-0.005408637
-0.005455787
-0.005439011
-0.005420167
-0.005419772
-0.005424306
-0.005427232
-0.00542638
-0.005425695
-0.005425834
-0.005426491
-0.005425665
-0.005423387
-0.005423764
-0.005430598
-0.005439485
-0.005427621
-0.005388648
-0.005388973
-0.005616737
-0.006128405
-0.006688849
-0.007200587
-0.007400881
-0.007354668
-0.007361103
-0.007660762
-0.00812051
-0.008141726
-0.00772405
-0.007397369
-0.007111202
-0.006647838
-0.006151956
-0.005687534
-0.005424358
-0.00513917
-0.004685025
-0.004421534
-0.004420864
-0.004509433
-0.004482745
-0.004157012
-0.003691908
-0.003698717
-0.004166336
-0.004465826
-0.004467034
-0.004439618
-0.004683405
-0.005171144
-0.005457406
-0.005485492
-0.005438686
-0.005415277
-0.005421156
-0.005429391
-0.005429949
-0.005429813
-0.005436861
-0.005442638
-0.005422365
-0.005379372
-0.005404188
-0.005674306
-0.006151186
-0.006428937
-0.006481129
-0.006459493
-0.006368748
-0.006124494
-0.005924715
-0.006136001
-0.006384142
-0.006451624
-0.006428642
-0.00640226
-0.006399553
-0.006404592
-0.00640603
-0.006408049
-0.00641725
-0.006425096
-0.006400753
-0.006347394
-0.006366927
-0.006665938
-0.007192129
-0.007433975
-0.00717685
-0.00667027
-0.006418623
-0.006377536
-0.006156611
-0.005696163
-0.00541029
-0.005376955
-0.005426215
-0.005458763
-0.005439139
-0.005392403
-0.005398237
-0.005638987
-0.006135689
-0.006647422
-0.007156797
-0.00761623
-0.008125497
-0.008637289
-0.009134566
-0.009375652
-0.009380612
-0.009331239
-0.009311336
-0.009350258
-0.009409764
-0.009367576
-0.009042599
-0.008573403
-0.008568336
-0.009052308
-0.00941454
-0.00942927
-0.009099243
-0.008604934
-0.008369281
-0.008325679
-0.008120481
-0.007704509
-0.007401401
-0.007092804
-0.006633351
-0.006366462
-0.006384861
-0.006626782
-0.006878483
-0.006940294
-0.007165352
-0.007369557
-0.007419799
-0.007406254
-0.007385196
-0.007377089
-0.007377358
-0.007399865
-0.007434423
-0.007403589
-0.007151356
-0.006714859
-0.006413848
-0.006107894
-0.005664998
-0.00543165
-0.005436871
-0.005442695
-0.005209413
-0.004767344
-0.0044602
-0.004157759
-0.003719944
-0.003473113
-0.003449895
-0.003482587
-0.003473554
-0.003445918
-0.003507825
-0.00375846
-0.003971762
-0.003761386
-0.003500235
-0.003424002
-0.003473299
-0.003553197
-0.003529015
-0.003219586
-0.002708415
-0.002504066
-0.002731881
-0.00298489
-0.002795283
-0.002541132
-0.002471872
-0.002497642
-0.002503929
-0.002465954
-0.002492379
-0.002768298
-0.003230634
-0.003462314
-0.003511539
-0.003741253
-0.004202585
-0.004483149
-0.004516601
-0.004475723
-0.004453371
-0.004455861
-0.004456786
-0.004455937
-0.004474356
-0.004510897
-0.004479135
-0.004220327
-0.003774673
-0.003490369
-0.003227732
-0.002779345
-0.002292488
-0.001774078
-0.001296093
-0.0007776319
-0.0002907318
0.0001576523
0.0004200838
0.0007042905
0.001150189
0.001409861
0.001441841
0.00140348
0.001381582
0.001383631
0.001393833
0.001403343
0.001405551
0.001384371
0.001348429
0.001379051
0.001632274
0.002070968
0.002370059
0.002668926
0.003106984
0.00335862
0.003389122
0.003357506
0.003342928
0.003341068
0.003323589
0.003313062
0.003387458
0.003610088
0.003766846
0.003584835
0.003637939
0.004077107
0.004306581
0.00410324
0.003845495
0.004028657
0.004309007
0.004410577
0.004321718
0.004041485
0.003829106
0.004046037
0.004299648
0.004360792
0.004332003
0.00432251
0.004356032
0.004333332
0.004084749
0.003643419
0.003340773
0.003043887
0.002614318
0.002366228
0.002312121
0.002305478
0.002357318
0.002632783
0.003086513
0.003318823
0.003375601
0.003604021
0.004037757
0.004294664
0.004396696
0.004606125
0.004792629
0.004586203
0.004336937
0.00426688
0.0043073
0.004369436
0.00434152
0.004082309
0.00363909
0.003340879
0.003043099
0.002604952
0.002351557
0.002321523
0.002357273
0.002375703
0.00236925
0.002362509
0.002367592
0.002377755
0.002365336
0.002324429
0.002327424
0.00256386
0.003079123
0.003613776
0.004083556
0.004322196
0.004562197
0.005018657
0.005518552
0.006039606
0.00650387
0.007005159
0.007506712
0.008022602
0.008307842
0.008295701
0.007980458
0.007471742
0.007198202
0.007204297
0.007297648
0.007290425
0.006999162
0.006500253
0.006246248
0.006269391
0.00629021
0.00603439
0.005545468
0.005270439
0.00525221
0.005280083
0.005256109
0.005264227
0.005523143
0.006027559
0.006351823
0.006351199
0.006022839
0.005511001
0.005263852
0.005291966
0.005312879
0.00505965
0.00457719
0.004299245
0.004251824
0.004254234
0.0043018
0.004570039
0.005044053
0.005316123
0.005342908
0.005299618
0.005278001
0.005282747
0.005291679
0.005294824
0.005295147
0.005292038
0.005285151
0.005278019
0.005293712
0.005331508
0.005322158
0.00508285
0.004588065
0.004078507
0.003570736
0.003108304
0.002589557
0.002072712
0.001599622
0.001404022
0.00136855
0.001133223
0.0006746161
0.0003993691
0.0003480801
0.000342811
0.0003853821
0.0006544136
0.001152648
0.001447561
0.001424564
0.001148151
0.0008715697
0.0008769763
0.0008990456
0.0009046312
0.0006657084
0.0004475568
0.000350208
0.0001667711
-4.475862e-05
-0.0001088771
-0.0003385411
-0.0005414425
-0.0006091856
-0.000637898
-0.0005963836
-0.0003195094
0.0001687257
0.0004462784
0.0004497022
0.000360818
0.0003644728
0.0006447672
0.001135848
0.001410232
0.001434537
0.001397005
0.001381517
0.001366206
0.001330234
0.001356556
0.001630299
0.002113862
0.002386434
0.002403672
0.00235515
0.002352758
0.002394636
0.002373138
0.00212235
0.00168143
0.001381346
0.001082168
0.0006425635
0.000387983
0.0003595668
0.0004027093
0.0004263586
0.0004033009
0.0003593128
0.0003858784
0.000639854
0.001084581
0.001390586
0.00168616
0.002096427
0.002325612
0.002425164
0.002641675
0.002833508
0.002626242
0.002373629
0.002299864
0.002343123
0.002416246
0.002397061
0.002113676
0.001616528
0.001336284
0.001335169
0.001425346
0.001422142
0.001141607
0.0006503721
0.0003741866
0.000347517
0.0003865817
0.0004112699
0.0004340464
0.0004502793
0.0003768269
0.0001192517
-9.48588e-05
0.0001359143
0.0004324607
0.000479349
0.0001791973
-0.000341462
-0.0006251431
-0.000620747
-0.0005266112
-0.0005303954
-0.000812807
-0.001304765
-0.001579044
-0.001602931
-0.001565298
-0.001549957
-0.001535021
-0.001499616
-0.001525813
-0.001798392
-0.002280336
-0.0025551
-0.002579224
-0.002534767
-0.00251391
-0.002522391
-0.002530058
-0.002525882
-0.002516601
-0.002530198
-0.002566324
-0.002555679
-0.002319521
-0.001833775
-0.001329093
-0.0007978051
-0.0002922725
0.0001950751
0.0004322132
0.0004388636
0.0003955558
0.0003825543
0.0004178002
0.0004490442
0.0003835409
0.0001277401
-9.099343e-05
0.0001128395
0.0003876455
0.000499302
0.000444746
0.0001378827
-0.0003289526
-0.0005615213
-0.0006118755
-0.0008207561
-0.001237546
-0.001541289
-0.001851026
-0.002301008
-0.002557698
-0.002564921
-0.002484075
-0.002489627
-0.00276849
-0.003259425
-0.003535528
-0.003558161
-0.003513488
-0.003493924
-0.00349828
-0.003498684
-0.003495191
-0.003514709
-0.003556916
-0.003530494
-0.003256976
-0.0027801
-0.002513151
-0.002476515
-0.002484381
-0.002510638
-0.002731459
-0.003221375
-0.003764067
-0.00429795
-0.004571598
-0.004541329
-0.004223061
-0.003749872
-0.003524717
-0.003473633
-0.003242693
-0.002806969
-0.002567092
-0.002482062
-0.002227087
-0.001835994
-0.001807154
-0.001984647
-0.001820363
-0.001591748
-0.00150834
-0.001514943
-0.001561095
-0.001615567
-0.001593062
-0.0013112
-0.0007995442
-0.0005029784
-0.0005485609
-0.0008439926
-0.001074315
-0.0008591411
-0.0005994008
-0.0005282761
-0.0005537241
-0.0005834829
-0.0005862616
-0.0005787817
-0.0005737977
-0.0005750671
-0.0005771954
-0.0005778349
-0.0005751474
-0.0005731283
-0.0005763031
-0.0005870852
-0.0005900233
-0.0005623021
-0.0005157252
-0.0005617722
-0.0008621192
-0.001303258
-0.001348333
-0.001097599
-0.001019739
-0.001044344
-0.001304233
-0.001498581
-0.001575557
-0.00182829
-0.00226562
-0.002494955
-0.002552098
-0.002794462
-0.003261007
-0.00351912
-0.003506993
-0.003489187
-0.003739694
-0.004227482
-0.00451098
-0.004539857
-0.004495382
-0.004470144
-0.004466203
-0.004468216
-0.004491901
-0.004539122
-0.004519718
-0.004241392
-0.003730591
-0.00343466
-0.003481584
-0.003774102
-0.003995746
-0.003776031
-0.003540421
-0.003511766
-0.003504055
-0.003252649
-0.002793695
-0.002556322
-0.002503275
-0.002274093
-0.001813901
-0.001533593
-0.001500019
-0.001542279
-0.001566288
-0.001561779
-0.001552925
-0.001550006
-0.001552065
-0.00155354
-0.001553832
-0.001553442
-0.001553793
-0.001553493
-0.001552009
-0.001550001
-0.00155284
-0.001561571
-0.001565884
-0.00154222
-0.001500547
-0.001534416
-0.001812541
-0.002269915
-0.002500605
-0.002567662
-0.002814248
-0.003228204
-0.00330382
-0.003105557
-0.002999184
-0.0027391
-0.002529205
-0.002486241
-0.002529971
-0.002588683
-0.002554587
-0.002270325
-0.001808513
-0.001577287
-0.001520986
-0.001285038
-0.0008446558
-0.0006082583
-0.0005509856
-0.0003186286
0.0001408427
0.0004201171
0.0004524706
0.0004108928
0.0003886337
0.0003955735
0.0004013808
0.0003952459
0.0003879569
0.0004107454
0.0004543595
0.0004236706
0.0001405944
-0.0003285196
-0.0005626137
-0.0005911851
-0.0007855536
-0.001277614
-0.001811577
-0.002282705
-0.002539278
-0.00281553
-0.003261386
-0.00352075
-0.003545046
-0.00350093
-0.00350235
-0.003550585
-0.003533013
-0.003257933
-0.00277494
-0.00250771
-0.002490459
-0.002513728
-0.002489345
-0.002504663
-0.002772797
-0.003263061
-0.003546312
-0.003549547
-0.003460253
-0.003463483
-0.003746439
-0.004236143
-0.00450447
-0.004521633
-0.004499345
-0.004519824
-0.004493033
-0.004221001
-0.00376241
-0.003532323
-0.003482066
-0.003245232
-0.00277532
-0.002506401
-0.002511993
-0.002553617
-0.002350272
-0.001835509
-0.001267946
-0.0007507052
-0.0005446526
-0.0005890381
-0.0006045309
-0.0003415744
0.0001526661
0.0004366734
0.0004587304
0.0004017187
0.0003728446
0.0004027372
0.0004596795
0.0004356946
0.0001494999
-0.0003421465
-0.0005951973
-0.0005738727
-0.0005528081
-0.0008057684
-0.001295157
-0.001578879
-0.001606196
-0.001561473
-0.00153741
-0.001536567
-0.001537192
-0.001552486
-0.001590102
-0.001587785
-0.001355588
-0.0008407306
-0.0002868248
0.0002013955
0.0003940379
0.0004245034
0.0006413442
0.001076576
0.001390051
0.001673364
0.002067986
0.002344373
0.002650914
0.003096891
0.003343736
0.003365431
0.003349071
0.003374611
0.003356739
0.003091871
0.002607422
0.002321981
0.002291795
0.002360812
0.002425528
0.002386566
0.002096519
0.001632913
0.001404817
0.001357312
0.001126021
0.0006667309
0.0003915048
0.0003604613
0.0003819833
0.0003801433
0.0004159288
0.0006348643
0.0009111357
0.0009569872
0.0009145772
0.0006298125
0.0003976074
0.0003762403
0.0004377791
0.0004289291
0.0001736635
-0.00027042
-0.0005716598
-0.0008680541
-0.001308935
-0.00156571
-0.001595875
-0.001540407
-0.00150445
-0.001556909
-0.001772317
-0.002004427
-0.002059686
-0.002286315
-0.002515771
-0.002606411
-0.00255752
-0.002258142
-0.001792639
-0.001562523
-0.001517871
-0.001305956
-0.0008600518
-0.0005310935
-0.0002924841
-0.0001020852
-6.035185e-05
0.0001775544
0.000392287
0.0004424562
0.0004234134
0.0004032111
0.0004030364
0.0004081721
0.0004097403
0.0004067155
0.0004079811
0.00041681
0.000423519
0.0004017936
0.0003564197
0.0003806157
0.0006571087
0.001143201
0.001415845
0.001430965
0.00137991
0.001379998
0.001431247
0.001416323
0.001143884
0.0006579496
0.0003815751
0.0003575132
0.0004032698
0.0004253832
0.0004187902
0.000409136
0.0004073309
0.0004118325
0.0004151901
0.0004116038
0.0004012757
0.0003994786
0.0004281908
0.0004705198
0.0004185219
0.0001206844
-0.0002939166
-0.0003179434
-0.0001330539
-0.0002969526
-0.0005257139
-0.0006008826
-0.0005867214
-0.0005610611
-0.0005557906
-0.0005606615
-0.000564369
-0.0005643824
-0.0005645474
-0.0005660374
-0.0005638295
-0.0005551119
-0.0005488967
-0.0005704355
-0.0006144791
-0.0005901541
-0.0003162523
0.0001648409
0.0004403863
0.0004715335
0.000435977
0.000401452
0.0003676047
0.0003767243
0.0006113389
0.001125875
0.001680248
0.002166194
0.002352064
0.002378808
0.002615095
0.003085798
0.003718604
0.003761069
0.0037287
0.003715153
0.00372937
0.003746385
0.003761506
0.003777949
0.003792013
0.003779081
0.003743446
0.003775745
0.004058317
0.004550168
0.004833401
0.004862317
0.004815783
0.004794592
0.004824188
0.004877187
0.00486048
0.004611889
0.004154624
0.003832934
0.003583328
0.003386468
0.003421466
0.003415157
0.003368822
0.003139405
0.0031841
0.003616758
0.003917666
0.003975465
0.003937862
0.003888164
0.003844776
0.00388154
0.004165678
0.004647356
0.004893211
0.004869734
0.004846769
0.005093347
0.005571725
0.005845117
0.005863741
0.005810149
0.00578151
0.005782188
0.005781537
0.005765285
0.005746063
0.005755352
0.005794117
0.005766881
0.005483437
0.004970927
0.004672605
0.004715287
0.004998923
0.005190496
0.004925511
0.004684091
0.004869774
0.005351489
0.005633839
0.00564183
0.005566472
0.005518052
0.00552872
0.005564015
0.005525956
0.005242412
0.004761112
0.004478339
0.004430925
0.004450767
0.004475654
0.004496077
0.004448698
0.004164135
0.00368107
0.003400268
0.003383536
0.003449204
0.003426286
0.00314465
0.002682197
0.002422847
0.002344573
0.00218113
0.001969592
0.001889052
0.001651805
0.001448157
0.001393741
0.00139189
0.001393164
0.001402312
0.001428618
0.001392226
0.001127812
0.0006717508
0.0004105627
0.0003807839
0.0004150748
0.0004282033
0.0004154347
0.0003988093
0.0003872616
0.0003825587
0.0003828885
0.0003832481
0.0003637259
0.0003210704
0.0003160944
0.0005163711
0.0009651624
0.001447955
0.001890194
0.002081188
0.002067353
0.002013337
0.001977983
0.001964499
0.001969783
0.001983457
0.001936173
0.001695118
0.001293641
0.001014405
0.0007307947
0.0003292889
0.0001174589
0.0001214367
0.0001225267
-0.0001076036
-0.0005357776
-0.0007823722
-0.0008101981
-0.0007811747
-0.0007693208
-0.0007573917
-0.0007283906
-0.0007567195
-0.0009992676
-0.001413803
-0.001624598
-0.001606529
-0.001594256
-0.001809187
-0.002196106
-0.002386694
-0.002421683
-0.002609383
-0.002986057
-0.003186307
-0.003161132
-0.003131202
-0.003323499
-0.003704804
-0.00390836
-0.003901511
-0.003857635
-0.003853303
-0.003816294
-0.003573927
-0.003152782
-0.002906425
-0.002893436
-0.002953529
-0.002913465
-0.002626719
-0.002231669
-0.002233152
-0.002620809
-0.00283624
-0.002630699
-0.00218517
-0.00194036
-0.001940931
-0.001968939
-0.00179607
-0.001383806
-0.000941554
-0.0005431823
-0.000366484
-0.0003649174
-0.0003929945
-0.0004003411
-0.000391852
-0.000385075
-0.0003830095
-0.0003831249
-0.0003820436
-0.0003800892
-0.0003777889
-0.0003758699
-0.0003740184
-0.0003721854
-0.0003702097
-0.0003682592
-0.0003663477
-0.0003643768
-0.000362164
-0.0003596902
-0.0003577097
-0.0003567587
-0.0003561808
-0.0003523989
-0.0003440756
-0.0003380155
-0.0003510122
-0.0003786953
-0.0003576565
-0.0001662548
0.000162511
0.0003469757
0.000379638
0.0003782279
0.0003268257
0.0001089136
-0.0001997553
-0.0002005766
0.0001040542
0.0003170238
0.0003610515
0.0003377271
0.0002669722
9.904736e-05
-3.78083e-05
9.637186e-05
0.0002590358
0.000317463
0.0003100416
0.0002364065
6.4705e-05
-5.396768e-05
0.0001085414
0.0002475083
0.0001122423
-0.0002058916
-0.0003919932
-0.0004203688
-0.0004147715
-0.0003801232
-0.0002075079
9.023908e-05
0.0002458745
0.0002323717
0.0002009297
0.0003236956
0.0006322526
0.0009608887
0.001237884
0.001327878
0.001321946
0.001440365
0.001694966
0.001835413
0.001825667
0.001769807
0.001722874
0.001695336
0.001683303
0.001676734
0.0016292
0.001456815
0.001183478
0.0009936144
0.0008067364
0.0005458005
0.000391199
0.0003606644
0.0003661078
0.0003649593
0.0003545151
0.000340705
0.000314683
0.0002787516
0.0002795754
0.0004115943
0.0006497898
0.0007741998
0.0007656906
0.0007212777
0.0006889542
0.0006715876
0.000656367
0.0006380027
0.0006149876
0.0005889779
0.0005652603
0.0005558352
0.0005575196
0.0005249335
0.0003706333
0.0001177234
-2.976297e-05
-5.381754e-05
-4.224705e-05
-4.124801e-05
-5.835525e-05
-8.810835e-05
-0.0001111739
-8.900104e-05
1.35878e-05
9.049955e-05
-2.32183e-05
-0.0001405134
-0.0001631809
-0.0001768787
-0.0003002826
-0.0005220591
-0.0006432298
-0.0006523417
-0.0006569679
-0.0007391627
-0.0008426401
-0.000873948
-0.0009740146
-0.001061011
-0.001078418
-0.001057866
-0.001027628
-0.001033781
-0.001143046
-0.001332868
-0.0014325
-0.001431462
-0.001403882
-0.001382076
-0.001360865
-0.001342659
-0.001359192
-0.001445581
-0.001512485
-0.001409166
-0.001284052
-0.001255446
-0.001354189
-0.001528524
-0.001612028
-0.001598247
-0.001560265
-0.001533168
-0.001516608
-0.001500381
-0.001480589
-0.001459331
-0.001440526
-0.001424959
-0.001406965
-0.001377115
-0.001340657
-0.001337011
-0.001423259
-0.001552187
-0.001527261
-0.00135432
-0.001230728
-0.001197293
-0.001194837
-0.001185655
-0.001165491
-0.001143295
-0.001123293
-0.001104809
-0.00108616
-0.001068423
-0.001052439
-0.001035706
-0.001010855
-0.0009795903
-0.000968638
-0.001028959
-0.001145557
-0.001198355
-0.001177402
-0.001137929
-0.001112627
-0.001102407
-0.001076135
-0.0009817971
-0.0008270218
-0.0007243667
-0.000705527
-0.0007691826
-0.0008836863
-0.0009402061
-0.0009143395
-0.0008121643
-0.0006677338
-0.0005835032
-0.0005628595
-0.0005640647
-0.0005629702
-0.000537866
-0.0004549201
-0.000333756
-0.0002705115
-0.0002561991
-0.0002071863
-9.432473e-05
3.043082e-05
0.0001435424
0.0001913441
0.0001815328
0.000157489
0.0001545687
0.0002126816
0.0003142239
0.0003549282
0.0002945513
0.0001828284
0.000119538
0.000110706
0.000115994
0.0001205851
0.0001229861
0.0001122607
5.815949e-05
-2.978425e-05
-7.731161e-05
-7.92889e-05
-6.949645e-05
-6.393549e-05
-6.332211e-05
-6.287476e-05
-6.106777e-05
-5.855404e-05
-5.732595e-05
-5.73527e-05
-5.608756e-05
-4.922866e-05
-4.02916e-05
-4.734079e-05
-9.43191e-05
-0.0001550939
-0.0001426643
-7.479231e-05
-6.594307e-05
-0.0001254544
-0.0001660254
-0.0001637543
-0.0001444217
-0.0001369945
-0.0001669195
-0.0002228278
-0.0002481126
-0.0002395181
-0.0002224522
-0.0002088933
-0.0001991383
-0.0001897337
-0.0001795862
-0.0001691467
-0.0001592187
-0.0001496089
-0.0001395895
-0.000128894
-0.0001192167
-0.0001133374
-0.000109545
-9.580093e-05
-5.536135e-05
-3.452576e-06
1.208841e-06
-3.769735e-05
-6.087326e-05
-5.718398e-05
-4.468201e-05
-3.446255e-05
-2.764903e-05
-2.162699e-05
-1.51082e-05
-8.23115e-06
-1.527163e-06
4.853268e-06
1.089433e-05
1.66459e-05
2.220999e-05
2.796973e-05
3.403171e-05
3.957853e-05
4.284792e-05
4.444759e-05
5.106377e-05
7.419369e-05
0.0001087841
0.0001256685
0.0001245001
0.0001237386
0.0001389714
0.0001648345
0.0001751748
0.0001737945
0.0001819966
0.0002017739
0.000209792
0.0002024466
0.0001901246
0.000182693
0.0001887787
0.0002032958
0.0002047012
0.0001928428
0.0001812149
0.00018129
0.0001900277
0.0001886019
0.0001761984
0.0001612919
0.0001478828
0.0001356784
0.0001227633
0.000109058
9.778362e-05
9.460725e-05
9.712924e-05
9.190072e-05
7.852143e-05
6.320717e-05
4.906069e-05
3.676964e-05
2.532263e-05
1.211377e-05
-6.830546e-06
-2.941988e-05
-4.55944e-05
-5.535553e-05
-6.347303e-05
-7.202028e-05
-8.098713e-05
-8.978368e-05
-9.82263e-05
-0.0001063638
-0.0001142949
-0.0001220172
-0.0001295104
-0.0001367448
-0.000143721
-0.0001504342
-0.0001568882
-0.0001630769
-0.0001689999
-0.0001746478
-0.0001800205
-0.0001851237
-0.0001899813
-0.0001945951
-0.0001989235
-0.0002028932
-0.0002065684
-0.0002102689
-0.0002144383
-0.0002186912
-0.0002218689
-0.0002245011
-0.0002270297
-0.0002287806
-0.0002298983
-0.0002308401
-0.0002317826
-0.0002327217
-0.0002336166
-0.0002344592
-0.0002352599
-0.0002360275
-0.0002367539
-0.0002374244
-0.0002380385
-0.0002386505
-0.0002392933
-0.000239872
-0.0002403914
-0.0002409091
-0.0002414081
-0.0002418581
-0.0002422708
-0.000242663
-0.0002430333
-0.0002433782
-0.0002436981
-0.0002439947
-0.0002442693
-0.0002445224
NaN
