-0.0001830279
-0.0001862617
-0.0001895084
-0.0001927573
-0.0001960188
-0.0001992804
-0.000202558
-0.0002058369
-0.0002091195
-0.0002123823
-0.0002156512
-0.0002189219
-0.0002222045
-0.0002255002
-0.0002289407
-0.0002326098
-0.0002364717
-0.0002404145
-0.000244304
-0.0002478152
-0.000250368
-0.000251327
-0.0002516275
-0.0002522065
-0.0002534289
-0.0002564473
-0.0002619848
-0.0002697624
-0.000279335
-0.0002891878
-0.0002946514
-0.0002935345
-0.0002890507
-0.0002881684
-0.0002959819
-0.0003092997
-0.0003175296
-0.000313521
-0.0003048678
-0.0003101848
-0.0003330244
-0.0003496799
-0.0003490314
-0.0003528224
-0.0003658892
-0.0003626095
-0.0003312588
-0.000289932
-0.0002746843
-0.0002963205
-0.0003310028
-0.0003527117
-0.0003569194
-0.0003418817
-0.000306128
-0.0002640575
-0.0002532631
-0.000286132
-0.0003304033
-0.0003577093
-0.0003752511
-0.000415254
-0.0004914148
-0.0005589304
-0.0005831058
-0.0006200903
-0.0006627327
-0.0005912802
-0.0003702923
-7.642679e-05
0.0001621896
0.0002264861
0.0001513585
6.113963e-05
2.549522e-05
2.982857e-05
5.533819e-05
7.363762e-05
-6.600355e-05
-0.0004355282
-0.0009281324
-0.001424069
-0.001824322
-0.00184504
-0.001394023
-0.0007275067
-0.0001196559
0.0002847756
0.0005309016
0.0007840961
0.001134938
0.001519671
0.001624473
0.001178063
0.000367711
-0.0004262701
-0.001065375
-0.00166919
-0.002124011
-0.002089899
-0.001588586
-0.0008432657
-3.878708e-05
0.0005518857
0.0007649639
0.0008175069
0.0009309257
0.0009206559
0.0005872854
3.62019e-05
-0.0005540676
-0.001227658
-0.002056388
-0.002720101
-0.002828145
-0.002603457
-0.002680694
-0.003028102
-0.002419625
-0.0002789019
0.002563397
0.004721783
0.005171803
0.004418603
0.003599648
0.002833031
0.001445568
-0.000698673
-0.002928151
-0.003665365
-0.002198282
0.0001566128
0.001306655
0.0007156761
-0.0004171456
-0.0009646089
-0.0009162587
-0.0008349601
-0.0009950624
-0.001329227
-0.001774223
-0.002299756
-0.003070527
-0.004308418
-0.004667428
-0.002880854
-9.423633e-05
0.0008495946
-0.0008850006
-0.00319066
-0.003388985
-0.001343796
0.001289829
0.003984932
0.006177809
0.006207483
0.004140683
0.001451721
-0.001062163
-0.002895765
-0.002767497
-0.0007409391
0.0008882983
1.14118e-05
-0.002691855
-0.005340496
-0.006432243
-0.004678867
-0.0007157578
0.00352039
0.00557335
0.003894569
1.181874e-05
-0.003702995
-0.005858226
-0.005517722
-0.003348289
-0.0009144271
0.0008922871
0.001185447
-0.0004922086
-0.002817862
-0.003000872
-0.0001382444
0.003918302
0.007043622
0.00722245
0.004155261
-0.0001377331
-0.003799878
-0.006146744
-0.007570347
-0.008926181
-0.01051487
-0.01105936
-0.008991051
-0.004886753
-0.0002133699
0.00426173
0.0083583
0.01073996
0.0105136
0.008875726
0.006942459
0.004455105
0.000209265
-0.006808981
-0.01481748
-0.02127127
-0.02420515
-0.02330584
-0.02071747
-0.0185297
-0.01701699
-0.01591708
-0.01665545
-0.01935944
-0.01950081
-0.01387955
-0.005087678
0.002685886
0.008261109
0.01326224
0.01906785
0.02374926
0.02244722
0.01505172
0.00556951
-0.002902695
-0.008305637
-0.01076266
-0.01245668
-0.0158791
-0.02269886
-0.03177343
-0.04036927
-0.04406918
-0.04087305
-0.03430272
-0.0281104
-0.02277429
-0.0167645
-0.008797072
-0.0009561284
0.001834999
-0.0006925401
-0.003464229
-0.002636259
0.0006519983
0.004729735
0.01148424
0.02203114
0.03422283
0.04402918
0.04887776
0.04736851
0.04158301
0.03600751
0.03232054
0.02789736
0.02063538
0.01183062
0.004224631
-0.001352396
-0.00624884
-0.01121791
-0.01253209
-0.006869532
0.002868146
0.01099844
0.01507668
0.01690846
0.01673832
0.01350977
0.008519101
0.006735223
0.01183893
0.02109612
0.0298925
0.03549058
0.03619698
0.03466636
0.03670264
0.0413702
0.03914382
0.02678136
0.01077899
-0.002150588
-0.008179795
-0.006496035
-0.003966419
-0.007248406
-0.01496523
-0.02228786
-0.02601189
-0.02267647
-0.01277973
-0.001027494
0.009169596
0.01533307
0.01486797
0.009772263
0.004362836
0.00171537
0.002427902
0.004463928
0.005906255
0.006096135
0.004296888
0.0007523058
-0.003637388
-0.009365125
-0.01620411
-0.02150079
-0.02406111
-0.02442837
-0.02196501
-0.01698259
-0.0113136
-0.006437955
-0.002891068
-0.0002630811
0.001484568
-0.0007149979
-0.00833398
-0.01819193
-0.02332383
-0.01874353
-0.008220368
0.001665848
0.00647677
0.004574745
-0.0005489128
-0.003936099
-0.005091416
-0.007294877
-0.01174187
-0.01442863
-0.01288923
-0.01198999
-0.01399042
-0.01237699
-0.003002628
0.009163334
0.01229469
0.002365985
-0.009228244
-0.01219864
-0.008569656
-0.004427566
-0.001918744
-7.700148e-05
0.0003225499
-0.002098746
-0.00638634
-0.01070992
-0.01393338
-0.01445545
-0.01197286
-0.008325345
-0.005139401
-0.002236823
0.001654029
0.00672467
0.01152347
0.01478051
0.01596401
0.01387813
0.008898168
0.002644567
-0.003609437
-0.008139402
-0.008468267
-0.005276525
-0.001142008
0.002613244
0.006213903
0.01000044
0.01148878
0.00825763
0.00508084
0.006292145
0.009687145
0.01171151
0.0114816
0.008180606
0.002156043
-0.003010208
-0.003459445
-0.001256178
-0.001934344
-0.006697085
-0.0121885
-0.01310049
-0.006988344
0.002503081
0.0104477
0.01569372
0.01924728
0.0196846
0.01617815
0.008146902
-0.003559366
-0.01333311
-0.01567154
-0.009603605
-6.34565e-06
0.008471145
0.01416891
0.01456566
0.009587268
0.002748968
-0.002403922
-0.002501871
0.002552526
0.009137718
0.01290274
0.01152568
0.007190678
0.003755917
0.00447885
0.008980694
0.01161804
0.007279011
-0.001576208
-0.008520923
-0.01043968
-0.006823597
0.000732848
0.009029848
0.01321518
0.008886061
-0.001367878
-0.01181599
-0.01784981
-0.01437439
-0.002485292
0.01137858
0.02224389
0.02372127
0.01269498
-0.00453839
-0.02007391
-0.0250279
-0.01301354
0.008741255
0.02609411
0.03290859
0.03100438
0.02221844
0.009382278
-0.004532753
-0.01508289
-0.01942514
-0.01777511
-0.01343796
-0.0107911
-0.01166117
-0.01314409
-0.00938747
0.0006734738
0.01178101
0.01540236
0.009009281
-0.001246899
-0.008110366
-0.008079405
-0.003909169
-0.0002974515
-0.0005857002
-0.005694014
-0.01295958
-0.01796942
-0.01678704
-0.01221783
-0.009942544
-0.009035129
-0.004808479
0.002471119
0.009086048
0.01354598
0.01628269
0.01473961
0.007437001
-0.002663039
-0.01211185
-0.01772487
-0.0148191
-0.004515954
0.007256245
0.0144186
0.0129641
0.007044659
0.005091284
0.007269857
0.006461248
0.0001021679
-0.008197022
-0.01318262
-0.01080627
-0.003016547
0.004412128
0.005796461
0.0009625016
-0.005483198
-0.01044349
-0.01441065
-0.01882013
-0.02166467
-0.01873609
-0.010885
-0.003312136
0.0006988169
0.002806914
0.006560337
0.01174238
0.01315605
0.009195301
0.006034874
0.009640126
0.01845036
0.02889157
0.04050881
0.04984184
0.04907894
0.03716398
0.01815712
-0.0004824511
-0.007785402
0.001795461
0.02024962
0.03595721
0.03918031
0.02934682
0.01541162
0.005226432
0.005425391
0.01784243
0.03527255
0.04510812
0.03808914
0.02004839
0.00235152
-0.01038697
-0.01553505
-0.01090115
-0.002855827
-0.001360535
-0.006970631
-0.01119443
-0.008435979
-0.003068457
-0.00341715
-0.01051813
-0.01889099
-0.02186374
-0.01647805
-0.005848447
0.006134128
0.01784172
0.02654038
0.02660674
0.01894019
0.009683598
0.002702803
0.0005306225
0.006150955
0.01708646
0.02471554
0.02146818
0.01052759
0.001585283
0.001257419
0.005528317
0.005436987
-0.001006082
-0.008784687
-0.01216923
-0.01019538
-0.006605498
-0.004547623
-0.003896484
-0.002860577
0.0004827304
0.005003311
0.003584925
-0.006508518
-0.01989858
-0.02720124
-0.02184217
-0.008770932
-0.001853321
-0.01045628
-0.02841123
-0.04320872
-0.04355403
-0.0298283
-0.01257315
-0.0006597309
-0.0005798082
-0.01118709
-0.02070653
-0.01919102
-0.01152109
-0.008160355
-0.01107201
-0.01491996
-0.01377157
-0.006295627
0.003411157
0.008444141
0.002702967
-0.01010632
-0.01684577
-0.0101203
0.003171006
0.01029567
0.005964871
-0.003537315
-0.01068733
-0.0141852
-0.01690588
-0.01891386
-0.01763969
-0.01331927
-0.009662966
-0.01055035
-0.01480855
-0.01389358
-0.0003317657
0.01864967
0.03136341
0.03653826
0.03669113
0.03108657
0.0219426
0.01424998
0.01004481
0.007529329
0.003639097
-0.002893761
-0.01189036
-0.02238021
-0.02683914
-0.01930454
-0.004772151
0.006406784
0.005080041
-0.005312054
-0.01027821
-0.003734979
0.005298616
0.001604475
-0.01551119
-0.03287671
-0.04275362
-0.0445857
-0.03899916
-0.02727514
-0.01160574
0.0007798685
0.001848794
-0.007916226
-0.01672481
-0.008451974
0.01707182
0.04456657
0.05974132
0.05727354
0.04141956
0.0242479
0.01837228
0.0241699
0.03129327
0.02919969
0.01456961
-0.01039996
-0.03537192
-0.04985041
-0.05110413
-0.03938458
-0.0215625
-0.009097104
-0.005394422
-0.005057311
-0.002847507
0.00145004
0.005273103
0.007178292
0.008355874
0.01035997
0.01124833
0.007123829
-0.001410348
-0.009608719
-0.01086891
-0.004112008
0.005284102
0.0128987
0.01793942
0.01913932
0.01655304
0.0127814
0.009992562
0.009155173
0.01055289
0.01309264
0.01485459
0.01262757
0.005692514
-0.00300281
-0.01095062
-0.01888464
-0.02724247
-0.02849996
-0.01728778
0.0005738149
0.01520958
0.02239003
0.02611846
0.03111421
0.03570924
0.03562241
0.03138071
0.02667811
0.02328543
0.01672822
-0.000169279
-0.02558813
-0.04550993
-0.05115185
-0.04423147
-0.03116342
-0.01739255
-0.005717885
0.0008035836
0.0002626648
-0.004518003
-0.009153107
-0.009654441
-0.003988038
0.005016958
0.01209045
0.01213066
0.006028244
-0.001125135
-0.00637111
-0.008880749
-0.007252432
-0.002457433
0.0009365244
-0.002919189
-0.01333656
-0.02484952
-0.03216403
-0.03013506
-0.0201534
-0.01031531
-0.00831729
-0.01300839
-0.01791707
-0.01737037
-0.01036016
-0.0009921622
0.006895005
0.01054941
0.008424644
0.003918743
0.002929903
0.006600768
0.01095502
0.01148363
0.008118552
0.004080531
0.001471525
0.0001650371
-0.0009007673
-0.002360548
-0.004033319
-0.004978364
-0.004077297
-0.001849917
-0.001293527
-0.005087112
-0.01179607
-0.01841001
-0.02324349
-0.02450405
-0.02206431
-0.01827462
-0.01508251
-0.01244962
-0.009217571
-0.004939681
-0.0002504597
0.004185691
0.008200707
0.0109372
0.01139928
0.009415598
0.005235761
1.835071e-05
-0.005109007
-0.00846727
-0.006287141
0.001573921
0.0105557
0.01344613
0.007358092
-0.002760755
-0.01016686
-0.01116011
-0.008088055
-0.00590104
-0.007706246
-0.01231327
-0.01679731
-0.01991131
-0.02010653
-0.01476137
-0.0051868
0.004559104
0.01046957
0.01203171
0.01223849
0.01264412
0.01123469
0.006969761
0.001401983
-0.003699105
-0.006586843
-0.003736403
0.004631899
0.01178687
0.01086041
0.003626848
-0.003787467
-0.007918969
-0.008893181
-0.008979598
-0.009798233
-0.01089879
-0.01020665
-0.007000936
-0.002788308
0.0002204681
-0.0006867473
-0.0054567
-0.01061101
-0.01123166
-0.006429114
9.81987e-05
0.004309701
0.003472628
-0.001188048
-0.005475993
-0.004867783
0.0005830125
0.007046106
0.0109419
0.01024677
0.007369348
0.007736736
0.01269363
0.01902466
0.02403088
0.02762593
0.02871159
0.02548261
0.01933655
0.01303932
0.007679085
0.002953788
0.0007525864
0.00304081
0.008093347
0.01303461
0.0169391
0.02043783
0.02171358
0.01757376
0.009306888
0.0008274442
-0.005705413
-0.01110718
-0.01684734
-0.02105786
-0.01926377
-0.01405248
-0.01209713
-0.01435021
-0.01550188
-0.01171525
-0.004875948
0.002122233
0.008936517
0.01527272
0.01754058
0.01441971
0.009075393
0.004564618
0.00101757
-0.002822509
-0.007006077
-0.00941179
-0.009129036
-0.007682281
-0.006692075
-0.006424166
-0.00703442
-0.008513147
-0.008099702
-0.003750783
0.002453726
0.007236123
0.00917264
0.007784763
0.004299608
0.0006337521
-0.001633576
-0.0005883355
0.002398259
0.001949088
-0.003674252
-0.01114748
-0.01695196
-0.01798921
-0.01348527
-0.006611121
-0.0003862275
0.004962504
0.0103435
0.0153753
0.01924463
0.02107857
0.02069429
0.01900943
0.0166432
0.01370817
0.008130221
-0.0005121299
-0.007407328
-0.00877522
-0.005524864
-0.001421646
0.001403282
0.00337485
0.004295145
0.003036487
8.008082e-05
-0.003106615
-0.00499653
-0.00358283
0.0009015829
0.00615715
0.01051155
0.01325651
0.01464722
0.01578864
0.01754805
0.01979269
0.02124874
0.02006289
0.01652253
0.01254072
0.009267828
0.007399707
0.008542558
0.01243598
0.01702595
0.02098216
0.02408394
0.02458524
0.02132169
0.01610509
0.01178502
0.01048607
0.0109938
0.008986578
0.002918362
-0.004682399
-0.01121377
-0.01473079
-0.01365102
-0.00956785
-0.00535757
-0.002110315
0.0006900795
0.002376519
0.001831529
-0.0002402807
-0.002373523
-0.003993028
-0.005454202
-0.007158624
-0.009012446
-0.00956057
-0.00689842
-0.001779953
0.00346247
0.0062156
0.005074935
0.001798919
-0.000865093
-0.001405767
-0.0005449533
-1.744965e-05
-0.001331739
-0.004396143
-0.007842359
-0.01025673
-0.009865705
-0.006712224
-0.002769498
0.0001970945
0.0007484819
-0.001030061
-0.003499031
-0.005480901
-0.007075795
-0.008841273
-0.01061904
-0.01076147
-0.00852
-0.005344725
-0.003208478
-0.002431365
-0.001944888
-0.0009821598
0.0001196998
0.0004708835
-4.927719e-05
-0.001033049
-0.002244287
-0.002774397
-0.001327564
0.001473069
0.002518214
-0.0001278125
-0.004773898
-0.008985143
-0.01190713
-0.01215795
-0.008740442
-0.00378013
-0.001447552
-0.00304005
-0.006063863
-0.007961217
-0.007184579
-0.003733639
0.0006561367
0.004213265
0.004813398
0.001905161
-0.002216408
-0.004000805
-0.002144605
0.001251752
0.003957716
0.005750636
0.006812269
0.00589777
0.002843076
-0.0004256643
-0.001328425
-0.0002957143
-0.000799153
-0.004254711
-0.008880557
-0.01279337
-0.01588458
-0.01901467
-0.02250309
-0.0249539
-0.02492769
-0.02324271
-0.0215845
-0.0205719
-0.01974562
-0.01862182
-0.01719217
-0.0156212
-0.01402724
-0.01244563
-0.01085746
-0.009266157
-0.007771063
-0.006424156
-0.005148841
-0.003856575
-0.002792288
-0.002937446
-0.004527677
-0.006649059
-0.008495104
-0.009946172
-0.01044348
-0.009285926
-0.007042659
-0.004774953
-0.002864646
-0.0009945836
0.001137105
0.003459118
0.005751407
0.007564238
0.007621529
0.005693946
0.003067336
0.0008427605
-0.0006639357
-0.001475138
-0.001964096
-0.00289867
-0.00540852
-0.008234434
-0.008355557
-0.005644086
-0.002446565
-0.00132486
-0.003266398
-0.006657831
-0.009257615
-0.01020527
-0.01039482
-0.0101474
-0.00784197
-0.003122261
0.002426178
0.007201653
0.01010486
0.01133125
0.01210836
0.01268317
0.01209174
0.01023399
0.007707318
0.004110342
-0.0003478846
-0.00277238
-0.001548077
0.001462109
0.003821287
0.003966132
0.001679256
-0.00111405
-0.0009960886
0.002922298
0.008194309
0.01249456
0.01530917
0.01696246
0.01703563
0.01566311
0.01405019
0.01426504
0.01700831
0.01958385
0.01771331
0.01143786
0.004280137
-0.001532969
-0.006345896
-0.009933966
-0.01118088
-0.01070039
-0.01057229
-0.01217306
-0.0146931
-0.01580497
-0.0143823
-0.0117455
-0.009512739
-0.007941202
-0.006436038
-0.005167687
-0.004936638
-0.004624674
-0.001541272
0.004375432
0.01030881
0.01260362
0.01104044
0.00852597
0.0074551
0.008545015
0.01040032
0.01024929
0.007438754
0.003797941
0.001347345
0.001762663
0.00467217
0.008037815
0.00947287
0.007473759
0.003361953
-0.0006460986
-0.003832962
-0.006434568
-0.007880988
-0.00797723
-0.007504104
-0.007209005
-0.007490217
-0.008809777
-0.01098481
-0.01333403
-0.0151509
-0.01536032
-0.0139024
-0.01192217
-0.01029144
-0.009120883
-0.008902348
-0.009991221
-0.01176886
-0.01337378
-0.01342651
-0.01073786
-0.006293057
-0.001732213
0.002454786
0.006540973
0.01017696
0.01287664
0.01469856
0.01576268
0.01638722
0.01679331
0.01598371
0.01362795
0.01220842
0.01321756
0.01544448
0.01705511
0.01690273
0.01530622
0.01348306
0.01218856
0.01210167
0.01366615
0.01615102
0.01855081
0.01995851
0.01920893
0.01662963
0.01368734
0.01122436
0.009027589
0.00663581
0.003979211
0.00159631
0.00193753
0.006630455
0.01366559
0.01965337
0.02239841
0.02289591
0.02319681
0.02331539
0.02241731
0.0206273
0.01868675
0.01682833
0.01465389
0.01202881
0.009568173
0.008474468
0.00883621
0.009377264
0.008512229
0.006134443
0.00340878
0.00113522
-0.0008264778
-0.002918071
-0.005081152
-0.005478909
-0.002416881
0.002279259
0.005065236
0.005066376
0.00343024
0.001338584
-0.0007607314
-0.003316812
-0.006657937
-0.01039272
-0.01338177
-0.01432807
-0.01365393
-0.01279391
-0.0124577
-0.01235481
-0.01203631
-0.01143643
-0.01026277
-0.007881988
-0.004538779
-0.001052984
0.001737075
0.002457741
0.00112381
0.0002532246
0.001964705
0.005413072
0.008601999
0.01010478
0.009788775
0.008834255
0.008199424
0.007383183
0.005201276
0.001761016
-0.001699014
-0.003155593
-0.001754599
0.0007750152
0.001966689
0.001398884
0.0008424687
0.002234801
0.005347883
0.008612891
0.01047949
0.009604648
0.006639493
0.003409449
0.0009864754
-0.0003292658
-0.0009367354
-0.001495749
-0.002259646
-0.003042626
-0.003219718
-0.002147064
-0.0001929999
0.001803262
0.003491821
0.004888652
0.005176371
0.003770716
0.001461149
-0.0005821941
-0.001360909
-0.0008314477
-0.0003035533
-0.0009677937
-0.002517209
-0.004007359
-0.005041207
-0.005804281
-0.006575472
-0.006889429
-0.0056239
-0.002910588
0.0001025745
0.002714759
0.00492447
0.005965527
0.00508066
0.003042203
0.001061863
-0.0004820122
-0.001671084
-0.002202669
-0.002063485
-0.00193257
-0.002705666
-0.004265021
-0.005112804
-0.004089013
-0.001990451
-0.0008947529
-0.001933542
-0.004095775
-0.005834564
-0.006092154
-0.00497613
-0.003524734
-0.002504367
-0.002580726
-0.004125155
-0.006458111
-0.008486842
-0.008744283
-0.006821276
-0.004015084
-0.001565045
0.0002609979
0.0009736887
0.000301866
-0.0006513257
-0.0005930421
0.0001046179
-0.0001763332
-0.001917788
-0.004154921
-0.006011481
-0.007253634
-0.007421493
-0.006498506
-0.005186924
-0.004052322
-0.003098981
-0.002089472
-0.0009659446
7.298552e-06
0.0006394009
0.001077196
0.001548038
0.002110961
0.002706505
0.003397947
0.004288722
0.005316043
0.006327975
0.006776609
0.00578043
0.00357249
0.001163259
-0.0008712428
-0.001802593
9.203356e-05
0.004637059
0.009802986
0.01315825
0.01282123
0.009898146
0.006853776
0.004900955
0.004002989
0.003495215
0.002838167
0.002015443
0.001272836
0.0007635654
0.0004062527
3.527177e-05
-0.0004079856
-0.0008966039
-0.00196417
-0.004692057
-0.00887791
-0.01334046
-0.01729592
-0.01925087
-0.01713256
-0.01194523
-0.006540433
-0.003907495
-0.005528362
-0.009428099
-0.01287016
-0.01377024
-0.01125469
-0.007056126
-0.003806434
-0.002379389
-0.001538979
0.0003054402
0.00346105
0.006995333
0.01014258
0.01240861
0.01217833
0.009144602
0.005085276
0.001524238
-0.001483237
-0.003839174
-0.004106528
-0.002299768
-0.001283763
-0.003486103
-0.007808123
-0.01148205
-0.01291344
-0.01299619
-0.0133251
-0.01433271
-0.01530047
-0.01552136
-0.01516889
-0.01482442
-0.01473636
-0.01470056
-0.01407909
-0.01244767
-0.01024427
-0.008113082
-0.006121298
-0.00367846
-0.0005306767
0.002916536
0.005923203
0.007086914
0.006071974
0.004250899
0.003359443
0.004221481
0.006032472
0.007655782
0.008820131
0.009658437
0.009968025
0.009768241
0.009405001
0.009327368
0.01008373
0.01161373
0.01331785
0.01443781
0.01417512
0.01278343
0.01121406
0.00999998
0.009432096
0.009847164
0.009977244
0.007374638
0.002135756
-0.003563534
-0.008047222
-0.01119907
-0.01285316
-0.0127103
-0.01172543
-0.01158144
-0.01273261
-0.01427956
-0.01517711
-0.01448539
-0.01237972
-0.009955677
-0.007847822
-0.005493016
-0.002128272
0.00199221
0.006097831
0.009631464
0.01195515
0.01303961
0.01363882
0.0139334
0.01348533
0.01237242
0.01112016
0.01033129
0.01059251
0.01144992
0.01110794
0.008784906
0.005598621
0.002777772
0.0004541799
-0.0018149
-0.003362143
-0.002905197
-0.0009981909
0.0002044019
-0.000389588
-0.001797329
-0.002190603
-0.0006567266
0.001640501
0.002404164
0.000981656
-0.001207672
-0.002865941
-0.003935548
-0.004525231
-0.004432173
-0.004224794
-0.005742183
-0.009509128
-0.01410247
-0.01817948
-0.02083671
-0.02136568
-0.02050977
-0.0195924
-0.01911238
-0.01874393
-0.01813958
-0.01733094
-0.01647677
-0.01561582
-0.01472692
-0.01380561
-0.01287032
-0.01193839
-0.01111096
-0.0113015
-0.01336829
-0.01661237
-0.01980882
-0.02220473
-0.0231715
-0.02295796
-0.02251336
-0.02264635
-0.02355699
-0.02477372
-0.02571842
-0.02523353
-0.02245739
-0.01834838
-0.0143438
-0.01085848
-0.007773686
-0.00611798
-0.006500458
-0.007890269
-0.009066425
-0.009598021
-0.009447814
-0.009035099
-0.009245026
-0.01038205
-0.01187686
-0.01316828
-0.01386026
-0.01285175
-0.009953022
-0.006353649
-0.003059747
-0.0001085832
0.002576825
0.004212856
0.004563919
0.00440837
0.004465172
0.00477981
0.004983287
0.0043858
0.00268563
0.0004650791
-0.00161716
-0.003454469
-0.005291582
-0.00722588
-0.008468876
-0.008041109
-0.00641204
-0.004728377
-0.003471512
-0.002364575
-0.001069185
0.0004104446
0.001877361
0.003232079
0.004531986
0.005860418
0.007213826
0.00850868
0.009716181
0.01088908
0.01202239
0.01295825
0.01366044
0.01427843
0.01486005
0.01494386
0.01422042
0.01307084
0.01202152
0.01175939
0.01317095
0.01590581
0.01883051
0.02115971
0.02156962
0.01929109
0.01561633
0.01228812
0.01087922
0.0119964
0.01428856
0.01541733
0.01386421
0.01063908
0.007622498
0.006285917
0.007143786
0.00906762
0.01075768
0.01166575
0.01136623
0.01007547
0.008551919
0.007255158
0.006277577
0.005613832
0.005105658
0.004639888
0.004653366
0.005635653
0.007256887
0.008787189
0.009351835
0.008658124
0.007413319
0.006350922
0.00553007
0.004509049
0.003048446
0.001372373
-0.0002261141
-0.001676509
-0.0026054
-0.002189354
-0.000597439
0.001219286
0.002322833
0.001765172
-0.0002267724
-0.001881486
-0.0007383322
0.003195382
0.007770883
0.01156724
0.01484117
0.01810857
0.0201188
0.01975076
0.01798469
0.01635493
0.01530132
0.01435168
0.01310753
0.01167072
0.01061229
0.01039517
0.01054726
0.009759654
0.007559564
0.004791371
0.002389408
0.0008768313
0.0001373829
-0.0004213049
-0.001168974
-0.002034803
-0.002824009
-0.00350016
-0.004159001
-0.004869997
-0.005617646
-0.006305189
-0.006430254
-0.005551213
-0.004055062
-0.002589165
-0.001361199
-0.0001848668
0.0009479337
0.001288226
0.0004529573
-0.0009388133
-0.002177464
-0.003148801
-0.004115979
-0.005091276
-0.005155512
-0.003721075
-0.001505032
0.0001324963
-0.0005574177
-0.00352899
-0.006541647
-0.007990283
-0.008449405
-0.009072677
-0.009907887
-0.01043211
-0.01053565
-0.01051776
-0.01061608
-0.01062922
-0.01000834
-0.008731802
-0.007287055
-0.006149937
-0.006275449
-0.008215105
-0.01109448
-0.01381616
-0.01591448
-0.0164621
-0.01500724
-0.01259223
-0.01047142
-0.009521373
-0.009824695
-0.01057526
-0.01110018
-0.01128104
-0.01099649
-0.01026603
-0.009375517
-0.008718583
-0.008690264
-0.009177872
-0.009616145
-0.008597196
-0.005106394
-0.000507474
0.002874139
0.004620094
0.005709541
0.006635205
0.007389291
0.007800554
0.007439383
0.006297918
0.004849909
0.003070046
0.0006270366
-0.002307999
-0.005029234
-0.006168121
-0.005372151
-0.003835259
-0.002672129
-0.00231636
-0.002863745
-0.003688425
-0.003407584
-0.001564781
0.0008842515
0.003013409
0.004777542
0.006585278
0.008630243
0.01077814
0.01263895
0.01296881
0.0111811
0.008397338
0.006090332
0.0060324
0.008900617
0.01311879
0.01694931
0.01940381
0.01976317
0.01868596
0.01748256
0.01670086
0.01600836
0.01487421
0.01325159
0.01151673
0.009937047
0.008470586
0.00709799
0.006731
0.008124414
0.01054357
0.0128654
0.01474689
0.01594569
0.0156677
0.01408477
0.0122057
0.01064507
0.00928287
0.008074589
0.007957834
0.009309504
0.0112881
0.01289231
0.01319696
0.01208423
0.01046293
0.009188317
0.008661866
0.008698253
0.00880539
0.008745536
0.008663661
0.008834666
0.0092746
0.009772722
0.01012048
0.01019413
0.01008337
0.009966759
0.00991244
0.009777736
0.009238582
0.008276003
0.00716432
0.005618149
0.002869321
-0.0009064853
-0.004701987
-0.007152055
-0.007907685
-0.008019062
-0.008460514
-0.009483036
-0.01114512
-0.01322449
-0.01532352
-0.01662215
-0.01620525
-0.01462602
-0.01371745
-0.01448058
-0.01609707
-0.01732689
-0.01715202
-0.0154256
-0.01311476
-0.01109248
-0.009970628
-0.01045488
-0.01216069
-0.01401248
-0.01504018
-0.01477006
-0.01376334
-0.01282999
-0.01230611
-0.01245079
-0.01325562
-0.01430249
-0.01518992
-0.0154443
-0.01486431
-0.01388525
-0.01299582
-0.01227133
-0.01141908
-0.01016065
-0.008613102
-0.007066639
-0.005637913
-0.004249489
-0.002819051
-0.001646561
-0.001463175
-0.002249866
-0.003278869
-0.00406058
-0.004667193
-0.005334438
-0.006082018
-0.006797375
-0.00743479
-0.007940569
-0.007636463
-0.005997528
-0.003602524
-0.001291321
0.0006955573
0.002246111
0.002878358
0.00268982
0.002305114
0.002113232
0.002045083
0.00190347
0.001648458
0.001375138
0.001297878
0.001809231
0.00289902
0.004145997
0.005256146
0.006263287
0.007313443
0.008453973
0.009658693
0.01089255
0.01212875
0.01334654
0.01441936
0.01522644
0.01586618
0.01651064
0.01721937
0.01798714
0.01884621
0.01978596
0.02070036
0.02088617
0.01955205
0.01717207
0.0149196
0.01408355
0.01489175
0.01627827
0.01720037
0.01690532
0.01539433
0.01348888
0.01183224
0.01058257
0.009672396
0.008880213
0.008045707
0.007172101
0.006350591
0.005833225
0.005806511
0.006063101
0.00629336
0.006295806
0.005664295
0.004287955
0.0026084
0.0010404
-0.000376002
-0.001426909
-0.00112639
0.0006696118
0.00296805
0.004965234
0.006673568
0.008214045
0.008665017
0.007488164
0.005506647
0.003705307
0.002267618
0.0008443829
-0.0007718208
-0.002021845
-0.001871119
-0.0004652298
0.001169644
0.002433303
0.00331298
0.003529237
0.003002437
0.002166087
0.001422707
0.0008095596
0.0001745605
-0.0005539598
-0.001321587
-0.002060006
-0.002762884
-0.003462839
-0.004179839
-0.004906977
-0.005625128
-0.006241907
-0.006631988
-0.006849947
-0.007050358
-0.007305818
-0.007583772
-0.007760051
-0.007390215
-0.006257865
-0.004763936
-0.003439551
-0.002694457
-0.002488531
-0.002412763
-0.002200688
-0.001898245
-0.001647846
-0.001575193
-0.00182953
-0.002345691
-0.00290719
-0.003397562
-0.003851942
-0.004331788
-0.004838828
-0.005342351
-0.005827657
-0.006304364
-0.006785528
-0.007269948
-0.007574962
-0.007199722
-0.006104566
-0.004789663
-0.003634454
-0.002644528
-0.00213673
-0.00278162
-0.004371701
-0.006111057
-0.007504878
-0.008012527
-0.007244304
-0.005744674
-0.004290089
-0.003101849
-0.001982814
-0.0008366678
0.000281447
0.001317412
0.001685736
3.294822e-05
-0.003537169
-0.007572838
-0.01112239
-0.01397648
-0.01456035
-0.01186583
-0.007484758
-0.003942036
-0.003658788
-0.006410305
-0.009345954
-0.009859541
-0.008322035
-0.006704147
-0.005942327
-0.005541427
-0.004816349
-0.003717979
-0.002739089
-0.002608045
-0.00336547
-0.004366491
-0.005129124
-0.005369868
-0.004712378
-0.003361945
-0.001902391
-0.0007168392
-2.134416e-05
0.0002819861
0.0005085406
0.0008321344
0.001188583
0.001259982
0.0007697646
-8.997931e-05
-0.001223389
-0.003011415
-0.005440295
-0.007651163
-0.008402747
-0.007779179
-0.006889787
-0.006409862
-0.006174711
-0.005800936
-0.005234862
-0.004703527
-0.004335937
-0.004053716
-0.003739633
-0.003370637
-0.002993256
-0.002640806
-0.002281025
-0.001823909
-0.001256997
-0.000656549
-8.079388e-05
0.0006739032
0.002365042
0.005167845
0.008375564
0.01136243
0.01372392
0.01463512
0.01412285
0.01331512
0.01339787
0.01441954
0.01558591
0.01610089
0.01553098
0.01429715
0.01309583
0.01231211
0.012112
0.01226829
0.01198921
0.01033672
0.007571509
0.004677588
0.00227568
0.001102025
0.001523735
0.002632694
0.002870237
0.001710676
1.733938e-05
-0.001284162
-0.001518305
-0.0004756803
0.001154884
0.002199369
0.001525067
-0.0005411612
-0.002782515
-0.004573067
-0.005751746
-0.005576368
-0.003999379
-0.002379967
-0.002432976
-0.004086287
-0.005992671
-0.007088834
-0.006612717
-0.004817188
-0.002835359
-0.001979215
-0.002617852
-0.003842197
-0.004601611
-0.004348826
-0.003417789
-0.002430324
-0.001571545
-0.0006920849
0.0003289147
0.001453391
0.002577235
0.003579385
0.003929813
0.003259232
0.002029441
0.0008735435
-8.234487e-05
-0.001132246
-0.002435075
-0.003631285
-0.003907864
-0.003184706
-0.002341243
-0.002657854
-0.004374064
-0.006534475
-0.007844979
-0.006901182
-0.004312605
-0.00293964
-0.004026177
-0.006133951
-0.007674518
-0.008508028
-0.008907963
-0.008448087
-0.007099817
-0.005555431
-0.004881697
-0.005407341
-0.006405383
-0.007171418
-0.007594395
-0.007313802
-0.006032207
-0.005493539
-0.00725826
-0.009292224
-0.008961777
-0.006662477
-0.004334165
-0.002857263
-0.001729268
-0.0005054853
6.430606e-05
-0.0005362233
-0.001747052
-0.002831094
-0.003581
-0.004030859
-0.004276852
-0.004465209
-0.004675748
-0.004896218
-0.005112111
-0.00557308
-0.006599436
-0.008032271
-0.009486257
-0.01079865
-0.0120467
-0.01298224
-0.01293915
-0.01199711
-0.01086516
-0.01000366
-0.009336316
-0.008625783
-0.008116667
-0.008381103
-0.009330476
-0.01039921
-0.01126273
-0.0118006
-0.01143238
-0.01001561
-0.00819423
-0.006545278
-0.005103467
-0.003829167
-0.003068672
-0.00287763
-0.002884227
-0.002784569
-0.002579108
-0.002404414
-0.002486253
-0.003173337
-0.004378328
-0.005375337
-0.005218544
-0.004012073
-0.002623798
-0.001558969
-0.0006867504
4.280115e-06
4.050073e-05
-0.0006050198
-0.001451227
-0.002146202
-0.002716791
-0.003184502
-0.002962534
-0.001740724
-7.410728e-05
0.001126987
0.001470951
0.00141328
0.001501734
0.001814597
0.002130472
0.002315669
0.002428846
0.002571448
0.002752539
0.002919646
0.003050396
0.003165826
0.003290129
0.00342567
0.003507735
0.003131857
0.002042608
0.001109986
0.0015913
0.003302863
0.005151251
0.006267608
0.006037307
0.004758266
0.003310587
0.002232715
0.002136582
0.003475089
0.005642151
0.007698208
0.008925241
0.009243022
0.009249034
0.009435282
0.009794879
0.01009902
0.01021695
0.01019264
0.01015446
0.01016644
0.01020176
0.01024458
0.01049019
0.01110545
0.011939
0.01263354
0.01259445
0.01169546
0.01047951
0.009424613
0.008560047
0.007715288
0.006799285
0.005847826
0.004921716
0.004028091
0.003137371
0.002231003
0.001437884
0.001470414
0.002713988
0.00454432
0.005904142
0.005921087
0.004906296
0.00380303
0.003051505
0.002441156
0.001702015
0.001042718
0.00082888
0.0009816413
0.001170097
0.001230464
0.001231793
0.001280516
0.001387009
0.001498243
0.001588246
0.001731121
0.002008712
0.002378802
0.002748801
0.003083288
0.003377483
0.003250985
0.002215452
0.0005398973
-0.0008824946
-0.001010756
7.240339e-05
0.001402499
0.00238402
0.003153059
0.004042526
0.005055952
0.005757223
0.0059225
0.005831919
0.005821392
0.005945415
0.006075544
0.006130455
0.006111939
0.005970235
0.005694305
0.005364811
0.00505384
0.004766409
0.004474269
0.004170051
0.004066067
0.00463465
0.005846793
0.007214166
0.008415466
0.009340701
0.009442614
0.008491522
0.007068163
0.005778615
0.004703775
0.003658623
0.002669664
0.001841234
0.001133683
0.0004377118
-0.0002961121
-0.001000161
-0.001385412
-0.001309789
-0.001015059
-0.0007790071
-0.0006472333
-0.0005167961
-0.0003242413
-9.746571e-05
0.0001127631
0.0002903656
0.0004545299
0.0006264374
0.0008080499
0.0009898412
0.001166315
0.001339894
0.001514733
0.001691721
0.00186913
0.002033337
0.002069557
0.001870772
0.001524928
0.001184528
0.0008968562
0.0005620903
5.591116e-05
-0.0005841522
-0.001233752
-0.001834361
-0.002368358
-0.002708711
-0.002820252
-0.002841567
-0.002899682
-0.002998738
-0.002937709
-0.002352765
-0.001283969
-0.0001258814
0.000496426
-8.449264e-05
-0.001586852
-0.003190205
-0.004502699
-0.005693259
-0.006884196
-0.007533627
-0.007298123
-0.00660911
-0.006014959
-0.005628192
-0.005257262
-0.004770753
-0.00421389
-0.003681422
-0.003184647
-0.002655355
-0.002063583
-0.001445026
-0.0008393377
-0.0002511933
0.0002482223
0.0003482896
-2.790483e-05
-0.0005571086
-0.0005464691
0.0006424308
0.002655654
0.004658579
0.005780547
0.0055637
0.004615228
0.003787639
0.003517722
0.003752256
0.004110821
0.004345786
0.004499717
0.004703352
0.004985695
0.005285159
0.005547916
0.005666172
0.005458097
0.004980329
0.004457125
0.004011355
0.003656023
0.003462044
0.003432088
0.003460077
0.003461626
0.003436456
0.003418166
0.003327517
0.002891986
0.002075955
0.00113796
0.0002823981
-0.0004994286
-0.001323278
-0.002261757
-0.003270124
-0.004266588
-0.005158507
-0.005816249
-0.006273677
-0.006691384
-0.007161386
-0.00750022
-0.007073275
-0.005740217
-0.004085908
-0.002779094
-0.002289756
-0.002432952
-0.002651873
-0.002674166
-0.00270285
-0.003237125
-0.004361463
-0.005670897
-0.006743086
-0.007050885
-0.006456549
-0.0054926
-0.00466495
-0.004016119
-0.003367135
-0.002674584
-0.002004256
-0.001389299
-0.0008021368
-0.0002065185
0.0004048947
0.001016715
0.00150073
0.001526529
0.001073111
0.0004754531
-1.524043e-05
-0.0004161424
-0.0008468512
-0.001346495
-0.001866835
-0.00234441
-0.002683295
-0.002855421
-0.002957918
-0.00308533
-0.003246631
-0.003404212
-0.003539071
-0.003663289
-0.003746369
-0.003617819
-0.003230741
-0.002744907
-0.002305764
-0.001920136
-0.001526355
-0.001096495
-0.0006560377
-0.0003382092
-0.0003423592
-0.0006135482
-0.0009258673
-0.001158195
-0.001350156
-0.001573498
-0.00183706
-0.002103579
-0.002346142
-0.002571811
-0.00280002
-0.003037628
-0.003278256
-0.003515343
-0.003748988
-0.003995245
-0.004347962
-0.004873139
-0.005493466
-0.006098604
-0.006528305
-0.006444296
-0.005842991
-0.005090897
-0.004453802
-0.00390918
-0.003374271
-0.003064907
-0.003173147
-0.00352546
-0.003853693
-0.00408176
-0.004292205
-0.004554296
-0.004853796
-0.00514532
-0.005392964
-0.005333131
-0.004647955
-0.003529101
-0.002393679
-0.001409391
-0.0005020425
0.0001810044
0.0003853012
0.000245017
8.114942e-05
0.0001034827
0.0005583097
0.001474779
0.002561237
0.003571363
0.004498821
0.005446121
0.006450157
0.007469446
0.00846439
0.009437632
0.01041186
0.01134143
0.01180587
0.0114956
0.01075083
0.01005995
0.00955051
0.009066912
0.008608991
0.008654773
0.009389558
0.01041345
0.01132326
0.01207197
0.01267469
0.01299877
0.01307709
0.01309521
0.01316787
0.01327559
0.01336182
0.01339926
0.01329548
0.01298388
0.01255889
0.01214733
0.01178089
0.01141914
0.01103167
0.01061498
0.01001737
0.009038079
0.007787923
0.006523273
0.005351237
0.0042342
0.003422637
0.003305821
0.003703091
0.004059276
0.003556779
0.001859561
-0.0003858358
-0.002286091
-0.003400452
-0.004069568
-0.004821711
-0.00578927
-0.006786284
-0.007624131
-0.008087367
-0.008137361
-0.0080257
-0.007978998
-0.008010811
-0.008028178
-0.007989167
-0.007927086
-0.007882661
-0.007859425
-0.007837753
-0.007813686
-0.007899937
-0.008234596
-0.008745211
-0.009263184
-0.009718981
-0.01012028
-0.01020307
-0.0096728
-0.008740156
-0.007811825
-0.007216802
-0.00726465
-0.007818013
-0.008450833
-0.008942902
-0.009369486
-0.009858935
-0.01042168
-0.0108933
-0.01080737
-0.0100172
-0.008954343
-0.008250517
-0.008273221
-0.008728533
-0.009136945
-0.009359391
-0.009548958
-0.00983592
-0.01019472
-0.01053982
-0.01083973
-0.01103784
-0.0108535
-0.01021662
-0.009408842
-0.00868205
-0.008121147
-0.00794746
-0.008238201
-0.00873043
-0.009163458
-0.009507238
-0.009860193
-0.01027343
-0.01071138
-0.01095343
-0.01050105
-0.009334458
-0.007960389
-0.006750279
-0.005672738
-0.00454797
-0.003319795
-0.002094707
-0.001183891
-0.0007600294
-0.0005856203
-0.0003597283
-2.002924e-05
0.0003278048
0.0006110253
0.0008547913
0.001112162
0.001388799
0.001585277
0.001609902
0.00152439
0.001443538
0.001405791
0.001272961
0.0006290044
-0.0006094843
-0.002056551
-0.003292581
-0.003642929
-0.00276504
-0.001273448
9.799456e-05
0.001206293
0.002238078
0.002850973
0.002606717
0.001796999
0.000987232
0.000383191
-0.0001151976
-0.0003839963
-0.0002571977
0.0001142982
0.0004804678
0.0007595018
0.00101978
0.001325056
0.001665179
0.001999539
0.002312585
0.002617741
0.002930036
0.003250071
0.003570294
0.003886589
0.0042008
0.004516047
0.004832902
0.005150011
0.005464239
0.005689286
0.005628839
0.005295892
0.004896745
0.004566906
0.004284504
0.003979531
0.003667345
0.00349723
0.003521392
0.003623558
0.003690064
0.003712673
0.003739118
0.003793185
0.003859854
0.003916709
0.003917919
0.003793427
0.003566549
0.003323566
0.003110314
0.002911809
0.002701215
0.002475457
0.002247442
0.001998756
0.001664893
0.001243904
0.0007989986
0.0003750935
-3.264378e-05
-0.0004465145
-0.0008730441
-0.001300141
-0.001698389
-0.002053108
-0.002386319
-0.002724723
-0.003073277
-0.003422297
-0.003765425
-0.004105126
-0.004446135
-0.004766634
-0.004745156
-0.003997993
-0.002744514
-0.001472338
-0.000378501
0.0006572841
0.001775202
0.002944595
0.00372465
0.003645113
0.002975468
0.002296562
0.001834734
0.001440278
0.0009458505
0.0003594544
-0.0002219985
-0.000751807
-0.001226393
-0.001613112
-0.001921504
-0.002208357
-0.002511044
-0.002825028
-0.003132633
-0.003429812
-0.003724445
-0.003950713
-0.003789445
-0.003116204
-0.002220965
-0.001401886
-0.0006928567
2.291017e-05
0.0008193314
0.001763225
0.002897753
0.004129949
0.005187893
0.005749374
0.005911884
0.006026272
0.006268599
0.006568814
0.006816504
0.007002438
0.007183713
0.007400877
0.007740236
0.008322422
0.009086077
0.009868855
0.01059454
0.01117196
0.01119402
0.01055929
0.009675873
0.00890854
0.008272658
0.007645809
0.007401239
0.008121115
0.009566544
0.01097739
0.01178954
0.01212869
0.01245611
0.01297585
0.01337501
0.01279654
0.01107593
0.00896691
0.007147091
0.006036132
0.005744121
0.005831442
0.005838136
0.005692982
0.005560478
0.005533846
0.005559893
0.005557923
0.005495314
0.0053014
0.004943786
0.004509389
0.004092469
0.003708132
0.003322632
0.002916145
0.002498808
0.002086866
0.001683488
0.00128991
0.0009309373
0.000614326
0.0003146888
8.206203e-06
-0.0003068264
-0.0006207435
-0.0009289054
-0.001234599
-0.00154172
-0.001803795
-0.001847784
-0.001633677
-0.001325121
-0.001065599
-0.0008587061
-0.0006536
-0.0005832361
-0.0008608099
-0.001402877
-0.0019678
-0.002444482
-0.002885558
-0.003363857
-0.003882341
-0.004402014
-0.004897993
-0.005300076
-0.005477835
-0.005466063
-0.005420376
-0.005427745
-0.005463626
-0.005478745
-0.005466035
-0.005449716
-0.005450958
-0.005478745
-0.005523353
-0.005568218
-0.005607253
-0.005644757
-0.005685322
-0.005728467
-0.005771246
-0.005782305
-0.005630107
-0.005265559
-0.004810054
-0.004386591
-0.004008399
-0.003626889
-0.003216432
-0.002792225
-0.002401943
-0.002195546
-0.002243252
-0.002410183
-0.002545252
-0.002624595
-0.002704135
-0.002799347
-0.002814545
-0.002692729
-0.002501719
-0.002327362
-0.002186405
-0.002047909
-0.001891028
-0.00172302
-0.001558967
-0.001402766
-0.001249163
-0.001095498
-0.0009426884
-0.0007872257
-0.0006208676
-0.0004589402
-0.000359448
-0.0003055448
-0.0002132017
-4.929743e-05
0.0002089857
0.0005621834
0.0009558338
0.001340069
0.001709137
0.002080899
0.002464051
0.002852177
0.003240265
0.003636797
0.004046439
0.004462305
0.004876449
0.005287604
0.005698698
0.006111546
0.006525371
0.006936977
0.00724759
0.007181395
0.006716169
0.006128627
0.00562914
0.005205176
0.004757308
0.004252144
0.003729293
0.003225767
0.002710011
0.002116341
0.001451819
0.0007754274
0.0001211064
-0.0005207739
-0.001170076
-0.001815211
-0.002237154
-0.002178348
-0.001784244
-0.001378638
-0.001092024
-0.0008440588
-0.0005414413
-0.0001873544
0.0001477398
0.0002027512
-0.0002885862
-0.001143792
-0.002001856
-0.002727674
-0.003415856
-0.004143176
-0.004763337
-0.005140414
-0.005368328
-0.005609265
-0.005913239
-0.006231086
-0.006518568
-0.006780512
-0.00699951
-0.007103367
-0.007100857
-0.007073473
-0.007072886
-0.007089694
-0.007097098
-0.007089286
-0.007078388
-0.007073936
-0.007080209
-0.00719095
-0.007550454
-0.008104653
-0.008682131
-0.009198723
-0.009677372
-0.009981678
-0.009837719
-0.009324185
-0.008753967
-0.008292887
-0.007886187
-0.007436233
-0.006931598
-0.006423342
-0.006025166
-0.005914445
-0.006057541
-0.006252444
-0.006378549
-0.006454711
-0.006390101
-0.005966015
-0.00523957
-0.004461545
-0.003769466
-0.003122763
-0.002507329
-0.002146915
-0.002133275
-0.002268548
-0.002350208
-0.002356433
-0.002364843
-0.002326407
-0.002008097
-0.001387601
-0.0006781627
-3.961453e-05
0.000540152
0.001137002
0.001721274
0.002136845
0.00236219
0.002529956
0.002742728
0.002994181
0.003234965
0.003447827
0.00365188
0.00389727
0.004320315
0.004962646
0.005694154
0.006390118
0.007040595
0.007696342
0.008380469
0.008971416
0.009152819
0.008898172
0.008512018
0.00822498
0.008021737
0.007792032
0.007499039
0.007201626
0.007082941
0.007273544
0.007643369
0.007994764
0.008271944
0.008536695
0.008840537
0.009177866
0.009544821
0.009946096
0.01036706
0.01078845
0.01120441
0.0116199
0.01203816
0.01241265
0.01261338
0.01262921
0.01258832
0.01258848
0.01262389
0.01264833
0.01264298
0.01260786
0.01255109
0.01248828
0.01242862
0.01237094
0.01231113
0.01224655
0.01206116
0.01142453
0.01030915
0.009046498
0.007889128
0.006822381
0.005747155
0.004901523
0.00466541
0.004894401
0.005163753
0.005277425
0.005327729
0.005443295
0.005619823
0.005619028
0.005152555
0.004332279
0.003482822
0.002753901
0.002075034
0.001417197
0.0009735427
0.0008132713
0.0007684018
0.0006757687
0.0005223914
0.0003747264
0.0002655126
0.0001663916
3.531087e-05
-0.0001367856
-0.0003694428
-0.0006716303
-0.001006796
-0.001336051
-0.001652673
-0.001969825
-0.002292201
-0.002571703
-0.002749241
-0.00285375
-0.002955031
-0.00308226
-0.003218595
-0.003353927
-0.003526588
-0.003756671
-0.004013704
-0.004262845
-0.004498714
-0.004734361
-0.004977407
-0.005154247
-0.004950915
-0.004249537
-0.003347953
-0.002761459
-0.002853927
-0.003383993
-0.003896707
-0.00423602
-0.004533159
-0.004916188
-0.00537005
-0.005815666
-0.006219896
-0.0066073
-0.007007774
-0.0074236
-0.0078404
-0.008227498
-0.008380853
-0.008111982
-0.007580221
-0.00705861
-0.006637039
-0.006244963
-0.005907559
-0.005752806
-0.005759346
-0.00579573
-0.005786677
-0.005751959
-0.005733571
-0.005702909
-0.005437646
-0.004813192
-0.004009823
-0.003247493
-0.002568039
-0.001907082
-0.001317996
-0.0008970171
-0.0005960426
-0.0003014269
3.411542e-05
0.0003838613
0.000715366
0.001029274
0.001343943
0.001668394
0.001997495
0.002318116
0.002549137
0.002598112
0.002522178
0.002442695
0.002407438
0.00238591
0.00234276
0.002231985
0.001939672
0.001464385
0.000934545
0.0004443642
-1.324199e-05
-0.0004751109
-0.0008223254
-0.0008409708
-0.0005885265
-0.0002974404
-8.963263e-05
7.729291e-05
0.0002764568
0.0005020392
0.0006775151
0.0007761337
0.000845031
0.0009436067
0.001196047
0.001695921
0.002340271
0.002940264
0.003137877
0.002686682
0.001864583
0.001078604
0.0004408735
-0.0001734111
-0.0008200792
-0.001387779
-0.001825179
-0.002205001
-0.002606639
-0.003039823
-0.003473173
-0.003888662
-0.004294819
-0.004705621
-0.005123738
-0.005541343
-0.005937727
-0.006298363
-0.006638425
-0.006980685
-0.007331403
-0.007683454
-0.008031021
-0.008378763
-0.008762099
-0.009211875
-0.009702746
-0.01019146
-0.01066408
-0.01113315
-0.01161032
-0.0120922
-0.01247945
-0.01251061
-0.01216692
-0.01170994
-0.01133674
-0.01103427
-0.0107088
-0.01032936
-0.009933548
-0.009557647
-0.009200583
-0.008842731
-0.008474654
-0.008110809
-0.007798345
-0.007553217
-0.007335831
-0.007107012
-0.006863493
-0.006621326
-0.006388558
-0.00616012
-0.005928967
-0.005694181
-0.005458965
-0.005225389
-0.004990462
-0.004710828
-0.004324274
-0.003854939
-0.003376521
-0.002924501
-0.002483812
-0.002031975
-0.00156766
-0.00110272
-0.0006440101
-0.000188817
0.0002678461
0.0007261284
0.001147675
0.001448128
0.001633058
0.001790235
0.001977107
0.002184149
0.002381436
0.002561711
0.0027382
0.002921735
0.003110576
0.003291404
0.003445793
0.003576866
0.003703674
0.003837291
0.003974793
0.004109851
0.004241319
0.004372205
0.004504662
0.004638223
0.004768226
0.004863454
0.00489554
0.004888403
0.004882886
0.004892401
0.004905252
0.0049105
0.00490826
0.004880283
0.004792276
0.004656139
0.004513157
0.004384521
0.004262633
0.004134834
0.00399993
0.003869242
0.003813635
0.003911645
0.00411459
0.004319993
0.004487839
0.004640716
0.004721615
0.004570384
0.004204115
0.003790518
0.003434114
0.003113981
0.002774244
0.002402984
0.002030475
0.001744847
0.001624696
0.001611054
0.001595203
0.001539044
0.001472615
0.001425977
0.001395872
0.001365488
0.00136554
0.001472677
0.001678601
0.001905288
0.00210479
0.002287478
0.002479446
0.002686075
0.002895471
0.003098562
0.003296965
0.003496294
0.003698504
0.003901016
0.004075371
0.004161307
0.004163751
0.004146414
0.004150566
0.004169133
0.004180384
0.004160039
0.004047811
0.003835635
0.003589117
0.003361915
0.003153643
0.002940473
0.002713291
0.002482863
0.002323508
0.002382607
0.002645609
0.002955578
0.003212339
0.00343424
0.003656844
0.003730052
0.003478078
0.003005596
0.002530779
0.002136778
0.001767004
0.001359658
0.0009198234
0.0005591803
0.000506366
0.0007681986
0.001118339
0.001393655
0.001610235
0.001848522
0.002116915
0.002264508
0.002175223
0.00194793
0.001737223
0.001586319
0.001446039
0.001275385
0.001082581
0.0008943387
0.0007200413
0.0005504761
0.0003759957
0.0001974798
4.282562e-05
-4.324399e-05
-7.113745e-05
-8.95361e-05
-0.0001252807
-0.0001701178
-0.0002084153
-0.0002379804
-0.0002843991
-0.000455234
-0.0008049773
-0.001240834
-0.001655118
-0.002029352
-0.002402889
-0.002800273
-0.003210927
-0.003615904
-0.004011016
-0.004404007
-0.004773121
-0.004958342
-0.004869182
-0.004643186
-0.004447319
-0.004313592
-0.004182716
-0.004015732
-0.003827702
-0.003647838
-0.003483222
-0.003322095
-0.00315203
-0.002958451
-0.002738392
-0.002507876
-0.002281548
-0.002060355
-0.001838336
-0.001612668
-0.001385502
-0.001159487
-0.0009348432
-0.0007103053
-0.0004851235
-0.0002595691
-3.421071e-05
0.0001857944
0.0003822801
0.0005512773
0.0007102948
0.0008748063
0.001060014
0.001301055
0.001598534
0.00191304
0.002215484
0.002507932
0.002802976
0.003045687
0.003064166
0.002839498
0.002538369
0.002290375
0.002089355
0.001874671
0.00162505
0.00136417
0.001115863
0.0008799059
0.000643622
0.0004029448
0.0001990691
9.257199e-05
6.297213e-05
4.216833e-05
-3.351183e-06
-5.987323e-05
-0.0001063271
-0.0001410648
-0.0001749774
-0.0001893034
-3.764193e-05
0.0003633036
0.0008887921
0.001386886
0.001828352
0.002266994
0.002694925
0.002851421
0.002575005
0.002075085
0.001619815
0.00126561
0.0009192642
0.0005161423
7.832795e-05
-0.0003223202
-0.0005820501
-0.0006983964
-0.0007743137
-0.0008843804
-0.001021419
-0.001148548
-0.001254454
-0.001354358
-0.001462471
-0.001584168
-0.001725707
-0.001882629
-0.002042512
-0.002198675
-0.002353002
-0.002509103
-0.002667336
-0.002825769
-0.00298275
-0.00311352
-0.003148361
-0.003081691
-0.002983845
-0.002908339
-0.002852002
-0.002789593
-0.002712644
-0.002631228
-0.00255518
-0.002484222
-0.002413076
-0.002344733
-0.002321488
-0.002375094
-0.002472213
-0.002564119
-0.002637887
-0.002708943
-0.002789721
-0.002877282
-0.002962196
-0.00298666
-0.0027991
-0.002389854
-0.00191361
-0.00148655
-0.001100971
-0.000701695
-0.0002705971
0.0001700863
0.0005935345
0.000907683
0.0009875456
0.0008907928
0.0007759976
0.0007172442
0.0006812775
0.0006207951
0.000533852
0.0004459956
0.0003715733
0.0003105625
0.0002970563
0.0003613534
0.0004710266
0.0005771493
0.0006656117
0.0007511502
0.0008461352
0.0009478969
0.001048166
0.00114409
0.001238574
0.00133415
0.001414071
0.001438648
0.001409589
0.001367284
0.001338629
0.001319486
0.001295963
0.00126454
0.001231267
0.001201185
0.001173694
0.001145842
0.001116451
0.001081628
0.001006835
0.0008662246
0.0006886172
0.0005153859
0.0003574208
0.0002015734
3.744069e-05
-0.0001323761
-0.000300783
-0.0004654883
-0.0006290712
-0.0007940082
-0.0009602597
-0.001126464
-0.001291958
-0.001457536
-0.001630385
-0.001820407
-0.002023618
-0.002228221
-0.002428608
-0.002627211
-0.002827623
-0.003030038
-0.003232554
-0.003434086
-0.003635082
-0.003836325
-0.00403802
-0.004238292
-0.004416109
-0.004546701
-0.00464445
-0.004741067
-0.004849294
-0.004961282
-0.005067931
-0.005169542
-0.005271377
-0.005375994
-0.005481726
-0.005556576
-0.005491314
-0.005262171
-0.004973785
-0.004716757
-0.004492909
-0.004262656
-0.004009264
-0.003746988
-0.003492313
-0.003246221
-0.003000542
-0.002750066
-0.002476754
-0.002138499
-0.001738925
-0.001324344
-0.0009250895
-0.0005363081
-0.000142377
0.0002604826
0.0006652732
0.00106637
0.001464556
0.001863174
0.002262739
0.002631172
0.002896759
0.003064034
0.003207518
0.003376149
0.003561976
0.003739558
0.003902676
0.004062521
0.004228316
0.00439885
0.004568651
0.004735618
0.004901485
0.005068281
0.005236108
0.005402451
0.005545811
0.00564137
0.005703892
0.005765379
0.005838562
0.005915438
0.005986863
0.006053224
0.006119833
0.006189201
0.006259836
0.006329678
0.006398426
0.006467034
0.006536122
0.006605523
0.006673622
0.006710273
0.00666035
0.006535869
0.006398046
0.006281555
0.006176761
0.00606392
0.005939977
0.005814409
0.005693506
0.005561316
0.00538084
0.005152864
0.004913223
0.004685929
0.00446727
0.004244753
0.004015181
0.003783928
0.003555502
0.003329396
0.003102976
0.002875188
0.00264685
0.002418916
0.002190756
0.001943559
0.001643217
0.001297103
0.0009428542
0.000601754
0.0002678166
-7.108286e-05
-0.000416812
-0.0007635075
-0.001107118
-0.001448649
-0.001787911
-0.002054356
-0.002115688
-0.001999225
-0.001850458
-0.001752499
-0.001682681
-0.001593917
-0.001478677
-0.001359582
-0.001252456
-0.00115348
-0.001052405
-0.0009460338
-0.0008380848
-0.0007321117
-0.0006279707
-0.0005237404
-0.0004185239
-0.0003136148
-0.0002202984
-0.0001512867
-9.899029e-05
-4.71471e-05
1.066473e-05
7.033379e-05
0.0001272087
0.0001815062
0.0002359367
0.0002917671
0.0003482413
0.0004042966
0.0004597959
0.0005129421
0.0005323684
0.0004800851
0.0003776251
0.0002731745
0.0001863205
0.0001052419
1.605996e-05
-8.079252e-05
-0.0001759233
-0.0002547193
-0.0003115752
-0.0003584814
-0.0004084326
-0.0004632466
-0.0005179499
-0.0005696505
-0.0006288696
-0.0007647436
-0.001026286
-0.001357464
-0.001679357
-0.001971926
-0.002260752
-0.002565571
-0.00288116
-0.003193903
-0.003499533
-0.003802853
-0.00406897
-0.00412327
-0.003897086
-0.003548946
-0.0032424
-0.002996218
-0.00274644
-0.002458549
-0.002152059
-0.001856074
-0.001575239
-0.001296669
-0.001012738
-0.0007494781
-0.0005478534
-0.0003962625
-0.0002509145
-8.958083e-05
7.923648e-05
0.0002417012
0.000388526
0.0004917842
0.0005425791
0.000571424
0.0005326043
0.0005765539
0.0006191975
0.0006546856
0.0006868854
0.0007200303
0.000716301
0.0005857576
0.0003326972
4.954921e-05
-0.0002022464
-0.000432106
-0.0006716267
-0.0009287027
-0.001189487
-0.001440968
-0.001602721
-0.001452395
-0.0009747025
-0.000397683
0.0001064226
0.0005481497
0.001008574
0.001514272
0.001999015
0.002309066
0.002418161
0.002460342
0.002545618
0.002671492
0.002787025
0.002872566
0.002946944
0.00303053
0.003123844
0.003216451
0.003302772
0.003385376
0.003468428
0.003532145
0.00345808
0.003181962
0.002806955
0.00245577
0.002151021
0.00184891
0.001522148
0.001201507
0.000943815
0.0007461399
0.0005603275
0.000357119
0.0001437584
-6.290439e-05
-0.0002592851
-0.0004528051
-0.0006491514
-0.0008472795
-0.001039829
-0.001172433
-0.001183333
-0.001111006
-0.001036567
-0.0009918832
-0.0009566112
-0.0009078542
-0.0008467887
-0.000786733
-0.0007339855
-0.0006847872
-0.000635299
-0.0006383744
-0.0008175066
-0.001164665
-0.001550661
-0.001890634
-0.002198082
-0.002516617
-0.002856818
-0.00319951
-0.003519552
-0.003731875
-0.003765164
-0.003691041
-0.003622748
-0.003595112
-0.003575133
-0.003533622
-0.003475897
-0.003420896
-0.003375615
-0.003333443
-0.003276998
-0.003182259
-0.0030547
-0.002921627
-0.002798662
-0.002681698
-0.002561995
-0.00243816
-0.002314414
-0.002196056
-0.00211492
-0.002107451
-0.002149857
-0.002192968
-0.002217631
-0.002236101
-0.002262153
-0.002294927
-0.00232642
-0.002352971
-0.002376761
-0.002400932
-0.002425868
-0.002450172
-0.002472903
-0.002494318
-0.002515014
-0.002535184
-0.002554571
-0.002572966
-0.002590342
-0.002598266
-0.002559463
-0.002460526
-0.002336533
-0.00222257
-0.002122261
-0.002021898
-0.001914336
-0.001803914
-0.001696757
-0.001593756
-0.001492194
-0.001395341
-0.001350907
-0.001403334
-0.001515356
-0.001623217
-0.001705893
-0.001781244
-0.001866152
-0.00195827
-0.002047036
-0.002128192
-0.002186288
-0.002143305
-0.001970461
-0.001743358
-0.001537991
-0.00136272
-0.001188125
-0.0009987568
-0.0008037922
-0.0006164444
-0.0004386798
-0.000264637
-9.038046e-05
8.301209e-05
0.0002529743
0.0004187063
0.0005801579
0.0007246919
0.0008365404
0.0009250933
0.00101088
0.001102176
0.001194044
0.001280692
0.00136231
0.001442157
0.001521834
0.001600434
0.001676635
0.001748425
0.001808504
0.001854507
0.001893852
0.001933703
0.001974741
0.002014135
0.002050476
0.002084663
0.002117944
0.00215047
0.002181682
0.002211201
0.002239097
0.002257978
0.002240518
0.002181421
0.00210787
0.002042929
0.001986965
0.001930028
0.001868054
0.001804624
0.001743803
0.001685792
0.001628603
0.001571121
0.001513829
0.001456137
0.001378883
0.001259355
0.001111852
0.0009663498
0.0008346659
0.0007094694
0.0005824529
0.0004540166
0.0003378358
0.0002861366
0.0003228561
0.0003998885
0.0004642263
0.0005076053
0.0005493314
0.0006008743
0.0006568638
0.0007082938
0.0007533749
0.0007958381
0.0008384909
0.0008803888
0.000897797
0.0008297129
0.0006751102
0.0004985244
0.0003466675
0.0002158222
8.406963e-05
-5.529564e-05
-0.0001933106
-0.0003217327
-0.00044098
-0.0005554628
-0.0006671475
-0.0007747682
-0.0008766234
-0.0009725305
-0.001063244
-0.001149064
-0.001228862
-0.001301869
-0.001368938
-0.001431261
-0.001489135
-0.001542206
-0.001590227
-0.001633328
-0.001671059
-0.001677257
-0.00159447
-0.001431853
-0.001254892
-0.001104021
-0.0009717096
-0.000837311
-0.0006964432
-0.0005583054
-0.0004299142
-0.0003100813
-0.0001945797
-8.189107e-05
2.664342e-05
0.000127381
0.00020803
0.0002637659
0.0003071626
0.0003512376
0.0003978153
0.0004422085
0.000481815
0.0005180211
0.0005529612
0.0005870238
0.0006193475
0.0006493234
0.0006771258
0.00070345
0.0007332357
0.0007728595
0.000818566
0.0008616773
0.0008984742
0.0009308625
0.0009613053
0.0009898974
0.001015445
0.0010363
0.001038485
0.00100717
0.0009552612
0.0009054632
0.0008658192
0.0008306019
0.0007940072
0.0007565358
0.0007214855
0.0006901969
0.0006616131
0.0006344536
0.000608553
0.0005843873
0.0005622108
0.0005418327
0.0005229688
0.0005054986
0.0004894499
0.0004764549
0.0004732488
0.0004812314
0.0004928937
0.0005016473
0.0005071172
0.000511881
0.0005171104
0.0005219879
0.0005255322
0.0005276872
0.0005289545
0.0005296364
0.0005297282
0.0005298123
0.0005306253
0.0005315513
0.0005315031
0.0005301161
0.000527708
0.0005245989
0.0005208139
0.0005162401
0.0005108587
0.0005047561
0.0004980342
0.0004907382
0.0004828864
0.0004745026
0.0004656319
0.0004563198
0.0004466068
0.0004365228
0.0004261003
0.0004152019
0.0004031816
0.0003899717
0.0003764019
0.0003631507
0.0003502527
0.0003374522
0.0003246496
0.0003119322
0.0002994014
0.0002870625
0.0002748748
0.0002628143
0.0002508944
0.0002391305
0.0002275031
0.0002156725
0.0002033342
0.0001908616
0.000178798
0.0001672914
0.0001561837
0.0001453309
0.0001347353
0.0001244503
0.0001144848
0.0001047988
9.535566e-05
8.613913e-05
7.714787e-05
6.83751e-05
5.981345e-05
5.144679e-05
4.32578e-05
3.523284e-05
2.736617e-05
1.965142e-05
1.208328e-05
4.653646e-06
-2.642686e-06
-9.811228e-06
-1.685522e-05
-2.377932e-05
-3.058638e-05
-3.727998e-05
-4.385165e-05
-5.025318e-05
-5.648206e-05
-6.26108e-05
-6.869245e-05
-7.472439e-05
-8.068051e-05
-8.654839e-05
-9.232894e-05
-9.802512e-05
-0.0001036328
-0.0001091457
-0.000114559
-0.0001198708
-0.000125079
-0.000130182
-0.0001351771
-0.0001400627
-0.0001448371
-0.0001495016
-0.0001540575
-0.0001585009
-0.0001628258
-0.0001670307
-0.000171117
-0.0001750866
-0.0001789398
-0.0001826767
-0.0001862975
-0.0001898028
-0.0001931932
-0.000196469
-0.0001996305
-0.0002026782
-0.0002056124
-0.0002084336
-0.0002111421
-0.0002137384
-0.0002162229
-0.0002185961
-0.0002208585
-0.0002230104
-0.0002250524
-0.000226985
-0.0002288088
-0.0002305243
-0.000232132
-0.0002336327
-0.0002350268
-0.000236315
-0.000237498
-0.0002385763
-0.0002395507
