5.757557e-05
5.776148e-05
5.793191e-05
5.811626e-05
5.82554e-05
5.838279e-05
5.857099e-05
5.867207e-05
5.884019e-05
5.898523e-05
5.887045e-05
5.918069e-05
5.941663e-05
5.942867e-05
6.002303e-05
5.951207e-05
5.923734e-05
5.964417e-05
5.892672e-05
5.930253e-05
6.009728e-05
6.002832e-05
6.05582e-05
6.039384e-05
5.885148e-05
5.933374e-05
5.98187e-05
5.852248e-05
6.041079e-05
6.13177e-05
5.994168e-05
6.041418e-05
5.777886e-05
5.744188e-05
5.896777e-05
5.707426e-05
6.099243e-05
6.210562e-05
5.945162e-05
6.085299e-05
5.750712e-05
5.643669e-05
5.881797e-05
5.708833e-05
5.860576e-05
5.931131e-05
5.680684e-05
5.916326e-05
5.878751e-05
5.613715e-05
5.747986e-05
5.681807e-05
5.731007e-05
5.638469e-05
5.636804e-05
5.798038e-05
5.318152e-05
5.58342e-05
5.649146e-05
5.374741e-05
5.952427e-05
5.63652e-05
5.38817e-05
5.601587e-05
5.126736e-05
5.236386e-05
5.549053e-05
5.11047e-05
5.137423e-05
5.369389e-05
5.043367e-05
5.208043e-05
5.069e-05
4.705398e-05
5.159876e-05
4.523112e-05
4.621056e-05
5.557782e-05
4.749517e-05
5.605694e-05
5.310231e-05
4.000672e-05
5.274738e-05
4.250873e-05
4.150475e-05
5.244682e-05
4.320356e-05
4.920877e-05
4.766648e-05
3.770308e-05
4.637442e-05
4.295478e-05
4.323869e-05
4.875877e-05
4.11307e-05
4.669417e-05
4.259818e-05
3.98896e-05
3.987409e-05
3.509356e-05
4.007342e-05
3.361678e-05
4.264608e-05
4.377242e-05
3.52459e-05
4.564377e-05
3.604274e-05
3.414585e-05
4.180465e-05
3.751423e-05
3.630238e-05
3.090511e-05
3.253478e-05
3.646534e-05
3.508963e-05
2.378126e-05
2.661463e-05
3.031002e-05
2.39757e-05
3.861814e-05
3.506842e-05
3.231859e-05
2.558327e-05
2.777542e-05
3.409394e-05
1.540748e-05
3.77138e-05
3.373109e-05
1.773677e-05
3.53056e-05
1.08588e-05
-6.760175e-07
3.402371e-05
1.353267e-05
-6.959087e-07
5.704398e-05
1.705799e-05
1.400461e-05
5.784659e-05
-9.104524e-06
1.931813e-05
3.677741e-05
-1.951539e-06
2.872213e-05
1.936149e-05
9.512769e-06
1.317842e-05
8.574373e-06
1.292919e-05
1.332326e-05
8.236617e-06
1.17168e-05
6.133956e-06
1.009628e-05
1.326469e-05
-8.503126e-06
2.995232e-05
1.085706e-05
8.19491e-06
3.617118e-05
-2.464935e-05
1.854966e-05
1.277494e-05
-1.284966e-05
2.493283e-05
-1.869654e-05
-6.374149e-06
-8.231153e-07
-1.392793e-05
-4.653143e-06
9.518021e-06
1.409208e-05
-9.095407e-07
1.991799e-05
-2.179421e-05
-7.296892e-06
-1.684762e-06
-2.902355e-05
1.273485e-05
-1.663424e-05
1.989326e-05
1.52723e-05
-1.694175e-05
8.226327e-06
-3.580889e-05
-1.499361e-05
-1.402429e-05
-1.395381e-05
2.076914e-06
-1.423439e-05
3.788879e-06
-1.344446e-05
-2.838085e-06
-1.41855e-05
-3.291971e-05
-1.620232e-05
-2.698098e-05
7.90247e-06
-3.917461e-06
-5.309957e-06
3.940894e-06
-2.22036e-05
-1.213193e-05
-2.38369e-05
-1.523118e-05
-4.211529e-05
-2.274333e-05
-3.743619e-05
-4.299408e-05
3.097374e-05
-5.566022e-05
-9.605871e-06
1.095961e-06
-5.483205e-05
2.687065e-05
-2.965852e-05
-1.916039e-05
-2.670212e-05
-6.824213e-05
-6.799805e-06
-1.974573e-05
-1.614813e-05
-2.673324e-05
-2.426887e-05
-3.15427e-05
-3.124227e-05
-1.274016e-05
-7.449948e-05
-2.502397e-05
-4.491874e-05
-2.879468e-05
3.546532e-05
-2.676074e-05
1.282035e-05
-6.20008e-05
-6.693393e-05
-3.078328e-05
-7.906909e-05
3.02508e-06
-4.289006e-05
-3.023129e-05
2.28329e-06
-7.703231e-05
-1.105195e-05
-5.482787e-05
-6.047344e-05
1.192288e-05
-5.276991e-05
1.043536e-05
-4.18315e-05
-5.827037e-05
-5.96502e-06
-6.69752e-05
2.164364e-05
-4.588208e-05
-5.059361e-05
-2.073814e-05
-0.0001062347
3.030206e-06
-5.588699e-05
-4.535687e-05
3.941034e-05
-7.418489e-05
1.498364e-06
-2.722795e-05
-0.0001009708
1.387934e-05
-7.275507e-05
-3.286829e-05
4.776924e-05
-7.825506e-05
3.848358e-06
-4.633716e-05
-0.00011558
3.645094e-06
-7.289365e-05
-1.221007e-05
2.619007e-05
-8.653563e-05
7.910234e-06
-4.702883e-05
-8.385191e-05
1.776143e-05
-9.704984e-05
-5.608871e-05
6.262257e-06
-9.486396e-05
1.180597e-05
-1.873914e-05
-7.113807e-05
1.492772e-05
-8.068738e-05
-3.663258e-05
-1.378086e-05
-6.787907e-05
-2.808309e-06
-4.880382e-05
-4.02543e-05
-2.656044e-05
-6.360563e-05
-1.026319e-07
-3.699603e-05
-5.689404e-05
5.018962e-07
-4.522546e-05
-3.362686e-05
-1.602607e-05
-7.118899e-05
-1.292448e-05
-1.389215e-05
-6.839958e-05
-4.493304e-06
-6.500509e-05
-3.60342e-05
3.23174e-06
-7.202308e-05
7.246953e-06
-2.760417e-05
-4.361308e-05
-8.564501e-06
-6.226677e-05
-3.466003e-05
-5.72903e-05
-5.468592e-05
-1.617191e-05
-4.313021e-05
1.819087e-05
-1.732461e-05
-3.875993e-05
-2.303808e-06
-9.254922e-05
-2.523372e-05
-2.897084e-05
-6.759258e-05
1.728883e-05
-3.780809e-05
-4.705507e-05
-3.567261e-05
-4.803616e-05
-7.636448e-06
-5.535163e-05
-4.782299e-05
3.668699e-06
-2.022801e-05
-2.581691e-05
-1.383061e-05
-1.129569e-05
-4.748837e-05
-1.104736e-05
2.178189e-06
-4.192444e-05
-1.653525e-05
-5.448912e-05
-2.797242e-05
7.210351e-06
-3.774372e-05
-2.840114e-05
-3.715589e-05
-2.401972e-05
-1.043996e-06
-4.403568e-05
-3.884282e-05
-1.730137e-05
-3.999086e-05
-8.562923e-06
-3.900383e-05
-6.789837e-05
-2.920829e-06
-3.653386e-05
-3.678963e-05
-2.291097e-06
-3.569143e-05
2.412484e-06
-7.142364e-06
-5.112205e-05
-1.46129e-05
-1.641396e-05
-4.760977e-05
-4.693759e-05
-2.605099e-05
-1.607074e-05
6.05482e-06
-9.269045e-06
-4.309809e-05
-3.477915e-05
-4.814983e-05
-4.856576e-05
-9.359814e-07
1.13657e-05
-3.408223e-05
-1.146154e-05
-1.343876e-05
-5.729218e-05
-2.76047e-05
-2.094948e-05
-3.387148e-05
8.740659e-06
1.271574e-05
-2.701291e-05
-3.964373e-05
-5.20012e-05
-3.845616e-05
-4.088923e-05
-1.721626e-06
9.941727e-06
1.233563e-05
4.063141e-05
-5.481729e-05
-6.286791e-05
-4.930526e-05
-8.08302e-05
-1.338922e-05
2.038296e-05
-1.026015e-05
1.145618e-05
-2.456085e-05
-4.87165e-05
-2.230902e-07
-5.779986e-05
-2.378601e-06
3.885479e-05
-4.018957e-05
-2.037907e-05
-3.276576e-05
-5.677018e-05
-2.707568e-05
-1.903111e-05
-2.866945e-06
3.683324e-05
1.237965e-06
-3.483254e-05
-3.579145e-05
-4.571743e-05
-3.66492e-05
-2.997249e-07
-2.223343e-05
-4.572703e-05
2.331719e-05
-4.26847e-05
-3.597427e-05
1.674711e-05
-7.415637e-05
-4.89006e-07
3.869734e-06
-4.761528e-05
4.590172e-05
4.428879e-06
-5.592443e-05
2.50572e-06
-5.779488e-05
-4.778395e-05
4.802338e-05
-4.413069e-05
3.328969e-06
2.694899e-05
-5.058437e-05
1.678302e-05
-3.818935e-05
-5.533435e-05
-8.351338e-06
-3.809667e-05
-2.231736e-05
3.330118e-05
-1.470717e-06
-3.560618e-05
1.617723e-05
-4.627885e-05
-2.655415e-05
3.0068e-05
-2.208674e-05
1.531179e-05
-9.372777e-06
-6.331483e-05
-5.953912e-06
-1.281081e-05
-1.347933e-05
5.150718e-06
-3.606944e-05
8.778136e-06
8.520836e-06
-1.897411e-05
-2.745179e-06
-4.510449e-05
-3.056696e-05
-1.442425e-05
-1.012984e-05
1.681905e-05
-8.882315e-07
-2.152525e-05
-1.820474e-05
-4.009729e-05
-5.229892e-05
-2.333103e-06
-7.931727e-06
-2.471414e-05
-4.437155e-06
-3.284497e-05
-1.785707e-05
1.330504e-05
-1.844557e-05
-9.705145e-06
1.469603e-05
-4.133063e-06
-1.374486e-05
-1.853443e-05
-2.465988e-05
-2.066252e-05
-3.985429e-06
4.789816e-06
-1.936275e-05
-7.791242e-06
6.525674e-06
-3.500975e-05
-1.323113e-05
5.808689e-06
-1.227595e-05
2.107352e-05
-1.741054e-06
-2.667712e-05
-4.222763e-07
-2.756961e-05
-3.139448e-05
-1.398604e-05
-7.221486e-06
-5.475988e-08
-1.214447e-05
3.373461e-06
-1.78321e-05
-5.405519e-05
-2.816353e-05
-1.043607e-05
-2.144744e-06
1.38726e-05
-1.14699e-05
-3.039553e-05
-2.315147e-05
-3.527742e-05
-1.153676e-05
-1.273881e-06
-2.545041e-06
1.666713e-05
-5.680008e-06
6.187535e-06
1.494756e-05
-2.905988e-05
-2.035241e-05
-1.551021e-05
-4.521853e-05
-1.841521e-05
-1.327076e-05
-2.263679e-05
1.290314e-05
-4.589011e-07
-7.870574e-06
1.963948e-05
-6.990072e-06
-4.63587e-05
-3.59698e-06
6.829377e-06
-3.445179e-05
1.935166e-05
2.045482e-05
-2.526241e-05
1.919887e-05
-5.786604e-06
-4.15916e-05
5.736022e-06
-2.672027e-05
-3.992915e-05
1.869089e-06
-2.453706e-05
-7.515198e-06
2.56482e-05
-3.502014e-05
-3.872142e-05
1.301594e-05
-2.650087e-05
-9.26743e-06
2.197797e-05
-3.607952e-05
-1.88608e-06
8.38483e-06
-4.048574e-05
5.257894e-06
1.57162e-05
-1.409609e-05
1.235099e-05
-1.778041e-05
-4.575854e-05
-1.022146e-05
-3.38256e-05
-3.268985e-05
5.043703e-06
-2.333615e-05
-1.368664e-05
1.186003e-06
-2.727598e-05
-1.630455e-05
-1.320919e-05
-2.328226e-05
-2.131921e-05
-7.115667e-06
-1.332308e-05
2.31755e-05
2.516908e-05
-1.629078e-05
-9.317256e-06
-5.312037e-05
-2.247009e-05
-2.034063e-05
-3.486895e-05
2.240918e-05
-1.568506e-05
-1.1117e-05
1.451316e-05
-7.183538e-06
1.082586e-06
-6.623877e-06
-1.350296e-05
-2.059928e-05
-4.892495e-05
-1.309677e-05
-7.089147e-06
-3.454462e-05
-1.776938e-05
-4.517433e-05
-3.315559e-05
4.994735e-06
-3.742104e-05
-1.025058e-05
6.235947e-05
2.021849e-06
-1.728002e-06
2.070479e-05
-3.326102e-05
-2.845216e-05
-2.874455e-05
-1.336843e-05
-2.107601e-06
-4.622114e-06
1.598936e-05
2.211575e-06
-8.934954e-06
-1.883947e-05
-5.674107e-05
-3.565287e-05
-3.146475e-05
-4.367662e-05
2.202979e-05
1.386498e-05
1.412035e-05
8.217729e-06
-4.699886e-05
-5.444136e-05
-8.014183e-05
-2.986664e-05
2.447069e-05
6.612005e-06
4.602151e-05
3.408881e-05
-2.530973e-05
-3.488469e-05
-6.216122e-05
-5.584466e-05
-1.798837e-05
2.321522e-05
3.760042e-05
-8.360394e-06
-2.325671e-05
-2.847019e-05
-3.400489e-05
1.106442e-06
-1.55869e-05
-1.90545e-05
2.840886e-05
-4.627305e-05
-3.47444e-05
5.070312e-06
-7.111057e-05
2.314105e-05
2.302479e-05
-4.845071e-05
1.733769e-05
-2.037371e-05
-3.612144e-05
-2.84643e-05
-5.123896e-05
-2.724732e-07
7.242947e-06
6.729595e-06
1.453249e-05
-1.950266e-05
-3.659218e-05
-2.451724e-05
-2.796167e-05
-4.243805e-05
5.351962e-07
-1.699089e-05
2.24951e-06
3.926559e-05
-3.785246e-05
-1.100209e-05
-1.748932e-05
-4.460304e-05
5.571694e-06
-3.148554e-05
-1.76943e-05
-1.306402e-05
-3.963438e-05
1.27968e-05
-1.799809e-05
-2.249471e-05
1.211395e-05
-2.806049e-05
-2.660973e-05
-2.952366e-06
-1.133348e-05
-3.168238e-05
1.887186e-05
6.477301e-06
-4.390484e-05
2.12031e-05
-2.474424e-05
-5.017467e-05
-7.32032e-06
-5.888815e-05
-2.70065e-05
1.304638e-05
-1.387706e-05
-1.54573e-06
4.192576e-06
-2.609104e-05
-3.432546e-05
-1.527839e-05
-4.793136e-05
-2.868608e-05
3.737974e-06
-1.974739e-05
7.655844e-06
-1.025524e-05
-3.955025e-05
-3.543101e-05
-2.902995e-05
-3.399992e-05
-1.610957e-05
1.91896e-05
-1.197411e-05
2.000592e-05
-7.780006e-06
-5.976659e-05
-6.610474e-07
-3.076934e-05
-3.404205e-05
-6.144985e-07
-2.738428e-05
-3.325022e-05
-3.394364e-05
-4.861812e-05
-1.61961e-05
2.089761e-05
-6.73667e-06
1.515772e-05
-5.031762e-06
-3.444198e-05
-6.14552e-06
-4.153029e-05
-4.1368e-05
-3.231035e-05
-2.846189e-05
-1.971585e-05
-2.21483e-05
-7.706281e-06
-7.978396e-07
-3.864632e-06
-1.087585e-05
-8.233776e-06
-3.561944e-05
-2.496504e-05
-3.078954e-05
-4.421453e-05
-1.071833e-06
-2.505333e-05
-1.345857e-05
-2.457063e-05
-5.50583e-05
-2.136117e-05
-2.250914e-05
-8.758922e-06
-3.943558e-06
-2.478028e-08
4.995404e-07
-2.846463e-05
-2.802681e-05
-2.378242e-05
-3.608359e-05
-3.207395e-05
-1.383556e-05
-4.563085e-06
-8.994895e-06
-9.489416e-06
-1.343203e-05
-4.738728e-05
-3.132763e-05
-1.361222e-05
-3.808927e-05
-5.326e-06
2.868039e-06
-3.337441e-05
-1.865521e-05
-1.564912e-05
-3.147097e-05
-3.630561e-06
-3.387939e-06
-2.457166e-05
-2.650045e-05
-1.898985e-05
-2.003507e-05
-5.665828e-05
-1.012225e-05
-2.611373e-05
-4.955471e-05
1.083942e-05
-7.03652e-05
-4.929897e-06
1.519726e-05
-8.630392e-05
2.349783e-05
-3.970443e-05
-5.434748e-05
5.701156e-05
-2.916543e-05
-3.881232e-05
1.105809e-05
-5.166683e-05
-8.967537e-05
4.11532e-06
3.847398e-05
-6.002715e-05
-0.0001138765
2.680827e-05
6.128776e-05
-0.0001179712
-1.379461e-05
5.51441e-05
-0.000122741
-9.093839e-05
6.994029e-05
9.849721e-05
-5.241925e-05
-0.0001227717
-1.133555e-05
-1.128625e-05
-6.838219e-05
-3.456884e-05
-1.831927e-05
-6.337275e-05
-8.043067e-05
3.314223e-06
-1.885758e-05
-6.239599e-05
6.753988e-05
1.420691e-07
-0.0001683909
-3.489448e-05
0.0001429092
3.116348e-05
-0.0001203371
-4.569195e-05
-3.074248e-05
-0.0001064526
-7.392325e-05
4.754606e-05
9.044115e-05
-0.0001116932
-5.078482e-05
0.0001009947
-7.636887e-05
-7.50611e-06
6.121005e-05
-3.597524e-05
-0.000124584
-0.0001735797
0.0001142136
5.189204e-05
-0.0001864578
2.630122e-05
-0.0001428132
-0.0002077703
0.0001416126
0.0001288695
0.0001408981
-2.24688e-06
-0.0001942096
2.81406e-05
4.058048e-05
-0.0002335551
-0.0002027466
8.383259e-05
-3.255402e-05
-0.0002495365
7.461385e-05
0.0003450728
-0.0001747384
-0.0002947516
0.0001659582
-8.56079e-05
7.067122e-05
0.0004235137
-7.840604e-05
-0.0003012079
-7.023001e-05
9.972965e-06
-0.0001210619
6.90025e-06
0.0002279381
-8.714031e-05
-0.0001295548
0.0001075842
-5.412276e-05
2.897295e-05
9.833345e-05
-8.778991e-05
-0.0001555748
-0.0002293656
-2.655926e-05
0.0002132332
0.000125325
-9.015552e-05
-0.0001169064
6.761377e-05
-3.180988e-05
0.0001388391
0.0004085439
-0.0002496791
-0.0002585643
0.000320585
-0.0003044764
-0.0003577065
0.0003672223
-6.590565e-05
-0.0005368835
-4.331671e-05
0.0005176506
0.0002623188
-0.0003188485
-0.0001072063
6.841962e-05
-9.718022e-05
0.0002627489
5.001014e-05
-0.0003380153
0.0001448493
-0.0002082833
-0.0004829484
0.0001698404
-9.012692e-05
-0.0002924111
0.0002284891
0.0006090939
0.0002914906
-0.0003585036
0.0001110319
0.0001250357
-0.0005138022
-3.175522e-06
5.343378e-05
-0.0003754843
-0.0002295083
-5.139315e-05
-7.061305e-05
-0.0002375683
5.854149e-05
4.767209e-06
-0.0004063588
0.0002122279
0.0004990218
0.0003099529
0.0003213371
-0.0005336381
-0.000774153
7.639096e-05
6.697673e-05
-0.0002508737
-0.0001532446
7.073134e-05
0.0001879683
8.616433e-06
0.0001770844
0.0005307293
0.0004305042
4.813567e-06
-0.0004473544
-0.0003116258
0.0001189993
0.0002978344
0.0002547904
-0.0001219377
-0.0004434011
-0.0004142012
-4.403771e-05
0.0001446097
0.0001078495
0.0004543987
0.0003829395
0.0001882704
0.0005087292
-0.000184996
-0.001043875
-0.0005063409
-9.649209e-05
-0.0004225821
-0.0004600818
-0.0001683328
8.769826e-06
0.0005587418
0.0007418633
-0.0003680772
-0.001241347
-0.0009843568
-0.0002941925
-0.0003136938
-0.0005733758
-0.0004749361
-0.0004951315
7.92628e-05
0.0002795371
4.338038e-05
0.0005435376
0.0004844407
-5.127278e-05
-0.0001837426
1.380659e-06
0.0001791095
-0.0001688114
-0.0001724427
7.847506e-05
-0.0003991207
-8.814701e-05
0.0004713704
0.0004321829
0.0009507518
0.0001176961
-0.0008366524
0.0001660573
0.0003480735
-0.000118198
-0.0003084718
-0.001097482
-0.001124601
-0.0004888084
-0.000855182
-0.0007423038
0.0001562681
-0.0001188098
-0.0002123593
0.0006362595
0.0007309581
0.0006029119
0.0005703099
-0.0003820698
-0.0009175195
-0.0004997449
-0.0009186608
-0.001217678
-0.0004487293
-3.493901e-05
0.0003459662
0.001016041
0.00127123
0.001134218
0.0003456027
0.0002015074
0.001538876
0.001465077
0.0001524315
0.0003711163
0.0006165281
-8.28407e-05
-0.0002201282
-6.142778e-05
-0.0004610277
-0.001143807
-0.0005308161
0.0005874571
-0.0005445477
-0.00215446
-0.001378876
2.98904e-05
-0.0005029536
-0.0008796818
0.0004887767
0.001071878
0.0004670823
-0.0004534953
-0.0003315969
0.0001750775
-0.001526282
-0.001691298
-6.485284e-05
-0.0005453242
-0.0005107482
0.0009495084
0.001539509
0.001255972
0.001528033
0.001178053
0.0002860911
0.001771582
0.00156435
-0.0007954279
0.0006747067
0.001971209
0.000253098
0.0007417806
0.00194418
0.0004067616
-0.0005332546
0.0001622841
-0.000143459
-0.001343096
-0.001983761
-0.0006335607
0.001113826
0.0009683382
0.001323235
0.002538142
0.001868429
0.0005253927
0.001237055
0.001254911
-0.001261524
-0.002485472
-0.002703594
-0.002683767
-0.001824816
-0.002763342
-0.002508191
-0.0002800954
-0.0006098735
-0.0007899909
0.0007950298
0.001896029
0.001524797
0.0001025935
-3.002347e-05
0.0003846439
0.0005624431
0.001619009
0.002604196
0.00208728
0.001322362
0.00222988
0.001812184
-0.0009648385
-0.002348243
-0.001689484
-0.0005187748
0.0006871217
0.001228636
0.0006648769
0.0009325248
0.00122299
0.0002597571
-0.0004065443
-0.00203169
-0.001956088
0.0008402606
-8.232236e-05
-0.001293142
0.001205971
0.00186652
0.0002933783
-0.0003398996
0.0002382215
0.0001722302
-0.0009186811
-0.0006012488
0.0007430367
0.0007753631
0.0007794187
0.0007916246
-0.0007692925
-0.0004461301
0.001529744
0.001682215
0.001218832
0.0008378673
0.001287857
0.00158633
5.844092e-06
0.001039401
0.001636482
-0.002606842
-0.003577359
-0.001732659
-0.00133814
-0.001742044
-0.002374719
0.001118874
0.003871254
0.002644326
0.002591932
0.001379787
-0.001031738
-0.001536019
0.0001590875
0.0007446382
-0.001518164
-0.000645673
0.000938227
-0.001705847
-0.002064597
0.0008585003
-0.0005705077
-0.002706639
0.002409252
0.004301652
-0.001942505
-0.003284165
-0.0001078769
-0.000443254
-0.002764374
-0.002615914
-0.0003005086
-0.0003547915
-0.0001194154
0.002036405
0.001042875
-0.0005471954
-8.680282e-06
8.888986e-05
-0.0005253516
-0.0008729858
-0.0004329724
0.001081942
0.004067899
0.004949219
0.002439694
0.001354792
-0.001048711
-0.005189562
-0.005365272
-0.004931824
-0.003509194
0.0002335258
-0.0002766522
-0.0004893529
0.002857109
0.001614003
-0.0008671181
-0.0001314864
-0.001461899
-0.003427929
-0.00232534
5.516714e-05
0.001857875
0.002407954
0.0003578922
-0.004366661
-0.005904711
-2.944387e-05
0.003831848
0.001586337
0.0006128884
-0.001309831
-0.001131489
0.001654478
-0.002609133
-0.004865002
-0.0005039786
0.001471839
0.001426655
0.001344976
0.001224959
0.0007168224
-0.00122163
-0.004121376
-0.00602786
-0.005332255
-0.003386615
-0.0005764771
0.001898166
7.747379e-05
-0.002659761
-0.00183096
-0.0001631687
0.001631349
0.003799093
0.005886149
0.006931499
0.005857531
0.006110225
0.006972709
0.005659913
0.003820085
0.001240391
0.0003586192
0.002999714
0.004823418
0.004561425
0.003223698
4.273531e-05
-0.003804505
-0.004500916
-0.002163472
-0.001946881
-0.006014146
-0.008639662
-0.004933119
-0.002581727
-0.004663602
-0.003888487
-0.001446853
-0.0006136281
-0.0004100641
0.001224334
0.002560349
-0.001008369
-0.003263819
0.0003476476
0.002839127
0.0009743028
-0.0008421971
0.002134509
0.004864948
0.002006032
0.002300523
0.006387374
0.003582533
-0.001995547
-0.002538952
0.0004101582
0.002588258
0.001824919
0.001951049
0.003406156
0.005278006
0.007511174
0.005910762
0.003440506
0.002734829
0.0002066964
-0.0007743492
0.002894598
0.007881742
0.01135901
0.0118015
0.01063673
0.007756743
0.003394337
0.002845926
-0.0007735199
-0.01079655
-0.01444501
-0.01251869
-0.01107935
-0.0111332
-0.01288071
-0.01080755
-0.004780026
0.001370759
0.005358837
0.007331525
0.009580032
0.008358386
0.004097626
0.004392716
0.005963097
0.003124578
0.003564046
0.006684653
0.005775039
0.007805176
0.009274371
0.006244688
0.006546003
0.002542808
-0.006300651
-0.005503607
0.0002698178
-0.00178488
-0.004841545
0.002652515
0.01204992
0.009947673
0.003691339
0.004990205
0.003334407
-0.007795618
-0.01284455
-0.01019615
-0.01086054
-0.009794487
-0.004210648
-0.002817482
-0.001654815
0.00106571
-0.002172147
-0.0008798352
0.005444326
0.002678176
-0.00135843
-0.001846872
-0.002437443
-0.001170733
-0.001875745
-0.002767093
-0.0009588664
-0.002445499
-0.005524419
-0.004786601
-0.003605796
-0.0043353
-0.005630365
-0.006952683
-0.007601948
-0.008026625
-0.006075418
-0.0006163929
0.002716937
0.001270233
-7.645815e-05
-0.0002654784
-0.002335313
-0.004499416
-0.006376896
-0.008458746
-0.008216005
-0.007710546
-0.007246845
-0.002014455
0.003434123
0.002869941
0.002516376
0.006613605
0.009080889
0.007798796
0.006163082
0.001219028
-0.004788415
-0.00236344
0.003490531
0.003775672
0.001924657
0.001337466
0.0005289653
0.001109667
0.003911724
0.006351458
0.005756132
0.0001221776
-0.004756601
-0.002107833
0.003844907
0.007135104
0.006907686
0.008185187
0.01325304
0.01368674
0.006838848
-0.0004520247
-0.003066319
-0.00209436
-0.003319074
-0.005014638
-0.002139873
0.001137353
-0.0001046117
-0.003416718
-0.003709302
-0.003402696
-0.006111556
-0.004767815
0.001306039
0.004392652
0.003961072
0.0001493887
-0.004882784
-0.004628344
-7.741555e-05
0.003537236
0.003259249
-0.000804139
-0.002883187
-0.001441241
-0.001218184
-0.0008487106
0.003587845
0.007433772
0.005273234
0.004721729
0.01044807
0.012506
0.009173877
0.005133975
0.0008194026
-0.000793151
-0.003037381
-0.005648346
-1.683029e-05
0.008621999
0.01025813
0.007693132
0.007966913
0.008694955
0.003442409
-0.003649911
-0.004713477
-0.001133929
0.001809424
-0.001471394
-0.01177973
-0.01881332
-0.02162929
-0.02856506
-0.03343163
-0.03157482
-0.02818703
-0.02172469
-0.01234129
-0.008452959
-0.009146418
-0.006010096
-0.004862909
-0.008107601
-0.006909254
-0.002586019
0.00371643
0.009481555
0.008373571
0.004189821
0.0009668095
-0.002762807
-0.004645131
0.001206119
0.01000991
0.01533161
0.0223848
0.02963134
0.0298381
0.0235744
0.01440177
0.006288412
0.001905919
-0.001266047
-0.004171883
-0.005945092
-0.006543306
-0.004565488
-0.006472793
-0.01350298
-0.01719508
-0.01705477
-0.01695716
-0.019825
-0.02041689
-0.01594728
-0.01623648
-0.02139945
-0.0224759
-0.01944559
-0.01582237
-0.01128274
-0.008047412
-0.008489285
-0.0101918
-0.01375513
-0.01783858
-0.01971312
-0.02009025
-0.01427428
-0.004297768
0.003912172
0.0138672
0.02669407
0.03640897
0.03860898
0.03998319
0.04567222
0.05009018
0.04545406
0.03071297
0.01917827
0.01801945
0.01821475
0.01187303
0.002974209
0.001767329
0.005420211
0.007181807
0.005911045
-0.0004566776
-0.005252994
-0.00112107
0.005210914
0.008425429
0.01688271
0.02965795
0.03323976
0.02770846
0.02255274
0.01850566
0.01067169
0.001020887
-0.004928732
-0.004485742
0.0001314952
0.00385605
0.00729429
0.01274432
0.01738836
0.01241086
-0.001413931
-0.009340116
-0.01190168
-0.01819302
-0.02184801
-0.01748045
-0.009950179
-0.004809858
-0.005850458
-0.01111052
-0.01502225
-0.01513431
-0.01318579
-0.01213677
-0.009347406
-0.003534709
-0.001880451
-0.006438217
-0.01082448
-0.01251424
-0.01192951
-0.007714197
-0.001232073
0.001573903
-0.001458098
-0.003190941
-0.00120555
-0.0001544996
-0.001949969
-0.009256038
-0.01823546
-0.01766098
-0.006865363
0.004234476
0.01159561
0.01859269
0.02108999
0.01690755
0.01782262
0.02046574
0.01075289
-0.001381613
-0.00373404
-0.003658977
-0.006253138
-0.004737414
0.00395136
0.01366965
0.01850914
0.01662139
0.009037586
0.0002426135
-0.004524606
-0.005356541
-0.002954653
0.004399969
0.01660447
0.0307925
0.03860156
0.0385902
0.04068562
0.04046249
0.02838422
0.01761235
0.01502132
0.004386978
-0.01450381
-0.02412561
-0.02587375
-0.02732
-0.02140302
-0.01127442
-0.00925497
-0.01808766
-0.03389273
-0.04705463
-0.05476879
-0.06432638
-0.07342159
-0.07087415
-0.0591351
-0.0470316
-0.03105893
-0.01627027
-0.01205254
-0.01042315
-0.005990056
-0.003574416
-0.0009760705
0.004490936
0.005596643
0.005319431
0.01226739
0.02069923
0.02226927
0.01765157
0.01272077
0.006092596
-0.003007045
-0.006875063
-0.006926442
-0.01202376
-0.01976385
-0.02185813
-0.02225458
-0.02230163
-0.01559936
-0.006757822
0.0004779939
0.004985387
-0.0001074349
-0.007295522
-0.002256056
0.008093231
0.01585651
0.02266428
0.02297102
0.01819008
0.01811512
0.02379518
0.02891636
0.02950664
0.02659895
0.02444998
0.02663551
0.03005867
0.0332605
0.04183417
0.05619205
0.06684666
0.07176232
0.07801014
0.08371903
0.08507119
0.08380228
0.08195634
0.08170282
0.08253106
0.07906044
0.06876734
0.05521313
0.03838247
0.01440219
-0.01483304
-0.03982865
-0.05671412
-0.07192238
-0.08651473
-0.09742961
-0.1083099
-0.1193027
-0.1253521
-0.1258607
-0.1231486
-0.1193271
-0.1132982
-0.104823
-0.09265344
-0.07621909
-0.0657521
-0.06426204
-0.06080116
-0.0532813
-0.05333299
-0.06700847
-0.08681597
-0.1031729
-0.1106647
-0.1124687
-0.1212529
-0.1313315
-0.1203736
-0.09857099
-0.08135279
-0.05253933
-0.009311985
0.02959052
0.05439606
0.07161162
0.08904866
0.1028092
0.1096451
0.1112873
0.1095319
0.1062209
0.1030879
0.1011654
0.09667582
0.0874536
0.07724449
0.07065569
0.06990001
0.0736413
0.08183137
0.09417433
0.1070868
0.1145517
0.1159759
0.1198037
0.1250465
0.1238925
0.1178946
0.1061566
0.0884386
0.07717464
0.07370108
0.06691432
0.05824486
0.05067844
0.03747781
0.01628959
-0.007043054
-0.02911383
-0.05015595
-0.07060945
-0.08722801
-0.09025708
-0.08340857
-0.08419682
-0.09647198
-0.1095729
-0.1131291
-0.1103607
-0.1119973
-0.1148513
-0.1101358
-0.1027707
-0.09988074
-0.09517448
-0.08161418
-0.0636337
-0.04535375
-0.02342359
0.001278337
0.02362561
0.03943998
0.04265476
0.03319756
0.02461584
0.03035928
0.03923398
0.03088947
0.007450583
-0.01621884
-0.03082868
-0.03865496
-0.0448358
-0.04500665
-0.03968436
-0.03715328
-0.035451
-0.03353506
-0.03175404
-0.02349786
-0.01095869
0.003374572
0.02121055
0.03825027
0.05277514
0.07240909
0.09778837
0.1035507
0.07845291
0.05020965
0.03128652
0.01229251
-0.003313268
-0.01255944
-0.01941893
-0.02382434
-0.02766542
-0.03208066
-0.03392883
-0.02611359
-0.006548068
0.01259122
0.02684892
0.03999864
0.04975077
0.05569821
0.05747497
0.05309708
0.04641314
0.04227977
0.03512855
0.01571214
-0.01126172
-0.03016612
-0.03654498
-0.0372955
-0.03861228
-0.03809483
-0.02926235
-0.01800892
-0.009721462
-0.004144587
0.0006678434
0.008358197
0.01371385
0.0147118
0.01538335
0.01733951
0.0191671
0.0160651
0.01150596
0.01235211
0.01463482
0.0167124
0.02373742
0.03195347
0.03592085
0.03773712
0.03527083
0.02288631
0.003420459
-0.01345256
-0.02381067
-0.03159059
-0.03638179
-0.03394725
-0.02547694
-0.01590906
-0.009997144
-0.008277813
-0.006853337
-0.007857285
-0.0179256
-0.03157718
-0.03636551
-0.02967744
-0.01973931
-0.01356519
-0.007859477
0.001456116
0.01233505
0.02174035
0.02863081
0.03036515
0.02424119
0.0153483
0.006433606
-0.006926906
-0.02109151
-0.03109353
-0.03898329
-0.04212557
-0.03837794
-0.03198624
-0.02376301
-0.01014698
0.005345836
0.01110209
0.006524085
0.00191763
0.001373336
0.004702354
0.009600535
0.01435181
0.02179013
0.03445644
0.05039479
0.0571734
0.04716195
0.02978829
0.01419859
0.001334155
-0.01275033
-0.023539
-0.02026122
-0.01161468
-0.008977794
-0.003673849
0.01081746
0.02893016
0.04192912
0.04802688
0.05149856
0.05016956
0.04251632
0.02707268
0.001991902
-0.02084055
-0.03081408
-0.03558483
-0.04039232
-0.03704889
-0.02726464
-0.02276399
-0.0230179
-0.0213222
-0.01590125
-0.006206243
0.00478093
0.01256657
0.01493195
0.01200357
0.007380455
0.002891979
-0.0001402777
0.00156724
0.003325272
-0.005203294
-0.02005762
-0.02723265
-0.02358587
-0.01790273
-0.01827865
-0.01913887
-0.01257431
-0.008245174
-0.01288053
-0.01422017
-0.008462729
-0.005839755
-0.009298884
-0.01331783
-0.01525756
-0.01993047
-0.02841197
-0.03330812
-0.03413095
-0.03699812
-0.04225336
-0.04860552
-0.05194105
-0.04484673
-0.03062412
-0.02161629
-0.02340032
-0.02756206
-0.02241482
-0.007351395
0.007012953
0.01190344
0.01471913
0.02420595
0.03231906
0.03699199
0.04795381
0.06083897
0.06449044
0.06223802
0.06246196
0.06406811
0.06395381
0.06160185
0.05539224
0.04860567
0.04378604
0.03324356
0.01338266
-0.005976625
-0.01733525
-0.02766687
-0.04230616
-0.05096672
-0.04570274
-0.03423175
-0.02348976
-0.009736003
0.00503276
0.01077468
0.005425408
-0.0006901127
0.0003439611
0.003222354
0.00415876
0.001633807
-0.004522702
-0.009231822
-0.01358121
-0.01741224
-0.02030017
-0.02491403
-0.02749592
-0.02842886
-0.03049189
-0.03200611
-0.03242088
-0.03146434
-0.03312543
-0.03563313
-0.02567814
-0.003199387
0.01740563
0.03110767
0.04337578
0.05547384
0.06416549
0.0668955
0.06255348
0.05273573
0.04283444
0.03701613
0.02728731
0.01223317
0.003540077
-0.0008533309
-0.006347536
-0.01140758
-0.01867674
-0.03148762
-0.04888611
-0.06224612
-0.06395341
-0.05727657
-0.04744176
-0.03333854
-0.01228816
0.01046932
0.02867103
0.04227866
0.05252601
0.06324602
0.076162
0.08673336
0.09005177
0.08602638
0.07389205
0.04919728
0.02055022
0.001227707
-0.008588774
-0.01233882
-0.01153692
-0.005765424
0.000799363
0.003185382
0.006050285
0.008964204
0.003626269
-0.01015575
-0.02442794
-0.03177564
-0.02965868
-0.02023925
-0.007483482
0.001665124
0.004316662
0.007044213
0.01143787
0.01353641
0.01376693
0.01458523
0.01303372
0.0006565548
-0.02023484
-0.03664235
-0.044616
-0.04885433
-0.05094563
-0.04662574
-0.03360708
-0.02151869
-0.01739062
-0.01534676
-0.01352173
-0.01528809
-0.01981004
-0.02070435
-0.01334588
-0.002582345
0.003606306
0.00397772
0.003961302
0.0008731767
-0.008594901
-0.01378065
-0.01053507
-0.00759701
-0.01115045
-0.01716051
-0.01750258
-0.01299892
-0.009919689
-0.01452599
-0.02684216
-0.0324765
-0.02607105
-0.02203561
-0.02382014
-0.02355837
-0.01959445
-0.01072963
0.002088777
0.01509502
0.02540719
0.0313603
0.03722976
0.04627209
0.05624569
0.06177647
0.05737558
0.04633268
0.03236242
0.0147286
-0.003327548
-0.01708256
-0.02323539
-0.02076021
-0.01242513
-0.002949984
0.009120793
0.02302671
0.02752142
0.02372458
0.02367479
0.02701244
0.02517256
0.02042709
0.02287747
0.03028602
0.03400726
0.03395482
0.03461049
0.03725861
0.03913913
0.03841978
0.03603621
0.03173859
0.02584859
0.02036742
0.01521621
0.01140578
0.009603895
0.009462741
0.0134703
0.02056965
0.02352177
0.01686373
0.00346824
-0.009177431
-0.02019006
-0.03193645
-0.04109801
-0.04634335
-0.04853275
-0.04966824
-0.05466405
-0.06208153
-0.06642469
-0.06388634
-0.05635925
-0.05152943
-0.0529581
-0.05732295
-0.06017004
-0.0612793
-0.0574337
-0.0434969
-0.02867811
-0.02540769
-0.02723311
-0.0245292
-0.02131092
-0.01894164
-0.01464587
-0.009983095
-0.004217208
0.00486254
0.01847838
0.03521164
0.04894985
0.05551037
0.05548777
0.04833504
0.03134912
0.01027926
-0.002845068
-0.008361046
-0.01252988
-0.01242898
-0.004941296
0.004237786
0.003380933
-0.007254092
-0.01142302
-0.006709587
-0.00525558
-0.008450472
-0.005853872
0.007952686
0.02544538
0.0399822
0.05126383
0.05995745
0.06530387
0.0633948
0.0541244
0.03997352
0.02209986
0.006021206
-0.004730524
-0.01351394
-0.01948572
-0.01747149
-0.009392333
-0.003494214
-0.003003129
-0.003393907
-0.001413488
2.637837e-05
-0.004494304
-0.01301066
-0.01920078
-0.02308359
-0.02510646
-0.02648824
-0.02628185
-0.01902611
-0.01083187
-0.00604269
0.004300294
0.01680115
0.01991281
0.01437121
0.005538311
-0.003493992
-0.01183661
-0.0177449
-0.01971999
-0.01881357
-0.0117396
0.0003403778
0.007080919
0.00538032
0.001549131
0.0006970695
0.0009218704
-0.002265612
-0.005368512
-0.003813398
0.0004417949
0.003763352
0.002111091
-0.0007517471
-0.0006443133
-0.003135572
-0.009042043
-0.01185055
-0.007885383
-0.002373193
-0.001798154
-0.004429076
-0.00546049
-0.005661911
-0.008596422
-0.01080959
-0.008834987
-0.005202688
-0.005697148
-0.01397453
-0.02500775
-0.03198158
-0.03310426
-0.031821
-0.02766239
-0.0154565
0.0006876698
0.01395275
0.02369529
0.02554548
0.01487718
0.002496136
0.0001038674
0.002419059
0.00372951
0.006020561
0.01008778
0.01386145
0.01581848
0.01469989
0.006631586
-0.007200076
-0.0191633
-0.02544591
-0.02810926
-0.03092606
-0.03540463
-0.03799124
-0.03454603
-0.02788144
-0.02009179
-0.008255772
0.005214335
0.01596394
0.02456207
0.0306329
0.03306973
0.03398764
0.03511855
0.03811189
0.04407674
0.04874826
0.04895427
0.04635112
0.0433176
0.0422375
0.03958239
0.03236017
0.02482279
0.01887885
0.01242541
0.001161264
-0.01295949
-0.02045296
-0.02114529
-0.02224302
-0.02447653
-0.02461821
-0.02250416
-0.02073306
-0.01928084
-0.0148378
-0.00960844
-0.006655135
-0.001995396
0.005548563
0.01288667
0.01956983
0.02675652
0.03229968
0.03251852
0.03050403
0.02970617
0.02789125
0.02394793
0.01805101
0.01074828
0.0023084
-0.005746526
-0.008405604
-0.00512716
-0.0003734562
0.003436169
0.004864994
0.002084585
-0.005493852
-0.01544251
-0.02247331
-0.0223002
-0.01580112
-0.009001336
-0.005043418
-0.003141445
-0.005889322
-0.01575146
-0.02863653
-0.03780655
-0.04307338
-0.04876009
-0.05456192
-0.05650445
-0.05371732
-0.04853962
-0.04192606
-0.03385995
-0.02333616
-0.008650754
0.007866008
0.01940859
0.02302193
0.02335878
0.02274052
0.01898993
0.01265968
0.006384758
0.002565891
0.002107481
0.004198548
0.006924533
0.006188914
0.0003983795
-0.006557078
-0.0115255
-0.01454236
-0.01528849
-0.01373924
-0.009543182
-5.508453e-05
0.0124928
0.02100884
0.02478064
0.02677722
0.02713272
0.02728286
0.02746336
0.02706667
0.0271754
0.02218774
0.007017018
-0.01020951
-0.02151941
-0.02902329
-0.03515779
-0.03821105
-0.03581968
-0.02976585
-0.02171905
-0.009978551
0.001227441
0.005866495
0.005728319
0.007055755
0.01314016
0.02076916
0.02640808
0.03086044
0.0326379
0.02832502
0.02019289
0.01073315
-0.001408142
-0.01469281
-0.02367544
-0.0264354
-0.02789131
-0.03072134
-0.02854657
-0.01925202
-0.01338473
-0.01254486
-0.005596007
0.008893416
0.02355167
0.03423989
0.04281877
0.04992449
0.05021585
0.04430481
0.03420662
0.01629215
-0.002694326
-0.01372248
-0.02077038
-0.02687531
-0.02614257
-0.0168779
-0.008879113
-0.007314896
-0.00867954
-0.01520649
-0.02827563
-0.04193216
-0.04953889
-0.04712144
-0.03621784
-0.01954286
-0.002266261
0.007839936
0.0131444
0.01737573
0.01699477
0.01169157
0.005467891
0.002037894
0.0003856315
6.490456e-05
0.004167948
0.0102126
0.01435808
0.01583378
0.01390614
0.009381196
0.004644321
0.001591296
0.001135953
0.00206499
0.002390282
0.002652864
0.002365827
0.001780236
0.003330289
0.005409738
0.004310272
-0.001316548
-0.008045135
-0.01347196
-0.02048213
-0.02787632
-0.03118495
-0.03130917
-0.03098332
-0.02559232
-0.01029063
0.007475887
0.02099803
0.02887642
0.02549193
0.01525603
0.009241173
0.006796651
0.003344591
-0.0003066267
0.00028918
0.005146716
0.01176606
0.01952365
0.02410658
0.02208428
0.01278529
-0.001174686
-0.01385126
-0.02585827
-0.03778125
-0.04165454
-0.03472943
-0.02506052
-0.01692776
-0.004524817
0.01360274
0.02730541
0.03228529
0.03519832
0.03820805
0.03771362
0.03308166
0.02772572
0.02309436
0.01674918
0.007978345
0.0002113515
-0.005422671
-0.01300426
-0.02362408
-0.03409786
-0.04073843
-0.04212269
-0.04012957
-0.03469384
-0.02538908
-0.01500115
-0.004847414
0.004900403
0.01210484
0.01884969
0.02817914
0.03639736
0.03853474
0.03455757
0.0298073
0.02826324
0.03043939
0.03394291
0.03419068
0.03153026
0.02895445
0.0252305
0.01779196
0.008956301
0.0009962634
-0.007820583
-0.01422034
-0.01212817
-0.004700758
0.001779617
0.009968808
0.02167215
0.03252657
0.04165872
0.05056919
0.05772437
0.05855375
0.05289515
0.04552482
0.03801194
0.02987731
0.02024628
0.007513846
-0.007238576
-0.02037529
-0.02944537
-0.03358338
-0.03590421
-0.04012258
-0.04280833
-0.04034689
-0.03475065
-0.02984028
-0.02759287
-0.02736875
-0.02680618
-0.02279883
-0.01705121
-0.01525962
-0.01721841
-0.01734216
-0.01384935
-0.009454183
-0.005218201
-0.002298552
-0.003580995
-0.008558562
-0.01397396
-0.0178556
-0.02166177
-0.02666981
-0.03155554
-0.0366147
-0.04296452
-0.04894577
-0.04969788
-0.04381792
-0.0335934
-0.01704216
0.003389854
0.01807386
0.02588987
0.03367111
0.04305349
0.04913168
0.04971812
0.04718939
0.04295158
0.03713391
0.0297363
0.02368997
0.02218343
0.02204691
0.02018148
0.01842753
0.01732747
0.01469499
0.01129392
0.01080931
0.01297953
0.01418618
0.01216268
0.006967537
0.002175415
-0.0001393582
-0.002718564
-0.005991319
-0.007238349
-0.007524584
-0.008767856
-0.009161203
-0.008169396
-0.006594368
-0.003028994
0.003076158
0.007798091
0.007540616
0.004592466
0.003500884
0.005174863
0.006550194
0.004992105
0.001507468
0.0001556009
0.002852699
0.006964107
0.01009569
0.01168385
0.01211274
0.01311022
0.0152951
0.01760626
0.01831865
0.01577769
0.0104385
0.003161032
-0.006526563
-0.01514329
-0.01499627
-0.006082599
0.00494634
0.01346646
0.01771948
0.02058249
0.0235181
0.02363162
0.0201587
0.01451628
0.008141666
0.002957422
-0.0007488361
-0.004914122
-0.01066042
-0.01671572
-0.01992089
-0.02022044
-0.02096653
-0.02336497
-0.02593097
-0.02643052
-0.02537075
-0.02542108
-0.02572065
-0.02581551
-0.02806318
-0.03025336
-0.03013141
-0.03155673
-0.035593
-0.03741107
-0.03508923
-0.03223689
-0.03175696
-0.03052272
-0.02634441
-0.02237713
-0.0198648
-0.01812709
-0.01659838
-0.01474873
-0.01170288
-0.006741308
-0.00223844
0.001440032
0.005902332
0.008575511
0.009067839
0.01125035
0.01541533
0.01827756
0.01834608
0.01932607
0.02632543
0.03609781
0.04026027
0.03973141
0.04150291
0.04472377
0.04337483
0.03657585
0.0278433
0.02270279
0.02407431
0.02484827
0.01989434
0.01090134
-0.001097057
-0.01245297
-0.01894888
-0.01850662
-0.01350559
-0.008734802
-0.005079421
-0.001369801
0.004834369
0.01303787
0.01949224
0.02459172
0.03068749
0.03610844
0.03737012
0.03532296
0.03102893
0.02204549
0.008887736
-0.005630158
-0.02103525
-0.03735176
-0.05075162
-0.05970487
-0.06719882
-0.07186383
-0.07329494
-0.07146521
-0.06381529
-0.05311829
-0.04316585
-0.03428783
-0.02339369
-0.00934511
0.003306752
0.01448057
0.02750115
0.04109944
0.05293846
0.06034937
0.06160183
0.05964713
0.055473
0.04740244
0.03609947
0.02462877
0.01544763
0.00625969
-0.00317868
-0.01043858
-0.01507578
-0.0169028
-0.01809261
-0.01926589
-0.01971463
-0.02055509
-0.02092046
-0.02051747
-0.02090217
-0.02177529
-0.02067788
-0.0171668
-0.01325862
-0.008795779
-0.003050866
0.002586951
0.005937183
0.007189522
0.008142452
0.00730989
0.00134505
-0.009596498
-0.02068782
-0.02814144
-0.03269837
-0.03547024
-0.0346929
-0.03027877
-0.02572307
-0.0218371
-0.01762994
-0.01268504
-0.008908077
-0.009527044
-0.01093126
-0.01013874
-0.01116141
-0.01462473
-0.01708917
-0.01858357
-0.02177043
-0.02556454
-0.02680501
-0.02559795
-0.02192664
-0.01579029
-0.009299588
-0.003773459
-0.002106637
-0.004410484
-0.005886494
-0.006387542
-0.006791643
-0.004761576
-0.000263912
0.004112496
0.007642764
0.01202097
0.01702188
0.0215477
0.02641109
0.03141276
0.03359115
0.03226634
0.02951464
0.02505211
0.01837357
0.01152844
0.007647294
0.006349969
0.004403981
0.003015632
0.004215612
0.006090111
0.007747688
0.01038153
0.0131527
0.01380877
0.01216212
0.008910726
0.004585487
2.493008e-05
-0.002591064
-0.00110049
0.002399179
0.006671055
0.0119096
0.01604119
0.01815107
0.016681
0.01165707
0.0058164
-0.0005949701
-0.008289744
-0.0156254
-0.01827364
-0.01482486
-0.01094401
-0.01239795
-0.01800566
-0.02354248
-0.02700728
-0.02776036
-0.02658942
-0.02502618
-0.02262941
-0.01995947
-0.01894779
-0.01827019
-0.01454808
-0.006235816
0.003438167
0.01038784
0.0150984
0.01924603
0.02253239
0.02458024
0.026416
0.02868329
0.03209568
0.03717267
0.04348039
0.05138976
0.05883175
0.06173643
0.05937827
0.0547055
0.0496925
0.04307622
0.03514501
0.02870924
0.02546028
0.02460836
0.02527686
0.02833379
0.03213702
0.03193468
0.02593768
0.01772827
0.01039261
0.002084856
-0.007388239
-0.01565826
-0.02425566
-0.03441048
-0.04193822
-0.0437367
-0.04327208
-0.043397
-0.04226514
-0.037826
-0.03328313
-0.03434272
-0.03785888
-0.03840333
-0.03606648
-0.03127916
-0.02559136
-0.02127768
-0.01823089
-0.01343219
-0.00494006
0.005749542
0.01450865
0.01569415
0.01002872
0.003679939
-0.001953601
-0.00816092
-0.01529136
-0.02254109
-0.02595302
-0.02606189
-0.02701918
-0.02777298
-0.0272825
-0.02677819
-0.02805869
-0.03182022
-0.03571844
-0.03713674
-0.03417348
-0.02689937
-0.01692764
-0.005499217
0.005985008
0.01602813
0.02480439
0.03226687
0.03558307
0.03288548
0.02546623
0.01743876
0.011447
0.006854581
0.004906597
0.00637778
0.009391083
0.01244459
0.01476214
0.01626457
0.01644789
0.01440615
0.01184516
0.01030981
0.008228892
0.006967169
0.009429893
0.01337924
0.01566187
0.01717869
0.02001929
0.02224923
0.02207065
0.02219884
0.02214208
0.01818059
0.01105101
0.004566774
8.947852e-05
-0.004617779
-0.01067348
-0.01501182
-0.0162143
-0.01777708
-0.02125749
-0.02337877
-0.02100451
-0.01615354
-0.01241674
-0.008988296
-0.006557699
-0.007407634
-0.00945855
-0.01046745
-0.01125544
-0.01348602
-0.01601737
-0.01763347
-0.01987138
-0.02182093
-0.02030585
-0.01425312
-0.006510495
0.0002599606
0.005998624
0.01069849
0.01557058
0.01976997
0.02102247
0.02069698
0.01954285
0.01734726
0.01580284
0.01459067
0.0119543
0.008925107
0.007279866
0.007302592
0.008003335
0.00791707
0.006919581
0.006120462
0.007213485
0.009772011
0.009971011
0.007227323
0.005074142
0.005293959
0.006159
0.004049139
0.0004090279
0.0006000878
0.003311056
0.004370119
0.005218613
0.007772968
0.0110758
0.01504328
0.01986158
0.02453957
0.02653778
0.02351815
0.01628566
0.0068921
-0.002176472
-0.008628007
-0.01287759
-0.01659159
-0.01995425
-0.02092846
-0.01783498
-0.01253749
-0.00808063
-0.006005251
-0.006959959
-0.009222711
-0.009827858
-0.009067544
-0.008360255
-0.007199413
-0.005725842
-0.004929648
-0.003844549
-0.0006084174
0.003036422
0.002710431
-0.002197203
-0.009081551
-0.01554167
-0.01982189
-0.02374539
-0.02789476
-0.02772383
-0.02261365
-0.0167623
-0.01247183
-0.008416811
-0.002979814
0.002547204
0.008080066
0.01491476
0.02237238
0.02892873
0.0318213
0.03006956
0.02603089
0.02184407
0.01837286
0.01548539
0.01394888
0.01348639
0.01130481
0.006396245
0.001685254
0.0002395329
-0.0001588263
-0.002483774
-0.00527083
-0.005198779
-0.0001937082
0.006969344
0.01293427
0.01857655
0.02482271
0.0306508
0.03432738
0.03709562
0.04085668
0.04323738
0.04358415
0.04435466
0.04533185
0.04426995
0.04029812
0.03426763
0.02749189
0.02010425
0.01194635
0.004779766
-0.0002749274
-0.00442673
-0.008440387
-0.011341
-0.01270314
-0.0140421
-0.01627528
-0.01818384
-0.0195744
-0.02257101
-0.02642624
-0.02891792
-0.03047789
-0.02981083
-0.02522961
-0.01750724
-0.008749234
-0.002386553
0.001121407
0.002832866
0.001464778
-0.003360812
-0.009421729
-0.01339076
-0.01560386
-0.01811291
-0.01937462
-0.0184905
-0.01739645
-0.0186926
-0.02277172
-0.02722967
-0.03109008
-0.03444329
-0.03499856
-0.03120239
-0.02582685
-0.02191889
-0.01976751
-0.01782804
-0.01545036
-0.01360045
-0.01107406
-0.006824364
-0.002817114
-0.001085088
-0.001281795
-0.0009898573
-0.0003623295
-0.0010029
-0.001149149
0.0002179971
0.001600077
0.003237416
0.006088289
0.008999734
0.01067625
0.01150745
0.01111567
0.00866182
0.00564536
0.003692875
0.004209852
0.007088632
0.008331447
0.006185599
0.002310561
-0.002597986
-0.007625349
-0.01118101
-0.01392745
-0.01711188
-0.01902639
-0.01831477
-0.01632253
-0.01455305
-0.01251527
-0.009817756
-0.007466875
-0.005569217
-0.003494041
-0.001110727
-0.0002129018
-0.001325897
-0.001850202
-0.001225543
-0.001667151
-0.003133983
-0.003244646
-0.002387992
-0.001381896
0.0002516913
0.002444319
0.00608845
0.01080767
0.014382
0.01621091
0.01685409
0.01732647
0.01966131
0.02362296
0.0278625
0.03193267
0.03417688
0.03423605
0.03255801
0.02851105
0.02324596
0.01896421
0.01699519
0.01785805
0.01977337
0.02114162
0.02243416
0.02398293
0.02617859
0.02780292
0.02666822
0.02345712
0.02023002
0.01709751
0.01386337
0.01146589
0.009485347
0.006782902
0.002454794
-0.00355944
-0.009125899
-0.01265346
-0.01479726
-0.01681625
-0.0190386
-0.01990311
-0.01822747
-0.0152677
-0.01308809
-0.01269665
-0.01246179
-0.01034932
-0.006442475
-0.002209697
0.001070184
0.004261757
0.007265899
0.007711263
0.005590869
0.001810785
-0.004240142
-0.011935
-0.02004302
-0.02752591
-0.03355405
-0.03800919
-0.04101657
-0.0438261
-0.04636241
-0.0480469
-0.04982429
-0.05017198
-0.0477039
-0.0444587
-0.04229698
-0.04131584
-0.04042342
-0.03899582
-0.03818549
-0.03856272
-0.03875756
-0.0379831
-0.03708662
-0.03660303
-0.03544664
-0.03241808
-0.02819795
-0.02460705
-0.021706
-0.01852817
-0.01620205
-0.01451729
-0.01135631
-0.006940328
-0.001422903
0.005196912
0.01101752
0.01593855
0.02201518
0.02878618
0.0328346
0.03243117
0.0299677
0.02842132
0.0279204
0.02749862
0.02684882
0.02664109
0.02828463
0.03135937
0.03338399
0.0332135
0.03201812
0.03141434
0.03220489
0.03281142
0.03173801
0.02964323
0.0252891
0.01833172
0.01197348
0.007519162
0.004030964
0.001434374
0.0007345928
0.001786824
0.002363423
0.0008661149
-0.003009957
-0.009278743
-0.01684221
-0.02364183
-0.02851715
-0.0305199
-0.02948995
-0.02704394
-0.02315109
-0.01774245
-0.01192724
-0.006411977
-0.00211851
0.0006638489
0.00177007
0.001769466
0.001773586
0.002209597
0.002533349
0.001893129
0.001465727
0.00251165
0.005192408
0.009690134
0.01557673
0.02156338
0.02536399
0.02597798
0.02564913
0.02654197
0.02709439
0.02498489
0.02146669
0.0186144
0.01650847
0.01394713
0.01088069
0.009016819
0.008460446
0.008588443
0.00854902
0.007497005
0.005497186
0.001753814
-0.003203102
-0.006599372
-0.006433796
-0.004517512
-0.002552469
0.00107717
0.005420915
0.008705086
0.01171516
0.01500896
0.01785771
0.01833128
0.01678737
0.01483877
0.01213987
0.008928669
0.005573694
0.003234915
0.003201837
0.003247137
0.001027405
-0.001990041
-0.004709894
-0.009236692
-0.01616857
-0.02325802
-0.02835613
-0.03133766
-0.0330502
-0.03350607
-0.03264808
-0.03087
-0.02852036
-0.02559356
-0.02205602
-0.01856651
-0.01662248
-0.01522735
-0.01147905
-0.006505558
-0.002924692
-3.737234e-05
0.003693552
0.007592223
0.009562492
0.009522421
0.008562701
0.006919446
0.005543873
0.00504796
0.005950725
0.008801068
0.01211011
0.01403897
0.01491757
0.01575854
0.01562693
0.0140196
0.01171846
0.008704902
0.005938919
0.005365917
0.007135137
0.01023737
0.01304367
0.01384899
0.01315633
0.01248727
0.0125298
0.01287317
0.01375448
0.01600602
0.01920819
0.02243747
0.02409282
0.0232816
0.02080984
0.01801979
0.01588672
0.01409023
0.01206252
0.009318099
0.006110037
0.003993172
0.003224106
0.003227527
0.003429187
0.00279864
0.00130011
-0.0006106107
-0.001992389
-0.00157206
0.000848367
0.004268896
0.006979223
0.008550116
0.01075862
0.01439414
0.01773131
0.01952614
0.02040786
0.02099551
0.02085254
0.01924442
0.01554666
0.01050753
0.005718179
0.002233783
0.001152665
0.001698396
0.001683331
-0.0001942231
-0.004654478
-0.01081292
-0.01718038
-0.02353943
-0.0292552
-0.03325764
-0.03525505
-0.03568417
-0.03432867
-0.03075624
-0.02642133
-0.02257399
-0.01918224
-0.01580824
-0.01249157
-0.009572522
-0.006427154
-0.00241182
0.00178415
0.005297478
0.008777647
0.01117919
0.01049251
0.00710317
0.00239766
-0.002357173
-0.007353534
-0.0121108
-0.01572094
-0.01915899
-0.02255225
-0.02522265
-0.0264203
-0.02693901
-0.02942444
-0.03341966
-0.03646518
-0.03811826
-0.03842548
-0.0367055
-0.03307543
-0.02805253
-0.02203825
-0.01620486
-0.01119749
-0.006743236
-0.002875217
-0.001001727
-0.002767142
-0.007045608
-0.01123213
-0.01479887
-0.01870487
-0.02229173
-0.02454134
-0.02593273
-0.02627102
-0.02500422
-0.02253016
-0.01997717
-0.01778147
-0.01484763
-0.01161249
-0.008730305
-0.004882849
-0.0002526186
0.004150588
0.008649795
0.01304794
0.01696038
0.02049439
0.02239758
0.02143087
0.01781363
0.01253664
0.007704496
0.005042675
0.003588499
0.001421834
-0.000752858
-0.001241288
-0.0007317279
-0.0003347031
0.001355458
0.005073101
0.009072618
0.0136113
0.01899514
0.02275947
0.02345039
0.02169371
0.01897074
0.0156126
0.01211843
0.01038483
0.0099923
0.009832558
0.009209629
0.007807261
0.007304539
0.008576399
0.01085374
0.01264889
0.01348939
0.01444544
0.01515261
0.0144832
0.01332031
0.01258664
0.01181398
0.01159586
0.01268931
0.01434849
0.01564085
0.01624942
0.01631044
0.01663776
0.01748554
0.01841088
0.01913867
0.01808485
0.01468706
0.01101733
0.00824679
0.005499309
0.001919013
-0.0007644609
-0.0002264639
0.002226914
0.004286456
0.005521452
0.005667647
0.00440178
0.002397032
0.0004485386
-0.002682033
-0.0073611
-0.0103319
-0.0102354
-0.00928144
-0.008677168
-0.008348736
-0.008362646
-0.009100751
-0.01058879
-0.0122853
-0.01491404
-0.01820611
-0.02016182
-0.02116577
-0.02213577
-0.02200613
-0.0205592
-0.01915381
-0.01869975
-0.01851609
-0.01722941
-0.01556953
-0.01457987
-0.01312739
-0.0102413
-0.00604435
-0.001787593
0.001454467
0.003684452
0.005070317
0.005785747
0.005648616
0.004923433
0.004006783
0.003022356
0.00218114
0.00123714
0.0003964138
0.0006609004
0.002771188
0.006329203
0.01011617
0.01306945
0.01485049
0.01492784
0.01253069
0.008234056
0.002644727
-0.003089543
-0.007819932
-0.0123863
-0.01662878
-0.0198145
-0.02136871
-0.02103711
-0.02098925
-0.02154717
-0.02120836
-0.02045079
-0.01853727
-0.01436415
-0.009452354
-0.00577657
-0.003651715
-0.002341606
-0.001032554
0.001203873
0.003892926
0.005917306
0.007145618
0.007769828
0.008419427
0.009008745
0.009214962
0.009092314
0.008186796
0.007325852
0.007631226
0.00911117
0.01178763
0.01503295
0.0177771
0.01966669
0.02143581
0.02373719
0.02555707
0.02558171
0.02435886
0.02341199
0.02272027
0.02121425
0.01980961
0.02049027
0.02241393
0.02338215
0.02317136
0.02222753
0.02051544
0.01810042
0.01503983
0.01218087
0.0108006
0.01027622
0.009517259
0.008470023
0.006739962
0.003919274
0.0003019345
-0.003200829
-0.005744226
-0.007309222
-0.00798121
-0.007793603
-0.007907186
-0.008877906
-0.009900861
-0.01094347
-0.01124562
-0.009990215
-0.008181654
-0.006772276
-0.005681424
-0.003928387
-0.001751112
9.751326e-05
0.002036678
0.003588353
0.004251504
0.004707573
0.005316272
0.005326129
0.004107298
0.002629113
0.002146084
0.002442349
0.002720907
0.002473035
0.001623275
0.0004786614
-0.001122366
-0.003149314
-0.004864515
-0.005816925
-0.006412617
-0.007478585
-0.008665559
-0.008376674
-0.006421181
-0.00362416
0.0002338183
0.004247321
0.00699257
0.008790506
0.01029289
0.01169066
0.01237902
0.01173532
0.01032868
0.009383324
0.00950872
0.009819483
0.009110017
0.006983781
0.003471036
-0.0008076969
-0.004640309
-0.007846447
-0.01111735
-0.01385357
-0.01513775
-0.01519054
-0.01479697
-0.01452228
-0.01372937
-0.01217611
-0.01068492
-0.008941578
-0.006738125
-0.005190446
-0.004794819
-0.004684911
-0.004073498
-0.00359946
-0.003649649
-0.003076597
-0.001241481
0.001410118
0.003663853
0.004283338
0.003524561
0.001529716
-0.001447274
-0.004105415
-0.006478759
-0.008920227
-0.01078392
-0.01153063
-0.01059528
-0.008467467
-0.00656044
-0.005265589
-0.004794725
-0.004499271
-0.003367383
-0.001388773
0.001452781
0.003472986
0.003909706
0.004225146
0.00513337
0.006764982
0.007993204
0.008171852
0.007646092
0.006397307
0.004772063
0.002775148
0.0003748735
-0.002153038
-0.004204282
-0.004953792
-0.004949245
-0.004453248
-0.00291201
-0.0006038864
0.002472841
0.005365493
0.006944544
0.007868973
0.008194096
0.007644859
0.006582985
0.005426002
0.004296663
0.00247512
0.0003161218
-0.001136945
-0.002675758
-0.004652615
-0.006218322
-0.00722114
-0.007508455
-0.006886034
-0.005604817
-0.003523249
-0.0008603051
0.0009815984
0.001233443
0.0002345099
-0.001579392
-0.003587781
-0.004965047
-0.005505606
-0.005233095
-0.003641786
-0.001009854
0.001836749
0.003864232
0.004339945
0.004019481
0.003331566
0.002671541
0.002680811
0.003431421
0.0054195
0.008323403
0.01122061
0.01401857
0.01646257
0.01767379
0.01723938
0.01515728
0.01146014
0.00688442
0.002106851
-0.001964046
-0.004613805
-0.006055524
-0.00648916
-0.00674014
-0.007539323
-0.009464789
-0.01248134
-0.01523769
-0.01762973
-0.02047308
-0.02392527
-0.02697897
-0.02830133
-0.02830493
-0.02755622
-0.02593576
-0.0236285
-0.02051748
-0.01698648
-0.01378466
-0.01072156
-0.00789934
-0.005642916
-0.003768813
-0.002066725
-0.0002367088
0.001190268
0.001935099
0.002676612
0.003392913
0.003634959
0.003298012
0.002946083
0.002686055
0.002216558
0.001416034
6.603297e-05
-0.001456009
-0.002952041
-0.003967882
-0.003944917
-0.002875647
-0.000506101
0.002551491
0.005840553
0.009788776
0.01394181
0.01782841
0.02149358
0.02425788
0.02550528
0.0257876
0.02516252
0.02331902
0.02111835
0.01954856
0.018271
0.01615988
0.01377091
0.01239706
0.01209633
0.01149324
0.0090784
0.006143213
0.004388205
0.003809341
0.003654804
0.003095417
0.002413247
0.001918673
0.001651239
0.001254996
0.0001056291
-0.001545864
-0.003212022
-0.005036042
-0.00748735
-0.01009801
-0.01211389
-0.01392168
-0.01600996
-0.01734212
-0.01708472
-0.01622625
-0.01538101
-0.01455864
-0.01387499
-0.01327416
-0.01312242
-0.01348761
-0.01405925
-0.01481746
-0.01480311
-0.01288125
-0.009466142
-0.00530139
-0.0009518264
0.002935347
0.00600589
0.008235357
0.009501203
0.00961338
0.009222236
0.00875639
0.008131798
0.007743397
0.007755634
0.008800758
0.01104259
0.01349284
0.01593408
0.01814372
0.01998681
0.02105153
0.02071676
0.01976519
0.01893725
0.0185293
0.01836573
0.01822445
0.0179552
0.01657879
0.01417462
0.01110827
0.007161408
0.003075703
-0.0004480067
-0.002846882
-0.003639357
-0.003312577
-0.002928142
-0.002982403
-0.003162775
-0.003151235
-0.00247433
-0.001394302
-0.0002671476
0.001268892
0.002919185
0.004242952
0.004813928
0.00454965
0.003612966
0.001937456
0.0001151594
-0.001796743
-0.004024536
-0.00581346
-0.006993059
-0.008176283
-0.009574378
-0.01048872
-0.01047204
-0.01011542
-0.0101337
-0.01099041
-0.01195323
-0.01259852
-0.0136192
-0.01522812
-0.01768126
-0.02032877
-0.02238454
-0.0239392
-0.0244098
-0.02375265
-0.02247492
-0.02057942
-0.01843762
-0.01628774
-0.01418097
-0.01305975
-0.01264102
-0.01166901
-0.01050804
-0.009157903
-0.007074631
-0.004237036
-0.0006882222
0.003081156
0.006541322
0.009543596
0.0124578
0.01514936
0.01675886
0.01714516
0.01702459
0.0170361
0.01736395
0.01805587
0.01929982
0.02095486
0.02171006
0.02153722
0.02203928
0.02308663
0.02345582
0.02210569
0.01905137
0.01548227
0.01211093
0.009142917
0.006945841
0.00627925
0.006848271
0.007538428
0.007778043
0.007273423
0.006773296
0.007121412
0.007982499
0.00904218
0.01064896
0.01224396
0.01288221
0.01298402
0.01255997
0.01108657
0.008260964
0.004532637
0.001681045
0.0006729572
0.001503737
0.00349821
0.005406223
0.006675784
0.006908132
0.006081572
0.00465503
0.002978113
0.001590121
0.0004198583
-0.0009229277
-0.002129706
-0.003112601
-0.004213341
-0.00558749
-0.00741091
-0.009559793
-0.01135932
-0.01235267
-0.01261852
-0.01258006
-0.01275475
-0.01283211
-0.01270376
-0.01283958
-0.01292588
-0.01320385
-0.01359095
-0.01378276
-0.0143036
-0.01436685
-0.01388046
-0.01333881
-0.0123576
-0.01152706
-0.01137842
-0.01187084
-0.01288605
-0.01388266
-0.01478881
-0.01604816
-0.01707775
-0.01660701
-0.01424447
-0.01071482
-0.006559489
-0.001841628
0.002300826
0.004976249
0.006784887
0.008485463
0.01037827
0.01216303
0.01338297
0.01385113
0.01364935
0.01336564
0.01376312
0.01475136
0.01575016
0.01632488
0.01651347
0.01628744
0.01456966
0.01151675
0.007687862
0.002898157
-0.001362616
-0.003837558
-0.004423275
-0.003683744
-0.002498775
-0.0008103411
0.0003434905
-0.0001189497
-0.001336429
-0.003272961
-0.006229486
-0.009316673
-0.0121108
-0.01450301
-0.01641667
-0.01757454
-0.01724525
-0.01615967
-0.01525647
-0.01449504
-0.01393175
-0.01313455
-0.01221849
-0.01193949
-0.0118482
-0.01101891
-0.009729243
-0.008466227
-0.007151394
-0.005467314
-0.003365062
-0.001862258
-0.0009628206
-0.0005164311
-0.0009359712
-0.001319199
-0.001139245
-0.0005200165
9.680896e-05
0.0003031395
0.0005194976
0.0008995325
0.001328793
0.001772618
0.00208774
0.002335441
0.002007948
0.001054803
0.0006908079
0.0008279277
0.001282008
0.002363998
0.003591709
0.00515664
0.007055287
0.008776436
0.01001754
0.01037947
0.0102533
0.009986236
0.009344071
0.008428318
0.007025817
0.005598471
0.00488754
0.003995808
0.002976569
0.002797975
0.003189663
0.003813677
0.004113073
0.003232928
0.0009540917
-0.0025437
-0.00552432
-0.005939375
-0.005151823
-0.004538962
-0.003722422
-0.003317233
-0.003573755
-0.004377856
-0.005246984
-0.005936417
-0.007534105
-0.009941665
-0.01167598
-0.01237863
-0.01317919
-0.01463964
-0.01603118
-0.01666156
-0.01653442
-0.0160376
-0.0153602
-0.0144289
-0.01365363
-0.01318471
-0.01287471
-0.01299984
-0.01339269
-0.01359471
-0.01301262
-0.01134692
-0.008994899
-0.006762945
-0.0053314
-0.004879081
-0.00507011
-0.005552634
-0.006907224
-0.008934385
-0.01099441
-0.01358224
-0.0167279
-0.01974016
-0.02245636
-0.02507521
-0.02676952
-0.02673595
-0.02583591
-0.02484993
-0.02353551
-0.02157027
-0.0190399
-0.01630925
-0.01315269
-0.009665499
-0.006708687
-0.004254543
-0.002093551
-0.0008665679
-0.000715832
-0.00094014
-0.001106049
-0.001125364
-0.0007011779
0.0004307628
0.001672174
0.002683426
0.004520174
0.007711788
0.0117058
0.01592601
0.01977133
0.02324102
0.0262531
0.02796222
0.02823303
0.02738432
0.025681
0.02326607
0.02043975
0.01804334
0.01618529
0.01447003
0.01274126
0.01105379
0.01003833
0.01037405
0.01173102
0.01335512
0.01503769
0.01651983
0.01787844
0.01945901
0.02121689
0.02305253
0.02438382
0.02504424
0.02489819
0.02303586
0.01966342
0.01593326
0.01269372
0.009705399
0.006446269
0.002941118
-0.0008268626
-0.004415591
-0.00751338
-0.01019317
-0.01277929
-0.01573627
-0.01864173
-0.02061051
-0.02089537
-0.01947241
-0.01714561
-0.01425143
-0.01111982
-0.008645049
-0.007134548
-0.006537841
-0.006849746
-0.007919195
-0.009338643
-0.01025981
-0.01023905
-0.009643634
-0.00891945
-0.008247224
-0.007728751
-0.007422824
-0.007261952
-0.006920503
-0.006018098
-0.004398904
-0.002882297
-0.002385416
-0.002099812
-0.00118599
0.0004161659
0.00218754
0.003222664
0.003890909
0.004565253
0.005297806
0.006490725
0.007727674
0.008698586
0.009148793
0.009019903
0.009216273
0.009691974
0.0098428
0.009713603
0.00922654
0.008500651
0.007641136
0.006327841
0.004967275
0.004464179
0.004683597
0.004960861
0.00528076
0.005546694
0.005359317
0.004539307
0.003269779
0.001739345
0.0001317778
-0.0009562451
-0.001741652
-0.002672104
-0.003486425
-0.003919365
-0.003966856
-0.00399726
-0.003730819
-0.002993094
-0.002396923
-0.002152478
-0.002505654
-0.003825173
-0.005782515
-0.007468088
-0.008454339
-0.009012234
-0.008929547
-0.007751441
-0.005620994
-0.003363633
-0.001783073
-0.0003051611
0.001317508
0.001900266
0.001330543
0.0004316537
-0.0002461866
-0.000173182
0.0008489754
0.002556506
0.004058626
0.004903186
0.005765389
0.00688283
0.007813208
0.008514913
0.009239487
0.009746345
0.00986692
0.009940576
0.01027598
0.01062527
0.01055524
0.01018592
0.009610612
0.008765353
0.007531027
0.006414582
0.006464033
0.007486976
0.008698029
0.01010911
0.01188219
0.01325143
0.01326142
0.0117582
0.009505599
0.007478482
0.005928009
0.004982995
0.004299466
0.003451051
0.002473846
0.001430379
0.0008717303
0.0003945761
-0.0009092608
-0.002683205
-0.004349248
-0.005699766
-0.006562848
-0.006479703
-0.005206699
-0.003134629
-0.001099861
0.0003902915
0.001707473
0.002904351
0.003737614
0.004208091
0.004200033
0.003891394
0.003394134
0.002728615
0.002187643
0.00179116
0.001896508
0.002598876
0.003500745
0.004624897
0.005582405
0.006088712
0.006211767
0.005983267
0.005246967
0.003473296
0.001078244
-0.001099678
-0.00329009
-0.005770938
-0.008063844
-0.01008886
-0.01259301
-0.01535786
-0.01701638
-0.0174594
-0.0174721
-0.01699284
-0.01571544
-0.01390179
-0.01225374
-0.01103959
-0.009474936
-0.007336297
-0.005510072
-0.004211985
-0.003145661
-0.002217299
-0.001647255
-0.0008526861
0.001231937
0.00376724
0.005839625
0.007529899
0.009239356
0.0114553
0.0135719
0.0154403
0.01693077
0.01749856
0.01797214
0.01871442
0.01956228
0.02047171
0.02083299
0.02052149
0.01967434
0.01814443
0.01605631
0.01364752
0.01084987
0.007778294
0.004609023
0.001952163
0.0002724461
-0.001411414
-0.00347555
-0.005908511
-0.008793778
-0.01133964
-0.01342704
-0.01482149
-0.01513335
-0.01486893
-0.0143806
-0.01407574
-0.01377276
-0.01321556
-0.01254595
-0.01176568
-0.01172424
-0.01249449
-0.0135388
-0.01467025
-0.01534209
-0.01576882
-0.01595722
-0.01583378
-0.01587603
-0.01555298
-0.01457578
-0.01321381
-0.01155191
-0.01047849
-0.01045129
-0.01073924
-0.01127761
-0.01226946
-0.0132749
-0.01425424
-0.01518878
-0.01600553
-0.01663648
-0.01678195
-0.01706365
-0.01755413
-0.01694476
-0.01475333
-0.01155866
-0.008081245
-0.004642025
-0.0009480386
0.002530343
0.004742413
0.006205918
0.007652753
0.008840661
0.009846497
0.01072895
0.0116144
0.01259234
0.01357713
0.01480805
0.01609851
0.01704508
0.01773751
0.01847878
0.01920333
0.0199791
0.02099174
0.02213655
0.02353134
0.02528791
0.02758634
0.03020949
0.03256045
0.03455454
0.03601959
0.03671785
0.03671954
0.03608628
0.03510066
0.03416832
0.0329569
0.03131265
0.03006245
0.02940207
0.02894387
0.0286651
0.02842031
0.02818747
0.02796692
0.02772735
0.02743675
0.02650553
0.02487856
0.02295844
0.02084646
0.01869894
0.01636045
0.01378107
0.01131403
0.00912227
0.006915851
0.004920909
0.003639654
0.002451459
0.0009498933
-0.0006777379
-0.002649478
-0.005127382
-0.007921632
-0.01067473
-0.01313888
-0.01514384
-0.01658464
-0.01721211
-0.0168305
-0.01586624
-0.01475765
-0.01375989
-0.0131743
-0.01306392
-0.01315297
-0.01338077
-0.0140075
-0.0146726
-0.01508507
-0.01539173
-0.01527275
-0.01459266
-0.01392644
-0.01389208
-0.01444513
-0.01542928
-0.01640802
-0.01684707
-0.01703629
-0.01685019
-0.01611593
-0.01505809
-0.01363993
-0.01226073
-0.01131804
-0.01068871
-0.01006465
-0.009231411
-0.008234131
-0.006992173
-0.00550655
-0.004296656
-0.003755041
-0.003734288
-0.003781366
-0.00380733
-0.004710597
-0.006885033
-0.008948674
-0.01040572
-0.0122328
-0.01442233
-0.01647359
-0.01783591
-0.01864139
-0.01943195
-0.0195555
-0.01912882
-0.01902192
-0.01930926
-0.01997677
-0.02100228
-0.02217502
-0.02337312
-0.02432126
-0.02472139
-0.02476604
-0.02452543
-0.02424978
-0.02432215
-0.02444779
-0.02446992
-0.02467671
-0.02563129
-0.02721255
-0.02837133
-0.02879298
-0.0287227
-0.02833597
-0.02766621
-0.02646244
-0.024911
-0.02340847
-0.02179027
-0.01993701
-0.01816902
-0.01649623
-0.01495594
-0.01356384
-0.01175607
-0.009699217
-0.007649091
-0.005368014
-0.003004915
-0.0006703177
0.001276978
0.002709634
0.003917206
0.004783302
0.005221813
0.005651279
0.006714326
0.00842465
0.01019675
0.0116011
0.0126414
0.01319171
0.01308256
0.01267309
0.01210279
0.01151895
0.0110299
0.01021445
0.00927788
0.008912124
0.009273418
0.01012837
0.01110712
0.01173943
0.01180096
0.01138008
0.01050475
0.009214362
0.007899204
0.006908641
0.006134652
0.005183302
0.00385253
0.002577794
0.001847738
0.00164092
0.001705827
0.002063937
0.002809584
0.003533962
0.003795452
0.003630781
0.003437241
0.003501596
0.003611423
0.003592011
0.003626776
0.003985915
0.00459603
0.005382523
0.006479521
0.007393647
0.00820683
0.009271506
0.01014403
0.01079411
0.01122746
0.01139586
0.01118032
0.01057848
0.01009753
0.01005812
0.01057194
0.01099509
0.01086354
0.01062743
0.01058565
0.01089878
0.01161949
0.01267717
0.01378816
0.01470312
0.01558111
0.01673486
0.0183064
0.01996522
0.02129337
0.02207364
0.02253125
0.02327406
0.02440477
0.02556125
0.02643831
0.02699079
0.02757723
0.02822566
0.02854879
0.02850895
0.02802164
0.02731063
0.02664074
0.02564419
0.02466777
0.02412084
0.02359634
0.02278193
0.02166716
0.02018074
0.01845688
0.01711998
0.01597151
0.0146267
0.0134895
0.01268983
0.01202922
0.01131148
0.01051066
0.009686111
0.009038369
0.008781077
0.008992542
0.009444424
0.009764641
0.01044437
0.01128533
0.01151973
0.01149319
0.01089794
0.00964599
0.008436751
0.006930141
0.005073161
0.003029213
0.0008931772
-0.0008368913
-0.002368104
-0.003776426
-0.004996263
-0.006434545
-0.007900947
-0.009035631
-0.01015016
-0.01128859
-0.01202234
-0.01254697
-0.01339308
-0.01428278
-0.01450949
-0.0142856
-0.01398136
-0.01371993
-0.01387453
-0.01428264
-0.01484585
-0.01583135
-0.01726104
-0.01849122
-0.0190297
-0.01937753
-0.01986279
-0.02072225
-0.0216
-0.02180492
-0.02172689
-0.02147828
-0.02092858
-0.02017276
-0.0192079
-0.01820446
-0.01754488
-0.01751809
-0.01769416
-0.01815711
-0.01909965
-0.01972069
-0.01994904
-0.02023711
-0.0205094
-0.02081552
-0.02140618
-0.02214652
-0.02287175
-0.02360388
-0.02409027
-0.02404169
-0.02330749
-0.02228587
-0.02123926
-0.01978044
-0.01871977
-0.01847556
-0.0183269
-0.01834634
-0.01858073
-0.01897026
-0.01939836
-0.01949803
-0.01931063
-0.01915039
-0.01885584
-0.0184164
-0.01818954
-0.01778324
-0.01710512
-0.01645528
-0.01593462
-0.01548452
-0.01480738
-0.01411637
-0.0137882
-0.01391832
-0.01431784
-0.01491026
-0.01587538
-0.01710127
-0.01828677
-0.01907784
-0.019114
-0.01830327
-0.01687429
-0.01516309
-0.01334166
-0.01118053
-0.008837789
-0.006720623
-0.004669722
-0.002663995
-0.0005503158
0.001756367
0.004146067
0.006502801
0.008565838
0.01060702
0.01227597
0.0134237
0.01457091
0.01530849
0.01563764
0.01584128
0.0160332
0.01642353
0.0168582
0.01736015
0.01813059
0.01917915
0.02029372
0.02144717
0.02250295
0.02316503
0.02332151
0.02267833
0.02154104
0.02060345
0.01999174
0.01994776
0.02048237
0.02120339
0.02189849
0.02206074
0.02125632
0.01953828
0.01705724
0.01386594
0.01058017
0.007917719
0.005865819
0.004624956
0.003988664
0.00372886
0.004072759
0.004364978
0.004459424
0.004760605
0.005249104
0.005738263
0.005685312
0.005251758
0.005096623
0.00517721
0.005345734
0.005801137
0.00643575
0.006847978
0.007156119
0.007396826
0.00736104
0.006970429
0.00609139
0.005034859
0.004072222
0.003288238
0.002818571
0.002294938
0.001973997
0.002153384
0.002208561
0.002384836
0.002864016
0.003270346
0.003933096
0.004954259
0.006065983
0.007095479
0.008039083
0.009029464
0.01016734
0.01111441
0.01145024
0.0115246
0.01160341
0.01169151
0.01167246
0.01149865
0.01174372
0.01242218
0.01305419
0.01342659
0.01330317
0.01269264
0.01156851
0.009899983
0.007995943
0.006074255
0.004283334
0.002852421
0.001817809
0.001146729
0.000911989
0.0008474255
0.0007975976
0.0008942105
0.0007934962
0.0004493001
0.0005842439
0.001163174
0.001709534
0.002305915
0.002738945
0.002995722
0.002847112
0.001903134
0.000806792
-0.0002751233
-0.001432982
-0.002579324
-0.003723624
-0.004695925
-0.005730634
-0.006876713
-0.008151674
-0.009679337
-0.01156408
-0.01331161
-0.01395708
-0.01368071
-0.01268157
-0.01134734
-0.01039114
-0.009570311
-0.008749107
-0.008168406
-0.007962418
-0.00801613
-0.008128346
-0.00837284
-0.008701107
-0.008768781
-0.008539227
-0.008093242
-0.007203797
-0.005883984
-0.004179126
-0.002215151
-0.0006467589
0.0001443712
0.0003927918
0.0005345394
0.0008307535
0.001312043
0.002222426
0.00339943
0.004510425
0.005829863
0.007426057
0.008963154
0.009792071
0.009539109
0.008429574
0.00711597
0.005973972
0.004706736
0.00347393
0.002349231
0.001507032
0.001273103
0.001173174
0.0009201225
0.0005473164
0.0002434714
7.885631e-05
-0.0003970341
-0.001154286
-0.001934918
-0.002760922
-0.00370011
-0.00479659
-0.005789248
-0.006424859
-0.006824729
-0.007244487
-0.007493688
-0.007689793
-0.008347331
-0.009323678
-0.01051598
-0.01189214
-0.01294058
-0.01341146
-0.01338927
-0.01294156
-0.01263372
-0.01249401
-0.01234174
-0.0124152
-0.01205541
-0.01144215
-0.01120511
-0.01121308
-0.01146987
-0.01158473
-0.01151907
-0.01153314
-0.01131271
-0.01057409
-0.009468871
-0.008407838
-0.007507419
-0.006658967
-0.006024435
-0.005756135
-0.005698244
-0.005618609
-0.005298476
-0.004565977
-0.003290174
-0.001889703
-0.001067365
-0.0006075146
-8.119498e-05
0.0007231832
0.001670583
0.002582621
0.003858906
0.005122898
0.006113426
0.007148574
0.007954034
0.008618673
0.009294107
0.00981867
0.01040314
0.01098233
0.0113305
0.01165929
0.01185456
0.01159101
0.01102683
0.01051556
0.009999735
0.00943229
0.009159653
0.009248884
0.009560254
0.009867784
0.01010258
0.01035557
0.01055991
0.0108675
0.01128841
0.01176392
0.0122199
0.01228559
0.01191547
0.01137505
0.01102151
0.01076253
0.01032539
0.009951658
0.009561355
0.00885392
0.00783036
0.006758964
0.005726044
0.004566999
0.00348058
0.002705133
0.002235817
0.002144554
0.002016695
0.001401099
0.0007792138
0.0002201826
-0.0005926395
-0.001209215
-0.001806241
-0.002503246
-0.002879822
-0.003213348
-0.003616863
-0.004038893
-0.004736317
-0.005694504
-0.007085652
-0.008929763
-0.01078444
-0.01255593
-0.01390742
-0.01448736
-0.01462347
-0.01424205
-0.01318394
-0.01180486
-0.01045615
-0.009209609
-0.00804207
-0.007070492
-0.006031629
-0.005063578
-0.004368515
-0.003626452
-0.003079799
-0.002687595
-0.002175895
-0.001702099
-0.001260515
-0.0008851638
-0.0008800976
-0.001133876
-0.001568683
-0.002293116
-0.00283332
-0.003171478
-0.003252832
-0.003069278
-0.003090152
-0.002986324
-0.002892555
-0.003070073
-0.003359237
-0.003855612
-0.004347683
-0.004974028
-0.005550677
-0.005707725
-0.005650363
-0.00534275
-0.005076385
-0.005006135
-0.00476758
-0.004545829
-0.004594515
-0.00455394
-0.00428833
-0.004194919
-0.004241357
-0.004035567
-0.003247078
-0.002127885
-0.001325526
-0.0003895136
0.00097611
0.002380583
0.0039086
0.005267777
0.006334336
0.007279492
0.007898778
0.008014953
0.007674718
0.007208038
0.006504015
0.00566051
0.004984842
0.00459434
0.004770184
0.005105267
0.005423708
0.005485844
0.004813017
0.004028294
0.003294915
0.002556749
0.002072082
0.001735234
0.001621385
0.001535652
0.001401342
0.001089032
0.0002096356
-0.001032668
-0.002294896
-0.003543243
-0.004841806
-0.00570512
-0.006006593
-0.006253623
-0.006438985
-0.006329085
-0.005624347
-0.004525053
-0.003374596
-0.002352018
-0.001616194
-0.0008861371
-0.0005267105
-0.000683474
-0.001206819
-0.002039513
-0.002673309
-0.003304186
-0.003512303
-0.003019467
-0.00243199
-0.001757572
-0.001345284
-0.001120636
-0.0007334383
-0.00026575
0.0003425873
0.001001914
0.001727301
0.002526755
0.003465588
0.004304631
0.004615435
0.004830796
0.00497854
0.004775089
0.004452608
0.00381907
0.002935589
0.002313969
0.002067137
0.001871372
0.001520916
0.001377918
0.001690446
0.002243368
0.002748914
0.003131518
0.003529623
0.003929216
0.004130433
0.004221769
0.004641436
0.005334039
0.005948978
0.006682586
0.007588889
0.008716082
0.00987317
0.01068656
0.01149417
0.01215137
0.01257633
0.01276068
0.01248777
0.01214933
0.01178092
0.01133588
0.01095062
0.01079804
0.01081008
0.01061185
0.01031221
0.009979516
0.009658732
0.009547978
0.009475958
0.009413105
0.009465463
0.009473459
0.00934378
0.009033268
0.008513504
0.00767564
0.006446926
0.005095336
0.003762611
0.002505774
0.001566907
0.001023128
0.0008003868
0.0007250046
0.000569821
0.0003620029
0.0002186969
1.363693e-05
-0.0003726604
-0.0007256301
-0.001036423
-0.001368238
-0.001587156
-0.001690873
-0.001608231
-0.001764863
-0.00241479
-0.00313251
-0.003691208
-0.003909617
-0.003864624
-0.003701077
-0.003609921
-0.003736106
-0.003644541
-0.003258226
-0.002747245
-0.002219482
-0.001887179
-0.001494395
-0.0009789029
-0.0005125288
-0.0002508846
-0.0003050447
-0.0005086047
-0.0009324442
-0.00138289
-0.001632891
-0.001945841
-0.002315777
-0.002514787
-0.002576015
-0.002646153
-0.002536622
-0.002272403
-0.002094584
-0.001979436
-0.002144359
-0.002567009
-0.003069947
-0.003784387
-0.004564262
-0.00515174
-0.005446942
-0.005614027
-0.005844888
-0.006029072
-0.006171647
-0.006468756
-0.007163389
-0.008171869
-0.009171666
-0.01013296
-0.01106811
-0.01186077
-0.0124668
-0.01293172
-0.01339206
-0.01381986
-0.01408259
-0.01423299
-0.01407092
-0.01356686
-0.01297873
-0.01227482
-0.01160613
-0.01108787
-0.01060637
-0.0100896
-0.009499303
-0.008984196
-0.008540813
-0.007891012
-0.007177236
-0.006848418
-0.00677614
-0.006773905
-0.006937826
-0.007157599
-0.007428979
-0.007551372
-0.00745261
-0.007401616
-0.007278717
-0.00711356
-0.006875128
-0.006425772
-0.005936747
-0.005404958
-0.004769151
-0.004047337
-0.003275009
-0.002444116
-0.001618104
-0.000844811
-0.0001113863
0.0006182943
0.001592916
0.00261467
0.003341795
0.003943989
0.004457193
0.004758594
0.004946552
0.005160685
0.005416069
0.005716995
0.006006968
0.0061889
0.006371502
0.006702015
0.007109422
0.0073982
0.00752593
0.007508328
0.007213222
0.006719204
0.006263856
0.005896188
0.005610084
0.005332024
0.004959845
0.004566718
0.004271544
0.003961344
0.003537386
0.00316512
0.002885712
0.002661059
0.002553967
0.002541408
0.00255959
0.002513351
0.002435461
0.002429429
0.002422482
0.002371673
0.002284584
0.002164339
0.00201878
0.001868077
0.001797713
0.0018217
0.001881568
0.001816009
0.001533335
0.001169629
0.0008173541
0.0004759194
7.96675e-05
-0.0002557869
-0.0003563276
-0.000363104
-0.0002987553
-9.666135e-05
3.37294e-05
4.001175e-06
-5.338806e-05
-0.0001278542
-0.0002205875
-0.0003272188
-0.0004601679
-0.0005493744
-0.0006205526
-0.0007276051
-0.0008004015
-0.000756343
-0.0006595416
-0.0005709156
-0.0004068816
-0.0002250029
-0.0001361424
-7.880516e-05
-2.29987e-05
2.383404e-06
3.374061e-06
6.598445e-06
6.861224e-05
0.0001929475
0.0003197631
0.0003991109
0.0004636118
0.0005352076
0.0006001754
0.0007218815
0.0008351111
0.0009333263
0.001090798
0.00121142
0.001269769
0.001241737
0.001132102
0.0009794852
0.0007737606
0.000589005
0.0004335381
0.0003340474
0.0003004996
0.000294557
0.000356829
0.0004430137
0.0005106441
0.0004918178
0.0003823163
0.0002568295
5.799788e-05
-0.0001805562
-0.000397313
-0.0005802193
-0.0007035601
-0.0007723392
-0.0007831079
-0.0007609834
-0.0007335991
-0.0007291975
-0.0007687819
-0.0008849047
-0.001062496
-0.001206631
-0.001307694
-0.001395288
-0.001459085
-0.001472172
-0.001433361
-0.001371086
-0.001283617
-0.001154108
-0.0009977034
-0.0008425467
-0.0006702658
-0.0004651392
-0.0002665276
-0.0001123262
2.092967e-05
0.0001687301
0.0003150331
0.000430531
0.0004983514
0.0005640187
0.0006678348
0.0007445579
0.0007777465
0.0008190492
0.0008666735
0.0008991607
0.0009217935
0.0009556998
0.001004626
0.001068626
0.001122625
0.001145729
0.001166624
0.001188755
0.001197834
0.001183084
0.001139349
0.001082344
0.00103649
0.001007104
0.0009752066
0.0009399067
0.0009001129
0.0008493614
0.0007830188
0.0007097939
0.000653723
0.000608372
0.0005781582
0.0005643238
0.0005535705
0.0005551056
0.0005554999
0.0005460595
0.0005273051
0.0004947035
0.0004550476
0.0004052151
0.0003486537
0.0002926425
0.0002440529
0.0002126142
0.0001973625
0.000193429
0.0001960528
0.000198189
0.0001934046
0.0001881612
0.0001917022
0.000203447
0.0002132618
0.0002121752
0.0002124119
0.0002180858
0.0002194078
0.0002184087
0.0002159114
0.0002144696
0.0002150508
0.0002177556
0.0002270783
0.0002368633
0.0002427531
0.0002458232
0.0002447261
0.0002431328
0.0002446888
0.0002472478
0.0002493719
0.000248644
0.0002443285
0.0002405719
0.0002360928
0.0002291453
0.0002226444
0.0002160646
0.000207648
0.000198215
0.0001878649
0.0001770487
0.0001656485
0.0001531081
0.0001414718
0.000131663
0.000123477
0.0001163711
0.000109336
0.0001025418
9.605412e-05
8.982332e-05
8.409069e-05
7.885337e-05
7.472969e-05
7.173419e-05
6.835207e-05
6.461836e-05
6.100218e-05
5.688642e-05
5.208647e-05
4.618273e-05
3.933048e-05
3.217785e-05
2.479424e-05
1.740809e-05
1.024869e-05
3.731218e-06
-1.73503e-06
-6.527324e-06
-1.088908e-05
-1.484331e-05
-1.845809e-05
-2.170421e-05
-2.484121e-05
-2.797385e-05
-3.097758e-05
-3.380779e-05
-3.642821e-05
-3.882142e-05
-4.107527e-05
-4.322337e-05
-4.518252e-05
-4.7073e-05
-4.893967e-05
-5.078841e-05
-5.268697e-05
-5.45506e-05
-5.63513e-05
-5.801491e-05
-5.949907e-05
-6.086531e-05
-6.211498e-05
-6.326406e-05
-6.432461e-05
-6.53115e-05
-6.624882e-05
-6.713992e-05
-6.798205e-05
-6.877639e-05
-6.953178e-05
-7.024636e-05
-7.091959e-05
-7.155132e-05
-7.213905e-05
-7.268811e-05
-7.320305e-05
-7.368732e-05
-7.414234e-05
-7.456845e-05
-7.496749e-05
-7.534084e-05
-7.568977e-05
-7.60156e-05
-7.631943e-05
-7.660224e-05
-7.686493e-05
-7.71081e-05
-7.733212e-05
-7.753722e-05
