-2.474708e-05
-2.570731e-05
-2.650616e-05
-2.717039e-05
-2.775935e-05
-2.829242e-05
-2.922515e-05
-3.061915e-05
-3.237311e-05
-3.583728e-05
-4.162407e-05
-4.808289e-05
-5.140474e-05
-4.775892e-05
-3.654033e-05
-2.13362e-05
-6.79193e-06
3.411296e-06
1.967954e-06
-2.822087e-06
8.496923e-06
2.98515e-05
5.570649e-05
7.315615e-05
8.26421e-05
8.454664e-05
7.463361e-05
6.55524e-05
6.263601e-05
4.245499e-05
-8.369154e-06
-7.743782e-05
-0.0001443693
-0.0001876047
-0.0002044028
-0.0002020907
-0.0001764183
-0.0001333631
-8.372056e-05
-5.525881e-05
-8.16647e-05
-0.0001580128
-0.0002795783
-0.0004092023
-0.00047747
-0.0004532035
-0.0003832396
-0.0003272686
-0.0003431083
-0.000450736
-0.0005841284
-0.0006301339
-0.0006001672
-0.0005418649
-0.0004515057
-0.0003898763
-0.0003786499
-0.000432726
-0.0004588596
-0.000394028
-0.0002462447
-1.937706e-05
0.0001834352
0.000249355
0.0002044356
0.0001266651
0.000108929
0.0001274169
6.596115e-05
-0.0001030031
-0.0002414113
-0.0002967917
-0.000200261
-1.578987e-05
0.0001333196
0.0001809115
0.0001351983
2.465827e-05
-8.597474e-05
-0.0001418333
-2.375901e-05
0.0001550099
0.0002283939
0.0001785499
7.942371e-06
-0.0002256026
-0.0004783929
-0.0006804608
-0.0006965359
-0.0005024996
-0.000218516
-5.975566e-06
-2.5961e-05
-0.0002581313
-0.0004342079
-0.0003871245
-0.000188008
0.0002603546
0.0009178664
0.001614131
0.002233441
0.002894501
0.003424575
0.003739942
0.003725362
0.003360559
0.002812437
0.002080631
0.001425002
0.0009187599
0.0004898
0.0003363247
0.0003864898
0.0004600241
0.0003102953
-0.000280209
-0.001105953
-0.001871122
-0.002386276
-0.002560145
-0.002499905
-0.002730898
-0.003357539
-0.004028741
-0.004179541
-0.003825718
-0.003468987
-0.003424262
-0.003542885
-0.003508953
-0.003086581
-0.002408951
-0.001705888
-0.000822198
-1.399406e-05
0.000133518
-0.000556162
-0.001708016
-0.002564286
-0.002891112
-0.002612611
-0.001789145
-0.000555904
0.0004508934
0.001052956
0.001348914
0.0007175146
-0.0003721587
-0.001061892
-0.001047683
-0.0003867481
0.0005646591
0.001328793
0.001893534
0.002332427
0.00278012
0.003409913
0.003906033
0.004489482
0.004949521
0.004570181
0.003118942
0.0009250879
-0.001133965
-0.00269037
-0.003535067
-0.003177059
-0.001974592
-0.0005330694
0.001064667
0.002512193
0.003058967
0.002864735
0.002219468
0.001436076
0.001043371
0.001444183
0.002262882
0.003109363
0.003733395
0.003757159
0.003144745
0.002294894
0.001689225
0.001744729
0.002252203
0.002551743
0.002407028
0.001747619
0.0008278606
0.0001778118
0.0004568415
0.001424362
0.001768068
0.001199671
-5.692923e-05
-0.002112462
-0.004593909
-0.00720499
-0.009658785
-0.01105839
-0.01063872
-0.008833169
-0.006548513
-0.00474142
-0.003908655
-0.004279363
-0.005556324
-0.006525875
-0.006728645
-0.006666794
-0.006692124
-0.006736193
-0.00653968
-0.006138526
-0.005971066
-0.005582542
-0.004507049
-0.003366617
-0.002182883
-0.0008263588
5.508748e-05
0.000457587
0.001066557
0.001919786
0.002887911
0.004165811
0.005467648
0.005670888
0.004787094
0.004114937
0.004652074
0.005899545
0.006690908
0.005766566
0.002903709
-0.0005192528
-0.002571395
-0.002700656
-0.001567551
2.440612e-05
0.001517982
0.002890496
0.003732369
0.004625127
0.006461923
0.008145135
0.008592438
0.007190791
0.004665305
0.002455896
0.002270595
0.003771823
0.005246638
0.005858059
0.005353343
0.00387917
0.001305786
-0.001813796
-0.004466003
-0.005718269
-0.005537041
-0.004536286
-0.003752186
-0.003934845
-0.004184103
-0.002922663
-0.0005031786
0.00171425
0.002658132
0.002823964
0.002501112
0.002021172
0.001169576
0.0002663795
0.0002290612
0.001415575
0.002953922
0.003226498
0.001982411
0.0004865745
0.0003256678
0.001094316
0.001006875
-0.0005778205
-0.002529895
-0.003903005
-0.00463064
-0.00449626
-0.003774831
-0.00358651
-0.004816427
-0.007361134
-0.00990099
-0.01098639
-0.009738185
-0.007682473
-0.006518474
-0.00661686
-0.007427894
-0.00796392
-0.007140343
-0.003825611
0.00112828
0.006159439
0.01006492
0.01184001
0.01100656
0.008228122
0.004680128
0.001713166
0.0009772439
0.002154267
0.004356706
0.006706017
0.008440511
0.009721241
0.01022519
0.009795696
0.008252277
0.005918477
0.003273856
0.001196683
0.0002289714
0.0003421834
0.0009945414
0.001406697
0.001276992
2.239542e-05
-0.002600094
-0.005527894
-0.00776289
-0.009097851
-0.009976753
-0.01136434
-0.01235958
-0.01149541
-0.008530944
-0.004483347
-0.001122867
0.0004844108
0.001291969
0.002171499
0.00298645
0.003522367
0.003783723
0.003473369
0.002974855
0.002430265
0.001940939
0.001420887
0.001188266
0.001202872
0.001234835
0.001247765
0.001248282
0.001221051
0.001173488
0.001357165
0.002091907
0.003209839
0.004380543
0.004775996
0.003494783
0.001064084
-0.001670976
-0.003512606
-0.003732402
-0.002779622
-0.001327823
-0.0001798441
-0.0004223871
-0.001742385
-0.003668067
-0.005578671
-0.00664307
-0.006311596
-0.004847427
-0.003622041
-0.00347516
-0.004605471
-0.006927497
-0.009071171
-0.008697879
-0.005446189
-0.000733176
0.003044871
0.004293705
0.003322564
0.001063349
-0.001571015
-0.003548933
-0.004550514
-0.005041498
-0.004903159
-0.003180341
-0.0003833517
0.003095936
0.006256568
0.008041798
0.007916805
0.00650401
0.004985455
0.003304076
0.00114693
-0.001450011
-0.00385906
-0.005300246
-0.004810798
-0.00239451
0.00118052
0.004174512
0.005225289
0.004252065
0.002147392
0.0003882834
0.0003937289
0.002304867
0.004813621
0.006707692
0.007897485
0.007886854
0.007434378
0.008211577
0.01000423
0.01088212
0.009447197
0.005771882
0.0007254703
-0.003860891
-0.00712135
-0.008840188
-0.0093904
-0.008138138
-0.004781891
-0.0006149905
0.003262843
0.00627677
0.008071368
0.008188207
0.006312296
0.002233395
-0.003680451
-0.00958192
-0.01264015
-0.01176718
-0.009601659
-0.008211207
-0.007426856
-0.006627766
-0.005349967
-0.003457889
-0.001857119
-0.001426622
-0.001614589
-0.001538288
-0.0007264814
0.0006719875
0.002004009
0.002382676
0.002434553
0.00331017
0.005182692
0.007388635
0.008970847
0.009160301
0.008374752
0.007340884
0.005682444
0.003018601
8.333085e-05
-0.003529766
-0.007459275
-0.01017652
-0.01039535
-0.008372487
-0.005390356
-0.002837119
-0.00117887
0.0002865947
0.001481284
0.002115849
0.002580342
0.004186799
0.007542569
0.01186841
0.01511768
0.01613911
0.01507193
0.01276182
0.01087137
0.01075797
0.01119255
0.01112832
0.0104562
0.009195227
0.006971871
0.004422933
0.003790984
0.00599343
0.009159931
0.01145629
0.01196768
0.01015536
0.006659976
0.002212693
-0.00353111
-0.01015305
-0.01625583
-0.02069887
-0.02325268
-0.02488917
-0.02584583
-0.02581493
-0.02494293
-0.02390604
-0.02308825
-0.02190581
-0.0190146
-0.0140076
-0.008359878
-0.004671412
-0.004099382
-0.005426426
-0.007221486
-0.008537882
-0.00896042
-0.008320642
-0.007524734
-0.007124046
-0.006326539
-0.004433714
-0.001330829
0.002539898
0.00606879
0.008667037
0.01102852
0.01348888
0.01604324
0.01797534
0.01913925
0.02034832
0.02171312
0.02213328
0.02116597
0.018817
0.01548218
0.01211885
0.008609326
0.004243302
-0.001616565
-0.007762639
-0.01223259
-0.01512474
-0.01727479
-0.01851988
-0.01813626
-0.01696455
-0.0161716
-0.01591394
-0.01500108
-0.01218674
-0.007117783
-0.0003954764
0.006324049
0.01146178
0.01424633
0.01435917
0.01195246
0.008141728
0.004674742
0.002123439
0.001502353
0.001713183
0.0002872813
-0.004125359
-0.01006005
-0.01494302
-0.01704465
-0.01593605
-0.01213595
-0.00696848
-0.002367777
-0.0005458504
-0.002063225
-0.005381678
-0.008796088
-0.01141809
-0.01375894
-0.01612267
-0.0186743
-0.02091078
-0.02189134
-0.01996452
-0.01351793
-0.003305985
0.006163287
0.01060547
0.009474652
0.004671406
-0.001369308
-0.007066021
-0.01186905
-0.01623143
-0.02068063
-0.02429094
-0.02639803
-0.02698981
-0.0249613
-0.02069031
-0.01493478
-0.008155301
-0.0002118576
0.009574892
0.02111589
0.03311067
0.04357928
0.05051009
0.05328593
0.05299779
0.05107281
0.04768993
0.0438319
0.0406999
0.03874225
0.03801693
0.03790551
0.03657347
0.03232801
0.02506625
0.0152821
0.004716054
-0.003955028
-0.008966585
-0.01037307
-0.008583983
-0.003274009
0.004638129
0.01363594
0.02205286
0.02829718
0.03191804
0.03314257
0.03274267
0.03149814
0.02988169
0.02696897
0.02251731
0.01737558
0.01161036
0.00459018
-0.003993919
-0.01292358
-0.01983873
-0.02227456
-0.01953466
-0.01434579
-0.009849903
-0.005720957
-0.0002488896
0.00665381
0.01371984
0.01908818
0.0214281
0.02146371
0.02040356
0.01832814
0.01454762
0.00853882
0.0002511389
-0.01015668
-0.02275457
-0.0359131
-0.04698534
-0.05505666
-0.06031053
-0.06291501
-0.06341364
-0.06164114
-0.05763152
-0.0519199
-0.04510838
-0.03709846
-0.02740719
-0.01666543
-0.006852252
-0.0003105948
0.001899405
0.001189118
-0.0003908836
-0.001904339
-0.002752378
-0.003297182
-0.004244996
-0.004242298
-0.00136583
0.003636038
0.009945745
0.0175134
0.02539617
0.03199432
0.03614513
0.03814958
0.03890754
0.03892553
0.03844109
0.03664252
0.03148289
0.02228482
0.009851363
-0.003237057
-0.01339957
-0.01755668
-0.01566747
-0.01006763
-0.002873458
0.005166629
0.01263959
0.01630139
0.01391879
0.006523941
-0.002669702
-0.009673431
-0.01292416
-0.01358339
-0.01354277
-0.01482829
-0.01851476
-0.023431
-0.02724986
-0.02824334
-0.02649109
-0.02329521
-0.01974518
-0.01630021
-0.01277937
-0.009727097
-0.007885636
-0.00748305
-0.008216372
-0.009485581
-0.009610373
-0.007900756
-0.005057629
-0.001484972
0.002633832
0.006043805
0.007913916
0.007759058
0.005853929
0.004063522
0.004915149
0.009854926
0.01847604
0.02848826
0.03650464
0.03854653
0.03239065
0.02071281
0.008192399
-0.002375164
-0.01050404
-0.01566557
-0.01798027
-0.01901929
-0.02136195
-0.02504442
-0.02841803
-0.03030637
-0.02972139
-0.02665825
-0.0225273
-0.01721278
-0.009568941
-0.0001870453
0.009002927
0.01674293
0.02232477
0.02571161
0.02747616
0.02740082
0.02515238
0.02199019
0.02048835
0.02156845
0.02448427
0.02762971
0.02909617
0.02771749
0.02433056
0.02066006
0.01865403
0.01902437
0.01997012
0.01840176
0.01312616
0.004335557
-0.00473328
-0.01064261
-0.01178614
-0.008302487
-0.001992086
0.003930407
0.007714805
0.01037485
0.01375319
0.01709602
0.01861464
0.01705301
0.01006736
-0.00181989
-0.01555467
-0.0269921
-0.03238669
-0.03004655
-0.02014586
-0.00579136
0.007739107
0.01665555
0.02091981
0.02255279
0.02253893
0.02069824
0.01668213
0.01086018
0.004946449
0.001414838
0.001775549
0.005227572
0.009865819
0.01283785
0.01174886
0.006063645
-0.00262028
-0.0118558
-0.01923648
-0.02230673
-0.02029682
-0.01457344
-0.007713147
-0.0018187
0.002190162
0.00412518
0.003772078
0.001484316
-0.001177018
-0.002592345
-0.0009110942
0.004319297
0.01151789
0.01798019
0.02222369
0.02406984
0.02431062
0.02261654
0.01882863
0.01356067
0.008059098
0.004308556
0.002833051
0.002156209
0.001049286
-0.0007581647
-0.002651907
-0.004045972
-0.00459167
-0.003542475
-0.001182449
0.001103226
0.002673318
0.002433339
-0.001565456
-0.008608168
-0.01657107
-0.02324248
-0.02703539
-0.02832689
-0.02916256
-0.03106547
-0.03420132
-0.03761657
-0.04001013
-0.04115697
-0.0405407
-0.03705967
-0.03114433
-0.02417621
-0.01763292
-0.01235989
-0.007917716
-0.003575253
0.001250291
0.005765791
0.00865164
0.01057807
0.01326935
0.01684732
0.02157192
0.02683017
0.03004822
0.02763911
0.01851573
0.004887425
-0.008313337
-0.01658274
-0.01931805
-0.0187313
-0.01729384
-0.01546916
-0.0127208
-0.00850603
-0.002811053
0.002933252
0.006996389
0.008676408
0.008360711
0.00679964
0.003749677
7.843531e-05
-0.001301896
0.001504671
0.007196573
0.0137629
0.01856731
0.01958151
0.01679454
0.0118338
0.006829557
0.003946046
0.005119751
0.0108939
0.01938091
0.02754798
0.03325074
0.03537751
0.03398367
0.03043877
0.02743104
0.02679672
0.02776825
0.02775646
0.02555842
0.02029274
0.01184324
0.002228309
-0.006087142
-0.01157294
-0.01341792
-0.01280156
-0.01260948
-0.01457751
-0.01788679
-0.01914542
-0.01444552
-0.004006295
0.007810816
0.01638879
0.0198811
0.01947123
0.01667741
0.0126059
0.007896296
0.003009021
-0.001949581
-0.00689522
-0.01080078
-0.01160218
-0.007698671
-0.0001889936
0.007216681
0.01035833
0.00667183
-0.001664635
-0.009583962
-0.01396704
-0.01468091
-0.01253235
-0.00878542
-0.005227896
-0.002642941
-0.0001189659
0.002947309
0.006668732
0.01078684
0.01478251
0.0172849
0.01650208
0.01208116
0.004483858
-0.005984257
-0.01739576
-0.02738092
-0.03524438
-0.04138506
-0.04550372
-0.04634989
-0.04376166
-0.03829591
-0.03204619
-0.02776804
-0.02730267
-0.02944877
-0.03126748
-0.03029177
-0.02651719
-0.02243406
-0.02098774
-0.02332008
-0.02737198
-0.03052703
-0.03129157
-0.02944293
-0.0264182
-0.0245379
-0.02579041
-0.03015828
-0.03534167
-0.03914655
-0.04040069
-0.0388314
-0.03474014
-0.02924726
-0.02257379
-0.01498317
-0.006876935
0.001627367
0.009953958
0.01700825
0.02134081
0.02346851
0.02500506
0.0271738
0.03110165
0.03685458
0.04288394
0.04648084
0.04495877
0.03745031
0.02537698
0.01254185
0.00173965
-0.007101418
-0.01583213
-0.02598827
-0.03696579
-0.04616203
-0.05204632
-0.05418368
-0.05188283
-0.04412585
-0.03151668
-0.01696439
-0.004141518
0.004486032
0.008546236
0.009577306
0.009333242
0.008597156
0.007591949
0.006132837
0.004928988
0.006297923
0.01165333
0.02101385
0.03265931
0.04484594
0.05631724
0.06509322
0.06941456
0.06973161
0.06847894
0.06639654
0.06372165
0.06036804
0.05721097
0.05515009
0.05444727
0.05446735
0.05292334
0.04756607
0.0387111
0.02790571
0.01630173
0.004242968
-0.008195789
-0.01979598
-0.02895963
-0.03452965
-0.0354891
-0.03187257
-0.02487566
-0.01581789
-0.006682502
-0.0002564802
0.00156753
-0.002539311
-0.0125224
-0.02554598
-0.03740603
-0.04659404
-0.05443951
-0.06178926
-0.06785795
-0.07193706
-0.0736941
-0.07285207
-0.06969306
-0.06521427
-0.06088141
-0.05731242
-0.05429929
-0.05044923
-0.04418392
-0.0357372
-0.02825702
-0.02487173
-0.02586689
-0.02982952
-0.03516276
-0.04010598
-0.04288182
-0.04361961
-0.04255139
-0.03954999
-0.03501556
-0.02977599
-0.02413805
-0.0183023
-0.01216723
-0.005696038
0.0004691117
0.005856058
0.0104366
0.01470325
0.01808599
0.01969849
0.01864342
0.01526463
0.01091594
0.005936491
0.0005346735
-0.004709838
-0.009629816
-0.01352019
-0.0148526
-0.01300077
-0.009362563
-0.004541854
0.0009600473
0.006433062
0.01145607
0.01524898
0.01754372
0.01685706
0.01123626
-0.001163715
-0.02054334
-0.04247522
-0.060242
-0.07022378
-0.07324608
-0.07210145
-0.06903747
-0.06532794
-0.06160319
-0.05723293
-0.05062873
-0.04118041
-0.02902885
-0.01427751
0.00155028
0.01606384
0.0282572
0.03732329
0.04287518
0.04507683
0.04500778
0.04396209
0.04288804
0.04234008
0.04193999
0.03988963
0.03526007
0.02937794
0.02436546
0.02165552
0.0213798
0.02246906
0.0243109
0.0273419
0.03254092
0.03968418
0.04697089
0.05340008
0.05915233
0.06476962
0.06965345
0.07407252
0.07795657
0.08105238
0.08284933
0.08133203
0.07313633
0.05496996
0.02823169
0.0004684184
-0.02093884
-0.03509226
-0.04395006
-0.04507355
-0.03821461
-0.02666584
-0.01481063
-0.005736637
-0.000445322
0.001795319
0.00392578
0.008817442
0.01682933
0.02669434
0.03775942
0.04845574
0.0576326
0.06522011
0.07097769
0.0749593
0.07798989
0.08091116
0.08352459
0.08494293
0.08458434
0.08185373
0.07681066
0.07017575
0.06307979
0.0565224
0.05132509
0.04770391
0.0456221
0.04448985
0.04366371
0.04292596
0.04148487
0.03757895
0.03051044
0.02056869
0.007800328
-0.006160768
-0.01992844
-0.03279239
-0.04383675
-0.05234837
-0.0590143
-0.06371917
-0.06504328
-0.06145838
-0.05249283
-0.04029796
-0.0276108
-0.01735207
-0.01163264
-0.010622
-0.01392961
-0.01963885
-0.02626913
-0.03348134
-0.04026589
-0.04646678
-0.05334625
-0.06151598
-0.07031348
-0.07835924
-0.0824516
-0.0804129
-0.07293935
-0.06291407
-0.05315908
-0.04553317
-0.04044303
-0.03667751
-0.03260604
-0.02707127
-0.01986629
-0.0113014
-0.00253882
0.00534934
0.01213111
0.01814131
0.02372545
0.02883249
0.03351441
0.03772255
0.04135805
0.04397679
0.04591138
0.04800078
0.04910972
0.0483456
0.04616631
0.0435398
0.04118965
0.03870873
0.0353439
0.03043778
0.0249963
0.02101973
0.01861878
0.01606856
0.0120712
0.006085112
-0.001497161
-0.009525187
-0.01719108
-0.0240635
-0.0302069
-0.03558278
-0.03969222
-0.04287539
-0.0456315
-0.04713252
-0.04624108
-0.04243509
-0.03464417
-0.0241026
-0.01490139
-0.01021303
-0.009404772
-0.01057951
-0.01245494
-0.01436876
-0.0164194
-0.0192042
-0.02331486
-0.02904361
-0.03585435
-0.04275193
-0.04882981
-0.05309111
-0.05477766
-0.05447671
-0.05242128
-0.0487763
-0.04460179
-0.0417437
-0.04274326
-0.04914806
-0.05906778
-0.0670788
-0.06909684
-0.0646695
-0.05527297
-0.04195677
-0.0259636
-0.008943825
0.007023909
0.02090099
0.03209671
0.04013165
0.04613826
0.05198955
0.0584033
0.06483072
0.07025295
0.07263797
0.07003551
0.06174758
0.04998325
0.03819566
0.02905112
0.02420013
0.02382795
0.02571111
0.02841728
0.03049317
0.02998537
0.02568901
0.01861553
0.01065859
0.004062216
0.001000861
0.002180227
0.006533449
0.01204751
0.01745437
0.02153943
0.02362148
0.02331719
0.02040598
0.01594988
0.01156254
0.007806077
0.004942143
0.003180595
0.00231732
0.002561468
0.005621864
0.01161817
0.01983297
0.02901342
0.03721456
0.0437535
0.04903043
0.05374197
0.05734096
0.05858519
0.05704574
0.05191685
0.04194334
0.02764138
0.009578297
-0.008336273
-0.02074437
-0.02536844
-0.02261085
-0.01463554
-0.004006715
0.006925786
0.0163972
0.02327018
0.02754041
0.02915226
0.02640649
0.01734162
0.001715325
-0.01738916
-0.03518465
-0.04894363
-0.05868936
-0.06560611
-0.07020279
-0.07159434
-0.0684008
-0.05932815
-0.04534472
-0.0302304
-0.017642
-0.01004914
-0.007782297
-0.008712274
-0.010181
-0.009762902
-0.004818966
0.005678287
0.0200998
0.03543123
0.04788886
0.05231707
0.04537835
0.02978109
0.01242573
-0.001932097
-0.01210154
-0.01945189
-0.02568974
-0.03216908
-0.03927852
-0.04699612
-0.05475069
-0.06173609
-0.0674006
-0.07147717
-0.0743068
-0.07639082
-0.07807231
-0.07950298
-0.08093066
-0.08216024
-0.08311291
-0.08272923
-0.07778706
-0.06431772
-0.04332361
-0.0207817
-0.002353208
0.01017396
0.01810819
0.02242332
0.02415781
0.02436889
0.02416362
0.02446787
0.02586961
0.02854752
0.03281547
0.03804606
0.04372413
0.04959216
0.05573824
0.0621724
0.06812744
0.07333095
0.07777864
0.08097815
0.08263235
0.0824222
0.07924519
0.07062752
0.05554581
0.03375167
0.00742856
-0.01734326
-0.03410915
-0.04137494
-0.04246537
-0.0408963
-0.03801604
-0.03480581
-0.03208568
-0.02945165
-0.02743656
-0.02764177
-0.03136778
-0.0382888
-0.04676342
-0.05510876
-0.06270098
-0.06919724
-0.07506347
-0.08166065
-0.08768271
-0.08569398
-0.06704904
-0.03354574
0.001220466
0.02693181
0.04186136
0.047542
0.04675471
0.04290683
0.03878482
0.0361257
0.03589384
0.03799719
0.04186157
0.04665661
0.05166521
0.05661667
0.06110284
0.06463281
0.06716259
0.06796814
0.06649718
0.06240772
0.05360721
0.03738356
0.01319345
-0.01423341
-0.03408442
-0.04099706
-0.0396526
-0.03494496
-0.0280228
-0.01992281
-0.01307995
-0.008624563
-0.00580627
-0.004422673
-0.004604318
-0.005359041
-0.005659209
-0.004076559
-0.0003257098
0.005134075
0.01144426
0.01644183
0.01853809
0.01756733
0.01435238
0.01063396
0.009080111
0.01128708
0.01660213
0.02435444
0.03400828
0.04497892
0.0565249
0.06726457
0.07608295
0.08294653
0.08877853
0.09473723
0.1014092
0.1083096
0.1143496
0.1179218
0.1172943
0.1119589
0.1027425
0.09180654
0.08069242
0.0704621
0.06257244
0.0574244
0.05439274
0.05335666
0.05410097
0.05477155
0.0548259
0.05447084
0.05383472
0.05351563
0.05383907
0.0548034
0.05528654
0.05394122
0.05078257
0.04583837
0.038985
0.03043842
0.02045226
0.008732372
-0.004795803
-0.01948471
-0.03429757
-0.04768567
-0.05771849
-0.0632849
-0.06442139
-0.06273558
-0.06012569
-0.05785092
-0.05745178
-0.0595806
-0.06430231
-0.07131066
-0.08008773
-0.08959306
-0.09861359
-0.1066098
-0.112975
-0.1169635
-0.1193938
-0.1218874
-0.1247726
-0.1279714
-0.1316683
-0.1356773
-0.139671
-0.1431017
-0.1457186
-0.1483076
-0.1509557
-0.1535092
-0.1562635
-0.1584441
-0.1594457
-0.1599631
-0.1584705
-0.1508673
-0.1331641
-0.1067901
-0.07822806
-0.05228074
-0.03008466
-0.01165748
0.003141871
0.0147226
0.02361218
0.03059367
0.03613577
0.04019938
0.04327441
0.04594583
0.04821623
0.04978758
0.05007599
0.04910227
0.04703737
0.04395484
0.04058504
0.0380378
0.03651787
0.03612242
0.03671606
0.03805479
0.03915099
0.03965756
0.03927624
0.03610266
0.02868587
0.01794812
0.005914812
-0.005417185
-0.01432194
-0.02045331
-0.02410308
-0.02497173
-0.02307467
-0.01950488
-0.01532619
-0.01018391
-0.003699569
0.003111152
0.009145377
0.01409443
0.01779413
0.01981834
0.02007446
0.01856658
0.01512562
0.01028932
0.004111867
-0.0036487
-0.0114674
-0.01596915
-0.0142489
-0.006746401
0.003626884
0.01374048
0.02096433
0.02494327
0.02658308
0.02683343
0.02690013
0.02746624
0.02883633
0.03181656
0.03652387
0.04198836
0.04786609
0.05480716
0.06204198
0.06877743
0.07459214
0.07962031
0.08445369
0.08932469
0.09401733
0.09844556
0.1026955
0.1061888
0.1086892
0.1098915
0.1099274
0.1089541
0.1068096
0.103919
0.1022136
0.1040558
0.1097403
0.1171894
0.1229304
0.1238379
0.1205282
0.1152628
0.1093922
0.1023739
0.09414663
0.08467644
0.07384325
0.06099352
0.04551257
0.02792818
0.009537872
-0.00848745
-0.02546076
-0.0406171
-0.05402313
-0.06568934
-0.07570911
-0.08416485
-0.09045682
-0.09376672
-0.0932211
-0.0893502
-0.08314182
-0.07560459
-0.06856799
-0.06392869
-0.06258957
-0.06324712
-0.06252862
-0.05579842
-0.04137897
-0.02182224
-0.001414574
0.01655707
0.03078684
0.04094157
0.04743067
0.05064653
0.05135975
0.05058918
0.04967278
0.04940109
0.04970681
0.05036983
0.05057252
0.04906025
0.04337616
0.03079219
0.0125235
-0.006402578
-0.02217297
-0.03513501
-0.04643938
-0.05650887
-0.06452922
-0.07069318
-0.07630214
-0.08204361
-0.08819162
-0.09474129
-0.1008813
-0.1054885
-0.1074439
-0.1067661
-0.1046492
-0.1022306
-0.1011351
-0.1035224
-0.1093799
-0.1173314
-0.1259589
-0.1340345
-0.1406186
-0.1446165
-0.1456386
-0.1442722
-0.1415435
-0.1379506
-0.1303365
-0.112099
-0.08398581
-0.05616594
-0.03591223
-0.02304221
-0.01481844
-0.01009187
-0.008545648
-0.009560145
-0.01327311
-0.01920682
-0.02438503
-0.02633875
-0.02447778
-0.01953765
-0.01262068
-0.004769472
0.002646672
0.008201217
0.0107986
0.008735744
0.001493408
-0.007978895
-0.01483929
-0.01750531
-0.01666897
-0.0134809
-0.008673125
-0.002931825
0.003044247
0.008965888
0.01459947
0.01972791
0.02458239
0.0292001
0.03356582
0.03799152
0.04236771
0.04671586
0.05102033
0.05593316
0.06162872
0.0673115
0.07262979
0.07819756
0.0842893
0.09070488
0.09708046
0.10367
0.1103003
0.1167499
0.1229992
0.1280651
0.1311424
0.1311029
0.1254565
0.1111119
0.08698983
0.0572288
0.02855785
0.005098543
-0.01250062
-0.02541372
-0.03450592
-0.03990148
-0.04283051
-0.04456775
-0.04565764
-0.04653234
-0.04765579
-0.04942772
-0.05174583
-0.05402446
-0.05545549
-0.0566132
-0.05802971
-0.05925918
-0.0604492
-0.06189939
-0.06317325
-0.0635884
-0.06086187
-0.05142388
-0.03459173
-0.01367641
0.006163644
0.0219868
0.03351954
0.04137327
0.04633734
0.04890456
0.04953322
0.04901119
0.04726734
0.04443339
0.04116281
0.03847763
0.03798948
0.03990372
0.04249457
0.04542731
0.04922543
0.05395547
0.05931891
0.06466543
0.06877459
0.07154825
0.07375372
0.0751914
0.07245678
0.06033073
0.03871272
0.01472975
-0.004506772
-0.01754732
-0.02593936
-0.03028123
-0.03115062
-0.03071959
-0.03063418
-0.03185621
-0.03489843
-0.03895625
-0.04295584
-0.04725345
-0.05126806
-0.05400891
-0.05532587
-0.05610498
-0.0568938
-0.05727165
-0.05566072
-0.04856309
-0.03334603
-0.01377353
0.003161097
0.01485188
0.02294694
0.02861441
0.03272057
0.03684649
0.04182557
0.04613951
0.04718611
0.04492638
0.04159488
0.03827828
0.03517554
0.03259656
0.02986408
0.02697762
0.02497555
0.02508957
0.02779349
0.03206638
0.03568604
0.03558129
0.02995109
0.01937774
0.005427683
-0.01037815
-0.02551815
-0.03650539
-0.0413698
-0.04035684
-0.03552022
-0.02964166
-0.02495363
-0.02237962
-0.02206368
-0.02468473
-0.02989894
-0.03593116
-0.04073245
-0.04412305
-0.04633921
-0.04787618
-0.04945646
-0.0519309
-0.05496131
-0.05795759
-0.06067941
-0.06315038
-0.0654035
-0.06678589
-0.06761461
-0.06872324
-0.07069811
-0.07322204
-0.07567809
-0.07835261
-0.081309
-0.08433016
-0.08693445
-0.08830076
-0.08744285
-0.08214103
-0.07004718
-0.05246829
-0.0345143
-0.01979042
-0.008731014
-0.0004143702
0.005521337
0.009594287
0.01266125
0.01500047
0.01657838
0.01841178
0.02103562
0.02440887
0.02877613
0.03431543
0.0414321
0.04980578
0.05925735
0.06915697
0.07879677
0.08770752
0.09565724
0.1021104
0.1061327
0.1075735
0.1060128
0.09950829
0.08654747
0.06736047
0.04446654
0.02162033
0.002591333
-0.01093175
-0.01877039
-0.02158858
-0.0206988
-0.01775858
-0.01402744
-0.00968258
-0.004234181
0.001875339
0.007589301
0.01149266
0.0127086
0.01125589
0.007799659
0.003955895
0.000592784
-0.002443838
-0.004250531
-0.003716798
-0.001931212
0.0008543324
0.004741001
0.009474569
0.01474117
0.02020625
0.02510257
0.02945372
0.03370432
0.03735306
0.0395785
0.03905009
0.0358346
0.03129074
0.02718959
0.0242444
0.02217344
0.02074596
0.01994838
0.01956562
0.02049921
0.02322561
0.02705703
0.03137148
0.03587978
0.03985202
0.04288578
0.0449517
0.04555182
0.04386726
0.04006543
0.03487183
0.02914677
0.02447296
0.02220713
0.02238614
0.02437262
0.0270347
0.02934248
0.03109105
0.03208571
0.03214185
0.03118913
0.02900355
0.02553697
0.02111113
0.01583904
0.01013347
0.004391691
-0.000503638
-0.004917451
-0.008794137
-0.0119359
-0.01459122
-0.01686273
-0.01874332
-0.01934175
-0.01783491
-0.01477956
-0.01080647
-0.005981879
-0.0001299849
0.006865284
0.01447535
0.0213269
0.0261983
0.02855058
0.02789871
0.02338722
0.01569192
0.006436199
-0.002695589
-0.01006496
-0.01557829
-0.01980242
-0.02342039
-0.02654254
-0.02919087
-0.03159161
-0.03425877
-0.03692724
-0.03939861
-0.04215866
-0.04486693
-0.04679253
-0.04837267
-0.05052894
-0.05301711
-0.05560879
-0.05788959
-0.05945755
-0.0599175
-0.05934066
-0.05797655
-0.05668233
-0.05567038
-0.05477269
-0.05408839
-0.0533727
-0.05210793
-0.05088374
-0.04990489
-0.04874108
-0.04724246
-0.04574543
-0.04425523
-0.04288397
-0.04128933
-0.03913583
-0.03591796
-0.0318789
-0.02807527
-0.02450121
-0.0217434
-0.0205476
-0.02067703
-0.02148607
-0.02245551
-0.0239064
-0.02617954
-0.028478
-0.03035187
-0.03163874
-0.03189353
-0.03070394
-0.02920261
-0.02854054
-0.02957412
-0.03195065
-0.03456841
-0.03717764
-0.03919555
-0.03996166
-0.03942301
-0.0381371
-0.03612244
-0.03341698
-0.03047896
-0.02730388
-0.02361407
-0.01965967
-0.01587883
-0.0124211
-0.009460382
-0.007547161
-0.006081429
-0.004968663
-0.004315349
-0.00366032
-0.002176745
-0.0003645907
0.001164203
0.002581643
0.003743906
0.004999645
0.006395227
0.006912941
0.005685547
0.001739168
-0.004992194
-0.01292263
-0.01953665
-0.02260662
-0.0216718
-0.0177021
-0.01204546
-0.005708969
0.0007737763
0.006361291
0.01087551
0.01547437
0.02040048
0.02489088
0.02851879
0.03191207
0.03507712
0.03779425
0.0399532
0.04185609
0.043741
0.04564964
0.04782693
0.050542
0.05351374
0.05647293
0.05941204
0.06235647
0.06511594
0.06740428
0.06897843
0.06913657
0.0674073
0.06329015
0.055972
0.04622102
0.03679515
0.02906282
0.02312366
0.01870332
0.0151666
0.01142496
0.007826705
0.005715185
0.005445942
0.006722665
0.009554372
0.01364541
0.01801418
0.02151846
0.02415935
0.02601966
0.02740015
0.0287993
0.03019805
0.03208154
0.03469008
0.03808986
0.04274759
0.04839103
0.05458976
0.06137082
0.06813587
0.07363846
0.07731876
0.07975122
0.08066691
0.07986367
0.0780455
0.07579808
0.07292935
0.06933265
0.06493528
0.05930128
0.0527438
0.04560548
0.03738988
0.02856991
0.02106307
0.01538256
0.0113075
0.008698676
0.007593873
0.007285708
0.006906688
0.006227926
0.004924652
0.003373901
0.001802051
0.0007857484
0.0005124358
0.0007626712
0.001776863
0.00352606
0.005523469
0.007560557
0.009640959
0.01122897
0.01144503
0.01038391
0.008828527
0.007130437
0.004695196
0.001758116
-0.001415412
-0.005054477
-0.009238086
-0.01397364
-0.01869388
-0.02291878
-0.02681307
-0.03019433
-0.03286762
-0.03555654
-0.03801518
-0.03972803
-0.04120471
-0.04241048
-0.04315256
-0.04336896
-0.0433889
-0.043214
-0.04231157
-0.04052838
-0.03814326
-0.03575216
-0.034489
-0.03451768
-0.03534539
-0.03667351
-0.0385133
-0.0401105
-0.04063422
-0.04019556
-0.03879067
-0.03618309
-0.03167546
-0.02581757
-0.01992508
-0.01493304
-0.01127846
-0.008934591
-0.007508539
-0.006849649
-0.006643033
-0.006971168
-0.007245952
-0.007298663
-0.007282739
-0.007019557
-0.006474033
-0.006168537
-0.006182322
-0.006506248
-0.007026277
-0.007208871
-0.00739641
-0.00830572
-0.009801011
-0.01156346
-0.01400347
-0.01667356
-0.01942532
-0.0228808
-0.02629084
-0.02919038
-0.03263876
-0.03642655
-0.03951619
-0.04147382
-0.04239084
-0.04258104
-0.04226827
-0.0414339
-0.04064147
-0.04043133
-0.04048857
-0.04030761
-0.03984461
-0.03937221
-0.03837317
-0.0368454
-0.03553796
-0.03453927
-0.03384855
-0.0335939
-0.03354443
-0.03380992
-0.0348438
-0.03616516
-0.03693978
-0.03748358
-0.03773044
-0.03728448
-0.03598376
-0.03443949
-0.03286599
-0.0316079
-0.03086589
-0.0308624
-0.03139007
-0.03219033
-0.03352166
-0.03456837
-0.03485223
-0.03461955
-0.03373019
-0.03186701
-0.02863207
-0.02402803
-0.01917287
-0.01514239
-0.01205773
-0.009732559
-0.007865399
-0.005656159
-0.003485339
-0.001527347
0.0006391509
0.003132995
0.005420436
0.007253479
0.008304512
0.008100248
0.00636126
0.003510187
7.011922e-05
-0.003194993
-0.004609063
-0.003364272
0.0003306283
0.005282467
0.01018865
0.01418777
0.01679352
0.01807969
0.01911129
0.02068148
0.0228667
0.02608192
0.0302991
0.03473315
0.03944144
0.04440293
0.04913174
0.05303634
0.05616543
0.05905255
0.06169849
0.0638677
0.06603787
0.06849493
0.07073054
0.07270474
0.07446128
0.07576341
0.07632051
0.07558867
0.07380515
0.07129474
0.0680779
0.06464854
0.06088599
0.05691823
0.05340545
0.05071365
0.04849367
0.04705247
0.04634969
0.04621267
0.04611192
0.04551579
0.044099
0.04130292
0.03750222
0.03372135
0.03029966
0.02688089
0.02369305
0.02092734
0.01869699
0.01716128
0.01666968
0.01717239
0.01869941
0.02076378
0.02310768
0.02538463
0.02661584
0.02706277
0.02729767
0.0268337
0.02564829
0.02370243
0.02100857
0.01755107
0.01327004
0.008974755
0.00516311
0.002238104
0.0005411061
-0.0001594162
-0.0003875318
0.0003843919
0.001922187
0.003471124
0.005024286
0.0062896
0.007020103
0.006953504
0.00645523
0.006051342
0.005071322
0.00301743
0.0006780993
-0.0008134723
-0.001963331
-0.003354267
-0.004600056
-0.0058599
-0.007308377
-0.008494642
-0.009699977
-0.01139261
-0.01331005
-0.01528724
-0.01776506
-0.02076433
-0.02323089
-0.02541348
-0.02783567
-0.0300669
-0.03203163
-0.03375759
-0.03525349
-0.03650139
-0.03695496
-0.03697889
-0.03694643
-0.03643054
-0.03535208
-0.0347937
-0.03480078
-0.03509781
-0.03564679
-0.03619889
-0.03673578
-0.03669313
-0.036158
-0.03589641
-0.03570246
-0.03505273
-0.03394092
-0.03208606
-0.02892246
-0.02414401
-0.01856
-0.01328567
-0.008591698
-0.00468792
-0.001734939
0.0002484887
0.001221535
0.0009945753
-0.0004557322
-0.002888353
-0.006653958
-0.01147533
-0.016329
-0.02033679
-0.02324184
-0.02512874
-0.02626436
-0.02695588
-0.02738296
-0.02784674
-0.02830006
-0.02904798
-0.03002921
-0.03104549
-0.03207927
-0.03305742
-0.03372473
-0.03414832
-0.03513229
-0.03663356
-0.03787404
-0.03908475
-0.04076794
-0.04252438
-0.04405527
-0.04559811
-0.04662132
-0.04667052
-0.04576846
-0.04390073
-0.04049252
-0.03516693
-0.02903882
-0.02341347
-0.01900318
-0.01588921
-0.01406377
-0.01267258
-0.01155573
-0.01059508
-0.00936881
-0.007844047
-0.006589516
-0.005644947
-0.004743413
-0.003746561
-0.002506788
-0.001261752
-0.0003493325
0.0008726272
0.002342234
0.003896287
0.005152103
0.006114587
0.006793281
0.00722601
0.007933332
0.008891352
0.009940684
0.01118929
0.01241702
0.0131312
0.01392467
0.01472299
0.01473602
0.01389152
0.01300618
0.01271167
0.01295301
0.01372861
0.01499875
0.01673199
0.01844677
0.02014175
0.02237019
0.02459684
0.02658723
0.02850797
0.03041182
0.03233303
0.03450355
0.03717899
0.04013094
0.04334461
0.04684319
0.05010465
0.05285116
0.05480051
0.05597529
0.05665397
0.0568725
0.05689321
0.0566692
0.05591492
0.05472099
0.05326753
0.0515266
0.04899272
0.0464792
0.04476259
0.04310315
0.04141612
0.03996737
0.03853463
0.03692384
0.03473024
0.03206357
0.02878467
0.02526966
0.02193096
0.01945794
0.01802144
0.0174581
0.01707967
0.01644818
0.01516579
0.01344199
0.01141646
0.009475076
0.007256747
0.005075864
0.003034057
0.001010174
-0.0004941181
-0.0009411247
-0.0008830518
-0.0006730468
6.26089e-06
0.001467317
0.003781893
0.006121196
0.008176667
0.009647192
0.01010172
0.01005079
0.009742721
0.009019527
0.008130476
0.006987224
0.004825392
0.001512365
-0.002080567
-0.005409582
-0.007836437
-0.009445878
-0.01051997
-0.01170018
-0.01343772
-0.01522409
-0.01671231
-0.01816246
-0.01937353
-0.0204013
-0.02119802
-0.02130265
-0.0204035
-0.01822258
-0.0145177
-0.009709279
-0.004336556
0.0008204664
0.00433568
0.005789164
0.005417888
0.00389951
0.001176205
-0.002700367
-0.007409256
-0.01292182
-0.01900645
-0.02426782
-0.02802081
-0.03042115
-0.03160144
-0.0312326
-0.03009379
-0.02897579
-0.02822921
-0.02804561
-0.02809597
-0.02812263
-0.02811169
-0.02810446
-0.02810463
-0.02809454
-0.0280874
-0.0281234
-0.02817226
-0.02794645
-0.02718699
-0.02620051
-0.02520146
-0.02395989
-0.02245657
-0.02124104
-0.02025271
-0.01907856
-0.01784401
-0.01688028
-0.01561137
-0.01436488
-0.01353842
-0.01325399
-0.01351659
-0.01458079
-0.0161449
-0.01738176
-0.01832997
-0.01934677
-0.02027154
-0.02021192
-0.01827706
-0.01445256
-0.009565231
-0.004509093
1.82662e-05
0.003486928
0.005900727
0.006999478
0.007361586
0.007823472
0.008313163
0.00863386
0.008594591
0.008590007
0.008301059
0.008071696
0.008017279
0.00799086
0.00824225
0.009030281
0.009863788
0.0101976
0.01001289
0.009021481
0.00702602
0.004305599
0.001343474
-0.002063118
-0.006064663
-0.009883257
-0.01325044
-0.01526116
-0.01545685
-0.01431344
-0.01242615
-0.01041155
-0.008681423
-0.007239585
-0.005769296
-0.004565463
-0.003587132
-0.002611331
-0.001642532
-0.0008910736
-0.0003634609
0.0001819884
0.0001598095
-0.0006154013
-0.001417524
-0.001932027
-0.002631902
-0.003313634
-0.003795643
-0.004632119
-0.00552422
-0.005379678
-0.003633701
-0.0008778765
0.00237632
0.00640625
0.01089394
0.01463148
0.0175497
0.02048013
0.02269692
0.02397659
0.02470809
0.02466887
0.02366069
0.02214139
0.02062576
0.01881044
0.01702437
0.01621267
0.01648019
0.01725197
0.01882363
0.02090301
0.02273682
0.02371987
0.02392155
0.02385288
0.02351758
0.02295442
0.0229644
0.02371729
0.02447112
0.02517873
0.02664613
0.02844335
0.02998402
0.03140737
0.03254706
0.03379313
0.03539994
0.03653743
0.03638347
0.03467984
0.03172891
0.02749861
0.02193864
0.01608128
0.01105096
0.00736206
0.005000277
0.003616049
0.003200112
0.003215618
0.003478555
0.004268505
0.005314347
0.006107311
0.006378657
0.006390802
0.005942464
0.004672922
0.003059848
0.001424572
0.0006483978
0.001178045
0.002287437
0.003649096
0.005020679
0.00554762
0.004991182
0.003597048
0.002346086
0.001430642
0.0002965521
-0.001441115
-0.003462028
-0.005423584
-0.007340935
-0.009486882
-0.01197722
-0.01450592
-0.01700797
-0.01891519
-0.02030499
-0.0219574
-0.0238911
-0.02587476
-0.02806313
-0.03054313
-0.03298886
-0.03542495
-0.03780231
-0.04048745
-0.043464
-0.04647701
-0.04921864
-0.05139745
-0.0531016
-0.05436677
-0.05517912
-0.05497632
-0.05334466
-0.05053372
-0.0461558
-0.03936833
-0.03101582
-0.02318217
-0.01652107
-0.01065428
-0.006270951
-0.003338271
-0.001473924
-0.0005664539
-0.0003788822
-0.0004540795
-0.0006999312
-0.001113729
-0.001674514
-0.003286409
-0.006469912
-0.01105674
-0.01615485
-0.02097096
-0.02478239
-0.02705919
-0.02752335
-0.02591452
-0.02306702
-0.01991816
-0.01680557
-0.01434345
-0.01345345
-0.01339022
-0.01271446
-0.01197245
-0.01119977
-0.01026206
-0.009048664
-0.007527698
-0.006033959
-0.004532666
-0.003296513
-0.002279665
-0.001546437
-0.001351541
-0.001406008
-0.00138068
-0.001289969
-0.001549556
-0.00245065
-0.003120348
-0.002404896
-0.0005208847
0.001637901
0.003437701
0.004566355
0.005203588
0.005867818
0.007124178
0.008382205
0.009573608
0.0109983
0.01270012
0.01494853
0.01717608
0.01939382
0.0218098
0.02404736
0.0263002
0.02850636
0.02997651
0.03119443
0.03242375
0.03296596
0.03299435
0.03251776
0.03111527
0.02895188
0.0257341
0.02142788
0.01702384
0.01320692
0.01080997
0.01000093
0.009417967
0.00869998
0.008113683
0.007734808
0.008188023
0.00967114
0.01221784
0.01520244
0.01824488
0.02147162
0.02444974
0.02640485
0.02810293
0.02955093
0.03024563
0.03070026
0.0311537
0.03170782
0.0319537
0.03190422
0.03184864
0.0320707
0.03261621
0.03314026
0.03367555
0.03393087
0.03393316
0.03367178
0.03313603
0.03264485
0.03214821
0.03172015
0.03105153
0.02995382
0.02806028
0.02489778
0.02043756
0.01522905
0.009478655
0.003494321
-0.002006384
-0.006390332
-0.009783077
-0.01240385
-0.01457185
-0.01597844
-0.01701402
-0.01800516
-0.01826073
-0.01743608
-0.01668441
-0.01596319
-0.01477878
-0.01301137
-0.01122853
-0.009749109
-0.008255981
-0.00700759
-0.00622661
-0.006027874
-0.006274152
-0.006793812
-0.007510956
-0.008744881
-0.01001489
-0.0113233
-0.01259417
-0.01306294
-0.01302051
-0.01293398
-0.01286497
-0.01287316
-0.013365
-0.01435457
-0.01508021
-0.01610742
-0.01761094
-0.01865245
-0.01911816
-0.01955482
-0.01979977
-0.01985461
-0.01965164
-0.01890667
-0.01764072
-0.01606575
-0.01473845
-0.01389879
-0.01391598
-0.01501425
-0.0166548
-0.01788655
-0.01854942
-0.01921395
-0.02047253
-0.02152216
-0.02207116
-0.02253088
-0.02247809
-0.02196256
-0.02168912
-0.02146608
-0.02097505
-0.02049303
-0.01999489
-0.01952243
-0.01876868
-0.01800189
-0.01749967
-0.01700544
-0.01674685
-0.0167044
-0.01695841
-0.01772515
-0.01870666
-0.01968479
-0.02089047
-0.02243481
-0.02379816
-0.02461288
-0.02433916
-0.02287821
-0.02093571
-0.01820768
-0.01412617
-0.01002457
-0.006987381
-0.00491055
-0.003353257
-0.00198157
-0.0002123363
0.001852567
0.003597144
0.004536948
0.005213343
0.00622759
0.006751338
0.006746048
0.006620457
0.006550397
0.006832539
0.007653423
0.008429501
0.008650749
0.008840804
0.00935443
0.009817446
0.01010093
0.01035387
0.01095385
0.01071774
0.009706237
0.008585697
0.007553619
0.006820576
0.006595187
0.006634689
0.006853846
0.007318777
0.008039195
0.009366672
0.01068426
0.01149712
0.01153172
0.01082105
0.00933594
0.006762051
0.00386185
0.001672921
0.0008432812
0.001900343
0.004739938
0.008368374
0.01194879
0.01525564
0.01747808
0.01838484
0.01844059
0.01834311
0.01860271
0.01917383
0.01944535
0.01942414
0.01938797
0.01938458
0.01936627
0.01935032
0.01957326
0.02010395
0.02062218
0.02115367
0.02142392
0.02144793
0.02115107
0.02038677
0.01967178
0.01918151
0.01819624
0.01694811
0.0162175
0.01545287
0.01445723
0.01388399
0.01413278
0.0146717
0.01552737
0.01655017
0.01709217
0.01686015
0.01639368
0.01536036
0.01353813
0.01171669
0.01070691
0.01029016
0.009876165
0.009680223
0.009456778
0.008754687
0.007766073
0.006543828
0.005006846
0.003430209
0.002102516
0.001869714
0.002503701
0.003179795
0.003538397
0.002798606
0.00103708
-0.001247192
-0.003993277
-0.006937156
-0.009870028
-0.0128158
-0.01582171
-0.01861476
-0.02060164
-0.02155454
-0.02176863
-0.0215245
-0.02052118
-0.01875492
-0.0167676
-0.01478724
-0.0125716
-0.01011247
-0.007963794
-0.005829483
-0.003101069
-2.479489e-05
0.00257802
0.004035429
0.004631262
0.004711719
0.004932769
0.005735244
0.006542372
0.006797327
0.006794808
0.006655
0.005829711
0.00365449
-0.0001402599
-0.004751506
-0.009117066
-0.01289171
-0.01536887
-0.01621428
-0.01626745
-0.01605898
-0.01655954
-0.01785307
-0.01943396
-0.02068928
-0.02170348
-0.02250748
-0.02256476
-0.02156281
-0.01973262
-0.01765237
-0.01566358
-0.01399547
-0.01260833
-0.01092319
-0.008935689
-0.006904073
-0.005099926
-0.003817325
-0.003291626
-0.003855332
-0.005142906
-0.006709634
-0.008223161
-0.009737115
-0.01075601
-0.0110743
-0.01083627
-0.009589731
-0.007327766
-0.004838863
-0.002079634
0.0009227891
0.003696449
0.005672031
0.006876301
0.007624602
0.007667354
0.006714486
0.004878441
0.002510349
0.0001939938
-0.001203763
-0.002054277
-0.003184172
-0.004916136
-0.006884043
-0.008888839
-0.01118597
-0.01349191
-0.01471452
-0.01492817
-0.01504307
-0.01500702
-0.01450189
-0.01456214
-0.01460545
-0.0139394
-0.01289453
-0.01161584
-0.01014488
-0.008750466
-0.007087367
-0.004889235
-0.002103909
0.0007124314
0.002996303
0.004541055
0.005022459
0.004461932
0.002989739
0.001598022
0.001267584
0.002355123
0.003955106
0.005796922
0.007549038
0.008610287
0.008923291
0.008419222
0.006606186
0.004034851
0.001740044
-0.0002617382
-0.002021403
-0.003046161
-0.003031769
-0.002204899
-0.001089098
1.359312e-05
0.0005981135
6.231959e-05
-0.001314789
-0.002955663
-0.003976213
-0.004180817
-0.004081754
-0.003812897
-0.003378849
-0.002960756
-0.001976288
-0.000230283
0.001602445
0.00316633
0.004459052
0.004729103
0.003954247
0.002580976
0.0009020704
-0.0002163418
4.530767e-06
0.001647683
0.003828388
0.005684503
0.006637366
0.006736569
0.00660111
0.006805855
0.007595502
0.008588552
0.00955052
0.01076301
0.01249149
0.0142464
0.01575973
0.01731337
0.01837051
0.01825724
0.01681673
0.01408132
0.009741598
0.004827461
0.0006255805
-0.001993524
-0.002212786
-4.920439e-05
0.003691285
0.007567364
0.01055942
0.01269008
0.01431497
0.0154759
0.01646195
0.01746903
0.01822939
0.01843699
0.01839527
0.0184083
0.01827912
0.01746675
0.01556075
0.01222669
0.007639263
0.003321285
7.594002e-05
-0.002885818
-0.004808023
-0.005275781
-0.005197317
-0.004879055
-0.004058368
-0.00321837
-0.003181322
-0.003988182
-0.005057946
-0.006096235
-0.007097102
-0.007857697
-0.008100271
-0.007920479
-0.00726527
-0.005815224
-0.003026956
0.0003460893
0.003174364
0.0054204
0.006746061
0.007368323
0.008011619
0.009302709
0.01058375
0.01139335
0.01186485
0.01211254
0.01162694
0.01068703
0.009445744
0.007453201
0.00492525
0.002636549
0.0006492512
-0.001039165
-0.00221969
-0.003149687
-0.00411021
-0.005133183
-0.006094448
-0.006792137
-0.007481156
-0.008731285
-0.009984985
-0.01102623
-0.01201311
-0.0127544
-0.0129827
-0.01296692
-0.01293069
-0.01270887
-0.01225432
-0.0117958
-0.01082573
-0.009314751
-0.007779536
-0.006240082
-0.005021408
-0.004266784
-0.003995301
-0.00416455
-0.005142576
-0.007187499
-0.009794202
-0.01207749
-0.01381455
-0.01503467
-0.01577842
-0.01576235
-0.01502797
-0.01400786
-0.01253704
-0.01051312
-0.008693271
-0.007090908
-0.006317976
-0.006869113
-0.008228449
-0.009839917
-0.01110816
-0.01190182
-0.01213351
-0.01163018
-0.01034924
-0.008891843
-0.007164977
-0.004954898
-0.002426094
-0.0001606458
0.00165803
0.002908612
0.003162645
0.002114736
0.0006126832
-0.001223719
-0.003497887
-0.005569165
-0.006532139
-0.006968173
-0.007119465
-0.007083944
-0.007049487
-0.007272634
-0.007832645
-0.008374634
-0.008712365
-0.008454756
-0.007726627
-0.00641949
-0.004934253
-0.003409472
-0.001980604
-0.0005436942
0.0008777862
0.0026322
0.004626638
0.006386763
0.007682489
0.008700873
0.009098866
0.008478029
0.008130893
0.008903991
0.009668388
0.01039575
0.0115685
0.01336281
0.01518718
0.01645778
0.01721407
0.01743521
0.01697989
0.01573088
0.01402425
0.01169803
0.009137081
0.006842248
0.005625338
0.005167634
0.004930108
0.005465105
0.006551471
0.007485886
0.007574489
0.006497751
0.00439633
0.002097776
0.0003743091
-0.001361983
-0.003065821
-0.004064657
-0.004546647
-0.0050473
-0.005055289
-0.004308617
-0.003301302
-0.002269089
-0.001001558
0.000310311
0.0008307611
0.0007520223
0.0003968607
6.82821e-05
0.0003216784
0.0008552875
0.001673202
0.002427357
0.002721465
0.002770366
0.002460506
0.001376739
0.0002652782
0.0002590611
0.0007669853
0.001543161
0.002762631
0.004552213
0.006369461
0.007636463
0.008374786
0.008587744
0.008328368
0.007555744
0.006554539
0.00551501
0.00445812
0.003674357
0.003684992
0.004299553
0.004872367
0.005175989
0.004891939
0.004375113
0.003565942
0.002747859
0.002287314
0.002156304
0.002099337
0.0008758807
-0.001414125
-0.004059421
-0.006365187
-0.008107636
-0.009025203
-0.009181664
-0.009145158
-0.009170086
-0.008973556
-0.008227316
-0.007204505
-0.006168095
-0.005158228
-0.004362206
-0.004086205
-0.004372984
-0.00522723
-0.006076595
-0.006331037
-0.00601972
-0.005435901
-0.005134887
-0.005098231
-0.00538031
-0.006215785
-0.007066234
-0.007157986
-0.006392274
-0.005032554
-0.003203436
-0.0016799
-0.0009763552
-0.0004866134
-0.0002310457
-0.0004823431
-0.001345181
-0.002171663
-0.002203363
-0.001661742
-0.00108848
-0.0002528668
0.0003656865
-8.369721e-05
-0.001615051
-0.00397127
-0.006297346
-0.00833664
-0.009815252
-0.01027904
-0.01020794
-0.009865788
-0.009317632
-0.009097425
-0.009174515
-0.009044207
-0.008289148
-0.006975993
-0.005445386
-0.004260429
-0.003102373
-0.00142647
0.0005625887
0.002632075
0.0046736
0.006199824
0.006660266
0.006543256
0.00620423
0.005912539
0.006148097
0.006594042
0.007406995
0.008714303
0.00988511
0.009937379
0.008953415
0.006845264
0.00429163
0.00169971
-0.000340044
-0.001390976
-0.001362174
-0.0002195717
0.00164086
0.003177626
0.003887708
0.004592923
0.005142268
0.004939468
0.004171171
0.002801135
0.001499431
0.0006903994
0.0004929014
0.0008084861
0.001536734
0.002249229
0.003186851
0.004981593
0.006765102
0.008290132
0.009431318
0.01040929
0.01144625
0.01223207
0.01223272
0.01165787
0.01109701
0.01052962
0.01026912
0.0105217
0.01132101
0.01216743
0.01270726
0.01293238
0.01241621
0.01170162
0.01096335
0.009463185
0.007680775
0.006346863
0.005348346
0.00486101
0.005179349
0.005760155
0.00632757
0.006500647
0.006439671
0.006664558
0.007258806
0.007587987
0.007342722
0.006523419
0.005662552
0.005125943
0.004937374
0.005355623
0.005448647
0.004474467
0.002702601
0.0007258662
-0.001534762
-0.004359933
-0.006895051
-0.008116063
-0.008558567
-0.008994413
-0.00874545
-0.007731149
-0.006966624
-0.006170931
-0.005164487
-0.004429175
-0.004302216
-0.003988533
-0.002550842
-0.0002019423
0.00250942
0.004613684
0.005343171
0.004671887
0.003506302
0.002653288
0.002439453
0.002759144
0.003376734
0.00371916
0.003496951
0.002450934
0.0008760737
-0.0004697948
-0.001490858
-0.001931883
-0.001581177
-0.001282879
-0.001309229
-0.001362987
-0.001112685
-0.000593962
-0.000343624
-9.792529e-05
0.0004201527
0.0006946678
0.0006549204
0.000548411
0.0007482903
0.001561338
0.002647277
0.003432535
0.003630662
0.003605092
0.003616956
0.003394921
0.002659282
0.001709923
0.0006957971
-0.0008012415
-0.002625052
-0.003665284
-0.0041928
-0.004142559
-0.00334729
-0.002229856
-0.001342831
-0.001297712
-0.002339858
-0.004183978
-0.00621379
-0.008001606
-0.009497591
-0.01070483
-0.01109338
-0.01128301
-0.01201914
-0.01282896
-0.01313373
-0.0131313
-0.0128711
-0.01209606
-0.01105553
-0.0100873
-0.009358374
-0.00859533
-0.007540816
-0.007263228
-0.007768389
-0.008342268
-0.009171575
-0.009994427
-0.01007542
-0.009114875
-0.007310852
-0.004959879
-0.002356614
-0.000525521
-7.464557e-06
-0.0005285367
-0.002135264
-0.004465595
-0.006824498
-0.00834195
-0.009079488
-0.00905128
-0.008244118
-0.006911079
-0.005394209
-0.004411014
-0.003681082
-0.002676329
-0.0022224
-0.002252988
-0.002066979
-0.00153077
-0.001230204
-0.001209615
-0.00128861
-0.00142585
-0.001264506
-1.680959e-05
0.002305479
0.004595048
0.006618849
0.008604969
0.01014972
0.01064454
0.01034755
0.009522594
0.008460625
0.007405258
0.006679958
0.006666508
0.00693701
0.007201069
0.00823674
0.009250398
0.009769059
0.01027056
0.01056983
0.01037456
0.009340966
0.007762016
0.006423192
0.00541387
0.004938966
0.005225342
0.005730235
0.006504232
0.007528246
0.008566371
0.009304773
0.009536339
0.009730289
0.009960713
0.009921415
0.0101938
0.01065465
0.01116471
0.01163828
0.01241784
0.01323543
0.01353583
0.01327157
0.01246143
0.01145144
0.01046032
0.009458548
0.008441013
0.007681679
0.007457477
0.007488064
0.007540728
0.007624699
0.007493606
0.006533092
0.004490415
0.001915607
-0.0003631099
-0.002359553
-0.004068603
-0.005052159
-0.00532966
-0.005284547
-0.004677396
-0.003542632
-0.003269459
-0.004075158
-0.004957294
-0.005466795
-0.005933352
-0.006177341
-0.00619402
-0.005945461
-0.005406242
-0.004882272
-0.004354882
-0.004132545
-0.004135317
-0.004149352
-0.004199462
-0.004279244
-0.004040697
-0.003008184
-0.00169646
-0.0009203178
-0.0001972905
0.000476167
0.0007485481
0.001034837
0.001328806
0.0008306162
-0.0002045119
-0.001246135
-0.002211201
-0.003198662
-0.004225883
-0.004998053
-0.00521289
-0.00514396
-0.005097682
-0.005149226
-0.005220717
-0.004984035
-0.00417734
-0.003326096
-0.003008333
-0.003260973
-0.004115814
-0.005241865
-0.006027351
-0.005925308
-0.005340596
-0.005320982
-0.005627139
-0.005403342
-0.005151477
-0.005105147
-0.004915168
-0.004479251
-0.004010743
-0.002992579
-0.00145619
-0.0001821355
0.0007834359
0.001706757
0.002667071
0.003655164
0.004674373
0.005685181
0.006424062
0.006682627
0.006738998
0.006499704
0.005425982
0.003864478
0.002889487
0.002435658
0.001485835
0.0004209025
0.0001599105
0.0001290094
0.0004132596
0.00111121
0.002437823
0.003781456
0.004644508
0.004653834
0.003610425
0.001803593
-0.0002182362
-0.002213939
-0.004193797
-0.005946243
-0.007183117
-0.007939527
-0.008176203
-0.007894867
-0.007068815
-0.006224511
-0.005911055
-0.006167371
-0.007041203
-0.008153953
-0.008742468
-0.00823458
-0.007123953
-0.00575573
-0.004464965
-0.004023492
-0.004084459
-0.004102117
-0.004090105
-0.004374563
-0.004909851
-0.004902526
-0.004559588
-0.004754879
-0.005275875
-0.006064843
-0.00682376
-0.00739404
-0.007949692
-0.007702454
-0.006428472
-0.005103127
-0.003811597
-0.002381143
-0.001400783
-0.0006543039
0.0003561313
0.0008231827
0.0008021555
0.0008077257
0.0008665438
0.0004083301
-0.0008891423
-0.002180305
-0.003214652
-0.00418838
-0.004927334
-0.005156662
-0.005141227
-0.005109918
-0.004885329
-0.004409722
-0.003938369
-0.003155146
-0.002122372
-0.001326018
-0.001084678
-0.001131556
-0.001249351
-0.001339964
-0.0008676282
0.0006665399
0.002483208
0.004012135
0.005502668
0.006694751
0.007434603
0.007889433
0.008382423
0.008609579
0.008606499
0.008615203
0.008618174
0.008368239
0.007853227
0.007592449
0.007365688
0.006918287
0.006488067
0.005742164
0.004478079
0.00293716
0.001734446
0.0007576227
-0.0004607636
-0.0017223
-0.002415534
-0.003094687
-0.004075703
-0.005164211
-0.005967987
-0.005990423
-0.005415015
-0.004594849
-0.003531503
-0.003021504
-0.002998107
-0.003275343
-0.004064734
-0.00511368
-0.005947083
-0.006222054
-0.005951047
-0.00510269
-0.004040494
-0.003305259
-0.003099764
-0.002857325
-0.002379478
-0.002382845
-0.002629501
-0.002371225
-0.002359742
-0.00287374
-0.003179576
-0.003179823
-0.003116034
-0.003099175
-0.0031491
-0.003205895
-0.002984692
-0.002215768
-0.001208736
-0.0002195533
0.0008081822
0.001891138
0.002489435
0.001926801
0.0005527026
-0.0008307402
-0.001381486
-0.001357435
-0.0007680693
0.0005546517
0.001603287
0.002065307
0.002466752
0.002886112
0.003642987
0.004668507
0.005729745
0.006526723
0.006758198
0.006467148
0.005871348
0.005376657
0.005104039
0.005134915
0.005093068
0.005409917
0.005931716
0.006250963
0.005962603
0.005485624
0.004943495
0.004193934
0.003162017
0.002666311
0.002576959
0.002556834
0.003302861
0.005170032
0.006760498
0.007554552
0.007760483
0.00752609
0.006547545
0.004778738
0.002721583
0.0006913618
-0.001064457
-0.002292938
-0.00301122
-0.003206081
-0.003154153
-0.003075016
-0.003078376
-0.003393749
-0.0039297
-0.003915213
-0.003577893
-0.003776363
-0.004271951
-0.004921197
-0.005484834
-0.005534803
-0.004458114
-0.003111324
-0.002030645
-0.001318697
-0.001139694
-0.001178364
-0.001176739
-0.001160837
-0.001374266
-0.001865196
-0.002369207
-0.003159533
-0.003969878
-0.004274683
-0.004008533
-0.003172068
-0.002150257
-0.001371321
-0.0008650517
-0.0003876407
-0.0004175744
-0.0007480035
-0.0005926887
-0.0001257563
0.0009420337
0.002505621
0.003771037
0.004533702
0.004997035
0.00527
0.004804205
0.003835335
0.002514975
0.0006933858
-0.0008920544
-0.001441816
-0.001182812
-0.0001209552
0.001690885
0.003714652
0.005451274
0.006886739
0.008390134
0.009647385
0.01038676
0.01057463
0.01058132
0.01057299
0.01012191
0.009132476
0.008173685
0.006690635
0.004726037
0.002669654
0.000655976
-0.001051812
-0.002227675
-0.003200463
-0.004208074
-0.004952237
-0.005120203
-0.005250726
-0.005970542
-0.007227903
-0.008735286
-0.01020773
-0.01198901
-0.0137836
-0.0148471
-0.01507088
-0.0147123
-0.0138685
-0.0131186
-0.01290395
-0.01269899
-0.01218223
-0.01189573
-0.01192001
-0.01202147
-0.01187195
-0.01112071
-0.009784439
-0.008180231
-0.007172695
-0.006966122
-0.007006048
-0.007211951
-0.00793821
-0.009218029
-0.01077755
-0.0120218
-0.01299755
-0.01392894
-0.01468447
-0.01521766
-0.01571107
-0.01566887
-0.01519216
-0.01496312
-0.0144818
-0.01321916
-0.01211245
-0.01154635
-0.0113479
-0.01193858
-0.01273326
-0.01304654
-0.01308755
-0.01283932
-0.01181671
-0.01025016
-0.008975383
-0.008029163
-0.007111536
-0.006108935
-0.005090649
-0.004317578
-0.004019921
-0.004034074
-0.004602059
-0.00571621
-0.00624688
-0.006025741
-0.005462434
-0.004722236
-0.003444925
-0.002167736
-0.001163281
-0.0004540967
1.071339e-05
0.0005163942
0.0007486621
0.0007406789
0.0007151364
0.0007070428
0.0006830956
0.0006755783
0.000906068
0.001404436
0.001877248
0.002609489
0.003605614
0.004669482
0.005649102
0.006293499
0.006747615
0.007794997
0.009098176
0.009415265
0.009127251
0.008839746
0.007826413
0.006603013
0.005526226
0.004481617
0.003744402
0.00380851
0.00433889
0.004533217
0.004922367
0.006384685
0.008475393
0.01056896
0.01229749
0.01345539
0.01436619
0.01532075
0.01635045
0.01733986
0.0180432
0.01851274
0.01927203
0.02000976
0.02024929
0.02046516
0.0209661
0.02123487
0.02123421
0.02120274
0.02119091
0.02115859
0.02114809
0.02140992
0.02194468
0.02220472
0.0222356
0.02223942
0.02197729
0.02120948
0.02045685
0.01998956
0.01925436
0.01826341
0.01746855
0.01697774
0.01650413
0.01630407
0.01627831
0.01607376
0.01583971
0.01585798
0.01535886
0.0146331
0.01412995
0.01337713
0.01238567
0.01160333
0.01114954
0.01066931
0.01021219
0.009720773
0.009271874
0.008530681
0.007537267
0.006525025
0.005535714
0.004573221
0.003628989
0.002662969
0.00145285
-2.925245e-05
-0.001488308
-0.003061361
-0.004596757
-0.005624091
-0.005517821
-0.005184391
-0.005143202
-0.005190316
-0.005176043
-0.005154729
-0.005400222
-0.005923202
-0.006216369
-0.006438636
-0.006661641
-0.006636364
-0.006919431
-0.007170307
-0.007189527
-0.007128233
-0.007105163
-0.007335532
-0.007844046
-0.008352078
-0.009094365
-0.009851676
-0.0104046
-0.01092739
-0.01089562
-0.01033048
-0.009990157
-0.009987162
-0.01030697
-0.01086652
-0.01111941
-0.01108644
-0.0110376
-0.0110704
-0.01113456
-0.01092663
-0.01017028
-0.009133687
-0.008089068
-0.007116362
-0.006392901
-0.005906198
-0.005364155
-0.005133533
-0.00541352
-0.005935319
-0.006152153
-0.006430596
-0.007210579
-0.007707178
-0.007417576
-0.0073986
-0.007886128
-0.007919585
-0.007650919
-0.007896087
-0.008122535
-0.008084896
-0.008284168
-0.009254257
-0.01055508
-0.0116042
-0.01288899
-0.01382042
-0.0140346
-0.01426874
-0.01481867
-0.01484509
-0.01407746
-0.01327291
-0.01274743
-0.0120108
-0.01132225
-0.01108967
-0.01063879
-0.009636007
-0.008889362
-0.008147657
-0.007205394
-0.006195837
-0.005205643
-0.004255243
-0.00330123
-0.002135112
-0.0006572082
0.001065195
0.003146276
0.004927951
0.006192805
0.006594165
0.006552974
0.006527221
0.006310823
0.005761352
0.005212711
0.004916673
0.005220953
0.005700305
0.006238303
0.006944969
0.007964163
0.008710185
0.009463185
0.01018238
0.01064213
0.01112974
0.01163037
0.01219735
0.01240747
0.01214954
0.01184625
0.01186234
0.01160362
0.0113702
0.01135534
0.01137012
0.01134345
0.01134907
0.01161841
0.01194336
0.01172455
0.01121999
0.01038253
0.009390707
0.008680827
0.008214973
0.007413221
0.006616412
0.006626615
0.007223073
0.007524184
0.007506147
0.007494206
0.007504029
0.00724207
0.006698087
0.006472321
0.006505945
0.006287673
0.005740874
0.005450719
0.005458535
0.005540098
0.005595083
0.005362451
0.004608861
0.003608913
0.002574044
0.001366118
0.0001409406
-0.0008133603
-0.0020853
-0.003330567
-0.004136327
-0.004421497
-0.004228136
-0.003199133
-0.001168383
0.001133663
0.00294101
0.004707898
0.005946832
0.005902478
0.005526058
0.005191019
0.004958037
0.005231956
0.00548709
0.005753995
0.006250309
0.00655545
0.006628282
0.006339538
0.005326064
0.004083389
0.003142511
0.001658476
-0.0003173389
-0.002109918
-0.003578866
-0.005060132
-0.006260555
-0.007017233
-0.007507016
-0.007974198
-0.007929814
-0.007637494
-0.007887901
-0.008163916
-0.008202782
-0.008175676
-0.008153772
-0.008120288
-0.008113955
-0.008376834
-0.008901308
-0.00916185
-0.009224759
-0.009252021
-0.008768044
-0.007462912
-0.006173578
-0.005189683
-0.004259399
-0.003251882
-0.002246087
-0.001540132
-0.001120586
-0.0003765945
0.0006567387
0.00145546
0.00171386
0.001709353
0.001439943
0.0006513318
-0.0002043744
-0.0005448439
-0.0002425251
0.0008499622
0.002135194
0.002840136
0.003593674
0.004607782
0.005184141
0.004882868
0.004320226
0.003757135
0.003325805
0.002855966
0.002367519
0.001613018
0.0008854148
0.0003820245
-0.0003663971
-0.001093764
-0.001375317
-0.001622096
-0.001868298
-0.001553576
-0.001234383
-0.001422205
-0.002208818
-0.003244834
-0.004287394
-0.005310148
-0.006045317
-0.006233082
-0.006218811
-0.006431341
-0.006662817
-0.006603241
-0.007105832
-0.008120648
-0.008975894
-0.009467576
-0.009702334
-0.009436614
-0.008997875
-0.008228319
-0.006959563
-0.005440964
-0.004259481
-0.003113702
-0.001390866
0.0006899311
0.002528351
0.003535054
0.003721162
0.003406202
0.002655863
0.001713436
0.000507438
-0.001268509
-0.003317379
-0.00507933
-0.006255054
-0.007216886
-0.008207801
-0.008937519
-0.009136182
-0.00935227
-0.009894228
-0.01017449
-0.009941389
-0.009410776
-0.008923218
-0.008148465
-0.007146694
-0.006385906
-0.00594825
-0.005302286
-0.004363885
-0.003062451
-0.00126899
0.0002732208
0.001043656
0.001539925
0.001478174
0.0006743266
-0.0001521871
-0.0004502917
-0.0004345034
-0.0001393637
0.0006365389
0.001417888
0.001890695
0.002364395
0.002838582
0.003381737
0.003660685
0.00365991
0.003370431
0.002814471
0.00252153
0.002524195
0.002817054
0.003352088
0.003653318
0.003722483
0.003454871
0.002430058
0.001099575
0.0002734378
-0.0002605251
-0.0001799785
0.0006473125
0.001452106
0.001692237
0.001842125
0.002286708
0.002812181
0.003626565
0.004388385
0.004631451
0.004616524
0.00459385
0.00436486
0.003836918
0.003352437
0.002872943
0.002403123
0.001623991
0.0008469177
0.0005495959
0.0005420216
0.0008488132
0.001657199
0.002418675
0.002645703
0.002842274
0.003351457
0.003667902
0.003679818
0.003373433
0.002828942
0.002573766
0.002548496
0.002561991
0.002831423
0.003413164
0.003695257
0.003424882
0.002831106
0.002529669
0.002538305
0.002806809
0.003343949
0.003861459
0.004389858
0.004607456
0.004601514
0.004597372
0.004573202
0.004345832
0.004080207
0.004095668
0.003818723
0.003588356
0.003597186
0.003619975
0.003394614
0.002936726
0.002514343
0.001518766
-0.0002731759
-0.002089592
-0.003340934
-0.004291907
-0.005047219
-0.005320568
-0.005052476
-0.004248163
-0.0034074
-0.002859682
-0.002625063
-0.003161038
-0.003926553
-0.004495338
-0.005272497
-0.005771618
-0.005475007
-0.005149238
-0.005112879
-0.005207528
-0.005282299
-0.005022101
-0.004212065
-0.003406081
-0.003122296
-0.003121232
-0.003384204
-0.004173084
-0.005196656
-0.005973157
-0.006437607
-0.006940528
-0.00720823
-0.007175095
-0.006865932
-0.006583545
-0.006859882
-0.007222793
-0.007280448
-0.007510171
-0.007732486
-0.007445916
-0.007424093
-0.007893995
-0.008162792
-0.008418761
-0.008933538
-0.009189008
-0.008955666
-0.008410362
-0.007863531
-0.007065271
-0.006331667
-0.006088892
-0.005839057
-0.005301066
-0.005065255
-0.005144327
-0.004931237
-0.003884399
-0.002557907
-0.00180134
-0.001067338
-0.0001503902
0.0005918916
0.001308102
0.002562339
0.003813143
0.004813301
0.00574549
0.006699226
0.007675995
0.008644798
0.009595177
0.01054121
0.01151716
0.0125106
0.01328141
0.01352317
0.01323934
0.01243071
0.01140505
0.01040413
0.00943387
0.00846349
0.007481645
0.006522062
0.005579899
0.004589752
0.003391619
0.002180732
0.001253917
1.657222e-05
-0.001216193
-0.002008148
-0.002199655
-0.001906294
-0.001346869
-0.0008553441
-0.0003828057
-0.0001232037
0.0001326254
0.0003330916
3.245608e-05
4.091524e-05
0.0005841998
0.0008539639
0.0005920607
0.0002667247
0.0004884332
0.0007469246
0.001034301
0.001546629
0.001781967
0.001549444
0.001050804
0.000610552
-0.0001252453
-0.001138591
-0.001890887
-0.001840847
-0.001293143
-0.00100486
-0.0007777509
-0.0003498229
-0.000117409
0.0001290021
0.0006060501
0.0008592692
0.0008598139
0.0007857971
0.0007220906
0.0009323834
0.001667321
0.002613316
0.003314228
0.003741817
0.004193114
0.004361878
0.004128939
0.003844223
0.003803615
0.003491271
0.003455381
0.004136737
0.00507287
0.005749749
0.006136052
0.006573558
0.006754345
0.006469462
0.005910564
0.005642166
0.005626488
0.005591827
0.005536127
0.005710194
0.006161484
0.006391413
0.006329619
0.00599766
0.005520923
0.005334064
0.005064102
0.004141542
0.003193101
0.0029737
0.002575633
0.001926452
0.00141049
0.0009371276
0.0007723377
0.0008165298
0.0006424029
-2.290906e-05
-0.0009042948
-0.001754574
-0.002586088
-0.003432651
-0.004093769
-0.004270909
-0.003993591
-0.003478839
-0.003212519
-0.003212617
-0.003457234
-0.003870754
-0.004027407
-0.004043616
-0.004221479
-0.004211149
-0.003548282
-0.003100115
-0.002868914
-0.002474063
-0.002226295
-0.002189146
-0.002418677
-0.002873931
-0.003075456
-0.002860672
-0.002386465
-0.00196088
-0.001546297
-0.001340493
-0.00130839
-0.00148888
-0.002063561
-0.002840537
-0.003628488
-0.004357711
-0.004862888
-0.005148005
-0.005529478
-0.005907701
-0.005902247
-0.005039199
-0.004001375
-0.003169658
-0.002442896
-0.001882665
-0.001501395
-0.00111695
-0.0009428545
-0.0009311083
-0.0009168775
-0.0009301859
-0.001112579
-0.001299312
-0.001096078
-0.000913145
-0.0007627103
-0.0002811394
0.000609305
0.001892718
0.003153376
0.004017133
0.004482045
0.004522493
0.004268002
0.004043652
0.004057547
0.00368107
0.00292794
0.002166333
0.001626479
0.001294785
0.0009450391
0.0007731193
0.0007618276
0.0007632218
0.0007561098
0.0007570271
0.0007453756
0.0005753287
0.0002469536
-5.271674e-05
-0.0005456307
-0.001331529
-0.002160288
-0.00276731
-0.003363224
-0.003729842
-0.004016752
-0.004410046
-0.004851928
-0.004928015
-0.005015984
-0.005067476
-0.005014056
-0.004962573
-0.004895516
-0.004665253
-0.004271713
-0.004068614
-0.00401552
-0.003846602
-0.003519691
-0.003185672
-0.002547392
-0.001620667
-0.0008416769
-0.0002355481
0.0002070286
0.0003368489
0.0001637479
-0.000151078
-0.0002721939
-0.0002646692
-0.0003582834
-0.0004697022
-0.0004427947
-0.0007178418
-0.001114444
-0.001246673
-0.00123255
-0.001187366
-0.0009031383
-0.0003360517
8.901092e-05
0.0005083469
0.0008886721
0.001009484
0.0009924638
0.0009686241
0.0009402189
0.0009100654
0.001037395
0.001436119
0.001808322
0.001895515
0.001964096
0.00219623
0.002400827
0.002484753
0.002523897
0.002864616
0.00319206
0.003404683
0.003430036
0.003345802
0.003295546
0.003281674
0.00313237
0.002610149
0.001873175
0.001283009
0.0007279662
5.606198e-05
-0.0005036849
-0.0008198608
-0.0008740214
-0.0008271734
-0.0007948492
-0.0007812228
-0.0007700222
-0.0007474477
-0.0007076111
-0.0006812386
-0.0007682954
-0.0009641844
-0.001037395
-0.001001515
-0.0009671882
-0.0009456825
-0.0008384186
-0.0006123839
-0.0003884789
-0.0001757518
-9.555874e-05
-9.984364e-05
-1.667539e-05
0.0001817283
0.0003591562
0.0005274634
0.0006847501
0.0009255331
0.001155687
0.001307229
0.001527956
0.001668313
0.00157501
0.001390371
0.001014069
0.0004298539
1.231037e-05
-4.217303e-05
-1.778799e-05
8.734042e-05
0.0002326395
0.0003888803
0.0004497365
0.000436743
0.0004262202
0.0004223077
0.0003682477
0.0002354131
4.16156e-05
-0.0002873103
-0.0005990877
-0.0008349434
-0.0009857609
-0.001005042
-0.0009451728
-0.0008340577
-0.0007449244
-0.0007788725
-0.0007364587
-0.0005891813
-0.0005578791
-0.0005920926
-0.0004639531
-0.0002722764
-0.0001312465
4.281594e-05
0.0001994583
0.0002543799
0.0003030657
0.0004041936
0.0004568966
0.0004572452
0.000447602
0.0004378136
0.0004360258
0.0004811455
0.0005722536
0.0006125626
0.0006034968
0.0005827718
0.0005661841
0.0005934184
0.000704601
0.0008497194
0.0009746249
0.001056327
0.001132067
0.0012387
0.001260784
0.001249905
0.001305391
0.001365089
0.001350934
0.001294424
0.001239738
0.001193074
0.001148403
0.001102489
0.001056742
0.001011936
0.0009681962
0.000925033
0.0008826565
0.0008410675
0.0008001405
0.000759296
0.0007191196
0.0006817807
0.0006470548
0.0006062866
0.0005461989
0.0004903435
0.0004815132
0.000451429
0.0003798511
0.0003119281
0.0002464629
0.0001712703
7.68238e-05
9.09211e-06
-4.129688e-05
-8.045507e-05
-0.0001041973
-0.0001101794
-0.0001476993
-0.0001980587
-0.000232619
-0.0002755283
-0.0003143787
-0.000335139
-0.0003555167
-0.0003845802
-0.00042474
-0.0004480376
-0.0004733571
-0.0005019834
-0.0004961904
-0.0004549278
-0.0004386153
-0.0004342394
-0.0004211788
-0.0004053703
-0.000399187
-0.0004032292
-0.0003975601
-0.0003829825
-0.0003657688
-0.000343204
-0.0003221012
-0.0003172606
-0.0003116474
-0.0002992456
-0.0002867023
-0.0002751989
-0.0002580573
-0.0002302165
-0.0002041229
-0.0001862123
-0.0001695791
-0.0001558177
-0.000146313
-0.0001387029
-0.0001217249
-0.0001070601
-9.654208e-05
-8.879409e-05
-8.435573e-05
-8.754811e-05
-9.324784e-05
-0.0001016338
-0.0001115002
-0.0001196659
-0.000123781
-0.0001239264
-0.0001235371
-0.0001204072
-0.0001171942
-0.0001163389
-0.0001151436
-0.0001133783
-0.0001092594
-0.0001053434
-0.0001030554
-9.887714e-05
-9.345682e-05
-8.949379e-05
-8.606539e-05
-7.98718e-05
-7.281577e-05
-6.628675e-05
-6.184847e-05
-5.880283e-05
-5.58561e-05
-5.280931e-05
-5.007307e-05
-4.840714e-05
-4.738528e-05
-4.495098e-05
-4.192141e-05
-4.030761e-05
-3.892891e-05
-3.762626e-05
-3.674043e-05
-3.545401e-05
-3.378501e-05
-3.187786e-05
-2.995553e-05
-2.865956e-05
-2.756809e-05
-2.621195e-05
-2.507924e-05
-2.423684e-05
-2.325322e-05
-2.260246e-05
-2.252481e-05
-2.280247e-05
-2.314357e-05
-2.366664e-05
-2.434344e-05
-2.503734e-05
-2.563518e-05
-2.609713e-05
-2.65796e-05
-2.720464e-05
-2.793514e-05
-2.864116e-05
-2.936083e-05
-3.012712e-05
-3.087352e-05
-3.161724e-05
-3.2376e-05
-3.312344e-05
-3.387655e-05
-3.461894e-05
-3.531986e-05
-3.598754e-05
-3.661813e-05
-3.721027e-05
-3.777996e-05
-3.833229e-05
-3.886384e-05
-3.938073e-05
-3.988487e-05
-4.037747e-05
-4.085915e-05
-4.132892e-05
-4.17856e-05
-4.222949e-05
-4.266165e-05
-4.308255e-05
-4.349245e-05
-4.389179e-05
-4.428098e-05
-4.466027e-05
NaN
NaN
NaN
