-0.0003663687
-0.0003637901
-0.0003617044
-0.000357963
-0.0003510882
-0.0003450995
-0.0003415701
-0.0003337756
-0.0003263091
-0.0003199424
-0.0003137673
-0.0003065314
-0.0002960927
-0.0002946384
-0.000320057
-0.0003395438
-0.0003471559
-0.0003605193
-0.0003833358
-0.0004364161
-0.0004685052
-0.0004555257
-0.0004013074
-0.0003920807
-0.0003913977
-0.000358555
-0.0003392565
-0.000287752
-0.0002014001
-0.0001191031
-0.0001228852
-0.000160107
-9.347723e-05
-5.899795e-05
-0.0001731488
-0.0003365919
-0.000402659
-0.0004763467
-0.0005121548
-0.0005149155
-0.0005258186
-0.0005342313
-0.0005418917
-0.0005655476
-0.0005689612
-0.0003781498
-8.082125e-05
8.814504e-06
-6.719643e-05
-0.0001596803
-5.698591e-05
6.411427e-05
0.0002001023
0.000297085
0.0005470191
0.0007544112
0.0006571105
0.0005453056
0.000419546
0.0003711015
6.823095e-05
-0.0004196898
-0.0005316503
-0.0004644378
-0.0005432737
-0.00079823
-0.0008801028
-0.0008728915
-0.0008980086
-0.0008809111
-0.0009084788
-0.001402755
-0.002063656
-0.001810581
-0.000999964
-0.0005537723
-0.000577625
-0.0005963786
-9.752875e-05
0.0008008115
0.001208746
0.0009676586
0.0008264516
0.0002742382
-0.0004401557
-0.0002618584
-2.392595e-05
-0.0001778535
-0.0005802975
-0.0007234779
-0.0005815291
-0.0002746742
0.0001983829
0.000820153
-2.645901e-05
-0.001093387
-0.001671113
-0.002963395
-0.003382375
-0.002690401
-0.001251589
0.0003874396
0.001435632
0.00269724
0.003226746
0.002132319
0.001448484
0.001921063
0.002225564
0.002197333
0.001258247
-0.000626216
-0.001588568
-0.001638029
-0.001491577
-0.0008802001
1.053206e-05
0.0008116411
0.0005828039
-0.0005518081
-0.001075376
-0.001533104
-0.001705853
-0.001677648
-0.001754195
-0.001575467
-0.0009743144
-0.0008516024
-0.0007976738
-6.112918e-05
0.0008820408
0.001826842
0.002595143
0.002790464
0.002552106
0.002073304
0.001568933
0.0001483521
-0.0008126555
-0.001086344
-0.001692938
-0.001885045
-0.001689135
-0.00223809
-0.003189224
-0.002259088
-0.001705924
-0.001852422
-0.001886133
-0.001868827
-0.001848276
-0.001874784
-0.001941964
-0.001711626
-0.001050258
-0.00100032
-0.0005025925
0.0005368534
-0.0006143006
-0.001882114
-0.002023626
-0.001713579
-0.001025879
-0.0008158849
-0.0009403102
-0.0008979603
0.0001267393
0.002009559
0.003076424
0.00188432
-0.0006905263
-0.001973609
-0.00174459
-0.001134417
-0.0004593944
0.0006634773
0.0003981344
-0.0001059814
0.0003225786
0.001931475
0.0029735
0.003308057
0.003713897
0.00324742
0.00304489
0.002906782
0.002294971
0.00185134
0.001313746
0.0009903528
0.0001414468
-0.0008443242
-0.0007137541
-7.474276e-05
-0.0006336707
-0.001974284
-0.003609812
-0.004825424
-0.005738999
-0.005608365
-0.003786974
-0.001837615
-0.0008330753
0.0002539738
0.00207472
0.003008233
0.002245259
0.001057312
0.0001802929
0.000262692
0.0009486749
0.001425788
0.001825357
0.001436564
0.0009624716
0.0002435069
0.000173158
0.001294648
0.001852301
0.0004662276
-0.0009230368
-0.001722131
-0.001800052
-0.000720394
0.001156565
0.002155658
0.001085933
-0.0006174106
-0.0009207409
-0.000502879
-0.001276995
-0.003123937
-0.002125822
0.0004027825
0.002086517
0.001222198
-0.001819935
-0.004430443
-0.005012209
-0.004228755
-0.002201856
-0.0003435055
0.002003342
0.003061391
0.0024538
0.001890515
0.001428916
0.002126347
0.003071542
0.003357424
0.002998842
0.001294299
-0.0006978491
-0.001802518
-0.001603573
0.0001830522
0.002251254
0.003151628
0.002171121
0.0003809678
-0.0009014134
-0.001448358
-0.001064281
-0.0002907282
0.0009041915
0.0003931381
-0.0007582575
-0.0005433237
5.28257e-05
-0.00159157
-0.004577603
-0.006576643
-0.006649242
-0.004440434
-0.000796596
0.001218866
0.0003721645
-0.00172026
-0.003670958
-0.004337193
-0.004147345
-0.003918788
-0.002207972
-0.001451759
-0.0006136833
0.001183952
0.002176625
0.002436766
0.003051224
0.003377087
0.003095949
0.002324362
0.002317203
0.003089657
0.003383862
0.003164939
0.002195351
0.001508219
0.001966612
0.002534172
0.003117479
0.002275556
0.0002482043
-0.0004338101
0.00111226
0.002219226
0.002523972
0.002998875
0.002464218
0.001134471
-0.0004649274
-0.001746474
-0.00355278
-0.00554836
-0.006352173
-0.005754582
-0.004476174
-0.001364157
0.001905879
0.001516293
-0.0005913501
-0.001758326
-0.001470555
0.0003244719
0.002094272
0.003672883
0.005789265
0.006491676
0.006099504
0.004296558
0.00119913
-0.001341166
-0.001825519
-0.001565356
-0.0004757628
0.001221247
0.001246652
-0.0003364517
-0.001895315
-0.003452099
-0.003226009
-0.002254468
-0.002795257
-0.00218982
-0.001147784
0.001000359
0.00360551
0.006016255
0.00628302
0.004363514
0.001266182
-0.002595863
-0.005327452
-0.005576844
-0.004559166
-0.002483456
0.001438572
0.005154423
0.005156266
0.001730331
-0.002932555
-0.008302063
-0.01012542
-0.006779873
-0.002187519
0.0009024587
0.001828585
0.003143478
0.003197445
0.001518791
0.001342684
0.003385685
0.005090237
0.004522517
0.003168384
0.002409424
0.003401888
0.005181918
0.00524937
0.003571456
0.0009973129
-0.002147475
-0.003708354
-0.004453717
-0.004452296
-0.002478669
0.001285433
0.005440196
0.008987965
0.01133776
0.01314207
0.01276528
0.009751247
0.00667459
0.003760942
0.003199053
0.003322167
0.001420804
-0.002456983
-0.006566815
-0.008223257
-0.005396001
-0.0007641957
0.001591365
0.00135945
-0.0007175286
-0.002208981
-0.0007978154
0.001557948
0.003185409
0.00358242
0.00319067
0.001401079
-0.0004064969
-0.0006949038
-0.000422108
-0.0007003464
-0.002238976
-0.004836532
-0.007874945
-0.008861023
-0.007916845
-0.004603765
-0.001800693
5.941452e-05
0.002805334
0.003619991
0.003483079
0.002980074
0.001920039
0.001976312
0.001604429
0.001457906
0.001280623
-0.0003302351
-0.002839641
-0.003976798
-0.0009181867
0.003661187
0.007017323
0.007505004
0.006173344
0.003438157
-0.000520299
-0.005472344
-0.01024475
-0.01225547
-0.01025435
-0.005477899
-0.0004485177
0.003307175
0.005352939
0.00640378
0.006177869
0.003492873
-0.0006623551
-0.004220504
-0.005527074
-0.005563586
-0.003989414
-0.0009580563
-0.0003142877
-0.001511447
-0.002481823
-0.00252124
-0.001283707
0.0009298164
0.004128149
0.008655305
0.009419522
0.007366951
0.006314168
0.006256127
0.005372015
0.003396488
0.001371615
-0.0002434282
-0.002874448
-0.008120932
-0.01197952
-0.01280703
-0.01168785
-0.006608001
-0.0005229311
0.003446772
0.005357307
0.00626921
0.007353416
0.009304633
0.01102928
0.01143976
0.0110332
0.009372021
0.007150157
0.005614661
0.005062139
0.003604578
0.00134732
-0.001464298
-0.004402167
-0.007239235
-0.01059683
-0.01375891
-0.0143532
-0.01437817
-0.01386479
-0.01034543
-0.006473765
-0.005368623
-0.005269538
-0.003548079
-0.0003419961
0.002985223
0.006056289
0.008556043
0.005830599
-0.0008010615
-0.00804091
-0.01258218
-0.01365232
-0.01272897
-0.0140147
-0.01583723
-0.01661685
-0.01764942
-0.0164257
-0.01203889
-0.004437955
0.00330765
0.007497428
0.007075064
0.003514004
0.001626618
0.003047815
0.005687194
0.009095729
0.01120521
0.01134796
0.0100613
0.007548187
0.005034337
0.003710997
0.005267478
0.00722292
0.007330342
0.007448244
0.009131683
0.01124017
0.01317847
0.01524632
0.01675006
0.01751804
0.01858822
0.01754411
0.01271584
0.003639106
-0.004431576
-0.008216082
-0.01039453
-0.0143529
-0.01759952
-0.01646237
-0.01422874
-0.01195146
-0.008486009
-0.005335289
-0.002642258
0.001940273
0.008689144
0.01353796
0.01692064
0.01912625
0.01894018
0.015231
0.0089882
0.003877696
0.00291656
0.003764408
0.005124304
0.005512582
0.005206927
0.005480631
0.007309479
0.009166396
0.009315381
0.009281994
0.01110549
0.01543331
0.02044485
0.02346498
0.02558833
0.02485224
0.02114378
0.01693732
0.01324357
0.01115982
0.01121406
0.01324392
0.01503525
0.01321906
0.007157704
-0.0002304925
-0.005698685
-0.009978067
-0.01431802
-0.02032579
-0.02523317
-0.02646677
-0.02960996
-0.03562927
-0.04165434
-0.04517447
-0.04570506
-0.04532979
-0.04340424
-0.03960039
-0.03578129
-0.03163693
-0.02403687
-0.01203984
0.001186349
0.01133929
0.01892525
0.02610817
0.03230377
0.03491395
0.03455176
0.03082639
0.02258639
0.01180007
0.002663064
-0.003768854
-0.004754431
-0.002607135
0.001894508
0.008770149
0.01349646
0.01485089
0.01328679
0.01125154
0.009078782
0.00548689
0.001320087
-0.002443062
-0.005233901
-0.008649578
-0.01405883
-0.01786007
-0.01853373
-0.01782597
-0.01414932
-0.008630391
-0.004026522
-0.000966881
-0.0001086116
0.001025632
0.003767819
0.008876189
0.0134712
0.01487804
0.01113276
0.005584605
0.003118643
0.003598411
0.005117279
0.005446143
0.005268098
0.005435728
0.005189989
0.003372239
0.001552972
0.00130215
0.001441633
0.0013782
0.001496047
0.001434582
-0.0007187489
-0.004296234
-0.00445383
0.001358468
0.01120702
0.0210291
0.02652702
0.02710656
0.02655981
0.02611566
0.02439601
0.01949188
0.01266693
0.003715776
-0.005612844
-0.01431549
-0.01977122
-0.02038485
-0.01980909
-0.020431
-0.02174693
-0.0200645
-0.01644809
-0.01396941
-0.01240771
-0.01208017
-0.01274168
-0.01176241
-0.005430078
0.0007179723
0.002203374
0.0029499
0.001368046
-0.002444762
-0.004385517
-0.002579214
0.001189655
0.005730452
0.009826923
0.009219898
0.005429387
0.00327493
0.003378933
0.003283348
0.001292922
-0.0003041924
0.00104285
0.003706402
0.004963224
0.00152047
-0.004467956
-0.008513057
-0.008169579
-0.004540789
-0.002899707
-0.003799221
-0.003289838
-0.001824494
0.0008393974
0.001613021
0.001298201
0.00146782
0.001285903
-0.0006582741
-0.002421787
-0.0006245214
0.003462577
0.004890753
0.00176679
-0.0009149521
-0.0002596449
0.003124542
0.005037623
0.005834039
0.008605152
0.01143744
0.01500507
0.01868077
0.02135168
0.02233731
0.01926454
0.01478253
0.01144045
0.008777399
0.003700784
-0.003059081
-0.007930836
-0.005672333
0.001158551
0.007617763
0.01064094
0.007528555
0.001222177
-0.00546955
-0.01050094
-0.01203217
-0.01071423
-0.01017756
-0.01051103
-0.01024168
-0.00854019
-0.006455817
-0.004528321
-0.002498984
-0.0008471958
-0.0002563315
-0.0009732808
-0.00447385
-0.008179204
-0.01063816
-0.01436672
-0.01798055
-0.01822517
-0.01653543
-0.0139963
-0.008659347
-0.002237615
0.0006998615
-0.001993726
-0.004861067
-0.005422386
-0.002712116
0.003515038
0.01083696
0.01506978
0.01679834
0.02018196
0.02637843
0.03074565
0.03051394
0.02590031
0.01855072
0.01141569
0.008814941
0.01040962
0.0126849
0.0112504
0.007097842
0.003218955
0.001453267
0.001021249
-0.0004228882
-0.002769969
-0.006346207
-0.01076157
-0.01395832
-0.0125811
-0.008544697
-0.004347274
-0.0009197282
0.00136552
0.005207759
0.01120725
0.01457088
0.0113262
0.005035685
-0.0004535882
-0.004945068
-0.01008225
-0.01469513
-0.01790707
-0.01863312
-0.01794403
-0.01644293
-0.01646498
-0.01796428
-0.01847314
-0.01828301
-0.01619632
-0.01055209
-0.002611907
0.005200979
0.01082117
0.01421609
0.01679448
0.01662013
0.0134293
0.009637944
0.005287828
0.003232071
0.005251666
0.008708034
0.01138193
0.01466281
0.0171071
0.01657079
0.01302733
0.01125405
0.01273495
0.01286961
0.01108847
0.01121846
0.01252512
0.01041916
0.004754804
-0.002339463
-0.006835617
-0.008350051
-0.008718267
-0.01027619
-0.01288117
-0.01386081
-0.01075193
-0.008692777
-0.01042853
-0.01211527
-0.0130035
-0.01601636
-0.01844139
-0.01826064
-0.01634761
-0.01463489
-0.01222666
-0.005722601
0.003252176
0.009696532
0.01131657
0.01073672
0.009048503
0.007161501
0.004963162
0.001224167
-0.002666423
-0.004727444
-0.004566307
-0.002954017
-0.000475023
0.002984082
0.005027926
0.0051337
0.005304525
0.004675965
0.001505185
-0.001007221
-0.0004361515
0.002578917
0.005731246
0.009313905
0.01144937
0.01260866
0.01102765
0.00686527
0.00340954
0.002901096
0.003087634
0.003308438
0.004772098
0.007388769
0.01054
0.01118903
0.008836658
0.003167336
-0.004834397
-0.01231992
-0.01662847
-0.0182528
-0.01837607
-0.01857334
-0.01822746
-0.01440864
-0.008872119
-0.006400628
-0.008930241
-0.01611995
-0.02454489
-0.03191958
-0.0358812
-0.03721905
-0.03775322
-0.03599286
-0.03204209
-0.02841649
-0.02580466
-0.02277796
-0.01995259
-0.01674792
-0.01437946
-0.01262205
-0.01037857
-0.007288715
-0.00205451
0.006598039
0.01081322
0.006887541
0.001568013
0.0005528242
0.001522752
0.002742301
0.003232506
0.004904319
0.009085769
0.0144497
0.01896541
0.02243969
0.02266256
0.01840813
0.01314218
0.01259704
0.01680733
0.02242114
0.02574522
0.024246
0.01678042
0.007141832
-0.001289592
-0.008182671
-0.01306093
-0.01820139
-0.02237052
-0.02450787
-0.02411276
-0.02045564
-0.01671751
-0.01611493
-0.01891541
-0.02419733
-0.02583033
-0.02230558
-0.01752789
-0.01132266
-0.008410346
-0.00878296
-0.00892493
-0.004271127
0.006290336
0.01702823
0.02632914
0.03229431
0.03240566
0.02606112
0.01708868
0.01259028
0.01264884
0.01485029
0.01850965
0.02262156
0.02620522
0.02869141
0.02999309
0.02857345
0.0253098
0.02077447
0.01424896
0.005475307
-0.003265964
-0.01270488
-0.02000574
-0.02205382
-0.02008049
-0.01267273
-0.003121272
0.003191347
0.00466692
0.001377389
-0.00535644
-0.01420831
-0.02063658
-0.02451887
-0.02792916
-0.03267178
-0.03979135
-0.0438324
-0.04213444
-0.03798081
-0.03435235
-0.03189446
-0.03049424
-0.0322446
-0.03504742
-0.03419348
-0.02924624
-0.02459768
-0.02400541
-0.02619557
-0.0254823
-0.01494566
-0.003325405
-0.0004035533
-0.005355363
-0.01447876
-0.0204367
-0.02052601
-0.0188912
-0.01814972
-0.01680423
-0.01673379
-0.01834906
-0.01880655
-0.01644928
-0.01084228
-0.004841242
-0.001245693
0.001235943
0.006682154
0.01459895
0.0223408
0.0285586
0.031872
0.03030281
0.02649881
0.02222804
0.01476796
0.002536039
-0.01220276
-0.0249778
-0.03589924
-0.04394038
-0.05019105
-0.05534158
-0.05585154
-0.05011423
-0.03581987
-0.01277137
0.008407676
0.01679729
0.01244724
0.00116341
-0.01108344
-0.0213548
-0.02668148
-0.02602482
-0.02196763
-0.02046454
-0.02139885
-0.02181632
-0.02042401
-0.0156574
-0.009106923
-0.002734296
0.004483811
0.01295332
0.02213204
0.02822932
0.03030143
0.03009199
0.02821015
0.02538753
0.02221254
0.01855704
0.014589
0.008525888
-0.0008889397
-0.01115058
-0.01819137
-0.01915174
-0.01638758
-0.01095841
-0.005042562
-8.198982e-05
0.004885117
0.01033485
0.01680932
0.02598757
0.03625425
0.04541787
0.05198764
0.05641518
0.05628817
0.0518407
0.04769101
0.04389789
0.03564672
0.02085325
0.004330547
-0.008816985
-0.01251417
-0.007413227
-0.0009767183
0.004884072
0.01041527
0.0146063
0.01823321
0.02265037
0.02686302
0.02630989
0.02039475
0.01062596
-0.003233782
-0.0204679
-0.03663493
-0.04553785
-0.04259743
-0.03032088
-0.01073573
0.0123617
0.0320454
0.0457667
0.05553121
0.06329275
0.0690179
0.07323538
0.07694164
0.07786216
0.07294781
0.06182792
0.04313892
0.01486258
-0.01509317
-0.03698055
-0.0462306
-0.0463077
-0.0398454
-0.02688326
-0.01252053
-0.003553124
-0.004834286
-0.01289499
-0.02367855
-0.03626614
-0.05022175
-0.06341333
-0.07347458
-0.08330732
-0.0950264
-0.1024982
-0.09711047
-0.07799071
-0.05241986
-0.03009709
-0.01335708
-0.0005369048
0.009861269
0.01481387
0.0162483
0.01644826
0.01626403
0.01648354
0.01832939
0.02207479
0.02826949
0.03780705
0.04759713
0.05336473
0.05373711
0.04931144
0.03989045
0.02811141
0.01636901
0.00461132
-0.007215534
-0.01651986
-0.02101456
-0.02267709
-0.02161322
-0.01700019
-0.01079929
-0.006217294
-0.006357015
-0.008447446
-0.007732208
-0.004679355
0.002363619
0.01269228
0.02404218
0.03268656
0.03842787
0.04300274
0.04408982
0.04369063
0.04134435
0.03641518
0.03138352
0.02655104
0.02390441
0.02224554
0.02008177
0.0167917
0.008844831
-0.008544664
-0.03191483
-0.05551173
-0.07421425
-0.08598194
-0.09067023
-0.09007588
-0.07364769
-0.04259322
-0.01075909
0.01036316
0.01414836
0.004085791
-0.009650911
-0.01848251
-0.01486172
-0.001630499
0.01267459
0.02488339
0.03411664
0.03952101
0.0389353
0.0335323
0.02854921
0.02937926
0.03439521
0.04037868
0.04164628
0.03805615
0.03356641
0.03008703
0.03002754
0.03281774
0.03559873
0.03814153
0.0406368
0.03729492
0.02672039
0.01563616
0.007126912
0.002101109
-0.002983839
-0.007276982
-0.007168226
0.0007469607
0.01622495
0.0337269
0.04768896
0.05531112
0.0550475
0.04983996
0.04534949
0.04077636
0.03273362
0.02022929
0.006519361
-0.005209981
-0.01509524
-0.02463076
-0.03466443
-0.04599953
-0.05832457
-0.06942155
-0.07357358
-0.06984198
-0.06171134
-0.05132885
-0.03922453
-0.02484153
-0.01120524
-0.00292581
-0.00386456
-0.01455355
-0.02677057
-0.03489763
-0.0359993
-0.02899992
-0.0207286
-0.01718369
-0.01860314
-0.02116724
-0.02259232
-0.02113397
-0.01657547
-0.009797049
-0.002462256
0.005599845
0.01100313
0.01495604
0.01625761
0.01425852
0.01053931
0.006159238
0.002671357
0.004675102
0.01203908
0.01846603
0.01968221
0.01670443
0.01576729
0.01870564
0.02340757
0.02540433
0.02588814
0.02504259
0.02174845
0.0186834
0.01967929
0.02236538
0.0246347
0.02645979
0.02928491
0.03145673
0.03147163
0.02479821
0.01287861
0.0001292688
-0.0150755
-0.03042406
-0.04236296
-0.05352862
-0.06550736
-0.07365879
-0.07758148
-0.08159481
-0.08718841
-0.09123739
-0.09213922
-0.09137694
-0.08925108
-0.08131831
-0.06410415
-0.04012813
-0.0154481
0.003660488
0.0183348
0.03126076
0.04417521
0.05876857
0.06889731
0.07098507
0.06697087
0.05899211
0.04949134
0.04162652
0.03556026
0.02987013
0.02604797
0.02586038
0.02876833
0.0339558
0.03956408
0.04028753
0.03424425
0.02447328
0.01262423
0.002248406
-0.005111864
-0.00948566
-0.01272617
-0.01749572
-0.02651911
-0.0366148
-0.04441431
-0.04830984
-0.04622694
-0.03683078
-0.0204779
-1.521532e-05
0.01849886
0.03356446
0.04357596
0.04730803
0.04558583
0.04134598
0.0378404
0.0376227
0.03929704
0.04201477
0.04690147
0.05180795
0.05569313
0.0575598
0.06073195
0.06725263
0.07659136
0.08416118
0.08895445
0.09395175
0.09621107
0.09435289
0.09030789
0.08458224
0.07467007
0.05715704
0.03263426
0.006718022
-0.01561404
-0.03400306
-0.04897152
-0.0634437
-0.0759132
-0.08715764
-0.09927142
-0.1128795
-0.1239706
-0.1298548
-0.1342186
-0.1357601
-0.1328031
-0.1281647
-0.1204913
-0.109021
-0.09508491
-0.07780882
-0.05577808
-0.03094477
-0.01139806
-0.001067618
0.002257144
0.0003613053
-0.001180331
0.004311815
0.01609782
0.0298391
0.04330735
0.05740475
0.07267016
0.08428367
0.08871933
0.08709762
0.08078189
0.07267554
0.06298446
0.04949801
0.02951496
0.00352837
-0.02084822
-0.03767673
-0.04836281
-0.0561168
-0.06199257
-0.06583589
-0.06797071
-0.06782905
-0.06203114
-0.04813771
-0.0300757
-0.0166926
-0.0137093
-0.02056398
-0.02890733
-0.03460502
-0.03788246
-0.0362692
-0.02506231
-0.006181677
0.01377329
0.03027446
0.04307251
0.04963917
0.04894437
0.04285024
0.03726918
0.03592065
0.03944139
0.04334745
0.04367673
0.04024169
0.03401242
0.02760451
0.0219602
0.02020959
0.02467734
0.03296824
0.04116127
0.04576504
0.04707936
0.04552952
0.04350339
0.04233177
0.04162752
0.04143752
0.04055121
0.03752485
0.03195066
0.02442651
0.01673879
0.01174866
0.006415629
0.0006845284
-0.003625458
-0.00631111
-0.005334197
0.0006126471
0.008881623
0.01665543
0.02427595
0.03041899
0.03516625
0.03575806
0.03379586
0.03169543
0.02768513
0.02019176
0.01018375
-0.00155587
-0.01301721
-0.02115028
-0.02488303
-0.02372626
-0.01942975
-0.01483107
-0.00920882
-0.003974203
0.001212282
0.00970381
0.01646648
0.01581961
0.004475644
-0.01485852
-0.03815818
-0.06157754
-0.07759052
-0.08586673
-0.08895045
-0.08474196
-0.07349761
-0.05827566
-0.04442812
-0.03461826
-0.0287347
-0.02710644
-0.02854034
-0.02902464
-0.02661678
-0.02139117
-0.0145963
-0.00691955
-0.001072962
0.004232805
0.009279979
0.0141492
0.02009957
0.0276108
0.03593956
0.0432786
0.04524709
0.04191104
0.03707096
0.03226717
0.02934182
0.02609768
0.02200487
0.01583028
0.006783671
-0.00391745
-0.01659908
-0.02933117
-0.04191163
-0.05361344
-0.0660371
-0.075065
-0.07641006
-0.07320426
-0.0661681
-0.05801948
-0.05035176
-0.04240017
-0.03282941
-0.02178035
-0.01144039
-0.00528019
-0.003332204
-0.003662243
-0.003155541
0.002310602
0.0122107
0.02399535
0.0354603
0.0456936
0.05487668
0.06122476
0.06393974
0.06096835
0.05127215
0.03761669
0.02404836
0.01191849
0.0008636558
-0.008726874
-0.018486
-0.02938885
-0.04211578
-0.05031303
-0.04847113
-0.0346277
-0.009055843
0.02173599
0.04730449
0.06336813
0.07023938
0.06748548
0.05689655
0.03709815
0.01337658
-0.005659562
-0.02016126
-0.02507084
-0.02220157
-0.0166896
-0.009713961
-0.001107391
0.01213138
0.02775923
0.04058201
0.04745129
0.04722451
0.04154629
0.03580212
0.03355309
0.03369682
0.03482648
0.035516
0.0336734
0.0300113
0.02565828
0.02021285
0.01589279
0.0164772
0.02457258
0.03789429
0.05396817
0.06999678
0.08451989
0.09506851
0.1001863
0.1020307
0.100295
0.08837689
0.05863881
0.01655294
-0.01983394
-0.04290411
-0.05763595
-0.06839813
-0.07694756
-0.08199412
-0.08719763
-0.09313366
-0.09749491
-0.09665247
-0.08766956
-0.07550675
-0.06419029
-0.0519721
-0.03454092
-0.01543479
-0.003141207
-0.001467704
-0.01131585
-0.02970368
-0.05003229
-0.06825379
-0.08308538
-0.09036813
-0.08769574
-0.07123575
-0.03788895
0.004627494
0.04527889
0.07659871
0.09853988
0.1116063
0.1098109
0.09068137
0.05866465
0.02247298
-0.005616351
-0.01890748
-0.01514163
0.002706378
0.02557717
0.04371902
0.05407711
0.05562172
0.04485841
0.01866803
-0.01658013
-0.05177622
-0.07855805
-0.09748683
-0.1104914
-0.1127957
-0.1028605
-0.08564013
-0.06756003
-0.05047195
-0.03443148
-0.01893129
-0.00660343
0.0008486538
0.006300098
0.01031896
0.01215667
0.01248924
0.01207548
0.009398725
0.004479336
-0.001429772
-0.007296864
-0.01200974
-0.01521415
-0.01701012
-0.01501313
-0.007212078
0.004343941
0.01620374
0.02796595
0.04053826
0.05329277
0.06507759
0.07456046
0.08099358
0.08421855
0.08266445
0.07872215
0.07387656
0.06309851
0.03927163
0.00474446
-0.02670848
-0.046361
-0.05624104
-0.0607051
-0.06108161
-0.0580869
-0.04997905
-0.03487144
-0.01480968
0.006397608
0.021889
0.02802734
0.02793467
0.02509383
0.01974633
0.01274729
0.008068173
0.006584671
0.009293516
0.01635137
0.02569561
0.0341451
0.03932583
0.03782916
0.02999568
0.01785137
0.004765491
-0.003320009
-0.005465108
-0.003130089
0.004315342
0.0164981
0.03058977
0.04168603
0.049497
0.05615285
0.06220692
0.06687972
0.067143
0.05925719
0.04018934
0.0147272
-0.005340173
-0.0169977
-0.02505116
-0.03207765
-0.03803514
-0.04571217
-0.05562075
-0.06727066
-0.07586708
-0.07927793
-0.07762624
-0.07348679
-0.06982023
-0.06777563
-0.06548406
-0.06228062
-0.06069791
-0.05984009
-0.06018659
-0.06351677
-0.06904175
-0.07527101
-0.07859414
-0.07756852
-0.07145863
-0.06007635
-0.0462381
-0.0323599
-0.02125086
-0.01460383
-0.009435014
-0.004020519
0.002386974
0.008663941
0.01396787
0.01858254
0.02383542
0.02709725
0.02591055
0.02038052
0.01207896
0.002884539
-0.003589852
-0.004862927
0.0003689849
0.009496705
0.02028191
0.02985121
0.0337788
0.0310785
0.02394454
0.01439262
0.004558719
-0.004234576
-0.01123037
-0.01455261
-0.013551
-0.0106703
-0.005325184
0.0005993399
0.004627887
0.00654058
0.006395462
0.004731363
0.002555774
-0.000447042
-0.003073225
-0.003251506
-0.003244903
-0.006377447
-0.01080836
-0.01103442
-0.007280432
-0.003262596
0.0008279782
0.00648809
0.01221579
0.01664721
0.01977039
0.0205996
0.02000371
0.01632744
0.009485698
0.002663143
-0.0004189928
0.002877173
0.01215636
0.02330816
0.03369903
0.04203711
0.04718331
0.04776721
0.04749057
0.04963845
0.05334792
0.05517039
0.0548108
0.05312186
0.04582482
0.03063313
0.01089364
-0.006473135
-0.01951657
-0.02890094
-0.03614015
-0.04047064
-0.04217709
-0.04226029
-0.04230177
-0.04326444
-0.04405576
-0.04439794
-0.04590787
-0.04854474
-0.04957654
-0.04444148
-0.03549133
-0.02640761
-0.01895299
-0.01497343
-0.01272804
-0.009267031
-0.004990764
-0.001225757
-0.0004313293
-0.002915802
-0.005357489
-0.005043217
0.0007943267
0.01139577
0.02223411
0.02994854
0.0341338
0.03572118
0.03484565
0.03423228
0.03560921
0.03605061
0.03376728
0.02846366
0.01972366
0.007091336
-0.005402282
-0.01662572
-0.02685811
-0.03601915
-0.04254837
-0.04591535
-0.04414446
-0.03759683
-0.02811168
-0.01721156
-0.008869425
-0.003040143
0.0006106312
0.0008191732
-0.001248031
-0.003012351
-0.003237684
-0.003210238
-0.002943065
-0.001397684
0.0009387457
0.004552752
0.009568996
0.01660189
0.02476469
0.03246671
0.04056842
0.04667287
0.04966856
0.05062846
0.04940264
0.04597156
0.04155652
0.03612041
0.03086808
0.02737824
0.02690606
0.02836153
0.02990636
0.02828956
0.02205409
0.01277133
0.004466118
-0.0009717728
-0.003187411
-0.004149875
-0.004965099
-0.005059775
-0.005126048
-0.006026233
-0.006890095
-0.007235713
-0.007662588
-0.008390007
-0.01048406
-0.0131282
-0.01679245
-0.01858617
-0.01471996
-0.00738159
-0.0006454191
0.004265943
0.005106421
0.002439153
-0.002808775
-0.008186619
-0.01267254
-0.01590964
-0.01861922
-0.02073646
-0.021588
-0.02057461
-0.01893849
-0.01839426
-0.01894477
-0.02150655
-0.02463796
-0.02637702
-0.02662827
-0.02743327
-0.02946243
-0.03127341
-0.03074324
-0.02595375
-0.01717902
-0.01082388
-0.008643302
-0.009301975
-0.01247352
-0.01503319
-0.01472259
-0.008708472
0.002510695
0.01466848
0.02626483
0.0359731
0.04183326
0.04383869
0.0439048
0.04273641
0.03901076
0.03210167
0.02234251
0.01152071
0.002984945
-0.001188136
-0.003038072
-0.005026092
-0.007728945
-0.01113066
-0.01460414
-0.01466039
-0.01093342
-0.007122956
-0.004579744
-0.003352343
-0.006813528
-0.01477304
-0.02355141
-0.02925884
-0.03049497
-0.02848271
-0.02225555
-0.01124277
0.001362253
0.01216301
0.01682683
0.01624928
0.01294063
0.00842078
0.0009797716
-0.00871961
-0.01897325
-0.02795616
-0.03273132
-0.03386
-0.03170453
-0.02803999
-0.02377494
-0.02135789
-0.0217585
-0.02423318
-0.0267043
-0.02812507
-0.02761062
-0.02625218
-0.0247575
-0.02306678
-0.02095677
-0.02047652
-0.0193393
-0.01511522
-0.008505709
0.0008202475
0.009586712
0.01479034
0.01641725
0.01457412
0.01089234
0.006512183
0.001151472
-0.003131943
-0.00479107
-0.003094391
0.00104646
0.006670259
0.01272685
0.01862732
0.02205745
0.02099321
0.01613591
0.006855271
-0.002669835
-0.009084428
-0.0147271
-0.01926447
-0.02089255
-0.02018418
-0.01700847
-0.01229051
-0.00626854
-0.0008107596
0.004878588
0.01066657
0.01458323
0.01666671
0.01848921
0.02054456
0.02229805
0.02364461
0.02518637
0.02639733
0.02840495
0.03206665
0.03623649
0.04002034
0.04181448
0.04135365
0.03961242
0.03643694
0.03410978
0.03206153
0.02859657
0.0232116
0.01465563
0.005092732
-0.003158106
-0.0106163
-0.01660238
-0.02053505
-0.02245411
-0.02230086
-0.02080466
-0.01825886
-0.0127287
-0.006008189
-0.0007670192
0.002798879
0.004076883
0.002756857
-0.0007683108
-0.004085389
-0.005581791
-0.005092077
-0.00478002
-0.004792137
-0.004923993
-0.005863737
-0.00673812
-0.005804265
-0.003056992
0.001233355
0.007585631
0.01499489
0.02215427
0.02663471
0.02833314
0.0263037
0.02053491
0.0148837
0.01248484
0.012923
0.01556607
0.01863324
0.02055048
0.02056583
0.01846851
0.01503413
0.01034458
0.003313869
-0.003000294
-0.006813655
-0.007687611
-0.005779527
-0.003088139
-0.0005403437
0.002537457
0.005318682
0.008696047
0.0106666
0.01021431
0.008308557
0.005414094
0.004804772
0.004777411
0.003224338
0.0009572069
-0.002878397
-0.008769684
-0.01535574
-0.0216128
-0.02827581
-0.0337632
-0.03750066
-0.04155595
-0.04404771
-0.04379992
-0.03993764
-0.03226156
-0.02123894
-0.007801907
0.004861044
0.01490929
0.02246309
0.02634807
0.02671236
0.02516174
0.02276364
0.02249183
0.02450274
0.02644555
0.02643538
0.02460851
0.02235096
0.02082897
0.0205577
0.01845117
0.01301999
0.00689434
0.0009411534
-0.004632584
-0.008670437
-0.01183509
-0.01430042
-0.01458727
-0.01466067
-0.01642908
-0.01841187
-0.01937243
-0.02064538
-0.02292965
-0.02474693
-0.02586142
-0.02450629
-0.02139775
-0.0163611
-0.008689416
-0.0009854449
0.004209154
0.006712497
0.007316912
0.007439028
0.007495138
0.009452827
0.01207929
0.01566081
0.01971445
0.02249562
0.02269733
0.02051554
0.01679529
0.01293014
0.008625269
0.003398347
-0.001071267
-0.005626608
-0.01060964
-0.01558206
-0.01927394
-0.02037455
-0.02049058
-0.02119321
-0.02150898
-0.02017191
-0.01660053
-0.01251444
-0.008665276
-0.004660328
-0.0009210729
0.001144946
0.001144703
-0.0007783691
-0.00493063
-0.01033704
-0.01468011
-0.01826541
-0.02154851
-0.02397778
-0.02442502
-0.02430513
-0.02313469
-0.0185263
-0.01049127
-0.0008307368
0.006841326
0.0102722
0.00946346
0.005392804
0.002978056
0.003094002
0.003124749
0.001003262
-0.002550438
-0.004883503
-0.005616396
-0.004729732
-0.002779746
-0.0007902719
0.0002080105
-0.0008809711
-0.003738112
-0.005614998
-0.004681491
-0.002899274
-0.002687309
-0.003633508
-0.005803598
-0.01056246
-0.01629925
-0.01962776
-0.0179262
-0.01101137
-0.003463541
0.002988589
0.007180628
0.00778849
0.00509732
0.003318647
0.004884687
0.006976197
0.008203766
0.008797238
0.008048154
0.007047322
0.007038319
0.006992651
0.005104627
0.001019698
-0.003316393
-0.006269399
-0.007979273
-0.006091312
-0.002573884
0.001267262
0.003828354
0.003416722
0.001079782
-0.003896028
-0.01018529
-0.01480833
-0.01798946
-0.01972188
-0.01998801
-0.01655709
-0.01041428
-0.00488574
-0.002457688
-0.002937634
-0.005609746
-0.007496103
-0.006684027
-0.004789657
-0.002532414
0.001051518
0.005183506
0.008931042
0.01190119
0.01504613
0.01852194
0.02086454
0.0226522
0.02369681
0.02251033
0.0189623
0.01477482
0.01004539
0.004868261
0.001643412
0.002609139
0.005668565
0.00943574
0.01139163
0.01268138
0.01299807
0.0119458
0.008970325
0.003283939
-0.004968619
-0.01396794
-0.02067583
-0.02593217
-0.02911748
-0.0300181
-0.02912931
-0.02611892
-0.02016912
-0.01257543
-0.006620117
-0.002626595
0.001163914
0.005267774
0.008618337
0.01152475
0.01637468
0.02104563
0.02442033
0.02583065
0.02544117
0.02291491
0.01848758
0.01327107
0.009716982
0.007322071
0.004948822
0.001214364
-0.00254679
-0.004712978
-0.006638678
-0.008561964
-0.008396076
-0.005685899
-0.003821766
-0.00434872
-0.005873341
-0.008336294
-0.01063688
-0.01147861
-0.008376044
-0.0008975867
0.007190509
0.01283234
0.01503173
0.01479987
0.01297051
0.0110136
0.01002091
0.01000293
0.01086489
0.01331688
0.01645436
0.01698679
0.01694841
0.01878745
0.02063796
0.02086214
0.02070729
0.02101746
0.02018204
0.01754179
0.01642502
0.01501893
0.01291356
0.01122153
0.008726317
0.003324709
-0.002491613
-0.00688412
-0.01025476
-0.0105928
-0.007449363
-0.00275052
0.0003074749
0.000165113
-0.002370054
-0.006094818
-0.009954722
-0.01078782
-0.01037796
-0.01052887
-0.01132054
-0.01261559
-0.01421785
-0.01443397
-0.01252311
-0.008335259
-0.002671496
0.0008717909
0.00183149
0.002828808
0.001234346
-0.002480227
-0.004706054
-0.004605816
-0.002684265
0.000376677
0.003071805
0.003331152
0.001045701
-0.002317122
-0.00498448
-0.007290233
-0.007548422
-0.005764887
-0.002453918
0.0031371
0.009033984
0.01299636
0.01491403
0.01593409
0.01679291
0.01708975
0.01556512
0.0113361
0.006961469
0.003175383
0.0004788149
-0.001020655
-0.002283761
-0.002934423
-0.004469868
-0.006558754
-0.008540413
-0.01048872
-0.01223777
-0.01467381
-0.01889487
-0.02347746
-0.02777249
-0.03018847
-0.03079066
-0.03012689
-0.02894117
-0.02612846
-0.02017126
-0.01140196
-0.002747599
0.00322013
0.007236529
0.0100159
0.009920066
0.007213466
0.005279944
0.004990154
0.004245217
0.003301085
0.00304324
0.003550852
0.004572531
0.005955928
0.009340053
0.01147844
0.01275638
0.01313522
0.01185926
0.00826536
0.002996009
-0.002374215
-0.005766725
-0.007490911
-0.007400423
-0.005685474
-0.003697747
-0.0004041636
0.004891457
0.009196942
0.01111368
0.009824116
0.005417513
0.0001859461
-0.005596804
-0.01140244
-0.01524932
-0.0165046
-0.01600813
-0.01471403
-0.01403775
-0.01265269
-0.01019346
-0.006834277
-0.003324983
0.000963891
0.005580938
0.009598126
0.01133324
0.01296217
0.01487129
0.01580602
0.01725169
0.02035815
0.02310398
0.02550643
0.0266574
0.02674063
0.02666336
0.02550059
0.02308224
0.02042944
0.0171924
0.01481
0.01291778
0.01127429
0.009802417
0.007223967
0.005264631
0.005055706
0.005231703
0.005206769
0.005028322
0.005446387
0.006844634
0.007368447
0.006850343
0.005596126
0.003730779
-0.0003594464
-0.004675385
-0.008559613
-0.01228997
-0.01542911
-0.01818071
-0.02023554
-0.02124911
-0.02016484
-0.01616428
-0.01173995
-0.01014839
-0.01058742
-0.01244165
-0.01419802
-0.01448115
-0.01434975
-0.014257
-0.01440425
-0.01546247
-0.01607491
-0.01440412
-0.0126635
-0.01198734
-0.01077068
-0.01031064
-0.01042754
-0.01057649
-0.01027513
-0.008617044
-0.006541193
-0.004464623
-0.002822212
-0.002499643
-0.002614763
-0.002840801
-0.002412887
0.0002998505
0.002949079
0.003557568
0.003942242
0.004392258
0.005030369
0.005210482
0.005271485
0.005018785
0.003368362
0.001109078
-0.000552365
-0.0006398248
-0.0009142867
-0.002460907
-0.002611596
-0.0007983375
0.001283336
0.003321962
0.005055208
0.005235131
0.004185454
0.00313904
0.003438273
0.004898953
0.005340277
0.005190194
0.004968764
0.00543662
0.008001117
0.01081983
0.01337779
0.0165965
0.01786756
0.01712308
0.01563304
0.01308781
0.01118198
0.009794025
0.007229567
0.005256091
0.005051711
0.005198204
0.005182901
0.005174974
0.005167565
0.005025604
0.005555769
0.006521603
0.005838538
0.004558296
0.001668362
-0.0008107322
-0.002790853
-0.004383261
-0.004656959
-0.005708105
-0.008408901
-0.01036067
-0.01067824
-0.01030689
-0.008509227
-0.005680314
-0.002564624
0.001232535
0.005192124
0.007984803
0.00922939
0.009857942
0.01023406
0.01086297
0.01107914
0.01107886
0.01086882
0.01019315
0.009979068
0.009962694
0.01022288
0.01081794
0.01019528
0.007979143
0.004240098
0.0002380652
-0.002632026
-0.003597278
-0.002813756
-0.0005017586
0.0031394
0.004999473
0.003455134
2.784318e-05
-0.004434856
-0.008570946
-0.01253086
-0.01614151
-0.01843426
-0.020205
-0.02111991
-0.02050395
-0.01784092
-0.01292154
-0.00820676
-0.002694687
0.002980908
0.007454346
0.01063254
0.01125958
0.01091299
0.01001414
0.008121861
0.005136282
0.001109376
-0.00241109
-0.003884087
-0.004545523
-0.004565408
-0.004636293
-0.006715481
-0.01033929
-0.01242159
-0.01257481
-0.01227526
-0.01164287
-0.01034586
-0.007543003
-0.004762271
-0.003594255
-0.002572633
-0.0008966694
0.0003880273
0.001153756
0.001266471
0.001133021
0.001448876
0.001944977
0.001309641
0.001353446
0.003005722
0.00421509
0.00422446
0.003026848
0.001308287
0.001297574
0.002981007
0.004376409
0.004904397
0.004279156
0.004207221
0.004837023
0.005607655
0.006490157
0.005667296
0.0047061
0.003449424
0.002951254
0.003361828
0.004040148
0.003086798
0.0003842621
-0.002654158
-0.006952034
-0.01200527
-0.01465908
-0.01643833
-0.01808301
-0.01853826
-0.01825368
-0.01631122
-0.01252603
-0.00862973
-0.005383148
-0.003111568
-0.002246002
-0.001113434
-0.0005421017
8.233747e-05
0.001375309
0.002918361
0.003426671
0.00285576
0.001416339
0.001141504
0.002092784
0.003210911
0.004247835
0.003761889
0.001627507
0.0008649378
0.001378537
0.003036691
0.005148442
0.007056562
0.007936594
0.00718715
0.004984103
0.001168046
-0.002623433
-0.004691631
-0.00578849
-0.006436392
-0.005784991
-0.004655758
-0.003598743
-0.002945728
-0.002532698
-0.0007735843
0.001019047
0.001252471
0.001262596
0.001158597
-0.001063273
-0.004270755
-0.004866388
-0.004819721
-0.005464822
-0.004816303
-0.002585763
-8.765448e-05
0.001503741
0.002884304
0.003155352
0.003176438
0.004156731
0.004793072
0.004435031
0.004826298
0.005161848
0.005107058
0.004855253
0.005349094
0.007866039
0.009800081
0.01019302
0.01074141
0.01104998
0.01069742
0.01024404
0.01065325
0.01009541
0.007870916
0.00419502
6.086943e-05
-0.003707503
-0.005567157
-0.005016918
-0.00234938
0.002664371
0.007382097
0.01063742
0.01096625
0.01001708
0.009847197
0.00992579
0.009898514
0.01003194
0.009847082
0.007837756
0.005332913
0.004733509
0.005305692
0.006655364
0.008357299
0.01057625
0.01100193
0.009955724
0.008835504
0.008049808
0.007925407
0.007890487
0.008018789
0.009025615
0.009583005
0.008414384
0.006520606
0.003342212
0.001075337
3.186327e-05
-0.0007464869
-0.0009173832
-0.0007115982
-0.001057768
-0.002623661
-0.003870396
-0.004650452
-0.005888304
-0.007648155
-0.007506613
-0.005007422
-0.002724484
-0.0007420563
0.0009184694
0.001204815
0.001031827
0.001159304
0.001057921
-0.0008954388
-0.004783632
-0.008549999
-0.0107392
-0.0117346
-0.009956869
-0.005739824
-0.002448013
-0.0007199527
0.00160442
0.00479143
0.0063391
0.007018926
0.007027167
0.00500249
0.0009711311
-0.002578635
-0.003873561
-0.006191447
-0.01008996
-0.01204662
-0.01345913
-0.01467489
-0.0141995
-0.01219013
-0.01005847
-0.006300272
-0.002475364
0.000373917
0.001523841
0.002273668
0.001111362
-0.0002013769
-9.039354e-05
0.0006539597
0.0009091863
0.0006591786
-0.0002887892
-0.001022311
-0.0004943947
0.0008143647
0.003389831
0.006353403
0.007908655
0.00728744
0.005883289
0.004332662
0.003000449
0.001353923
0.0001543696
0.0004476081
0.001934429
0.002007015
0.0002479646
-0.001740295
-0.003694407
-0.005264717
-0.005481091
-0.005392554
-0.006229288
-0.008221275
-0.01054022
-0.01175806
-0.01242865
-0.0121022
-0.01085934
-0.01001639
-0.008688966
-0.008611907
-0.009898232
-0.01034567
-0.009920881
-0.00806686
-0.005711692
-0.004414817
-0.002794249
-0.0003139956
0.002586435
0.005628288
0.007476948
0.008297976
0.007983902
0.005506945
0.002028916
-0.0004903535
-0.001365529
-0.001483084
-0.001093356
-4.158077e-05
0.0006508825
0.001528733
0.002184293
0.00330405
0.003355096
0.001821761
7.267615e-05
-0.001627237
-0.002970156
-0.003180626
-0.003023812
-0.003003636
-0.003137485
-0.002676996
-0.00107454
0.0006347605
0.002784465
0.003261456
0.003082044
0.003658013
0.00450777
0.004907992
0.004471237
0.003823642
0.00286427
0.00243774
0.0008055273
-0.002352076
-0.004937929
-0.007588248
-0.010229
-0.01149994
-0.01155387
-0.01087097
-0.009239077
-0.007806434
-0.006026756
-0.004430398
-0.002875624
-0.001126092
-4.406158e-05
0.0002434487
-0.0008904213
-0.002118118
-0.002253463
-0.002102638
-0.002069035
-0.002046096
-0.002005647
-0.001948625
-0.001864007
-0.002003949
-0.002248889
-0.001889889
-0.001754718
-0.001546163
-0.000584299
0.0002436935
0.0007019107
0.0007618674
0.0007186161
0.0007252516
0.0007232133
0.0006255619
0.0008107216
0.001672072
0.002385177
0.002677706
0.002870807
0.003563828
0.004313442
0.004990573
0.00502498
0.00480669
0.004735318
0.004574943
0.003746723
0.003122917
0.003899259
0.00423114
0.00380767
0.0029464
0.002109014
0.001327112
0.001082206
0.001074146
0.001067973
0.0008732319
5.326343e-05
-0.0009862392
-0.001727483
-0.001820027
-0.001762495
-0.001690898
-0.001356927
-0.0008202521
-0.0001420234
0.0002675891
0.0006493907
0.001240616
0.00169064
0.0017073
0.001174207
0.0007872962
0.0001557312
-0.0005908219
-0.001451118
-0.002633205
-0.003312926
-0.003277884
-0.002737056
-0.001888743
-0.001449475
-0.00143608
-0.001802064
-0.002548825
-0.003080893
-0.003276563
-0.00344371
-0.003554375
-0.003417737
-0.003373621
-0.003632442
-0.003502245
-0.00294819
-0.002467233
-0.002043924
-0.001559236
-0.0007976951
-0.0002420539
0.000166469
0.0004782431
0.0004952783
0.000453428
0.0003572432
-1.015351e-05
-0.0003322783
-0.0004501287
-0.0006235242
-0.0007433288
-0.0009166849
-0.0009377817
-0.0008639069
-0.0008224486
-0.00082021
-0.0006613518
-0.0002650876
-0.0001283262
-3.782256e-05
2.01599e-05
-9.572579e-05
-0.0002566423
-0.0004634814
-0.0004318609
-0.0004425735
-0.0002924674
-8.312583e-05
-4.659598e-05
-0.000154481
-0.0003552661
-0.000488814
-0.0005088705
-0.0004582992
-0.0003973699
-0.0003668585
-0.0003461484
-0.0002624359
-0.0002042937
-0.0001505919
-8.669109e-06
0.0001666786
0.0003032918
0.0003703323
0.0003103378
0.0002197081
0.0001725103
0.000181959
0.0002219633
0.0003053589
0.0003792508
0.0003968547
0.0004002536
0.0004088244
0.000420065
0.0004289363
0.0004116369
0.0003680494
0.0003450278
0.0003545015
0.0003744118
0.0003917966
0.0004273424
0.0004627589
0.0004903183
0.0005229402
0.0005484693
0.0005752763
0.0005899485
0.0006009197
0.0006174533
0.0006277286
0.0006283054
0.0006282003
0.0006377841
0.0006493732
0.0006618997
0.0006788089
0.000691745
0.0006996023
0.0007062513
0.0007107596
0.0007139266
0.0007175772
0.00072112
0.0007263764
0.0007356869
0.0007465617
0.0007572657
0.0007693129
0.0007792138
0.0007872461
0.0007938059
0.0007981503
0.0008011391
0.000804035
0.0008068383
0.0008094117
0.0008123039
0.0008152697
0.0008180067
0.0008205454
0.0008231186
0.0008256034
0.0008278825
0.0008299633
0.0008318
0.0008334127
0.0008348396
0.0008360898
0.0008371524
0.0008380168
0.0008386757
0.0008391214
0.0008393459
0.0008393444
0.0008391144
