-4.041301e-05
-4.053607e-05
-4.062697e-05
-4.070008e-05
-4.085984e-05
-4.082412e-05
-4.097312e-05
-4.105252e-05
-4.111159e-05
-4.117999e-05
-4.120159e-05
-4.120773e-05
-4.129174e-05
-4.168389e-05
-4.0966e-05
-4.084953e-05
-4.247811e-05
-4.129869e-05
-4.072427e-05
-4.152691e-05
-4.151767e-05
-4.24165e-05
-4.05301e-05
-4.112122e-05
-4.230533e-05
-4.158524e-05
-3.964051e-05
-4.162021e-05
-4.330637e-05
-3.938994e-05
-4.076593e-05
-4.261203e-05
-3.944846e-05
-4.165995e-05
-4.01366e-05
-3.997673e-05
-4.269199e-05
-4.035252e-05
-3.888445e-05
-3.960233e-05
-4.139652e-05
-4.007566e-05
-3.863335e-05
-4.199318e-05
-3.808046e-05
-3.905967e-05
-4.120436e-05
-3.950421e-05
-3.929654e-05
-3.647676e-05
-4.280265e-05
-3.874925e-05
-3.374588e-05
-4.313851e-05
-3.835802e-05
-3.31727e-05
-4.03134e-05
-3.738454e-05
-4.432392e-05
-3.246701e-05
-3.174231e-05
-4.376285e-05
-2.741873e-05
-3.799432e-05
-4.544114e-05
-2.423928e-05
-4.762157e-05
-3.313375e-05
-2.134272e-05
-4.318311e-05
-4.044431e-05
-2.650668e-05
-2.943144e-05
-4.549417e-05
-3.573784e-05
-1.983834e-05
-3.963316e-05
-3.910883e-05
-2.944842e-05
-2.142026e-05
-4.119188e-05
-4.23761e-05
-1.037929e-05
-5.576969e-05
-9.967079e-06
-2.014896e-05
-5.917701e-05
-1.931725e-05
-3.151888e-05
-2.425677e-05
-2.708695e-05
-3.825381e-05
-8.900171e-06
-4.649105e-05
-2.400104e-05
-2.22915e-05
-4.508585e-05
1.326097e-05
-4.372478e-05
-5.40917e-05
-6.447286e-06
-1.850789e-06
-4.283969e-05
-3.638861e-05
-1.380365e-05
-2.048132e-05
-2.34972e-05
-2.428524e-05
-2.826983e-05
-1.268276e-05
-1.839647e-05
-3.472823e-05
-1.763372e-05
-1.967063e-05
-1.15049e-05
-3.180835e-05
-2.685272e-05
-2.53305e-06
-1.838547e-05
-2.558935e-05
-2.026039e-05
-1.381984e-05
-1.670819e-05
-2.433229e-05
-1.387277e-05
-1.873011e-05
3.11924e-07
-2.675037e-05
-1.987614e-05
-1.185612e-05
-2.768525e-05
5.198766e-06
-1.140107e-05
-1.555834e-05
-6.777065e-06
-2.038246e-05
-2.494682e-06
-2.06938e-05
-2.172562e-05
1.241879e-05
-8.140893e-06
-2.32328e-05
9.456557e-06
-1.270024e-05
-1.542666e-05
-2.972539e-06
-4.26611e-06
-2.366017e-06
-1.615495e-05
-3.995165e-06
-5.485834e-07
-6.642805e-06
-2.253969e-06
-1.697009e-05
-1.068698e-05
1.997847e-06
4.258246e-06
-2.834148e-06
-1.14881e-06
-1.95412e-06
-8.483907e-06
1.251015e-05
-1.230164e-05
-4.153057e-06
5.42646e-06
3.78044e-06
-6.069937e-06
-8.510838e-06
6.749932e-06
4.414375e-06
-3.948733e-06
3.861526e-06
3.644195e-06
2.066704e-06
1.447834e-05
3.226461e-07
-1.347631e-06
2.100533e-05
-4.414361e-07
5.159311e-06
1.25731e-05
1.55142e-05
8.397262e-06
7.767334e-06
1.482769e-05
3.488959e-06
1.800409e-05
2.216104e-06
9.354072e-06
1.397967e-05
-5.367688e-06
2.522087e-05
2.763255e-05
1.174258e-05
1.174017e-05
1.837768e-05
1.75858e-05
1.314073e-05
9.982219e-06
1.809328e-05
9.655367e-06
1.746356e-05
2.216521e-05
2.495275e-06
1.083738e-05
1.590972e-05
-7.150098e-06
2.513874e-05
3.032325e-05
-7.869105e-06
2.543783e-05
3.263378e-05
9.016155e-06
8.195447e-06
1.779882e-05
1.073199e-05
2.51303e-05
2.132523e-05
1.481972e-05
1.865826e-05
1.256792e-05
3.208734e-05
3.498233e-05
1.163357e-05
2.37644e-05
2.970603e-05
2.35402e-05
2.118519e-05
3.025823e-05
2.439864e-05
1.806078e-05
3.079837e-05
1.330779e-05
3.044712e-06
1.32899e-05
2.6332e-05
3.740019e-05
1.09446e-05
1.135753e-05
4.003658e-05
2.250803e-05
1.33762e-06
1.770665e-05
7.512474e-05
3.430547e-05
-1.95646e-05
3.990788e-05
4.538283e-05
1.113741e-05
5.430958e-05
1.573159e-05
-5.704976e-06
6.956567e-05
2.829352e-05
6.331479e-07
3.326231e-05
2.616908e-05
3.765516e-05
6.3595e-05
-1.158518e-05
1.420301e-05
6.503899e-05
-2.783911e-05
3.985479e-05
9.945582e-05
-5.612292e-06
1.113658e-05
2.533555e-05
1.21381e-05
2.842825e-05
5.834334e-05
1.168316e-05
5.639201e-06
8.811995e-05
4.959821e-05
-5.055064e-05
-7.214145e-06
0.0001105234
2.743692e-05
1.609972e-05
1.772839e-05
-2.99029e-05
8.1927e-05
7.964892e-05
-3.137173e-05
2.107008e-06
4.716253e-05
3.885242e-05
4.247925e-05
-1.193821e-05
5.104171e-05
3.349014e-05
-3.737723e-05
8.085376e-05
5.007408e-05
7.101833e-06
5.16973e-05
3.391158e-05
-1.330044e-05
2.0669e-05
9.310918e-05
3.089553e-05
3.247069e-05
-1.136243e-05
3.249807e-05
4.110686e-05
-2.853536e-05
9.05962e-05
4.536205e-05
-4.153718e-05
3.852179e-05
4.870515e-05
2.859994e-05
-4.510055e-06
4.90537e-06
7.884279e-05
3.816205e-06
2.852271e-05
7.941211e-05
-4.938707e-05
1.715663e-05
0.0001136825
1.227697e-05
-4.431158e-05
4.329985e-05
9.167828e-05
-3.226671e-05
3.852439e-06
7.553955e-05
-1.753921e-05
2.676379e-05
5.19418e-05
-5.836273e-07
3.085448e-06
4.124552e-05
4.869092e-05
6.893376e-06
1.468242e-05
2.567527e-05
4.902716e-05
2.498891e-05
2.062626e-05
2.419168e-05
1.089339e-05
1.687179e-05
5.56057e-05
5.003117e-05
7.404065e-06
-1.432022e-05
3.793871e-05
3.864355e-05
1.779499e-05
2.024096e-05
2.455349e-05
4.434771e-06
2.44111e-05
4.202601e-05
4.857243e-06
-1.867481e-05
3.892491e-05
4.26413e-05
7.986973e-07
1.789844e-06
3.493446e-05
1.06647e-05
1.153488e-05
4.18004e-05
1.122592e-05
1.593995e-05
3.383011e-05
-5.437729e-06
1.47582e-05
4.248216e-05
1.354951e-05
-1.904571e-06
2.512317e-05
2.129647e-05
1.998231e-07
1.592823e-05
2.498285e-05
1.542739e-05
1.548933e-05
3.256289e-05
5.762206e-06
3.828487e-06
8.621055e-06
2.297671e-05
2.224104e-05
8.411885e-06
2.825704e-05
3.354597e-05
-2.437261e-06
2.362886e-05
1.574431e-05
3.789142e-06
1.488409e-05
1.680115e-05
9.644895e-06
1.671049e-05
1.967438e-05
6.009302e-06
1.317737e-05
1.526591e-05
1.88819e-05
1.532086e-06
1.317793e-05
2.546006e-05
1.111746e-05
1.884556e-05
2.428986e-06
8.009746e-06
2.451222e-05
3.288169e-05
6.003571e-06
2.102796e-06
1.938557e-05
2.008555e-05
2.488232e-05
-1.927103e-06
-1.126059e-06
1.984982e-05
8.307857e-06
8.871145e-06
1.7384e-05
1.090007e-05
6.453745e-06
2.016708e-05
-2.720806e-06
-6.679893e-06
2.237899e-05
-4.447391e-06
1.544331e-05
2.531641e-05
-3.253869e-06
3.34443e-06
1.299707e-05
7.845846e-06
1.522594e-05
2.160776e-05
-7.804744e-06
3.921692e-06
2.81008e-05
1.002025e-05
9.877486e-06
-2.469892e-06
-1.046757e-05
1.154599e-05
2.462931e-05
5.638704e-06
1.475165e-06
-1.141759e-05
7.43053e-06
1.401025e-05
-8.084429e-07
-1.39643e-05
-1.776358e-05
5.024431e-06
8.85491e-06
-1.160891e-05
1.6947e-05
1.85645e-05
-4.233819e-06
2.74541e-08
5.10506e-06
2.010896e-06
-2.237986e-06
8.737764e-06
9.342498e-06
1.456519e-05
3.910928e-06
-3.174503e-06
2.072614e-06
-1.1832e-05
5.756421e-06
1.459279e-05
-8.337836e-06
8.250118e-06
1.12718e-05
9.616362e-06
8.247662e-06
-1.80567e-05
-2.168418e-05
1.374718e-05
2.066841e-05
7.274648e-07
-6.206086e-06
-7.691925e-06
6.570334e-06
-1.061632e-05
-1.236895e-05
4.17358e-06
-5.497282e-07
-1.173023e-05
-5.383936e-06
6.437291e-07
-3.992459e-06
5.893014e-06
-1.252439e-05
-8.252087e-08
-5.119592e-06
1.587409e-06
1.786948e-05
-1.899074e-05
-2.477596e-05
3.918357e-06
-8.160925e-06
-2.067483e-06
-7.160952e-07
-2.886508e-06
-2.913067e-07
-2.573918e-05
-4.956117e-06
1.385245e-05
-1.196131e-05
-1.988005e-05
-1.840313e-05
-1.155357e-05
-9.433556e-06
-1.29202e-05
7.166807e-06
-1.879061e-06
-2.46006e-05
-3.787119e-06
-1.177969e-05
-1.448839e-05
-2.327722e-05
-1.182324e-05
4.488368e-06
-5.75959e-06
-9.105443e-06
-1.193543e-05
1.403274e-06
-5.748986e-07
6.389908e-06
-1.519607e-06
-2.547651e-05
-8.035309e-06
-9.131589e-06
-1.285959e-05
-1.923875e-05
-5.627454e-06
-2.057498e-06
-1.752896e-05
-9.481257e-06
-6.149592e-06
-1.179306e-05
-1.031107e-05
-1.067311e-05
3.686116e-06
-7.58583e-06
-1.167653e-05
-9.489947e-06
-1.635851e-05
-1.479473e-05
-9.281206e-06
5.131603e-06
-1.569948e-05
-2.333587e-05
-1.040789e-05
-1.029379e-05
-1.192855e-05
-1.536172e-05
-1.210729e-05
-1.216763e-05
-1.464169e-05
-1.130051e-05
-1.00834e-05
-1.759923e-05
-2.456319e-05
-1.312262e-05
-5.810964e-06
-1.214997e-05
-2.27655e-05
-1.957612e-05
-5.065027e-06
-3.320963e-06
-1.949896e-05
-1.305438e-05
-1.159352e-05
-2.273495e-05
-2.011832e-05
-1.124704e-05
-1.791643e-05
-8.972302e-06
-1.011725e-05
-2.210127e-05
-1.279027e-05
-5.744276e-06
-2.13887e-05
-2.488296e-05
-1.347831e-05
-2.032235e-05
-2.438078e-05
-1.579324e-05
-1.651426e-05
-1.442397e-05
-6.521933e-06
-2.383744e-05
-1.524217e-05
-1.337337e-05
-3.483393e-06
-1.494439e-05
-1.552109e-05
-1.043478e-05
-6.310207e-06
-2.495072e-05
-1.348862e-05
-1.728179e-05
-2.633378e-05
-2.267078e-05
-1.319489e-05
-1.603913e-06
-1.346033e-05
-2.189351e-05
-2.35256e-05
-1.69832e-05
-8.61085e-06
-2.2987e-05
-1.591468e-05
-2.105597e-05
-3.145494e-05
-2.239648e-05
-1.533286e-05
-2.585541e-05
-1.330356e-05
-2.633287e-05
-1.651872e-05
-8.167346e-06
-2.334401e-05
-1.934056e-05
-2.004611e-05
-1.447539e-05
-3.273378e-05
-4.384219e-05
-1.305406e-05
-2.75186e-05
-3.421812e-05
-1.749209e-05
-1.272833e-05
-1.5386e-05
-2.250575e-05
-2.025175e-05
-1.569126e-05
-2.045389e-05
-1.328933e-05
-1.759467e-05
-2.115514e-05
-1.010033e-05
-3.656073e-05
-2.43845e-05
-3.2631e-05
-2.973015e-05
-1.07777e-05
-2.985308e-05
-2.960973e-05
-2.234179e-05
-3.885821e-05
-2.265006e-05
-2.37798e-05
-2.609604e-05
-2.542688e-05
-2.376116e-05
-2.686219e-05
-3.114465e-05
-2.811629e-05
-1.719332e-05
-2.227167e-05
-1.971651e-05
-2.262416e-05
-1.845519e-05
-2.305493e-05
-3.762494e-05
-2.418422e-05
-1.560322e-05
-3.476777e-05
-1.688022e-05
-2.116584e-05
-3.549738e-05
-2.653165e-05
-3.199315e-05
-2.896996e-05
-2.40449e-05
-2.059196e-05
-2.322429e-05
-2.890572e-05
-2.471641e-05
-2.66536e-05
-2.484694e-05
-2.933562e-05
-2.600403e-05
-2.143138e-05
-1.874413e-05
-1.583632e-05
-3.072712e-05
-3.142899e-05
-2.503623e-05
-2.316224e-05
-3.604017e-05
-3.989734e-05
-2.188409e-05
-1.638282e-05
-2.899976e-05
-2.610018e-05
-3.043248e-05
-4.056597e-05
-2.551704e-05
-1.145541e-05
-2.75515e-05
-1.902994e-05
-3.127105e-05
-2.850723e-05
-3.895881e-05
-2.56617e-05
-2.680521e-05
-3.568599e-05
-2.161313e-05
-3.315071e-05
-2.167531e-05
-2.646243e-05
-2.620438e-05
-2.08985e-05
-2.74782e-05
-3.765498e-05
-3.124154e-05
-2.829163e-05
-2.288687e-05
-2.987289e-05
-3.098802e-05
-2.562023e-05
-3.08365e-05
-1.992402e-05
-1.902572e-05
-2.001249e-05
-3.115273e-05
-2.825219e-05
-3.643872e-05
-3.619916e-05
-2.508304e-05
-4.091452e-05
-3.580707e-05
-2.811984e-05
-3.946274e-05
-4.355318e-05
-2.911382e-05
-2.550977e-05
-2.714915e-05
-3.245724e-05
-9.539775e-06
-2.792242e-05
-4.270902e-05
-4.499381e-05
-2.948479e-05
-2.623182e-05
-2.94579e-05
-2.871592e-05
-2.726552e-05
-3.703994e-05
-3.571693e-05
-4.441989e-05
-3.79761e-05
-2.448693e-05
-2.119807e-05
-3.553178e-05
-4.005021e-05
-2.752181e-05
-3.530573e-05
-3.824699e-05
-3.311964e-05
-2.75766e-05
-2.597746e-05
-3.147366e-05
-3.282616e-05
-2.603196e-05
-3.6167e-05
-1.538135e-05
-2.946944e-05
-3.994078e-05
-3.002548e-05
-2.051972e-05
-3.302675e-05
-4.02509e-05
-1.081813e-05
-3.330548e-05
-3.649537e-05
-2.818619e-05
-3.350804e-05
-3.714591e-05
-4.384369e-05
-2.800503e-05
-3.784224e-05
-2.673964e-05
-2.623617e-05
-2.533589e-05
-3.843679e-05
-4.796416e-05
-3.595207e-05
-1.9721e-05
-3.457673e-05
-3.057774e-05
-3.346931e-05
-2.936232e-05
-3.477737e-05
-2.45688e-05
-2.534821e-05
-2.822388e-05
-2.999837e-05
-1.767353e-05
-3.969006e-05
-3.161965e-05
-2.351455e-05
-3.975808e-05
-4.256208e-05
-2.314069e-05
-3.572569e-05
-3.091236e-05
-1.259288e-05
-3.173876e-05
-3.540584e-05
-3.055472e-05
-2.233107e-05
-3.896658e-05
-3.651408e-05
-2.118563e-05
-1.996763e-05
-3.770864e-05
-3.320061e-05
-3.537106e-05
-3.191312e-05
-3.672513e-05
-2.695825e-05
-1.902636e-05
-2.455745e-05
-2.970893e-05
-1.859366e-05
-2.749829e-05
-3.628798e-05
-2.388137e-05
-3.676971e-05
-4.942511e-05
-1.699445e-05
-2.791901e-05
-3.351329e-05
-2.923329e-05
-2.038769e-05
-3.758595e-05
-3.095059e-05
-2.831017e-05
-2.593649e-05
-3.084184e-05
-3.301805e-05
-3.440632e-05
-3.062659e-05
-4.282793e-05
-3.750433e-05
-3.125511e-05
-3.240008e-05
-3.14728e-05
-3.582183e-05
-3.271895e-05
-2.980863e-05
-2.558836e-05
-2.852107e-05
-3.162564e-05
-3.432998e-05
-2.695561e-05
-2.827806e-05
-1.971846e-05
-2.483642e-05
-2.904501e-05
-2.726626e-05
-3.148766e-05
-3.534239e-05
-2.935697e-05
-3.035471e-05
-1.260164e-05
-2.34519e-05
-3.121123e-05
-2.369294e-05
-3.35603e-05
-3.889624e-05
-3.145401e-05
-3.504884e-05
-3.146965e-05
-4.105049e-05
-3.119307e-05
-1.735591e-05
-2.638512e-05
-3.382314e-05
-1.573213e-05
-1.466913e-05
-3.007365e-05
-3.338121e-05
-2.086083e-05
-3.180995e-05
-2.573291e-05
-3.526864e-05
-3.643649e-05
-4.111281e-05
-1.601247e-05
-2.470681e-05
-2.740859e-05
-2.019203e-05
-2.734298e-05
-3.291878e-05
-2.654735e-05
-3.356065e-05
-2.445341e-05
-4.520122e-05
-3.508805e-05
-3.45453e-05
-1.690337e-05
-2.764766e-05
-2.468474e-05
-2.932379e-05
-2.637658e-05
-2.862513e-05
-4.252172e-05
-2.993712e-05
-2.214322e-05
-2.270406e-05
-2.916823e-05
-2.262386e-05
-2.311066e-05
-2.969652e-05
-3.614961e-05
-1.628581e-05
-1.733756e-05
-3.856078e-05
-2.188115e-05
-1.626799e-05
-3.798085e-05
-3.067688e-05
-2.839429e-05
-2.440489e-05
-3.217439e-05
-2.503308e-05
-1.822547e-05
-3.657565e-05
-3.000928e-05
-2.353368e-05
-2.971528e-05
-3.424273e-05
-2.471639e-05
-2.239694e-05
-3.154947e-05
-2.835935e-05
-2.054949e-05
-2.013282e-05
-2.727426e-05
-1.897101e-05
-3.79724e-05
-3.270001e-05
-2.534746e-05
-2.48494e-05
-1.48854e-05
-2.693133e-05
-3.017355e-05
-3.893303e-05
-3.331272e-05
-2.116794e-05
-2.473307e-05
-2.692278e-05
-2.709524e-05
-3.024397e-05
-2.69731e-05
-2.774544e-05
-2.916267e-05
-2.637515e-05
-2.673663e-05
-2.841985e-05
-2.681696e-05
-3.042845e-05
-2.326661e-05
-2.174845e-05
-1.609169e-05
-3.10684e-05
-2.90282e-05
-2.371913e-05
-2.184044e-05
-3.897248e-05
-2.153389e-05
-2.009427e-05
-2.57207e-05
-2.738907e-05
-2.653642e-05
-2.618985e-05
-2.384739e-05
-1.767832e-05
-3.10428e-05
-3.136576e-05
-1.34301e-05
-2.375664e-05
-2.525402e-05
-2.712321e-05
-2.029821e-05
-3.296378e-05
-2.950631e-05
-2.216141e-05
-1.977683e-05
-2.902454e-05
-2.563294e-05
-2.999914e-05
-2.53771e-05
-3.717045e-05
-2.716486e-05
-1.473522e-05
-2.31544e-05
-2.649257e-05
-2.659995e-05
-2.984473e-05
-2.269969e-05
-2.273348e-05
-3.174463e-05
-2.745836e-05
-2.915777e-05
-1.994345e-05
-2.326788e-05
-3.133987e-05
-2.567292e-05
-2.022992e-05
-1.848957e-05
-2.096732e-05
-1.367246e-05
-2.43329e-05
-1.676613e-05
-2.096048e-05
-2.925856e-05
-1.612565e-05
-2.081529e-05
-3.236478e-05
-2.306172e-05
-2.032779e-05
-2.145283e-05
-2.019426e-05
-3.206713e-05
-2.55738e-05
-7.164874e-06
-2.165933e-05
-1.979908e-05
-1.950111e-05
-2.022958e-05
-1.25509e-05
-2.090228e-05
-1.479821e-05
-1.832215e-05
-1.317076e-05
-2.554065e-05
-3.037638e-05
-2.575602e-05
-2.130327e-05
-1.889082e-05
-2.412539e-05
-3.422481e-06
-2.399975e-05
-1.816386e-05
-8.83868e-06
-1.749806e-05
-1.94524e-05
-1.604751e-05
-1.678155e-05
-1.938924e-05
-2.244932e-05
-2.150738e-05
-2.461523e-05
-2.115634e-05
-1.369215e-05
-1.612513e-05
-2.051731e-05
-1.472422e-05
-8.205137e-06
-1.833234e-05
-2.29628e-05
-6.557723e-06
-2.373184e-05
-1.801992e-05
-1.783467e-05
-2.094832e-05
-2.865142e-05
-1.428577e-05
7.011267e-06
-1.02725e-05
-2.605803e-05
-1.83117e-05
-3.261575e-06
-4.733336e-06
-1.385033e-05
-3.301792e-05
-1.691104e-05
-8.120649e-06
-1.379647e-05
-9.2777e-06
-1.345604e-05
-1.006104e-05
-1.216355e-05
-1.91254e-05
-1.553234e-05
-1.044176e-05
-1.289746e-05
-1.848487e-05
-7.635645e-06
-1.498075e-05
-3.439173e-05
-9.92429e-06
-2.254881e-06
-1.037125e-05
-5.791738e-06
-1.000109e-05
-1.021091e-05
-4.881999e-06
-1.37001e-05
-2.326354e-05
-1.130551e-05
-1.689924e-05
-3.685389e-06
-2.569816e-06
-1.025441e-05
-1.548717e-05
-1.824925e-05
-1.994495e-05
-7.11719e-06
-5.453505e-06
-2.106134e-05
-1.687461e-05
4.879637e-07
-6.932437e-06
-7.432713e-06
-6.713696e-06
-1.548923e-05
-1.328615e-05
1.261103e-06
-1.169334e-05
-6.534646e-06
-5.747768e-06
-9.477229e-06
4.417827e-07
3.887196e-06
-5.074121e-06
-5.309589e-06
-9.605924e-06
-1.071207e-05
-1.307217e-05
-1.613918e-05
-2.05982e-06
3.199034e-06
-4.086956e-07
-3.712134e-06
-1.182439e-06
3.802891e-06
-6.951219e-06
-1.103215e-05
2.189175e-07
2.970071e-07
4.054587e-06
-1.016277e-05
-2.469033e-06
7.761445e-06
-7.93549e-07
-1.284932e-06
1.611434e-06
-4.998679e-07
2.724043e-06
-6.93748e-06
1.366058e-05
8.866011e-06
5.856684e-06
-7.669293e-06
5.455191e-07
7.007553e-07
7.454484e-08
-2.803194e-06
-2.924966e-06
5.861822e-06
9.09607e-07
-9.131304e-06
6.098512e-06
1.00093e-05
6.8577e-06
1.249915e-05
-2.298514e-06
5.442914e-08
3.608451e-06
-2.766028e-06
4.978021e-06
1.21962e-06
3.06333e-06
2.678448e-06
2.366586e-06
-4.238573e-06
-6.270919e-07
6.650776e-06
4.706131e-06
4.520738e-06
5.193373e-06
9.621601e-06
-1.650581e-06
1.898048e-06
1.276775e-05
1.084708e-05
5.823501e-06
6.682455e-06
1.673403e-05
1.314312e-05
2.078974e-05
7.281716e-06
1.300533e-06
1.818141e-05
1.716972e-05
6.787996e-06
1.281149e-05
8.11536e-06
4.116937e-06
8.053991e-06
9.276393e-08
1.552236e-05
5.047875e-06
4.365937e-06
1.703955e-05
2.171354e-05
6.414535e-06
7.001113e-06
3.402624e-05
1.315337e-05
-4.374499e-06
1.192785e-05
1.169545e-05
1.112839e-05
1.571957e-05
1.621516e-05
-4.102481e-06
9.572853e-08
1.276677e-05
1.494829e-05
1.197387e-05
9.314224e-06
1.134461e-05
1.552378e-05
3.479654e-06
7.699055e-06
1.326353e-05
1.181943e-05
8.867053e-06
9.828372e-06
1.532978e-05
1.960293e-05
1.841267e-05
1.485695e-05
1.093115e-05
3.284155e-05
1.850899e-05
2.402328e-05
2.327248e-05
1.886919e-05
9.165078e-06
-9.368493e-07
9.794278e-06
2.775409e-05
1.641669e-05
1.982875e-05
1.066334e-05
2.063899e-05
2.855613e-05
1.899566e-05
7.317716e-06
8.931786e-06
1.937074e-05
2.513773e-05
3.273281e-05
1.243188e-05
1.435345e-05
2.807861e-05
2.561558e-05
2.022628e-05
2.116722e-05
1.835757e-05
2.395767e-05
2.709548e-05
3.046385e-05
1.900418e-05
1.205662e-05
2.288293e-05
2.319161e-05
2.225314e-05
3.066523e-05
3.348172e-05
2.386959e-05
1.495356e-05
2.431686e-05
2.115141e-05
1.792228e-05
2.487658e-05
2.090168e-05
2.411339e-05
1.997759e-05
2.849453e-05
2.587487e-05
1.276115e-05
2.47733e-05
2.404637e-05
3.117509e-05
2.679842e-05
2.691097e-05
2.246467e-05
2.733066e-05
2.89655e-05
3.598954e-05
2.83011e-05
3.290191e-05
1.652396e-05
3.034338e-05
4.850593e-05
3.480141e-05
2.970319e-05
2.812852e-05
3.373126e-05
3.095467e-05
2.698444e-05
2.55158e-05
3.458593e-05
2.336813e-05
3.183335e-05
5.210748e-05
2.868454e-05
9.926928e-06
3.256774e-05
4.112579e-05
4.31513e-05
2.759526e-05
8.716695e-06
4.8974e-05
3.52807e-05
3.689285e-05
3.255307e-05
3.694003e-05
4.078124e-05
1.248862e-05
2.370063e-05
5.058437e-05
2.907015e-05
3.108533e-05
4.328668e-05
3.794099e-05
3.636933e-05
2.405936e-05
3.354019e-05
3.717414e-05
2.601948e-05
3.871179e-05
3.817718e-05
3.837062e-05
3.810581e-05
3.69689e-05
4.290609e-05
1.608233e-05
2.931232e-05
4.468726e-05
3.964108e-05
3.070535e-05
2.934393e-05
4.319918e-05
6.062779e-05
4.722861e-05
3.977604e-05
4.26542e-05
5.488003e-05
4.619054e-05
2.842059e-05
4.876063e-05
4.791217e-05
3.979276e-05
3.638047e-05
4.734172e-05
5.127228e-05
4.516531e-05
3.055092e-05
5.02305e-05
5.000326e-05
5.084961e-05
4.190023e-05
4.916136e-05
4.92742e-05
4.249566e-05
5.114022e-05
6.040278e-05
3.761932e-05
4.531372e-05
3.899542e-05
4.862639e-05
4.837789e-05
4.729399e-05
5.068261e-05
4.089774e-05
5.466149e-05
5.423626e-05
4.822375e-05
4.972308e-05
5.114834e-05
5.257514e-05
4.904757e-05
5.572123e-05
5.859758e-05
4.101178e-05
5.179055e-05
4.729999e-05
3.926987e-05
3.928588e-05
6.020711e-05
4.516699e-05
3.269304e-05
6.421513e-05
6.663165e-05
4.918405e-05
3.605382e-05
5.813189e-05
5.992444e-05
5.069033e-05
5.764296e-05
5.240545e-05
5.218559e-05
5.391977e-05
5.870169e-05
6.015844e-05
6.290542e-05
6.034017e-05
4.92927e-05
5.107729e-05
4.856463e-05
5.880546e-05
5.104636e-05
4.891376e-05
6.670668e-05
6.007359e-05
4.816472e-05
5.694776e-05
6.386548e-05
6.246811e-05
6.516096e-05
5.236674e-05
5.722057e-05
5.265907e-05
6.15571e-05
5.495989e-05
5.183575e-05
6.803783e-05
6.437858e-05
6.846662e-05
6.344251e-05
6.436071e-05
6.482775e-05
6.257463e-05
6.039801e-05
4.985081e-05
4.778933e-05
6.341045e-05
6.108149e-05
5.10356e-05
6.124903e-05
6.104931e-05
6.177625e-05
5.166446e-05
6.263281e-05
7.663802e-05
5.851453e-05
6.284325e-05
6.943212e-05
5.73886e-05
5.323474e-05
6.3633e-05
5.841977e-05
5.577437e-05
6.470562e-05
7.651019e-05
6.975457e-05
5.798033e-05
6.419652e-05
6.532561e-05
6.621027e-05
6.155315e-05
5.654962e-05
8.172014e-05
6.424812e-05
6.920897e-05
6.428281e-05
6.637555e-05
6.562183e-05
6.93154e-05
6.470914e-05
6.861785e-05
6.860745e-05
6.423108e-05
5.83311e-05
7.296942e-05
7.288645e-05
6.758152e-05
5.999354e-05
6.21735e-05
6.858568e-05
7.337912e-05
7.36463e-05
7.267129e-05
7.032332e-05
7.082802e-05
7.532472e-05
7.011633e-05
6.847803e-05
7.179708e-05
7.943587e-05
7.707462e-05
8.093621e-05
7.266385e-05
7.18652e-05
7.055078e-05
7.472966e-05
7.562505e-05
7.268285e-05
7.376358e-05
7.75475e-05
7.214077e-05
6.432568e-05
5.273504e-05
8.345608e-05
7.573912e-05
7.322138e-05
7.130888e-05
7.826207e-05
6.097283e-05
8.243603e-05
7.86932e-05
7.496554e-05
8.715334e-05
7.996419e-05
5.799645e-05
7.298419e-05
7.867426e-05
7.452037e-05
5.511142e-05
8.117015e-05
8.943089e-05
7.611824e-05
7.994951e-05
7.405506e-05
6.618033e-05
6.582125e-05
7.2676e-05
9.111563e-05
8.116727e-05
7.758437e-05
7.981676e-05
7.349437e-05
9.203365e-05
8.547379e-05
7.119652e-05
8.703476e-05
8.542943e-05
6.762289e-05
8.663103e-05
9.061719e-05
9.669677e-05
7.97843e-05
8.571067e-05
0.0001008932
8.549561e-05
6.582328e-05
9.289193e-05
0.0001616004
0.0001053353
0.0001009951
5.469598e-05
5.976507e-05
0.0001445925
7.597385e-05
-2.831799e-05
5.519211e-05
0.0004348246
0.0002574789
-0.0001041691
3.069541e-05
1.296734e-05
-0.0001217287
7.899884e-05
0.0001552365
5.292314e-05
0.0004641427
0.000680206
-0.000461189
-0.0003040046
0.0007786002
-1.798839e-05
-0.0004101193
-5.080959e-05
0.0002759825
0.0003149781
0.0001282977
0.0003354008
9.240241e-06
-1.331234e-05
0.0007376152
0.000267393
-0.0005494165
-0.0006501064
-5.686981e-05
0.0006958099
0.000167326
-5.939343e-05
0.000268564
0.0003143764
-0.0003054524
0.0001701003
0.000845559
-0.0009209428
-0.0007015558
0.001249189
0.000822107
-0.0008643968
-0.000100905
0.0006840389
-0.0006215825
-0.001001341
0.0009510477
0.00109595
-0.001172527
8.016671e-05
0.001179318
-0.0004384364
-0.0009703383
-0.0007816989
0.001051958
0.000757624
-0.001159911
-7.92401e-05
0.002043604
0.00157773
-0.001790849
-0.00155432
0.001312898
0.001330012
-0.0008698818
-0.001961129
0.0005291546
0.002631924
0.0008214561
-0.001972568
-0.0009197852
0.002628594
0.002483713
-0.0006644692
-0.00237808
-0.001406491
0.002027077
0.002110779
-2.664244e-05
-0.0008888421
1.906212e-05
0.001556497
0.00201759
-0.0005526717
-0.001645754
0.000906404
0.002445244
3.602563e-05
-0.001978043
0.0002313169
0.00201145
0.0004408336
-0.0005407637
0.001740045
0.001895238
-0.001588761
-0.001151896
0.0008263322
-0.0002347156
-0.0006975258
0.001771236
0.002884487
-0.00101198
-0.0007834277
0.002139977
-0.0001183688
-0.001755053
-0.0008845567
0.001189438
6.442247e-05
-8.138303e-05
0.0009124426
-0.001209469
-0.0007580319
0.000459015
0.002352087
0.0002514172
-0.001390342
0.001284568
0.001810772
-0.0006069855
-0.003148421
0.000620219
0.002695961
-0.001188806
-0.001348354
0.0002925872
0.0006607834
-0.001982357
-0.0009519432
0.003271476
0.001668135
-0.0004420782
-0.00196336
-0.0001573819
-0.0009440076
-2.422367e-05
0.00299873
9.061963e-06
-0.002545689
0.002789588
0.004709938
-0.004770096
-0.005309653
0.002617367
0.002090105
0.0007932421
0.00220643
-0.0031179
-0.002594045
0.004718515
0.003286048
-0.005003382
-0.003508017
0.004476463
0.00449652
-0.0009019962
-0.006275131
0.0002251645
0.006312158
0.001406201
-0.004263298
-0.001435145
0.005197804
0.00429807
0.001239427
-0.003218549
-0.005562161
0.005121027
0.0102197
-0.004622629
-0.01196227
0.008243256
0.009559787
-0.009832063
-0.005682339
0.006838602
0.01046075
-0.003507245
-0.005729388
0.01001643
0.003638818
-0.005098209
0.001997651
0.001086068
-0.001812096
-0.00230258
0.002967729
0.006616487
0.003449919
0.002394465
-0.001410201
-0.007887489
-0.00681621
0.01353719
0.01428332
-0.009832588
-0.009248424
0.004756843
0.01695195
0.009582171
-0.01127653
-0.010091
0.006781164
0.006406973
-0.006460212
0.006975589
0.01740032
-0.007460441
-0.01916349
0.002671313
0.01567405
0.01178603
0.003675881
-0.01887013
-0.02524753
0.01285749
0.03483227
0.005512223
-0.02598743
-0.02066802
0.0126264
0.02757317
-0.002701111
-0.02777048
-0.001588864
0.04311973
0.02208077
-0.03983918
-0.04333755
0.01884609
0.05239006
0.003410043
-0.053528
-0.02456392
0.04241672
0.03711431
-0.0164398
-0.0262093
0.00380536
0.02142
0.00566507
-0.01710874
-0.01589906
0.01307861
0.03686987
0.008292834
-0.03196037
-0.01598798
0.03288499
0.01976062
-0.04011876
-0.03063256
0.02862906
0.03876152
-0.003242909
-0.01966013
-0.006381001
-0.00437634
0.008761995
0.02432751
0.0008980153
-0.02366303
-0.0006110159
0.01451132
-0.004698567
-0.01648673
-0.001293994
0.01695897
0.005382341
-0.009941893
0.003730243
0.01519253
0.005855772
-0.006167704
-0.01302277
-0.00105523
0.02046619
0.01800933
0.005977548
-0.02327216
-0.03435974
0.01625269
0.04079273
0.02014236
-0.004619801
-0.02193913
0.0120388
0.02956431
-0.01629127
-0.02783423
0.01303975
0.05674695
0.04232879
-0.03322232
-0.0590015
-0.005411051
0.03172867
0.009456159
-0.02467037
-0.01521716
0.01953231
0.02686589
-0.01003857
-0.02321637
0.01795991
0.03854368
0.007957067
-0.02924017
-0.002402079
0.04050602
0.007849455
-0.04173259
-0.03090805
0.01856376
0.04308736
0.004363412
-0.01853988
-0.004946628
0.00718918
0.02418076
0.01341356
-0.02066951
-0.002641694
0.03844948
0.01989946
-0.02514683
-0.02206937
0.01142617
0.01960482
-0.004646654
-0.01461341
0.002119951
-0.004265558
-0.02242372
-0.02289563
-0.008851303
0.01588012
0.02265127
0.005920921
-0.009347718
-0.007179928
0.008635194
-0.004076951
-0.03820838
-0.01875785
0.03516418
0.03843518
-0.008118131
-0.02878848
-0.007483682
0.01758201
0.02083665
0.01023134
-0.004972335
-0.007288098
0.01484204
0.01726388
-0.003028957
-0.005544942
0.01935771
0.026279
-0.008423562
-0.03679861
-0.01735668
0.02346987
0.02513799
-0.01851148
-0.03224904
0.005833928
0.02729017
-0.0007682471
-0.02414704
-0.0160418
0.005307455
0.01879974
-0.004134647
-0.03626008
-0.0242254
0.0182183
0.01628287
-0.0196064
-0.01833857
0.01131137
0.03069761
0.02555234
0.01046938
0.001970792
0.01211951
0.03042192
0.01294521
-0.01634174
-0.01404011
0.01654922
0.03366733
-0.001513149
-0.0361053
-0.02171741
0.008917882
0.02752623
0.0100617
-0.02174037
-0.01011563
0.02263626
0.03079583
0.002872377
-0.02923885
-0.01278063
0.01234794
-0.008542112
-0.03854448
-0.03464681
-0.01001027
-0.003005107
-0.01450881
-0.01535718
0.007773008
0.02242119
0.01875628
0.02023514
0.02788128
0.04583698
0.04698205
0.00350395
-0.03526106
-0.01894868
0.01723008
0.02080701
0.0008308303
-0.01241868
-0.01322971
-0.01536363
-0.02850253
-0.01948769
0.0174182
0.04368279
0.02394321
-0.01923717
-0.03109297
-0.01085334
0.01901781
0.02631146
-0.008341714
-0.027408
-0.02012086
-0.03056521
-0.02917342
0.0006525961
0.01769508
-0.01666533
-0.05533633
-0.03801972
0.02567874
0.05873518
0.01777406
-0.03618739
-0.03060108
0.01670313
0.04312233
0.018999
-0.01892173
-0.01517891
0.002598819
-0.002986102
-0.01796512
-0.009166152
0.02425746
0.03727989
0.0004124384
-0.02725344
-0.006476663
0.01478542
-0.001277905
-0.01581443
-0.002763249
0.01208464
-0.001046178
-0.03850054
-0.0551378
-0.01727587
0.01106662
-0.004545524
-0.02374837
-0.03035071
-0.0117183
-0.006076669
-0.02890292
-0.01112627
0.03220099
0.03401245
0.01209843
0.004085136
-0.01721543
-0.04671582
-0.04115744
-0.00462181
0.01480521
-0.01755575
-0.05086589
-0.02844023
0.006299283
0.0227485
0.03487117
0.0327959
-0.0070378
-0.03763111
-0.009018166
0.01776722
-0.006904324
-0.03925391
-0.02904727
-0.005724797
-0.002128244
-0.00585547
-0.01995648
-0.02488068
-0.0146463
-0.005497231
-0.01188132
-0.02311164
-0.01919583
0.003804969
0.02562449
0.009852931
-0.01407069
-0.0007217641
0.01183953
-0.003279298
-0.02112844
-0.01562757
-0.006174044
-0.007998414
-0.004057755
-0.01190236
-0.01464815
0.01893631
0.04361801
0.01985274
-0.01005957
-0.01073997
-0.003473807
0.007819397
0.01461114
0.01372028
0.02464829
0.02429377
0.008073023
-0.0001339948
0.002555263
0.007642103
0.005818737
-0.006371441
-0.01348809
-0.01495241
-0.02212529
-0.008576151
0.001124957
-0.03242266
-0.05786059
-0.03247772
-0.006630015
-0.02719047
-0.04743181
-0.009150325
0.02538436
0.0004848589
-0.01917632
-0.003733592
0.004204004
0.009236108
0.02120541
0.005828832
-0.01909376
0.001988545
0.02931166
0.01547384
-0.01026996
-0.01814375
0.01681086
0.05035659
0.03948624
0.01880794
0.02440848
0.01979859
-0.0181083
-0.04099403
-0.01979549
0.01143195
0.00957036
-0.02241626
-0.03956851
-0.01610431
0.01511554
0.009616715
-0.02709972
-0.04684253
-0.02706847
0.0185625
0.01211186
-0.03430646
-0.02226894
0.02680658
0.03161432
-0.007942963
-0.04251856
-0.04318073
-0.01130902
0.01306458
-0.003989663
-0.01504465
0.002748076
0.02924445
0.04505943
0.02356031
-0.01898616
-0.03953623
-0.003415449
0.04540759
0.0211353
-0.02298193
-0.005654224
0.03428966
0.02805727
-0.007055769
-0.01944889
-0.008844832
0.01780083
0.04151503
0.01186564
-0.0403159
-0.05164548
-0.01651871
0.02893418
0.01946734
-0.02796538
-0.029235
0.002869363
0.007284238
-0.01395096
-0.03096576
-0.01202628
0.0115857
0.00578524
0.0001636358
0.007764902
0.005409749
0.009134194
0.009721086
0.008340259
0.0186971
0.01292584
0.001967742
0.0046172
-0.005791345
-0.01024051
0.0152998
0.02900255
0.001502588
-0.02996701
-0.01822382
0.01255392
0.01429331
-0.003872944
-0.002096744
0.01422896
0.01273464
-0.0133023
-0.01478871
0.0118946
0.005499956
-0.03210288
-0.02986103
0.001463753
-0.01032992
-0.04524789
-0.02875351
0.00821116
-0.01448322
-0.05388525
-0.03818325
-0.0003955948
0.01710762
0.01892081
0.01439267
0.01288258
0.0197535
0.023891
-0.006579406
-0.04399348
-0.03067615
0.006580405
0.01168336
0.0001614219
0.001777818
-0.01111679
-0.02250447
-0.005043237
0.001696725
-0.01413003
-0.0074162
0.03161422
0.06894716
0.04815725
-0.006662348
-0.01064951
0.008953052
-0.0008929908
-0.02199638
-0.02008809
-0.00999051
0.002242457
0.02432358
0.03737792
0.02112784
0.0056863
0.008091768
0.01577321
0.01116283
-0.01034483
-0.02059238
0.00206966
0.03429467
0.03320772
-0.0005662161
-0.01979153
-0.008903134
-0.005456599
-0.02237775
-0.03973937
-0.03485316
0.002098443
0.03306491
0.03291722
0.03523081
0.06858812
0.1003568
0.07687671
0.01745143
-0.001805949
0.01803115
0.02536739
0.009045024
-0.009630994
-0.02967712
-0.04286631
-0.05498437
-0.06243785
-0.04156322
-0.008553802
0.01758345
0.03288446
0.03983441
0.03301626
-0.002768649
-0.0446064
-0.04243876
0.005649773
0.04319607
0.05854637
0.05558613
0.03021382
0.004924752
0.003314946
0.01691691
0.01762187
0.005738106
-0.01405668
-0.02839242
-0.03941466
-0.04175419
-0.01744249
-0.00160033
-0.02938029
-0.06653702
-0.08082954
-0.07305944
-0.05299842
-0.01078024
0.05179254
0.102796
0.1359027
0.1556133
0.1670513
0.1238611
0.03829866
-0.04042723
-0.08215101
-0.08745703
-0.1092302
-0.1385391
-0.1504795
-0.1533372
-0.1552188
-0.1358823
-0.09293807
-0.04708914
-0.009306051
0.01876446
0.04886306
0.08294928
0.1144839
0.1178309
0.06827169
-0.01386053
-0.07571814
-0.07543002
-0.02083664
0.02378492
0.02252153
-0.004278557
-0.01802914
-0.01659629
-0.01739831
0.001580749
0.03840185
0.05331395
0.02652171
-0.01519285
-0.02897446
-0.002667356
0.02187348
0.01193521
-0.01173688
-0.03191362
-0.04945714
-0.05107976
-0.0317586
-0.023548
-0.03951752
-0.0417808
-0.01497121
0.008872026
0.01340154
0.02773353
0.06386469
0.06374714
0.02223223
-0.01006971
-0.006544295
0.03438127
0.08296963
0.0882586
0.07106565
0.07285165
0.06118147
0.00625761
-0.06127133
-0.1045962
-0.0948762
-0.05297033
-0.03480087
-0.05008178
-0.05348528
-0.020552
0.01577085
0.03683328
0.05104957
0.07393949
0.0990055
0.1055848
0.0750163
-0.0004752558
-0.07111616
-0.0675
0.005798866
0.03994544
0.02332606
0.02347033
0.02852829
0.00159402
-0.02750521
-0.03145947
-0.02229993
-0.02091611
-0.03972076
-0.05889158
-0.03583844
0.01923978
0.04012131
0.02357611
0.02198789
0.02527098
0.01362349
-0.002967178
-0.02033949
-0.02977039
-0.01318009
0.01688462
0.01423167
-0.02862072
-0.06946292
-0.09126452
-0.08336271
-0.04648227
-0.01598641
0.002967762
0.01606037
0.004425046
-0.02562079
-0.02918551
0.0063506
0.04349372
0.05734791
0.06689407
0.07157608
0.0568777
0.02770643
-0.02007344
-0.07391642
-0.1009179
-0.09480247
-0.06634642
-0.03052848
-0.005761786
-0.01418502
-0.007965551
0.04402468
0.08591782
0.07222233
0.04151899
0.03809168
0.05605175
0.07930832
0.07497126
0.05508963
0.04391235
0.02976156
0.01470769
-0.00848702
-0.04365252
-0.0652604
-0.06462112
-0.05184522
-0.01848093
0.01848119
0.01531668
-0.009199523
0.005732442
0.03366195
0.03825438
0.03315776
0.04329324
0.08013757
0.1190482
0.1250053
0.08529591
0.03218078
0.01427355
0.02328206
0.0214163
0.01217162
0.01687139
0.01388733
-0.01442189
-0.03961511
-0.04315842
-0.03140132
0.00283751
0.0162129
-0.01832764
-0.03165647
-0.02234204
-0.03557075
-0.05109197
-0.03331155
0.004015596
0.03458377
0.04752803
0.03516393
0.007546762
-0.0006115265
0.01411398
0.02293645
0.03312875
0.04937664
0.06875192
0.07841185
0.06971181
0.05528113
0.02949279
0.002470134
-0.001386996
-0.001923511
-0.02276709
-0.04689391
-0.03684025
-0.003634523
0.00143395
-0.001088255
0.02539506
0.05789226
0.0676459
0.06161597
0.05047344
0.03910707
0.03662171
0.02209669
-0.001726823
-0.002882487
0.01565388
0.00183685
-0.04229708
-0.05745119
-0.05098374
-0.05001179
-0.05438031
-0.05643685
-0.0374005
-0.002098676
0.01826926
0.01032554
0.0001979458
0.01202974
0.02974019
0.04673389
0.0667682
0.08503502
0.0824291
0.05335502
0.01654205
-0.01286569
-0.03394607
-0.05017929
-0.0486892
-0.03084193
-0.01860464
-0.01580071
-0.003337535
0.0125051
0.003459225
-0.01425749
-0.01210232
0.01049937
0.05064778
0.09033647
0.1009178
0.06778876
0.02074675
-0.02098334
-0.05186484
-0.06302546
-0.04755439
-0.03938429
-0.0364464
-0.006801642
0.02785091
0.03072093
0.02108463
0.03084327
0.03841943
0.02356048
-0.00285173
-0.02220353
-0.02668967
-0.007949213
0.02193947
0.03042296
0.005963229
-0.01698784
-0.008496086
0.01335498
0.01632028
-0.00209267
-0.02080169
-0.0219118
-0.02333407
-0.04982913
-0.06620074
-0.05363302
-0.02816795
0.0004550506
0.01224003
0.002368069
-0.009626524
0.001247943
0.03263558
0.050948
0.04445093
0.03845149
0.03676092
0.04033847
0.04620987
0.03390637
-0.01039768
-0.06418252
-0.0789123
-0.02282555
0.05215414
0.0708154
0.01944913
-0.05014696
-0.07888204
-0.06100051
-0.053648
-0.06669274
-0.06223021
-0.01971954
0.03949347
0.07322638
0.07294649
0.06153757
0.02448195
-0.04145803
-0.09307086
-0.1029606
-0.07564822
-0.04348958
-0.04733262
-0.07961321
-0.08280436
-0.04015098
-0.0008971459
0.006797144
0.007471073
0.01551301
0.01728495
0.01498205
0.02598589
0.03734227
0.04100417
0.04264297
0.04967488
0.07258464
0.08781861
0.03827995
-0.05782441
-0.1083701
-0.09593182
-0.05825371
-0.03251684
-0.03895909
-0.04719859
-0.02678903
-0.004102985
0.00932013
0.03083184
0.05202491
0.05495942
0.05328357
0.04972519
0.0369901
0.01534115
-0.005934159
-0.02624183
-0.04778139
-0.05792101
-0.05340743
-0.0631747
-0.09014003
-0.08627549
-0.03774805
0.00958614
0.02831135
0.02642545
0.01298609
0.002398008
0.01425408
0.01690518
-0.01268241
-0.05261057
-0.06605655
-0.03873397
0.006756972
0.03657547
0.04252708
0.03521952
0.009258943
-0.04558456
-0.1060562
-0.1165608
-0.05439847
0.02746194
0.08067942
0.07888539
0.02340836
-0.04412718
-0.09476502
-0.08952656
-0.02656402
0.02193733
0.02376087
0.008840686
0.02168223
0.03813623
0.03809953
0.04208158
0.05763773
0.05804046
0.02381654
-0.02351236
-0.05841335
-0.06481152
-0.04239372
-0.01456887
-0.003441325
-0.002765955
-0.000370612
0.004588332
0.008717638
-0.000150241
-0.01663426
-0.02552474
-0.02603649
-0.01794423
-0.007398774
-0.003878469
-0.01651848
-0.03810783
-0.05770425
-0.05895092
-0.0265665
0.0100807
0.02168482
0.01309413
-0.0004851258
-0.004556483
0.0008861959
0.008119202
0.00561365
-0.009853452
-0.02619512
-0.03269613
-0.02432873
-0.001776287
0.008852871
9.319526e-05
-0.01001059
-0.01504075
-0.01752372
-0.02058641
-0.02638563
-0.02866406
-0.01651859
0.005451507
0.01967947
0.02026934
0.01467557
0.00636439
-0.01056985
-0.02941506
-0.03553082
-0.02881244
-0.01921237
-0.01081554
0.000416428
0.009727147
0.001753275
-0.02193251
-0.03875103
-0.0292374
0.003622882
0.03189608
0.03915296
0.03956465
0.04904894
0.05431935
0.04728309
0.03001581
0.01646642
0.02760649
0.05442517
0.0760984
0.08941707
0.08089469
0.0371477
-0.01196594
-0.02951469
-0.001296384
0.03686234
0.05085588
0.05012383
0.0485372
0.05384187
0.05244066
0.03418671
0.01849017
0.0146981
0.008314604
-0.001507056
0.001997465
0.01966616
0.04426012
0.07121553
0.08434899
0.06876106
0.03285956
-0.003582469
-0.02354855
-0.007779476
0.03144072
0.06801502
0.08940697
0.08947776
0.06931143
0.04052698
0.009212701
-0.009770033
-0.0004840924
0.03171067
0.04713978
0.02624315
-0.002942774
-0.0155807
-0.02257719
-0.02826758
-0.02519777
-0.02463182
-0.02957959
-0.03579206
-0.03474872
-0.01803862
0.01406873
0.04716851
0.05853959
0.04352637
0.02684493
0.02230283
0.02153581
0.008041013
-0.01735345
-0.03785977
-0.04305162
-0.02714416
-0.01315974
-0.01776069
-0.0259004
-0.01973402
-0.01120498
-0.01608056
-0.01498485
-0.007921292
-0.005035967
0.000653985
0.005557786
0.0004377143
-0.00471693
-0.00220444
-0.00171822
-0.005341197
-0.01721592
-0.03301663
-0.03366385
-0.02345389
-0.01870811
-0.01536406
-0.003368625
0.0108503
0.0168369
0.01594497
0.01585687
0.01697632
0.007322373
-0.01440117
-0.02220842
-0.00501098
0.01141243
0.004922527
-0.01245844
-0.0180051
-0.01060226
-0.00629128
-0.007147193
-0.006138978
-0.01038004
-0.01991478
-0.02938957
-0.03914845
-0.04201222
-0.03320884
-0.024496
-0.02206464
-0.01746103
-0.005273145
0.01032317
0.02535172
0.0351222
0.0407686
0.04595892
0.04424876
0.03073707
0.01283132
0.001041564
0.001938081
0.005465837
0.00797201
0.01712666
0.02794639
0.02277623
0.0005780005
-0.0203613
-0.02818059
-0.02186367
-0.00759585
-0.004157852
-0.01380521
-0.01629049
-0.00570696
0.001159635
-0.004215207
-0.006801132
0.0005028927
0.002689338
-0.000406664
-0.004090817
-0.01257395
-0.01633781
-0.001552794
0.008139424
-0.005969387
-0.0253897
-0.03379646
-0.03591617
-0.03698553
-0.03516665
-0.03053943
-0.0340092
-0.04500251
-0.03563567
-0.009207162
0.005543855
-0.002627104
-0.01971891
-0.0306082
-0.03651742
-0.03377358
-0.02233232
-0.01869009
-0.02595492
-0.02465316
-0.01242341
0.003162499
0.01444372
0.01783843
0.01748822
0.007762378
-0.00147207
-0.002882609
-0.003363995
-0.006955069
-0.01012609
-0.009864946
-0.008459132
-0.004543187
-0.004109552
-0.003932302
0.004360104
0.008259022
0.0001677984
-0.0110597
-0.00218438
0.02413327
0.03544299
0.03489758
0.04092515
0.03741162
0.02146899
0.01599765
0.01556464
0.006750663
0.007224645
0.02764925
0.04890616
0.05344164
0.03804693
0.02023789
0.01763089
0.0220674
0.01536038
-0.007396783
-0.02610373
-0.02801917
-0.02045168
-0.007098076
0.0008800049
-0.0002481192
-0.002638308
-0.007967608
-0.02097406
-0.03784687
-0.04902539
-0.05373098
-0.04946006
-0.03344806
-0.01483101
-0.005062292
-0.007653844
-0.02127625
-0.02837219
-0.01687863
-0.008567245
-0.01750182
-0.02639011
-0.01932143
-0.01055534
-0.01046961
-0.01760603
-0.03222752
-0.04334578
-0.04168247
-0.03712089
-0.03679086
-0.03130448
-0.0182934
-0.006615441
0.00177921
0.007609997
0.006887881
-0.0008621911
-0.009300982
-0.01543511
-0.02260216
-0.02627619
-0.02444878
-0.023825
-0.0296516
-0.03524228
-0.02903641
-0.01700697
-0.01177056
-0.01759177
-0.0270296
-0.02932018
-0.02353518
-0.01487878
-0.0076714
-0.004939425
-0.005999394
-0.008690647
-0.01101664
-0.01139405
-0.006618215
-0.004158752
-0.006681412
-0.005488066
0.001535793
0.008534032
0.006715364
-0.002193699
-0.009820782
-0.008658081
-0.0004454876
0.005036149
0.003601011
-0.002788117
-0.005082541
-0.001292335
0.003693465
-0.002720684
-0.02224506
-0.04019773
-0.04815834
-0.04490826
-0.04408673
-0.04607838
-0.04121239
-0.02869368
-0.01290083
-0.0006903096
0.003769369
0.002110869
0.002085157
0.003012548
-0.006509677
-0.02186354
-0.036145
-0.04488185
-0.04408803
-0.02989315
-0.01445994
-0.01008902
-0.0075911
-0.001420769
0.002160851
-0.007195651
-0.02191752
-0.03043733
-0.02342715
-0.0133773
-0.01141591
-0.01807117
-0.02507994
-0.02712721
-0.02002147
-0.009875122
-0.004214307
-0.00747439
-0.0238269
-0.04208464
-0.04425124
-0.03296086
-0.02167564
-0.01523549
-0.01436798
-0.01748951
-0.0159406
-0.009106389
-0.009828276
-0.02380661
-0.04043184
-0.04436816
-0.03665599
-0.03061086
-0.03332298
-0.04175042
-0.03723956
-0.02425161
-0.0256633
-0.03947714
-0.04028483
-0.02288623
-0.002935149
0.008330031
0.009100214
0.003255968
-0.001388762
-0.003370678
-0.005675225
-0.005705921
0.0009470485
0.009057653
0.01900517
0.03065318
0.03625484
0.0298971
0.01758711
0.008578229
0.01256158
0.02817657
0.04179032
0.04647397
0.04499739
0.04373553
0.04177615
0.03978737
0.04056389
0.04082599
0.03998427
0.0409716
0.03738088
0.02832394
0.02015792
0.01842045
0.02107913
0.02466331
0.02150801
0.01606886
0.01939443
0.03123656
0.04377756
0.05166496
0.05338603
0.05197448
0.04835133
0.0429722
0.03830568
0.03609247
0.03571746
0.0417473
0.05004308
0.05195778
0.04760352
0.04939332
0.05687146
0.05901847
0.05213979
0.04223678
0.04027829
0.04312374
0.03995422
0.03861117
0.04098488
0.032633
0.02153393
0.01978771
0.01857816
0.01294263
0.01069712
0.02162885
0.03660777
0.04285488
0.03521726
0.01865563
0.008334754
0.01053449
0.01467797
0.0116506
0.01066071
0.01922628
0.02574854
0.02551077
0.02498734
0.01842213
0.008466691
0.009256504
0.02243438
0.03200149
0.02778441
0.02164354
0.02487436
0.03583717
0.04284897
0.04057679
0.03538856
0.0307934
0.0283931
0.03003329
0.03066325
0.03034895
0.03600953
0.04680355
0.05248801
0.04694599
0.03526197
0.03155885
0.03738109
0.04421806
0.0486619
0.05689169
0.07029679
0.08190724
0.08569755
0.07886182
0.06510088
0.05432698
0.05458107
0.05934032
0.06252938
0.06390687
0.0645148
0.06420859
0.06056217
0.04894289
0.02992612
0.01381485
0.007412974
0.01000741
0.01029085
0.003577644
-0.00246984
-0.009960279
-0.0216293
-0.03138979
-0.03552079
-0.03412788
-0.02681992
-0.01740041
-0.008128812
-0.0005488276
0.000914983
-0.0009030309
-0.003253193
-0.003729264
-0.006158085
-0.01232567
-0.0159109
-0.0189816
-0.02282208
-0.02717803
-0.0290328
-0.02229802
-0.01720034
-0.01178557
-0.00308623
0.0008382436
0.0006687556
0.002062262
0.01207976
0.02471196
0.02640778
0.01750086
0.009879262
0.01438491
0.02806675
0.03448277
0.02702441
0.01146099
-0.004889846
-0.01717104
-0.02342761
-0.01865889
-0.007917054
-0.001516751
-0.006370406
-0.01660057
-0.01579036
-0.003323039
0.006230695
0.006336147
0.004423347
0.009058783
0.01619624
0.01877971
0.01718756
0.01934911
0.02196437
0.01434662
0.004350801
0.005301503
0.01406468
0.01624599
0.005712162
-0.002395098
0.006438085
0.02180624
0.01908075
-0.0004077192
-0.0162303
-0.01516243
-0.001990646
-0.001234074
-0.01550317
-0.02374133
-0.02195721
-0.02281989
-0.02728766
-0.02967124
-0.03217986
-0.04264484
-0.05319426
-0.05470311
-0.05167446
-0.05226713
-0.05546728
-0.0583855
-0.06003166
-0.05716979
-0.049353
-0.03994122
-0.03609349
-0.03946813
-0.04906885
-0.06004906
-0.06309533
-0.05500698
-0.04497298
-0.03990342
-0.03381793
-0.02849893
-0.03196759
-0.04299952
-0.05147467
-0.0474113
-0.03930192
-0.03748441
-0.04006505
-0.04022765
-0.03717069
-0.03595397
-0.03947309
-0.0412692
-0.03612114
-0.03305397
-0.03671565
-0.03961613
-0.03563438
-0.03139621
-0.03565167
-0.03912588
-0.03552944
-0.03517114
-0.03870589
-0.04052323
-0.03960954
-0.0396281
-0.03974399
-0.03535402
-0.03046987
-0.02648394
-0.02162341
-0.02133022
-0.02327268
-0.01867527
-0.01313601
-0.01515077
-0.01910195
-0.01572951
-0.01019254
-0.007943262
-0.007128707
-0.004423072
-0.005830641
-0.01503553
-0.0249613
-0.02833095
-0.02727231
-0.02266628
-0.01306191
-0.005643848
-0.003241268
-0.002019302
0.000283198
0.005808728
0.007758777
0.0006232865
-0.005723018
-0.003345627
0.002101439
-0.0008408934
-0.006696043
-0.006478054
-0.004196688
-0.00680678
-0.01114405
-0.004985973
0.004302804
0.007104137
0.006608796
0.002275693
-0.001819219
0.001927989
0.006583877
-0.002803388
-0.01791653
-0.02027823
-0.01138719
-0.001910674
-0.002529734
-0.0109027
-0.01503475
-0.01254935
-0.0132008
-0.01408693
-0.006865912
0.001749467
0.003226852
-0.000288314
9.807317e-05
0.001611763
-0.0004009732
-0.002677533
-0.003233689
-0.003715849
-0.00554589
-0.00616091
-0.003416398
0.00245084
0.006666349
0.003304593
-0.002465513
-0.001335896
0.006096568
0.01188958
0.01259212
0.01096151
0.008524092
0.004359207
0.00129913
0.001857709
0.007054115
0.01610197
0.02137941
0.01623461
0.005580108
-0.0008466407
-0.001442495
-0.002087728
-0.003562927
5.934333e-05
0.008193732
0.01489245
0.01637209
0.01515312
0.01539991
0.01571388
0.01159472
0.003723443
-0.00230847
-0.002079578
0.001322526
0.003263858
0.0001766883
-0.006199207
-0.008929873
-0.008077678
-0.005248903
-0.006498085
-0.01363146
-0.02302598
-0.02766795
-0.02166036
-0.01470912
-0.01279546
-0.01632382
-0.0247005
-0.03607043
-0.04298881
-0.04356099
-0.03748315
-0.02649543
-0.0159043
-0.01331898
-0.02007194
-0.02696889
-0.02953681
-0.02879398
-0.02755214
-0.02727773
-0.02586956
-0.01964633
-0.01375358
-0.01428327
-0.01801288
-0.01731092
-0.01329398
-0.01228184
-0.01369688
-0.01441077
-0.01565843
-0.01905627
-0.02022118
-0.01553052
-0.01026953
-0.007878826
-0.00820695
-0.006366275
-0.003940779
-0.008183924
-0.01918824
-0.02848054
-0.03261147
-0.03181428
-0.02667024
-0.02191888
-0.01646702
-0.01155805
-0.01529478
-0.02649088
-0.03458297
-0.03519385
-0.03015526
-0.02147599
-0.01136209
-0.005067007
-0.005399298
-0.00693582
-0.01095729
-0.01437675
-0.009212599
0.0008310055
0.003406676
-0.007900098
-0.0234559
-0.0284729
-0.02055678
-0.01172443
-0.006539558
0.002291022
0.01536843
0.02764126
0.03005989
0.01669465
0.00293884
0.007373137
0.01982824
0.0235341
0.02289455
0.02624764
0.03664915
0.04697175
0.04409907
0.03511311
0.03433052
0.03876173
0.03936232
0.03694346
0.03737529
0.04105578
0.04713317
0.05509779
0.0605373
0.05814679
0.05429738
0.05600117
0.06239179
0.06406497
0.05721634
0.05156083
0.05555022
0.06267458
0.05966945
0.04728334
0.0352612
0.03296125
0.03921833
0.04500049
0.04654813
0.04637493
0.04454927
0.04303792
0.04423765
0.04531672
0.04486559
0.04178987
0.03694638
0.03523859
0.03495191
0.03280273
0.03053014
0.0320456
0.03539911
0.03586786
0.03264046
0.031306
0.03752111
0.04440903
0.04407733
0.03862392
0.03432125
0.02930269
0.02260092
0.01641928
0.01131714
0.008978659
0.007644545
0.004368276
0.002710011
0.006129939
0.01115147
0.01490685
0.01604144
0.01215362
0.006682709
0.004846568
0.008517303
0.0114723
0.006276756
-0.001549055
-0.003456622
0.005288726
0.01838932
0.02335629
0.01896583
0.01289314
0.01295252
0.01948257
0.0242773
0.02548391
0.02472331
0.02167481
0.01643105
0.01106208
0.01078246
0.01727578
0.02488748
0.03126916
0.03617348
0.03690422
0.03083521
0.02349616
0.02212542
0.03114461
0.0451291
0.05219159
0.05123441
0.04746128
0.04635425
0.04807266
0.04970877
0.04699861
0.04133432
0.03478743
0.02853559
0.02333942
0.02031401
0.02012879
0.02152931
0.02746047
0.0373791
0.04468909
0.04394216
0.03538543
0.0250211
0.02397662
0.03217096
0.03509572
0.02974994
0.02487324
0.02517947
0.02622985
0.02398081
0.01965241
0.01667042
0.01891043
0.01619027
0.003576185
-0.008210792
-0.01192725
-0.008303177
0.0006785985
0.00595908
0.0006839749
-0.005445026
-0.008977794
-0.01169129
-0.0108048
-0.009510155
-0.01299236
-0.01800516
-0.02163753
-0.02347376
-0.02192988
-0.01895129
-0.0198013
-0.02224851
-0.0227093
-0.02179197
-0.01996108
-0.01726101
-0.01518349
-0.01520031
-0.01755179
-0.02102567
-0.02347387
-0.02514222
-0.02775196
-0.02985933
-0.02821228
-0.02437646
-0.01997071
-0.01608497
-0.01335551
-0.01193202
-0.01385913
-0.02055712
-0.02623083
-0.02681355
-0.02424723
-0.02392141
-0.02607458
-0.02620392
-0.02196497
-0.01600047
-0.01103041
-0.01215563
-0.01949377
-0.02669183
-0.03077899
-0.03126204
-0.03063716
-0.02941953
-0.028661
-0.03125541
-0.03551452
-0.03720197
-0.03689795
-0.03657888
-0.03812807
-0.04282849
-0.04712247
-0.04801445
-0.04559952
-0.04237269
-0.03904322
-0.03581411
-0.03355604
-0.0347478
-0.03904305
-0.04451
-0.04803538
-0.04833045
-0.04482359
-0.03903915
-0.03399186
-0.03111032
-0.03170927
-0.03445935
-0.03720352
-0.03872594
-0.03873243
-0.03704805
-0.03324111
-0.02942391
-0.02867277
-0.02972488
-0.02775311
-0.02393709
-0.0234838
-0.02684032
-0.028645
-0.02961211
-0.0342822
-0.03721793
-0.03689615
-0.03614219
-0.03522084
-0.03354384
-0.03309707
-0.0344601
-0.03352946
-0.03312591
-0.03655596
-0.03800419
-0.03885425
-0.04211699
-0.04755167
-0.04957056
-0.04925593
-0.04970237
-0.05079106
-0.05214503
-0.0509301
-0.04880726
-0.04924693
-0.05093668
-0.05321911
-0.05627166
-0.05840433
-0.05718318
-0.0529241
-0.04802136
-0.04562111
-0.04663825
-0.0463836
-0.04405696
-0.04011417
-0.03904483
-0.04284891
-0.04621242
-0.04498295
-0.04042472
-0.03567577
-0.03097416
-0.02530848
-0.01663429
-0.007239555
-0.0005020261
0.001953059
-0.001313156
-0.008099297
-0.01210631
-0.009804173
-0.003660506
0.002341182
0.005884514
0.008059872
0.01076021
0.01260501
0.01159501
0.009160058
0.007491918
0.009507305
0.0166579
0.02513607
0.02713702
0.02331342
0.02180094
0.02636234
0.030947
0.02895067
0.02317572
0.02224433
0.0269829
0.03093229
0.03110111
0.03246181
0.03765733
0.04114916
0.03673704
0.0285072
0.02422108
0.02637787
0.03230207
0.03551948
0.03414189
0.0304824
0.02788469
0.03064781
0.03808896
0.0439153
0.04587028
0.0446717
0.04297835
0.04161869
0.03931867
0.03582472
0.03458654
0.04040827
0.05226993
0.06022517
0.05792124
0.04740698
0.03780038
0.03628017
0.03854846
0.03750627
0.03458469
0.0341532
0.03702082
0.03979128
0.04206112
0.04420639
0.04556994
0.04466733
0.03946388
0.03094526
0.02513611
0.02453495
0.0260515
0.0260582
0.02437858
0.02269614
0.02316356
0.02666307
0.02986007
0.03155506
0.03290724
0.0318528
0.02833685
0.0249972
0.02222437
0.01997147
0.02116313
0.02407407
0.02666353
0.02894789
0.03017481
0.02894265
0.02590378
0.02605391
0.03062425
0.03489582
0.03596351
0.03581217
0.0368752
0.03856132
0.03762964
0.03246815
0.02558293
0.01878655
0.01372356
0.01018737
0.00750362
0.009256074
0.01910091
0.02985818
0.03674579
0.0371548
0.02835095
0.02132126
0.02406994
0.02878668
0.0257489
0.01738461
0.01233084
0.01338735
0.01529062
0.01313112
0.006955456
0.0005754121
-0.002843321
-0.005017488
-0.01042583
-0.01881874
-0.02381266
-0.01999811
-0.0107596
-0.004578619
-0.004781204
-0.009419392
-0.01513738
-0.02061736
-0.02456919
-0.02595949
-0.02654933
-0.02809698
-0.03066643
-0.03114362
-0.02792599
-0.02138561
-0.01341496
-0.008078315
-0.009678086
-0.01780839
-0.02989919
-0.03953946
-0.04118369
-0.03404777
-0.02517967
-0.02077899
-0.0204551
-0.01913783
-0.01625584
-0.01417286
-0.01323044
-0.01509779
-0.01893801
-0.02092122
-0.02046571
-0.01985567
-0.01881671
-0.01472343
-0.007735144
-0.0005268101
0.00455572
0.004493498
-0.001212139
-0.009055465
-0.01234924
-0.009582653
-0.005841632
-0.004912927
-0.006533713
-0.007471926
-0.007092395
-0.009303229
-0.01279997
-0.01039725
-0.002512337
0.002365996
-0.001719172
-0.008800262
-0.01110916
-0.009334998
-0.007767342
-0.007287578
-0.006451986
-0.005568657
-0.004445002
-0.002653018
-0.001422086
-0.002934231
-0.007217464
-0.01166132
-0.01407424
-0.0151601
-0.01705821
-0.01923674
-0.01680617
-0.01080482
-0.009528137
-0.01110458
-0.006164516
0.001087775
0.003747637
0.003398821
0.004063828
0.005760274
0.004295969
-0.0005575509
-0.005829615
-0.00923495
-0.00915374
-0.006371849
-0.00527655
-0.005955271
-0.004237845
-0.002615174
-0.004737864
-0.009639397
-0.01490231
-0.01763734
-0.0207779
-0.02519208
-0.02764974
-0.0261061
-0.02047413
-0.01638073
-0.0172623
-0.01850946
-0.01816779
-0.02032074
-0.02520426
-0.02777815
-0.02811913
-0.03036943
-0.03145943
-0.02977594
-0.02733309
-0.02642298
-0.02825528
-0.02885455
-0.02413817
-0.01841345
-0.0184381
-0.02244276
-0.02337648
-0.02231628
-0.02045947
-0.01617894
-0.01527974
-0.01931899
-0.02062173
-0.0174067
-0.01259018
-0.006679031
-0.005435446
-0.00998775
-0.01266331
-0.01182685
-0.01311534
-0.01623573
-0.01647758
-0.01614457
-0.01600379
-0.01353547
-0.01070639
-0.007954237
-0.004922475
-0.002638106
-0.002016039
-0.006870656
-0.01428837
-0.01520485
-0.01345456
-0.01695932
-0.01903926
-0.01175851
-0.006048399
-0.009026692
-0.0100149
-0.007273166
-0.006752482
-0.008464652
-0.008952805
-0.006659605
-0.001996429
0.002958164
0.009656636
0.01409154
0.008755273
0.004365205
0.008322917
0.009708533
0.0004730465
-0.009056466
-0.006600434
0.005364227
0.01646545
0.02023098
0.01860403
0.01869097
0.02143299
0.02069847
0.01752478
0.01515276
0.01514435
0.0196195
0.02602597
0.02937509
0.02938699
0.02922272
0.02907506
0.02861996
0.02830696
0.02847271
0.02936942
0.0309118
0.03364796
0.03349441
0.02632882
0.01680935
0.01380026
0.01856413
0.02465521
0.02800854
0.0266306
0.01962378
0.0108288
0.007877834
0.01435431
0.02205493
0.02266933
0.01944675
0.01845139
0.01962609
0.02007082
0.01776473
0.01515988
0.01496953
0.01572212
0.01350248
0.007280268
0.003553119
0.006488874
0.01337322
0.01915191
0.01837167
0.01000143
0.003919011
0.009825872
0.02176002
0.02769507
0.02266476
0.01474071
0.01428772
0.01977683
0.02280953
0.02038722
0.01855926
0.01976793
0.02007198
0.01885421
0.01902063
0.01961153
0.01873241
0.01885253
0.0212925
0.02388923
0.0246447
0.02465274
0.02739144
0.03319059
0.0380632
0.03792014
0.0327238
0.02633157
0.0234284
0.02281605
0.02038154
0.01636723
0.01471905
0.01763477
0.02098732
0.01947601
0.01414918
0.01129974
0.01502351
0.02174941
0.02373509
0.01752001
0.008042978
0.003014238
0.003534264
0.00699577
0.01181629
0.01676721
0.01941916
0.01638116
0.00956165
0.004783522
0.003553529
0.004346699
0.003650905
0.003036876
0.006380672
0.01040323
0.01169293
0.01089228
0.009067309
0.00827527
0.007743415
0.003147981
-0.003756333
-0.007389769
-0.008009073
-0.006966403
-0.003187008
0.00112742
0.00261955
0.002376633
0.00298265
0.0001452952
-0.007167394
-0.01234885
-0.01099609
-0.004643093
-0.0001910544
-0.001021708
-0.003501664
-0.004643309
-0.004814883
-0.008891336
-0.01570791
-0.02001984
-0.02050299
-0.01909424
-0.01632713
-0.01382661
-0.01035595
-0.006020768
-0.006511115
-0.01277787
-0.01798699
-0.01883717
-0.0178459
-0.01739343
-0.01725412
-0.01609328
-0.01480484
-0.01656756
-0.0239886
-0.03391481
-0.03908434
-0.03391579
-0.02199661
-0.01578101
-0.02260276
-0.03224082
-0.03435902
-0.02796436
-0.01912114
-0.01438078
-0.01438872
-0.0137621
-0.008087702
-0.0009617728
-0.0001358367
-0.006080924
-0.01355445
-0.01784429
-0.01703775
-0.01248161
-0.007285183
-0.004569626
-0.003173184
-0.00232906
-0.002588215
-0.003240778
-0.005874303
-0.01044039
-0.01092182
-0.004427927
0.001154081
0.002620249
0.00322052
0.002242013
-0.001244317
-0.00328386
-0.003584758
-0.005286851
-0.007496681
-0.008177591
-0.005510813
-0.0001625233
0.003513255
0.00141263
-0.002254877
-0.001363563
0.003116788
0.005446797
0.001446123
-0.007117922
-0.01313738
-0.01155702
-0.004914629
0.00037665
0.0005216213
-0.003247984
-0.006036878
-0.006518634
-0.004780343
-0.001331688
0.00215142
0.004067571
0.003689492
0.002882262
0.00297309
0.002080581
0.0008060932
0.00160584
0.003099484
0.0006733232
-0.008910475
-0.01987839
-0.02094038
-0.01174887
-0.004298648
-0.003984583
-0.005138711
-0.004802614
-0.005611638
-0.007803378
-0.009873146
-0.01018809
-0.007883327
-0.00435296
-0.002724358
-0.00566164
-0.007910131
-0.006473959
-0.007017491
-0.01173419
-0.01321628
-0.008640953
-0.004921547
-0.004368654
-0.003310477
-0.0004371844
0.002683974
0.002663929
-0.0005027366
-0.003038429
-0.005731942
-0.008027714
-0.006359849
-0.003220326
-0.003689829
-0.006855886
-0.00857535
-0.008608835
-0.009312923
-0.006954064
-0.0003668347
0.002850734
-0.002073957
-0.008750134
-0.009531497
-0.007066244
-0.006337447
-0.006647746
-0.005311971
-0.002576718
-0.0001951032
-0.0002442948
-0.002576792
-0.005396831
-0.01011081
-0.01778652
-0.02368077
-0.02201481
-0.01831512
-0.01971833
-0.02354099
-0.02674346
-0.02887437
-0.02811764
-0.02261899
-0.01503096
-0.01282892
-0.01587821
-0.01548986
-0.01142539
-0.01006799
-0.01329087
-0.01959046
-0.02398386
-0.01957476
-0.01196611
-0.01106854
-0.01293882
-0.009276735
-0.003563379
-0.002301034
-0.004304059
-0.005312423
-0.004396131
-0.004630969
-0.007995947
-0.01146577
-0.01203909
-0.009549572
-0.004575681
-0.0002323136
9.235089e-05
-0.004260197
-0.007546463
-0.004720339
-0.001106043
-0.00243579
-0.006244075
-0.00730563
-0.004294793
0.0008852626
0.00385231
0.001946796
-0.001899483
-0.002793845
0.001039172
0.00501588
0.003170914
-0.002774124
-0.006256805
-0.004819012
-0.000822544
0.001508731
0.0004897524
-0.002884866
-0.006627889
-0.00713465
-0.003083124
0.0008646831
-0.001645062
-0.008552152
-0.01249829
-0.01309237
-0.01223419
-0.01033303
-0.007520152
-0.004289987
0.0002654371
0.00418133
0.004920739
0.00354335
0.001153353
-0.002175244
-0.004036585
-0.0003459173
0.005911892
0.007752371
0.003394431
-0.0005564904
0.001434897
0.004836727
0.005309916
0.004221283
0.006237254
0.009065498
0.008414593
0.00644651
0.005459377
0.004950857
0.004432263
0.00434115
0.003914491
0.001814233
-0.0006224853
-0.00102
0.002319057
0.008334821
0.01408746
0.01593489
0.01160882
0.004883074
0.000451604
-0.0001165276
0.001077602
0.00243415
0.004377286
0.00575822
0.003515192
-0.0006293751
-0.0005215387
0.004575462
0.009412545
0.0108765
0.006914502
0.0003461453
-0.001308525
0.005459634
0.01683849
0.02464946
0.02464365
0.01929989
0.01540504
0.01570913
0.01617519
0.01475144
0.01346707
0.0152711
0.01800338
0.01780704
0.01571768
0.01600382
0.01990586
0.02435236
0.02753902
0.02677821
0.02297256
0.02098833
0.02128735
0.02159465
0.02298138
0.02417254
0.02145479
0.0186751
0.0193551
0.02129235
0.02052725
0.01618425
0.01193764
0.01227923
0.01736061
0.02129635
0.01976385
0.0133619
0.006389732
0.00244408
0.003122996
0.008799144
0.01556651
0.01756138
0.01444457
0.01159849
0.01245845
0.01441244
0.01418375
0.01406786
0.01525605
0.0158661
0.01345798
0.009686124
0.007628909
0.007458928
0.009057226
0.01197144
0.01480849
0.01479471
0.009364163
0.002811487
0.001009027
0.005598097
0.010722
0.01136816
0.009032298
0.006822507
0.008173721
0.01052174
0.009653151
0.007971551
0.008977587
0.01149378
0.009519745
0.001844847
-0.005444654
-0.00578386
-0.0001040431
0.003825346
0.004977338
0.005415329
0.005516705
0.005489111
0.005244574
0.003354491
-0.0006494849
-0.003748506
-0.003452692
-0.00135193
-0.001006046
-0.001323553
0.0004334548
0.002835529
0.001325725
-0.004880583
-0.008924299
-0.006018928
0.0002653643
0.004610676
0.004922543
0.003133551
0.002277575
0.0009636574
-0.001649577
-0.001934748
0.001274162
0.004540413
0.006056246
0.007623691
0.01007943
0.01186141
0.01000317
0.005874044
0.004926517
0.00774338
0.009178503
0.005741204
0.001597919
0.001700453
0.003727623
0.004385543
0.004871728
0.006490332
0.007464476
0.006958756
0.007113835
0.008694692
0.01140714
0.01393519
0.01343799
0.01039384
0.006564694
0.003373528
0.003095382
0.005745116
0.0081458
0.008451879
0.008851439
0.009728789
0.008595452
0.003567322
-0.002453089
-0.003098965
0.002427536
0.007857514
0.00858583
0.00623137
0.004556378
0.005036605
0.006056964
0.004144621
-0.001861461
-0.00740927
-0.009839983
-0.01077513
-0.01173256
-0.01157737
-0.009465113
-0.00603842
-0.002830555
-0.001651801
-0.002451125
-0.00520158
-0.01033364
-0.014545
-0.0147484
-0.0144752
-0.01699712
-0.01870126
-0.01796436
-0.01706141
-0.018044
-0.01912337
-0.01799379
-0.01535379
-0.01186224
-0.00907788
-0.01012472
-0.01355981
-0.01572808
-0.01712482
-0.01721597
-0.0161229
-0.01450026
-0.01217551
-0.01234912
-0.01729817
-0.02368788
-0.02521062
-0.02171387
-0.01874565
-0.01766843
-0.01642538
-0.01412286
-0.0121323
-0.01224186
-0.01256461
-0.0110448
-0.007697719
-0.006014929
-0.007965028
-0.01057157
-0.01093469
-0.008883052
-0.006719292
-0.00589434
-0.00615071
-0.006853537
-0.007648469
-0.007740608
-0.007499564
-0.007310445
-0.007185123
-0.006445541
-0.003354388
0.001790431
0.005187324
0.004942763
0.002834314
-0.0001780934
-0.002655352
-0.002347319
0.0007747461
0.003940132
0.005162896
0.005026239
0.004334373
0.004137247
0.004553601
0.004027708
0.002860464
0.003161368
0.005154419
0.00738312
0.008787834
0.008130005
0.004760692
0.0005730867
-0.003250244
-0.007609703
-0.01185746
-0.01277818
-0.009599012
-0.005206045
-0.001366755
0.0008081294
0.0007173181
-0.000178782
-0.00188483
-0.005346122
-0.007408162
-0.005444268
-0.002705122
-0.001733931
-0.001572066
-0.002111439
-0.003758902
-0.00641254
-0.009498792
-0.01223984
-0.01247345
-0.01043282
-0.008863942
-0.007473794
-0.004667865
-0.002343734
-0.001867658
-0.002403823
-0.004399767
-0.006343395
-0.007420031
-0.009235294
-0.01275364
-0.0164362
-0.01714462
-0.01498542
-0.01424838
-0.01490461
-0.01543819
-0.01751359
-0.02125504
-0.02322923
-0.02233358
-0.02032862
-0.01729436
-0.01536036
-0.01563824
-0.01633881
-0.01696114
-0.01878489
-0.02110343
-0.02186248
-0.02095273
-0.02018578
-0.02003829
-0.01914912
-0.01693432
-0.01503058
-0.01407063
-0.01398685
-0.01458537
-0.01547746
-0.01755608
-0.01988221
-0.02018697
-0.01904269
-0.01829294
-0.01838149
-0.02003412
-0.02263263
-0.02353832
-0.02156397
-0.01988741
-0.02033683
-0.02156469
-0.02323898
-0.02430804
-0.02231999
-0.01742033
-0.01254027
-0.008888877
-0.006897168
-0.006735199
-0.007489514
-0.00847778
-0.01009924
-0.01159221
-0.01113387
-0.008768238
-0.006793579
-0.005962683
-0.004779453
-0.002351386
1.215041e-05
0.001155426
0.002113692
0.004351761
0.006694569
0.007620931
0.007414315
0.007341312
0.008078662
0.009163542
0.009509334
0.008766933
0.007422737
0.006842828
0.007118173
0.008226834
0.01102209
0.01445848
0.01655646
0.01703213
0.01676895
0.01746515
0.01914354
0.01948898
0.01805485
0.01698615
0.01692429
0.01581747
0.01283816
0.009797287
0.009207654
0.01144746
0.01518885
0.01875372
0.02082956
0.02188705
0.02142811
0.02082928
0.02203761
0.02219527
0.01942862
0.01707214
0.01822395
0.0202111
0.01990705
0.01821251
0.01761362
0.01879314
0.01975486
0.01797037
0.01557551
0.01732887
0.02220481
0.02431266
0.01991709
0.01414042
0.01229015
0.01404646
0.01499407
0.01437962
0.01605942
0.01990339
0.02219124
0.02142996
0.01936958
0.0182414
0.01884472
0.01990306
0.01952206
0.01707808
0.01379143
0.01132466
0.009850642
0.008541084
0.006972227
0.00732907
0.009988324
0.01157746
0.01177268
0.01169019
0.01076442
0.01103044
0.01321635
0.01375938
0.01121389
0.008787636
0.009260805
0.01144853
0.01194041
0.009462054
0.00746457
0.007873694
0.0083928
0.008449536
0.009328955
0.009389005
0.007814172
0.007277271
0.00947977
0.01204198
0.0117974
0.01032836
0.009856982
0.009316309
0.007049493
0.00529343
0.00698612
0.0112497
0.01390471
0.01282203
0.009138213
0.005499416
0.004919548
0.008196882
0.01192977
0.01257075
0.01026869
0.007765988
0.007356481
0.008546423
0.009982044
0.01135479
0.01115125
0.008927619
0.008126776
0.01094483
0.01490341
0.01661199
0.01581943
0.01473267
0.01557897
0.01732901
0.01714447
0.01538651
0.01467727
0.01648984
0.01945389
0.02065567
0.01919422
0.01635366
0.01337899
0.01039964
0.008152441
0.008230408
0.0103106
0.0123705
0.01256421
0.01031531
0.006107297
0.002173578
0.0006649347
0.001743235
0.00386527
0.003976917
0.001240564
-0.001057325
-0.0008476357
-6.540998e-05
-0.001014489
-0.001923993
-0.0008452966
0.0003056224
-0.002360394
-0.008087494
-0.01214082
-0.01198853
-0.01009532
-0.009296453
-0.009724972
-0.0107396
-0.01121497
-0.01168677
-0.01387821
-0.01666573
-0.01666924
-0.01395264
-0.01209358
-0.0131856
-0.01603988
-0.01910455
-0.02249902
-0.02556008
-0.02723056
-0.02616401
-0.0237283
-0.02342205
-0.02524887
-0.02647414
-0.02570723
-0.02342667
-0.02097481
-0.02007889
-0.02097498
-0.02007045
-0.01712719
-0.01492756
-0.01432118
-0.014722
-0.0148145
-0.01393652
-0.01266253
-0.01119197
-0.009133845
-0.006618156
-0.005634184
-0.006745004
-0.007380109
-0.007610974
-0.008111893
-0.007704248
-0.00645352
-0.005788709
-0.00643775
-0.007520694
-0.006938038
-0.004883455
-0.004651223
-0.006874237
-0.00832636
-0.007454042
-0.005894212
-0.005715257
-0.007414882
-0.009514783
-0.009859366
-0.008201352
-0.006643875
-0.006844063
-0.007271703
-0.007110549
-0.006775576
-0.005746978
-0.003234643
-0.0008841618
-0.0007701368
-0.002596813
-0.004700547
-0.006362734
-0.008737289
-0.01130866
-0.01191456
-0.009377033
-0.005562419
-0.004126016
-0.006209095
-0.009574208
-0.01164193
-0.01215236
-0.01179768
-0.01073055
-0.008411592
-0.004461288
-0.001563476
-0.003491295
-0.006961228
-0.005948744
-0.002967203
-0.002774269
-0.005107752
-0.006868197
-0.00598734
-0.004019889
-0.005194856
-0.009004893
-0.01014197
-0.007970462
-0.006001919
-0.006391094
-0.008265001
-0.008628512
-0.006703392
-0.006150438
-0.008087355
-0.008577364
-0.006557403
-0.0046883
-0.004906889
-0.006484844
-0.007384005
-0.007037158
-0.005868055
-0.004222591
-0.00256371
-0.001908122
-0.002694252
-0.004830454
-0.006269356
-0.004047134
0.000231197
0.002529454
0.002885916
0.003971245
0.005137603
0.00422952
0.002608355
0.003652382
0.006298247
0.007142065
0.007016848
0.008566762
0.00984459
0.008042145
0.004589153
0.002907048
0.004426679
0.006399217
0.006263714
0.005633616
0.006457292
0.007988403
0.00875739
0.007895215
0.006252655
0.004651123
0.002515627
0.0005955876
-0.0001524131
-0.0004493267
-0.0008303598
-0.0003550851
0.00182486
0.003061784
0.0009948788
-0.002773658
-0.005443565
-0.006150909
-0.005910077
-0.004949435
-0.003716615
-0.003453245
-0.004559309
-0.006135361
-0.006770208
-0.006725667
-0.007375489
-0.007794513
-0.006486845
-0.005200278
-0.006637751
-0.009172778
-0.008890037
-0.005013273
-0.0007092285
0.000157831
-0.002440413
-0.00424359
-0.004256099
-0.003909365
-0.002886402
-3.547658e-05
0.00447279
0.007488919
0.007261057
0.005226936
0.003002241
0.001531876
0.002096054
0.004603119
0.006621382
0.00731035
0.007924783
0.008132516
0.008035313
0.009510646
0.010609
0.008025154
0.004464451
0.004911374
0.008697956
0.0113855
0.01154265
0.01144067
0.01314212
0.01547226
0.01586486
0.01398971
0.01137084
0.009997476
0.01101992
0.01271136
0.01224522
0.009598674
0.00715632
0.006577022
0.007176844
0.007608196
0.007336071
0.007282161
0.008765661
0.01141663
0.01207938
0.009782965
0.007463962
0.007142461
0.008101169
0.008969734
0.009763655
0.01160949
0.01403507
0.01465853
0.01245746
0.00937595
0.007754822
0.007555693
0.007316932
0.006321356
0.005334773
0.005930514
0.007937513
0.009166151
0.008578565
0.007611458
0.006748629
0.00456546
0.002269731
0.002302575
0.003796263
0.005348883
0.006502069
0.006577991
0.00525352
0.003009601
0.001711898
0.003682208
0.007680911
0.009983046
0.01034732
0.01008889
0.008814315
0.006887712
0.006144801
0.007132317
0.008290089
0.008650556
0.007505639
0.005433386
0.00399685
0.004118734
0.00594987
0.00856536
0.008666594
0.004529847
0.0003278401
0.001081443
0.005346577
0.008673765
0.009805127
0.01103267
0.01330464
0.01331869
0.008407916
0.002514544
0.001075491
0.004306997
0.007412409
0.007140453
0.004732304
0.003575772
0.004863908
0.006437161
0.006178958
0.00376856
0.0009623622
-0.0001261259
0.000170831
-0.0001409916
-0.0007013259
0.0004417393
0.002789257
0.00506488
0.006663178
0.005734949
0.001631445
-0.002663438
-0.004111348
-0.002560395
-0.001406385
-0.002144396
-0.002792183
-0.003041752
-0.004048766
-0.005447304
-0.006269179
-0.005453733
-0.003536514
-0.002658097
-0.00260949
-0.00195385
-0.001224611
-0.002515999
-0.006318603
-0.01041708
-0.01161311
-0.009454524
-0.007593822
-0.009108802
-0.01187401
-0.01168168
-0.008141195
-0.005007275
-0.004670856
-0.006209246
-0.008328354
-0.01015569
-0.01144826
-0.01249098
-0.01294193
-0.01302522
-0.01198977
-0.008481295
-0.00592349
-0.008770385
-0.0136876
-0.01590511
-0.01574597
-0.01571964
-0.01706177
-0.01926438
-0.02001239
-0.01825835
-0.01725607
-0.01918403
-0.02230529
-0.02368253
-0.02260999
-0.02094107
-0.02032254
-0.01951792
-0.01697487
-0.01360789
-0.01253145
-0.01343413
-0.0132511
-0.01193373
-0.01102573
-0.01122075
-0.01278176
-0.01384025
-0.01239901
-0.0105944
-0.01191063
-0.01523827
-0.01666169
-0.01482412
-0.01274451
-0.01334
-0.01501169
-0.01465839
-0.01162386
-0.008326769
-0.007618184
-0.008956299
-0.009808616
-0.009146002
-0.008497814
-0.009301378
-0.009918236
-0.008655189
-0.006663241
-0.006140669
-0.007797147
-0.009799659
-0.0110548
-0.01324187
-0.01593695
-0.01661087
-0.01512449
-0.01328127
-0.01305363
-0.01416305
-0.01433834
-0.01306728
-0.01254262
-0.0135588
-0.01456206
-0.01424569
-0.01264298
-0.01013825
-0.007418873
-0.005670355
-0.005067493
-0.003747328
-0.001293432
0.0005863648
0.00147219
0.001737907
0.0008605182
-0.001934344
-0.005579215
-0.007168641
-0.005569693
-0.003178537
-0.002213325
-0.001777395
-0.0004075435
0.0008607052
0.0007130242
0.0001043793
0.0004510919
0.001878612
0.003439316
0.004186078
0.003632064
0.002811703
0.003167364
0.005107784
0.007256755
0.007438898
0.004824237
0.001785681
0.001216929
0.003759537
0.008032377
0.01121195
0.01156928
0.009813826
0.007701862
0.006655347
0.007634814
0.009905903
0.01099083
0.009836962
0.008304995
0.007623676
0.006858547
0.005422856
0.004190062
0.004207623
0.005853043
0.007668469
0.008221785
0.007814535
0.007951093
0.008703533
0.008943134
0.008034414
0.006598698
0.005918911
0.005870641
0.005209379
0.003189491
0.0005798333
-0.0007427791
-9.241667e-05
0.001709581
0.003950156
0.006638328
0.008834298
0.009466332
0.008356272
0.006782521
0.005528838
0.004685471
0.004432603
0.005609429
0.007543566
0.008174226
0.007770711
0.008111321
0.009736397
0.01128695
0.01104443
0.009944721
0.0102813
0.01133843
0.01029728
0.006761543
0.003652024
0.00404728
0.00722047
0.01037906
0.01226272
0.01250558
0.01137619
0.01075521
0.01155348
0.01257674
0.0126157
0.01175211
0.0110247
0.01105976
0.0118094
0.01252433
0.01296506
0.01355856
0.01408763
0.01428424
0.01490909
0.01585028
0.01593278
0.01483794
0.01371402
0.01291967
0.01242709
0.01213842
0.01164399
0.011397
0.0130546
0.01706201
0.02127049
0.02316719
0.02206083
0.01976723
0.0192676
0.02040365
0.02050182
0.01894666
0.01765202
0.0181792
0.01997541
0.02227402
0.02340231
0.02242425
0.01999109
0.01823492
0.01775131
0.01812
0.01881736
0.01947958
0.02014108
0.02064312
0.02115439
0.02208887
0.02214617
0.02029081
0.01742094
0.01463774
0.01210974
0.0100138
0.008168159
0.006738877
0.006369222
0.007182135
0.00846374
0.009017796
0.008433379
0.007549905
0.007323815
0.007318372
0.007007876
0.006359171
0.004956485
0.003420436
0.002473911
0.001912964
0.00120042
-0.000130116
-0.002728293
-0.005391601
-0.006136494
-0.005078958
-0.003938623
-0.004162509
-0.005193858
-0.005545094
-0.005011257
-0.004728537
-0.005533217
-0.006506976
-0.007498034
-0.009351212
-0.01243974
-0.01541204
-0.0152314
-0.01211396
-0.00937513
-0.009236621
-0.01042447
-0.01131576
-0.01269942
-0.01512376
-0.0177085
-0.01899822
-0.01872467
-0.01834036
-0.01861962
-0.01927111
-0.02002673
-0.0199445
-0.01816801
-0.01602164
-0.01486587
-0.01483691
-0.01456391
-0.01343052
-0.01195275
-0.01049951
-0.009838781
-0.009973619
-0.00998381
-0.009320196
-0.008724058
-0.009127708
-0.00990632
-0.009712484
-0.008530894
-0.007402471
-0.006931315
-0.007066318
-0.007534468
-0.008249657
-0.008707217
-0.00842816
-0.008770811
-0.01034606
-0.01091929
-0.01003593
-0.009383023
-0.00945525
-0.009393535
-0.008852428
-0.008261144
-0.007865529
-0.007743792
-0.008340165
-0.009560973
-0.01029113
-0.01044402
-0.01100546
-0.01187833
-0.01176446
-0.01105315
-0.01132765
-0.01281613
-0.0141194
-0.01363505
-0.01242686
-0.01241547
-0.01308914
-0.01268302
-0.01118865
-0.01085753
-0.01204652
-0.01308444
-0.01377106
-0.01415576
-0.01377746
-0.01269162
-0.01162798
-0.01097787
-0.009914276
-0.00858661
-0.008530125
-0.009820604
-0.01084733
-0.01035019
-0.008731746
-0.007603575
-0.008316415
-0.01005161
-0.01106357
-0.01125672
-0.01099357
-0.01046433
-0.01008939
-0.01036047
-0.01132222
-0.01113466
-0.008060773
-0.003673742
-0.00175431
-0.003737833
-0.006223824
-0.006150415
-0.004913417
-0.004771149
-0.005540436
-0.006233316
-0.006559737
-0.006901216
-0.007219391
-0.007120557
-0.0063969
-0.005826359
-0.005749224
-0.005975357
-0.006479659
-0.007050048
-0.007706147
-0.00784805
-0.006595873
-0.004562865
-0.003255057
-0.002610849
-0.002678953
-0.003740962
-0.005153209
-0.006321327
-0.006606917
-0.005736917
-0.004626883
-0.004312697
-0.004083747
-0.003455848
-0.003229843
-0.00362645
-0.003764904
-0.002989783
-0.001465414
-0.0003345025
-0.001127014
-0.002688672
-0.003116753
-0.002568912
-0.001673157
-0.000510114
0.0006459994
0.001063283
0.0007892212
0.0005239478
0.0004315326
0.0006272265
0.0008184445
0.00105274
0.001719486
0.002700656
0.003679624
0.00439097
0.004456763
0.003697852
0.003275931
0.0037891
0.004192866
0.003657681
0.00259161
0.002094718
0.002333825
0.002865467
0.003237577
0.003484254
0.003699859
0.004197725
0.005204972
0.005727284
0.005300828
0.004999693
0.00582407
0.00726362
0.008059662
0.007927805
0.007442117
0.007295988
0.007952693
0.00906311
0.009692872
0.009638087
0.009667334
0.01000097
0.01003011
0.009796246
0.009611536
0.00954809
0.01000254
0.01074334
0.0112021
0.01151932
0.01204404
0.01287526
0.01332096
0.01289043
0.01208046
0.01180825
0.01250617
0.01323351
0.01321635
0.0130423
0.01331032
0.01370055
0.01337564
0.01268815
0.01237265
0.01268429
0.01305833
0.01300131
0.01252889
0.01192469
0.01167342
0.01182176
0.01183481
0.01163843
0.01104616
0.009874931
0.008576582
0.007618117
0.007154104
0.007057773
0.007194758
0.00755123
0.007582809
0.006573228
0.004867759
0.003631494
0.003619067
0.004118992
0.004091563
0.00331077
0.002027999
0.001129086
0.001352248
0.002264825
0.002764981
0.002447194
0.001820231
0.001354922
0.0008733477
0.0001688839
-0.0002579805
2.071275e-06
0.000656991
0.001111725
0.001422297
0.00178673
0.001735412
0.001140116
0.0005418998
0.0001999876
2.711099e-05
9.910072e-05
3.038765e-06
-0.0006424221
-0.001029956
-0.0004911813
0.0005502612
0.001567567
0.00205162
0.001900268
0.001595606
0.001030504
0.0001625234
-0.0005846738
-0.000967284
-0.0008150392
-0.0002010706
0.000322714
0.0003280224
-3.838e-05
-0.0004250895
-0.0006811328
-0.0007209871
-0.0006458135
-0.0008432246
-0.001179596
-0.001127432
-0.000610605
-0.0002016443
-0.0003713256
-0.000688156
-0.0008006684
-0.0007953744
-0.0006455676
-0.0004358861
-0.0004989125
-0.0008367422
-0.001001352
-0.0007314062
-0.0004164823
-0.0004366521
-0.0006634548
-0.0008370938
-0.0009388281
-0.001166159
-0.001389046
-0.001306081
-0.001030155
-0.0007930774
-0.000720054
-0.0009098196
-0.001272919
-0.001515057
-0.00157589
-0.001536426
-0.001390391
-0.001175939
-0.000981054
-0.0009334196
-0.001165793
-0.001523888
-0.001620781
-0.001423112
-0.001282043
-0.001337714
-0.00131575
-0.001094723
-0.0008352924
-0.0006963652
-0.0007776888
-0.0008743787
-0.0007300268
-0.0005354408
-0.0005688715
-0.0006759495
-0.0006565359
-0.0005498237
-0.0003919476
-0.0002867566
-0.0003272299
-0.0004956666
-0.0006884076
-0.0008038859
-0.0007724412
-0.0006441843
-0.0005418678
-0.000492574
-0.0005150277
-0.0006051825
-0.0007395788
-0.000871874
-0.0009493701
-0.0009555331
-0.0009725338
-0.001047778
-0.001103435
-0.001080848
-0.0009704734
-0.0008503322
-0.0008222724
-0.0008849024
-0.0009516171
-0.0009662602
-0.0009494295
-0.0008818007
-0.0007488421
-0.000583604
-0.0005126149
-0.0005971517
-0.0007279623
-0.0007917469
-0.0007643046
-0.0007671388
-0.0008914486
-0.001036196
-0.001091453
-0.001089289
-0.001091909
-0.001098482
-0.001086364
-0.001027076
-0.0009467182
-0.0009347172
-0.001006629
-0.001074299
-0.001072594
-0.001009049
-0.0009351391
-0.0008980808
-0.0008983907
-0.000922441
-0.0009469067
-0.0009456451
-0.0009393982
-0.000945834
-0.0009182682
-0.0008487929
-0.0008034889
-0.0008229076
-0.0008550081
-0.0008358058
-0.0007958251
-0.0007781371
-0.0007802482
-0.0007758836
-0.0007506367
-0.0007283182
-0.0007209082
-0.0007192309
-0.000720956
-0.0007148602
-0.0006928693
-0.0006680918
-0.0006602984
-0.0006609791
-0.0006504256
-0.0006299651
-0.0006144122
-0.0006027036
-0.0005813256
-0.0005547332
-0.0005399659
-0.0005402164
-0.0005442205
-0.0005431537
-0.0005297236
-0.0005108002
-0.0005045057
-0.0005160302
-0.000523547
-0.0005073758
-0.0004753373
-0.0004482655
-0.0004335498
-0.0004210485
-0.0004055491
-0.0003923347
-0.000382606
-0.0003745153
-0.0003644258
-0.0003488827
-0.0003307431
-0.0003173196
-0.0003123255
-0.0003114734
-0.0003041961
-0.0002911536
-0.0002823702
-0.0002796849
-0.0002779375
-0.000270451
-0.0002582353
-0.0002482643
-0.0002415289
-0.0002353529
-0.0002296126
-0.0002253034
-0.0002220204
-0.0002181095
-0.0002112433
-0.0002021734
-0.0001944564
-0.0001884188
-0.0001818845
-0.0001746952
-0.0001684397
-0.0001635337
-0.0001592888
-0.0001543225
-0.0001481615
-0.0001418443
-0.0001362122
-0.0001311115
-0.0001261365
-0.0001209686
-0.0001157186
-0.0001108444
-0.0001064305
-0.0001020789
-9.748174e-05
-9.278839e-05
-8.831846e-05
-8.406983e-05
-7.980214e-05
-7.54489e-05
-7.116435e-05
-6.701693e-05
-6.295107e-05
-5.890695e-05
-5.487929e-05
-5.090292e-05
-4.696819e-05
-4.304241e-05
-3.913414e-05
-3.526647e-05
-3.142593e-05
-2.759462e-05
-2.378226e-05
-1.999588e-05
-1.623683e-05
-1.250548e-05
-8.798122e-06
-5.113542e-06
-1.453326e-06
2.182415e-06
5.794225e-06
9.382838e-06
1.294868e-05
1.649161e-05
2.001137e-05
2.350781e-05
2.698085e-05
