-0.002320076
-0.002382572
-0.002294312
-0.002097509
-0.002073897
-0.002189569
-0.001982721
-0.001425211
-0.000932414
-0.0008848661
-0.001737262
-0.001635468
0.001599681
0.002732345
-0.001519933
-0.003347447
0.0009248601
0.004475244
0.00243622
0.0003540836
0.001654616
0.002709301
0.002249424
0.001717827
0.002598243
0.005432702
0.00740529
0.005747858
0.002549096
0.0059031
0.00887617
0.004018337
0.001491827
0.003343722
0.009269822
0.01872204
0.01842782
0.003117757
-0.004097547
0.0098131
0.0219906
0.0161875
-0.00239333
-0.009765613
0.01108129
0.02833364
0.01822385
0.001382175
-0.005137756
-0.009195546
-0.01001731
0.0002369772
0.01757163
0.02668171
0.01012474
-0.01220831
-0.01194413
-0.01018963
-0.02896307
-0.03942004
-0.01820523
0.01842217
0.02354607
-0.01573709
-0.04430547
-0.02359501
0.01050916
0.01571656
0.005438817
0.01698916
0.04948591
0.05130294
0.002484366
-0.01547217
0.02441477
0.05725134
0.04408724
-0.008607329
-0.05375216
-0.04665851
0.006843393
0.01935806
-0.02675439
-0.04311812
0.0156635
0.06625637
0.03590947
-0.01511315
-0.02253776
0.00257915
0.05703817
0.08622193
0.05784486
0.009018611
-0.02324928
-0.01383823
0.01652773
0.02050341
-0.01459916
-0.03532825
-0.02081207
0.001859039
0.02593959
0.02629325
-0.03287667
-0.06958597
-0.007092352
0.04008573
0.006561492
-0.02421381
-0.03710646
-0.03605418
0.006508399
0.04650616
0.009162538
-0.02978178
0.004084207
0.02894483
-0.006173293
-0.03401876
-0.02030458
-0.008260449
-0.01777552
-0.03173534
-0.02466232
-0.01088375
-0.02357652
-0.04053223
-0.05233124
-0.05986724
-0.02140507
0.02213389
0.008598746
-0.02457375
-0.04082722
-0.0570287
-0.07449936
-0.0609838
-0.0193326
0.008943015
0.005283574
0.0002670222
6.520916e-05
-0.00664819
-0.02017782
-0.01505832
0.007743516
0.01656651
0.0137289
0.01840121
0.03310583
0.03637536
0.05347786
0.0720026
0.08167579
0.09791547
0.1048688
0.09852605
0.08641515
0.09504549
0.1068325
0.09439148
0.07642264
0.06868403
0.04837221
0.01550993
-0.02780779
-0.05082849
-0.05011791
-0.05863416
-0.0767965
-0.08037104
-0.08466807
-0.1159027
-0.1336046
-0.1225405
-0.07374796
0.005567449
0.03083137
-0.01327626
-0.032219
-0.01521358
-0.02978895
-0.06147846
-0.0684968
-0.05785334
-0.05124277
-0.0622788
-0.0824922
-0.09073009
-0.06566158
-0.03359556
-0.03384264
-0.06449086
-0.07168833
-0.03722477
-0.001956972
0.02226004
0.04759313
0.07034333
0.07632491
0.05280095
0.01027939
-0.008984215
-0.01880096
-0.01236335
0.02175769
0.06578817
0.08295905
0.04112328
-0.03377806
-0.0685028
-0.0046563
0.09199233
0.09816691
0.02332328
-0.01900812
-0.02039913
0.008399343
0.05072047
0.0532504
-0.006968524
-0.1020488
-0.1757414
-0.1984295
-0.2060338
-0.1922693
-0.1087433
-0.01373079
0.02934159
0.07005319
0.1201978
0.1711273
0.2373681
0.2424681
0.1805747
0.1238316
0.08282205
0.02739508
-0.002588477
0.01045095
0.04708609
0.0409532
-0.04845971
-0.08383875
-0.06072801
-0.07155312
-0.1325625
-0.1773141
-0.1228878
0.03373713
0.1944687
0.1715679
0.009945468
-0.03973677
0.04347914
0.1039419
0.1324027
0.1229055
0.05145682
-0.03728497
-0.1288033
-0.1440238
-0.07583701
-0.02274505
0.04854839
0.07261799
-0.04851556
-0.1366218
-0.09164009
0.001169324
0.06811265
0.06488579
0.01324261
-0.02642004
-0.01443153
0.03370864
0.08299039
0.09994561
0.05363733
-0.02330474
-0.05650706
-0.06222507
-0.1013893
-0.1003477
-0.003051259
0.04861576
0.008209168
-0.03377058
-0.04302318
-0.05846274
-0.07359702
-0.04517625
-0.01650557
-0.008035394
0.02737468
0.1121425
0.1929748
0.1601615
0.03829648
-0.02279643
-0.04645698
-0.09917172
-0.07257255
-0.02552686
-0.01638979
0.02570991
0.02622106
-0.002141454
-0.01728274
-0.04260037
-0.07903219
-0.1192591
-0.09095788
-0.03247529
-0.00659481
0.02799246
0.05631077
0.01486093
-0.01684868
0.02019891
0.02377025
-0.003528313
-0.02263437
-0.04406661
-0.02459392
0.06145125
0.1969743
0.3135122
0.2475488
-0.04613732
-0.2652492
-0.3109324
-0.2107247
0.1200245
0.3238904
0.294434
0.2943077
0.1712505
-0.08895663
-0.2607566
-0.2390637
-0.1513774
-0.1596864
-0.1273223
-0.07661824
-0.1160296
-0.1261047
-0.09962144
-0.00248282
0.1007829
0.004350274
-0.07277955
-0.007283044
0.02551295
0.005967588
0.04448138
0.1217373
0.04729085
-0.05416235
0.01440383
0.03656864
-0.04874153
-0.03128967
0.05540909
0.05624367
0.002358634
-0.02909507
-0.02368928
0.02347453
0.05080349
0.05089382
0.02664447
0.04145216
0.09679247
0.08870428
0.06993422
0.06494081
-0.03795486
-0.1557376
-0.1729379
-0.2063877
-0.2307189
-0.1582448
-0.1012148
-0.0675764
0.07534644
0.2209023
0.1927921
0.09493692
0.07770926
0.05767952
0.01238905
0.00337769
0.05796715
0.06461457
-0.01321793
-0.010848
0.08041334
0.1216796
0.09802775
0.08951314
0.1090178
0.08371312
0.0009283155
-0.01425742
-0.0005382314
-0.01289937
-0.03469295
-0.1179868
-0.1915159
-0.1602333
-0.04426135
0.06855008
0.08809128
0.05681739
0.06370601
0.07611789
-0.01687308
-0.1251905
-0.07096702
0.04579049
0.08966806
0.09371827
0.1150978
0.1017589
0.09250785
0.07225359
-0.0537003
-0.136687
-0.05245075
0.04600998
-0.004179491
-0.08745629
-0.07361522
-0.04798546
-0.07525366
-0.130758
-0.1985207
-0.1423213
0.06430841
0.1072304
-0.03909698
-0.05478175
0.07015997
0.09966509
0.1018091
0.1521158
0.1652547
0.1061133
0.04872865
0.04379944
0.05304859
0.07617019
0.1130269
0.0786304
0.0154056
-0.01346205
-0.0147699
-0.03152956
-0.09219723
-0.1213033
-0.1132309
-0.1198237
-0.0788329
0.0228914
0.07560296
0.004917956
-0.0699066
-0.005109588
0.02816267
-0.04625238
-0.06787503
-0.003287743
0.009928749
-0.008679252
-0.001324209
0.004774773
-0.009065478
0.03332719
0.1134796
0.1503038
0.09170899
-0.03015838
-0.1035873
-0.0990124
-0.09246119
-0.09773288
-0.05712237
0.06247841
0.1124754
0.06780847
0.02528928
-0.03603007
-0.05271759
0.01614128
0.1411705
0.1901851
-0.001551886
-0.2142745
-0.1613814
-0.0009886186
0.04279476
-0.01793291
-0.02924915
0.07004147
0.130223
0.04154718
-0.08344259
-0.1065826
-0.07995657
-0.08387502
-0.05075892
0.03058375
0.08618909
0.01430109
-0.06526402
0.001402461
0.02743803
-0.0329185
-0.05495731
-0.06054269
-0.03958641
0.0361605
0.07029413
0.04597818
0.03885593
0.02315679
0.006048943
0.04545075
0.05891295
0.02954762
0.02299916
-0.02450284
-0.08631242
-0.0880634
-0.08982703
-0.08276164
-0.04419778
-0.02993356
-0.05907258
-0.05233365
0.02621665
0.08858038
0.08496255
0.06742289
0.07429682
0.07090603
-0.01128712
-0.06857782
-0.01068408
0.09023819
0.1169773
0.0165857
-0.07852995
-0.05255659
-0.006117836
-0.008689024
-0.06175967
-0.07871148
-0.04476072
-0.003643797
0.04717013
0.05269197
0.04022686
0.04298029
0.01597718
-0.03436863
-0.01354529
0.01065732
-0.02477176
-0.01870325
0.03250957
0.03449072
-0.01103849
-0.0249821
-0.0009424369
0.0197636
0.02780797
0.05020279
0.04278564
0.02847272
0.04148578
0.05724919
0.1088519
0.1658091
0.1476294
0.1028557
0.09396835
0.04245236
-0.07596395
-0.07359877
0.0355937
0.04151904
0.02267597
0.03269731
0.0146878
-0.03691827
-0.1272752
-0.1687945
-0.08987414
0.02099519
0.001218551
-0.0485962
-0.07797209
-0.1165566
-0.0516375
0.07612273
0.04313344
-0.05426915
-0.03911399
0.005411036
0.02824895
0.03426455
0.04127477
0.08210033
0.1543718
0.1273833
-0.06368482
-0.1301597
-0.004056825
0.01546681
-0.08245084
-0.1610666
-0.1602459
-0.03513528
0.09479663
0.1272796
0.04477053
-0.1304433
-0.1153457
0.1019806
0.1561773
-0.01008375
-0.1323595
-0.06960425
0.05302925
0.07539652
0.04433472
0.04362863
-0.008362352
-0.1032527
-0.1263186
-0.04193738
0.069425
0.06264473
-0.006553529
0.03520318
0.1315946
0.1248186
-0.01369584
-0.1392443
-0.09425001
0.03751861
0.03214391
-0.03248867
-0.06030671
-0.06533895
-0.06865235
-0.07531191
-0.0735383
-0.07114792
-0.06868383
-0.03701574
-0.02031109
-0.03348652
-0.06229776
-0.08341189
-0.06419694
-0.01052902
0.01386765
-0.01297839
-0.04257962
-0.0289473
0.01644117
0.0514767
0.06983978
0.04590651
-0.004598564
-0.00969665
0.03902744
0.05763312
-0.009413272
-0.05907355
-0.01680101
0.008747799
-0.04422115
-0.05867826
0.0006917411
0.03223487
-0.003005978
-0.0294186
0.004737065
0.05090874
0.05015188
-0.008280589
-0.0581127
-0.04103257
0.008999435
0.03305903
0.01603112
-0.02798944
-0.06734844
-0.07188018
-0.02547106
0.01941855
-0.002545788
-0.04525813
-0.02387785
0.03081432
0.03194518
0.0004184545
0.00606164
-0.003135009
-0.03412191
-0.0436159
0.01531114
0.08442747
0.05269156
-0.03641094
-0.06226467
-0.03351277
-0.02115754
0.03063157
0.08285594
0.05210054
-0.0124563
-0.03006366
-0.007892573
0.005500543
0.03028465
0.03965285
0.02728879
0.009865171
0.03000059
0.0611403
0.03913683
-0.006209707
-0.0307348
-0.04350171
-0.0462773
-0.01352737
0.03782449
0.05902511
0.02641466
0.004986518
0.01898291
0.02382267
0.003840915
-0.0189519
-0.04509842
-0.05859163
-0.05479132
-0.0201601
0.006477059
-0.02177072
-0.0476104
-0.0515912
-0.04750434
-0.03195237
-0.01659272
-0.002725728
-0.006301993
-0.01927693
-0.007613948
0.005281982
0.005515341
-0.01543687
-0.01826964
0.02879855
0.05288945
0.02502823
-0.01395281
-0.02789458
0.00417999
0.05033524
0.04481015
0.008929576
-0.005764778
-0.007755867
0.01704926
0.05013118
0.03482929
-0.003506207
0.01132574
0.07940602
0.09623704
-0.01006554
-0.09089118
-0.009123865
0.03487478
-0.02029453
-0.03837719
-0.01741547
0.002634743
0.006410278
-0.002977696
-0.02051219
-0.03024023
-0.02971156
-0.01875546
0.01986797
0.04737341
0.02444474
0.003406313
0.01344369
0.0003175463
-0.01154415
0.02241417
0.05011145
0.0217716
-0.01363453
-0.01537032
-0.007436481
-0.007262489
-0.01627998
-0.009408322
0.007455358
0.004302308
-0.002636043
0.01520595
0.01551631
0.01652714
0.05178166
0.06875938
0.02658437
-0.002051281
0.02616612
0.03825913
0.007790039
-0.01051088
0.008628946
0.02757197
0.02107039
0.00318703
-0.003332519
0.007186034
0.02632994
0.03579926
0.02991826
0.01331188
-0.003005512
-0.006364375
-0.007436649
-0.0274043
-0.03984557
-0.02562747
-0.01724139
-0.03534618
-0.0295662
-0.005041549
-0.02110451
-0.0565913
-0.0498101
0.001318981
0.02040227
-0.007892816
-0.02549304
-0.01011301
0.01210362
0.02312867
0.0213969
0.01986885
0.02328094
0.02288844
0.01549006
0.01439306
0.005162093
-0.03755613
-0.05423526
-0.03051453
-0.005628106
0.02253386
0.05398397
0.06555487
0.05503981
0.04797864
0.0456732
0.06620327
0.08183232
0.04628935
-0.01029753
-0.01001579
0.05094677
0.05675757
0.02306686
0.04005513
0.0714418
0.05008142
0.01539952
0.01789362
0.02445561
0.001476514
-0.03864641
-0.05263866
-0.02389205
-0.009880385
-0.03743492
-0.06111361
-0.03145249
0.00623884
-0.009530361
-0.03282352
-0.03701578
-0.03772461
-0.01608979
0.01534232
0.02971749
0.03462168
0.04164606
0.03679384
0.01749738
-0.001846652
-0.01130898
-0.008735772
-0.006114387
-0.003038011
0.01789909
0.04106367
0.02609731
-0.02156221
-0.04698396
-0.02169671
0.0136995
0.02814141
0.005344299
-0.03713824
-0.04698198
-0.0409757
-0.03872388
-0.03632472
-0.02710243
-0.0178707
0.01085769
0.05015089
0.04918375
-0.01616991
-0.05512988
-0.02044971
0.009660366
0.01533217
0.007249031
-0.004879172
0.0007388208
0.007065607
0.001655735
0.003084614
0.01270189
-0.009063124
-0.03553854
-0.02286214
0.001842417
0.02645517
0.05095863
0.03845389
-0.009461885
-0.02022777
0.02110256
0.02241313
-0.02988371
-0.04234788
-0.01244319
0.002769934
0.0009912622
-0.01011769
-0.02563016
-0.02573136
-0.02229192
-0.02088055
-0.01186488
-0.005762685
0.006776379
0.02060112
0.01100812
-0.009296994
-0.02687001
-0.01538726
0.02366302
0.03073146
0.0005601937
-0.01336124
-0.002431464
-0.001456129
-0.004278714
-0.0004193358
0.000664532
-0.008901223
-0.007490846
0.005828444
4.120471e-05
-0.02277763
-0.03748453
-0.03411042
-0.02489739
-0.01602664
0.003784416
0.02129289
0.01729109
0.004495441
-0.009398066
-0.01743874
-0.0131394
-0.01599527
-0.02520989
-0.01823868
-0.005414011
-2.201605e-05
-0.0004958171
-0.002476519
-0.001656745
0.0008603545
0.0003482593
-0.002373456
-0.005315468
-0.008806967
-0.00629948
0.002913506
0.00565607
0.001688702
0.0005399517
0.001121464
-0.001053067
-0.00264188
-0.001289834
0.0002218896
0.0006271008
8.617334e-05
7.446602e-05
0.001519218
0.002813278
0.003156989
0.003078532
0.003208043
0.003426723
0.003532092
0.003702095
0.00405678
0.004476133
0.004774312
0.005010347
0.005250033
0.005490064
0.005733379
0.005964367
0.006183661
0.006398234
0.006600952
0.006788511
0.006962448
0.007122274
