0.001683363
0.001680094
0.00167981
0.001682134
0.001691302
0.001692855
0.001655854
0.001648485
0.001642755
0.001474838
0.001302075
0.001307987
0.001336119
0.001291442
0.001207297
0.001262231
0.001491934
0.001693559
0.001833266
0.001997152
0.002205772
0.002063641
0.001991681
0.002318807
0.00224502
0.002195108
0.002612546
0.002476926
0.001192658
0.0003511216
0.001129234
0.001587802
0.0004909426
-0.001154887
-0.002186618
-0.001816437
-0.001144928
-0.0008470966
-0.0007030353
-0.001032205
-0.0007088609
0.0007978906
0.003080789
0.004138132
0.002560533
0.0010307
0.001634629
0.002871816
0.003647361
0.004089755
0.003250896
0.002906588
0.004284397
0.00491558
0.003511126
0.001423322
0.001481712
0.002400214
0.001381747
0.0009284046
0.001928874
0.002551006
0.003023073
0.003118273
0.002531074
0.001936706
0.002645087
0.003760524
0.002517692
-0.0002761476
-0.00138847
0.000523166
0.003109586
0.003980039
0.003122293
0.002038634
0.001876574
0.001317105
0.0001233774
-0.001260846
-0.001820311
-0.0009259449
-0.001368122
-0.002146293
-0.000844035
-4.732774e-05
-0.0008607554
-0.001169934
-0.0007429719
-0.0003002766
-0.0005913714
-0.002041788
-0.001864038
0.0006581038
0.003197421
0.004858135
0.005517777
0.005674572
0.005128107
0.003690602
0.003170441
0.004335059
0.004874112
0.002951158
-0.0002393926
-0.001508214
-0.0007022986
-0.001428797
-0.002448373
-0.001047751
0.001728942
0.00393055
0.003261826
0.001827241
0.002017088
0.002587656
0.002526385
0.001209104
0.0007075615
0.001522613
0.001250791
0.0006244386
-0.0002615442
-0.001254404
-0.001597669
-0.003025935
-0.002425774
-0.0005103736
-0.002633923
-0.007006877
-0.01142449
-0.01198833
-0.009108564
-0.006639295
-0.00307141
-0.0003025321
0.001021055
0.002663907
0.003928403
0.003441358
0.002879035
0.005282879
0.008213221
0.008590139
0.006176164
0.003794489
0.003077745
0.002368631
0.002962318
0.004653847
0.003655592
0.001461242
0.0006816593
0.001443544
0.004108579
0.004995402
0.004824752
0.008724918
0.01308676
0.01333596
0.0103725
0.002171387
-0.005904855
-0.005872392
-0.001661571
0.003437535
0.004183435
0.001763819
0.001142555
-0.0001629622
-0.002587242
-0.007622464
-0.009461584
-0.006262281
-0.005110009
-0.006010057
-0.006061887
-0.004457767
-0.001883613
0.0004042521
0.001538007
0.004052734
0.005926514
0.006415648
0.003985151
-0.002158195
-0.004127836
-0.004269218
-0.007353371
-0.01238285
-0.01440352
-0.009353492
-0.0028002
0.0004584634
0.00212221
0.004580671
0.00756814
0.0101235
0.01120057
0.01143978
0.008757816
0.002076059
-0.002968823
-0.004434757
-0.001714611
0.002009578
0.0006185884
-0.001832724
-0.002062058
-0.003638938
-0.008383068
-0.009974387
-0.005327675
-0.002110433
-0.001623996
-0.003431003
-0.004189696
0.0009340056
0.007312335
0.01364833
0.01960113
0.02121102
0.01693817
0.01055642
0.005254295
0.001607546
0.001036192
0.0009770618
-0.0006182707
-0.00617663
-0.01319176
-0.01370202
-0.008525561
-0.0004540365
0.003537227
0.0005810713
-0.001554156
-0.003375704
-0.005875478
-0.006481582
-0.003197986
0.004460899
0.01063213
0.0125202
0.01120971
0.007289851
0.00418892
0.002365894
-0.002250844
-0.004235436
0.0004014703
0.003367324
0.005174425
0.008030231
0.008368305
0.004439779
-0.002283561
-0.001195596
0.003441858
0.002418453
0.005207673
0.006903175
0.0003686781
-0.005726603
-0.006392604
0.002363806
0.01003999
0.006251623
0.00438825
0.005120362
0.001417255
-0.001877102
-0.002950395
0.001064374
0.007841014
0.008694236
0.002588659
-0.007106906
-0.01638681
-0.02270406
-0.02550018
-0.02099407
-0.01298421
-0.01092025
-0.01023297
-0.007715136
-0.005273722
-0.001789689
-0.001359106
-0.002419929
0.0002249895
0.005262932
0.01194835
0.01813817
0.01875931
0.01704637
0.01440138
0.008164902
0.004321824
-0.0002531387
-0.008270821
-0.00966574
-0.003014394
0.006563765
0.01527619
0.0190993
0.01520217
0.007007799
0.00564923
0.01396568
0.01837214
0.01251515
0.006090009
0.006588366
0.01276651
0.015829
0.01493698
0.0168196
0.02042763
0.02318637
0.0186541
0.006549786
-0.00620457
-0.01983651
-0.02801952
-0.02274437
-0.01125906
-0.006070662
-0.0108587
-0.01721433
-0.01542447
-0.01283004
-0.0115541
-0.006933962
-0.0066666
0.0007250069
0.01435613
0.01322365
0.00526436
-0.003395038
-0.006507912
-0.0002713042
-0.003805273
-0.0140934
-0.01771104
-0.01639015
-0.01400672
-0.01325891
-0.01342781
-0.01338153
-0.01471292
-0.01549677
-0.00500281
0.01364341
0.02339644
0.02031952
0.01637568
0.01893459
0.02032904
0.01338021
0.004238837
0.009725954
0.02627053
0.03649074
0.04295633
0.04365341
0.03423292
0.02352239
0.01487979
0.01297329
0.01614618
0.01366064
0.008424074
0.001747163
-0.01005329
-0.01192826
0.006235042
0.02407493
0.02145507
0.005216315
-0.006284267
-0.003280214
0.009038216
0.01470328
0.01128487
0.006626574
0.002659223
-0.002009731
-0.005278629
0.0045954
0.01257737
0.002544009
-0.003853047
0.001266877
0.007370017
0.008013741
-0.002116478
-0.02334246
-0.04414399
-0.0515071
-0.05098132
-0.05057678
-0.04839907
-0.0426167
-0.03496715
-0.03132706
-0.02836718
-0.02670644
-0.0252252
-0.01002155
0.007780808
0.01040944
0.003213526
-0.004172737
-0.01086284
-0.01356753
-0.008346741
-0.004150059
-0.007377589
-0.01928585
-0.0374849
-0.05011851
-0.05395803
-0.05301319
-0.05279214
-0.06185143
-0.06843101
-0.06165332
-0.05552717
-0.05601682
-0.05260729
-0.03949611
-0.02415677
-0.01542586
-0.01995148
-0.03315895
-0.03929698
-0.04032599
-0.04466117
-0.04362749
-0.03017589
-0.01106848
0.008386672
0.01956671
0.02196783
0.03072211
0.04810589
0.07231754
0.09262933
0.09607264
0.09121886
0.08504246
0.0815296
0.07638913
0.06043276
0.04147316
0.02901223
0.01563543
-0.007997198
-0.02577864
-0.02371708
-0.0107169
-0.002252038
-0.002026467
0.01077313
0.04202327
0.07268813
0.08683506
0.0796993
0.06824585
0.06513677
0.06261722
0.05991808
0.05983436
0.06057475
0.06058912
0.05650635
0.05233463
0.055299
0.06143191
0.06072756
0.05267055
0.04248692
0.0280467
0.01327222
0.00030304
-0.01470071
-0.01913683
-0.005578825
0.0176696
0.0410885
0.05720943
0.06755676
0.07582988
0.08108485
0.08364475
0.0850208
0.0847963
0.08678417
0.09279659
0.09501832
0.08511808
0.05976796
0.02096179
-0.02897796
-0.08555618
-0.1397943
-0.1865004
-0.220143
-0.2347586
-0.2336188
-0.2205505
-0.1907158
-0.1391284
-0.08042147
-0.03592842
0.001330014
0.04335103
0.07467285
0.08475154
0.07856235
0.05231724
0.01260397
-0.02856383
-0.06966505
-0.1075169
-0.1393134
-0.1586599
-0.1630059
-0.1598257
-0.160674
-0.1741362
-0.1880676
-0.1800952
-0.1431533
-0.09598809
-0.06467459
-0.04237786
-0.001711039
0.04362267
0.05478801
0.04434985
0.03098585
0.01338298
0.009660037
0.0165589
0.02480146
0.03329109
0.04281551
0.05945468
0.06920878
0.06097631
0.04207845
0.02334966
0.002413622
-0.02413251
-0.05410867
-0.0821252
-0.09358873
-0.08670781
-0.07098364
-0.0486329
-0.02123294
0.002098076
0.01935277
0.02857986
0.02626969
0.02013882
0.006349265
-0.01609673
-0.03508036
-0.05099778
-0.07032214
-0.08280423
-0.07337293
-0.04748927
-0.0106864
0.01559464
0.0175223
0.01908827
0.02723511
0.03428509
0.03355441
0.02981379
0.02404571
0.01051467
-0.00152659
-0.01234032
-0.02117086
-0.01912891
-0.003724031
0.02203366
0.05446999
0.09073984
0.1325922
0.1774894
0.2160943
0.246807
0.2636821
0.2654663
0.251689
0.2152733
0.1629508
0.1099546
0.08319679
0.08114234
0.06950507
0.06648732
0.08425665
0.07884532
0.05433528
0.04424963
0.03894591
0.03209585
0.02852468
0.01603374
-0.005437726
-0.03243714
-0.06090892
-0.08098803
-0.08961752
-0.07491404
-0.03625332
0.01502376
0.06469916
0.09349886
0.09845894
0.09486541
0.08181035
0.04529714
0.0006907257
-0.04234688
-0.08542797
-0.123826
-0.157886
-0.1777013
-0.1786718
-0.1567091
-0.1131179
-0.06827349
-0.04015789
-0.02718174
-0.01965424
-0.03323285
-0.06770135
-0.09092881
-0.09310209
-0.09540107
-0.1047888
-0.1081346
-0.107718
-0.09958416
-0.08368203
-0.06740344
-0.0558961
-0.05798069
-0.06459879
-0.07564837
-0.09188547
-0.1080554
-0.123689
-0.1317869
-0.1300956
-0.1216029
-0.1188205
-0.1233999
-0.1179971
-0.09665068
-0.06618306
-0.04017712
-0.02902367
-0.02388026
-0.01615
-0.01269398
-0.0214718
-0.0381605
-0.05263971
-0.0593934
-0.06069382
-0.06279877
-0.06336403
-0.06167531
-0.06090783
-0.06061835
-0.0573557
-0.04502636
-0.02924663
-0.02113371
-0.02033255
-0.02018356
-0.01579517
-0.00641174
0.006723788
0.02599022
0.05773232
0.1024718
0.1459717
0.1764503
0.1946616
0.1943148
0.168495
0.1273384
0.09529161
0.09095502
0.1035758
0.1161474
0.1306365
0.139344
0.1274942
0.1048044
0.08867667
0.08595403
0.08919896
0.08401152
0.06523281
0.03516135
0.0007136695
-0.02499293
-0.03125918
-0.03133804
-0.03914497
-0.04578347
-0.04361979
-0.02894327
-0.005788357
0.01450376
0.02482549
0.0263083
0.0331211
0.05029719
0.06423711
0.06267124
0.03893093
-0.006676905
-0.0593408
-0.0954601
-0.1079763
-0.1142688
-0.1219893
-0.1195433
-0.09690601
-0.05976477
-0.03326633
-0.02697744
-0.03483215
-0.05334794
-0.06406026
-0.05541422
-0.03735216
-0.02292398
-0.009166117
0.0111938
0.03275377
0.04840165
0.0516436
0.04507399
0.03444257
0.03053711
0.03977576
0.05217791
0.06157288
0.06407963
0.0536016
0.02814372
-0.0005958206
-0.01961151
-0.02683931
-0.02428518
-0.01196291
0.01032018
0.03707761
0.06477041
0.08010836
0.0704724
0.04641883
0.01651383
-0.01646856
-0.04054713
-0.04909928
-0.05100006
-0.05237846
-0.05494798
-0.0639844
-0.07747842
-0.09522433
-0.1208372
-0.1434861
-0.1401428
-0.09851215
-0.05029749
-0.02931671
-0.01004576
0.01716859
0.02995331
0.0348044
0.03629674
0.03815501
0.03967382
0.02602549
-0.004091089
-0.03732595
-0.04918612
-0.04123223
-0.03713374
-0.03249795
-0.02399309
-0.04334588
-0.07756958
-0.07577409
-0.05640214
-0.04931929
-0.02872386
0.006646866
0.04064065
0.08432631
0.1245645
0.1593874
0.1834419
0.1798626
0.1475477
0.08303121
0.02270991
-0.007259588
-0.01665917
-0.02526947
-0.03098286
-0.01559336
0.01297632
0.0391385
0.04931183
0.04987719
0.05063664
0.04754423
0.04461056
0.05660781
0.07959774
0.09495523
0.09759063
0.09610351
0.09096888
0.08039714
0.07127193
0.051473
0.01557529
-0.0253474
-0.04974519
-0.0509074
-0.04454844
-0.03546437
-0.02860633
-0.02424649
-0.03335722
-0.04932653
-0.05278106
-0.05464669
-0.05677159
-0.0568018
-0.05433468
-0.04826494
-0.04545522
-0.04647351
-0.04560636
-0.03818046
-0.03146524
-0.03056131
-0.02705292
-0.01763849
-0.006254931
-0.0004253381
-0.009682241
-0.02549715
-0.02553152
-0.0154083
-0.01701678
-0.02505466
-0.02519295
-0.02323858
-0.02806737
-0.03826191
-0.04769501
-0.05462861
-0.06047814
-0.06220509
-0.06200174
-0.06092956
-0.06228211
-0.07310893
-0.08678
-0.09470502
-0.09386122
-0.08383321
-0.06626512
-0.04554323
-0.0233025
-0.001971292
0.01053928
0.01348082
0.007493252
-0.004834699
-0.01493877
-0.01960346
-0.02501853
-0.03154628
-0.03417869
-0.033905
-0.02651242
-0.01696542
-0.01088316
-0.001342049
0.006725801
0.009928957
0.01236076
0.01161087
0.002149035
-0.01125093
-0.01807838
-0.02064561
-0.01774802
-0.002947379
0.01095921
0.009836106
0.004220171
0.008284687
0.01545763
0.01535318
0.01279646
0.01079426
0.006820051
0.003777951
0.006513139
0.01786405
0.03156675
0.04415558
0.05638378
0.06772147
0.07876196
0.08653787
0.09621257
0.1088474
0.1196156
0.1263558
0.1242143
0.1176471
0.1130585
0.1103561
0.1040842
0.09106741
0.07654733
0.06743889
0.06707332
0.06845476
0.0665987
0.06568984
0.06817439
0.0751633
0.08028726
0.07608496
0.06725494
0.06163821
0.0593428
0.05660681
0.05385903
0.0432612
0.0202642
-0.008521034
-0.03690876
-0.06098136
-0.08494653
-0.1042604
-0.1105933
-0.1064844
-0.09670802
-0.08552731
-0.0764205
-0.07022922
-0.06357305
-0.05440932
-0.0456286
-0.03936496
-0.03219152
-0.02278008
-0.01114024
0.005899433
0.02798963
0.05330566
0.08219713
0.1142476
0.142178
0.1573618
0.1589426
0.1452891
0.1166051
0.0826251
0.05349509
0.0303781
0.0113364
0.00306803
0.002305688
-0.005062078
-0.01955995
-0.03867772
-0.05773562
-0.0698319
-0.07329043
-0.06364959
-0.04588649
-0.03244087
-0.02056661
-0.002519641
0.01913551
0.04594762
0.07492199
0.09386235
0.100606
0.09273217
0.06828991
0.03360549
-0.002256397
-0.03082798
-0.04337225
-0.03884927
-0.02618378
-0.006957301
0.01039021
0.009745812
-0.005765584
-0.02758707
-0.05590492
-0.08621395
-0.1079546
-0.1135326
-0.1040499
-0.08813841
-0.07438443
-0.06516534
-0.06172189
-0.06807283
-0.07885337
-0.08442539
-0.07884491
-0.06339958
-0.05363151
-0.04897176
-0.03397691
-0.0115282
0.01040392
0.02645707
0.03928933
0.05471543
0.06811042
0.07753661
0.08084479
0.0736834
0.05968473
0.05015136
0.04754307
0.04320521
0.03351764
0.01989021
0.007882392
-7.086152e-05
-0.01334968
-0.03663887
-0.06289894
-0.08217173
-0.09449201
-0.1061333
-0.1060012
-0.08707468
-0.05722354
-0.03033689
-0.0173405
-0.01142835
-0.006949612
-0.0009143771
0.006740684
0.01358412
0.02094556
0.02449302
0.02206627
0.01947598
0.02367417
0.03209881
0.03940217
0.05022419
0.06335629
0.07452403
0.08625962
0.09999714
0.1198038
0.1384033
0.1463574
0.1513336
0.1516191
0.1457662
0.1373334
0.1188666
0.09513961
0.07740889
0.06826704
0.06478786
0.06215177
0.05811789
0.05458159
0.05712482
0.06526392
0.07495953
0.0802591
0.07343651
0.05746973
0.03954746
0.0196874
-0.002950589
-0.01950148
-0.01983812
-0.007858209
0.008723977
0.02610698
0.0431924
0.05615746
0.05908229
0.05546412
0.05442527
0.05558978
0.05251158
0.04927288
0.04886125
0.04761528
0.03921233
0.01612797
-0.023105
-0.07142147
-0.114901
-0.1424033
-0.1478896
-0.1418026
-0.1329925
-0.1051949
-0.06376086
-0.03980541
-0.03953801
-0.04730911
-0.04986862
-0.04446317
-0.03663066
-0.03496525
-0.03530479
-0.02839412
-0.02424883
-0.02633706
-0.03181894
-0.03683917
-0.03729702
-0.04138774
-0.04888057
-0.05680268
-0.05983848
-0.05102496
-0.03404074
-0.01263269
0.01387166
0.04007558
0.06135907
0.08259813
0.1015181
0.1101004
0.1065214
0.1003844
0.09863065
0.09802073
0.09408081
0.0870011
0.08585414
0.09128417
0.09491878
0.09389332
0.08683123
0.0733454
0.06120815
0.05316372
0.03783796
0.01051672
-0.02164571
-0.05118528
-0.07355879
-0.08699141
-0.0957405
-0.1036282
-0.1025882
-0.08371125
-0.05131601
-0.02146566
-0.004272246
0.004948803
0.01751968
0.03302175
0.03705093
0.03345875
0.03328663
0.03495315
0.04239423
0.05508979
0.06263202
0.06130371
0.05033312
0.02934755
0.00748566
-0.008325141
-0.02453249
-0.04179629
-0.05212889
-0.05589485
-0.05386346
-0.04779103
-0.04390064
-0.03554008
-0.02390791
-0.01800439
-0.01314719
-0.01573801
-0.02566261
-0.02462644
-0.02023214
-0.02751882
-0.04306915
-0.06105368
-0.07379382
-0.07921467
-0.08143856
-0.08096429
-0.07118622
-0.05414882
-0.0377934
-0.02271135
-0.01221922
-0.004125052
-0.002983363
-0.01298588
-0.02788049
-0.04319552
-0.0540155
-0.0658572
-0.07766638
-0.0863666
-0.09120117
-0.08316371
-0.06715124
-0.04335001
-0.01251468
0.007912067
0.01903203
0.03741797
0.06114811
0.07081153
0.06535762
0.0527841
0.03488545
0.01894747
0.004629774
-0.004667117
-0.009729702
-0.01808455
-0.02787563
-0.03301605
-0.02305132
-0.007891957
0.0004152284
0.003080251
-0.0008501488
-0.001931089
0.001621551
0.002141267
-0.002413283
-0.008135369
-0.01009885
-0.009392477
-0.002617472
0.0107335
0.02206185
0.02640955
0.02998703
0.04163126
0.06170059
0.08212186
0.09134472
0.08643106
0.07085965
0.04715777
0.01822701
-0.01140992
-0.03675948
-0.0619607
-0.09650404
-0.1356009
-0.1690067
-0.1911762
-0.1737801
-0.1018692
-0.03520408
-0.017602
-0.02046106
-0.01687537
0.01937962
0.06079316
0.05544238
0.04306848
0.03260777
0.01291231
0.008385126
0.002741265
-0.01675925
-0.03117497
-0.01963163
-0.00359755
-0.0008191194
-0.002615606
-0.00502442
0.0009288339
0.001719426
-0.01012989
-0.02931965
-0.04718584
-0.05319777
-0.05351776
-0.05738006
-0.06662449
-0.07218067
-0.07172385
-0.06654346
-0.05946504
-0.05659015
-0.05636239
-0.05740628
-0.05990516
-0.06433047
-0.06769841
-0.06689165
-0.06362504
-0.05609841
-0.03803484
-0.02049842
-0.01961371
-0.02263991
-0.02342169
-0.02627355
-0.02848472
-0.03219419
-0.03406391
-0.04064291
-0.04457048
-0.02909523
-0.01149751
-0.000627482
0.004741327
0.01132664
0.03266167
0.05031836
0.06071803
0.07380136
0.07571225
0.07058043
0.07036961
0.07356988
0.07194707
0.06740161
0.06691358
0.06529778
0.06516276
0.06422008
0.05597401
0.0421391
0.02097837
0.002444229
-0.005702293
-0.006541231
0.003503262
0.01715068
0.02745224
0.03406349
0.03382029
0.03149676
0.03277889
0.03901789
0.04528767
0.0497127
0.05491973
0.05704948
0.05312619
0.04555542
0.03554835
0.02008599
0.001342495
-0.01341205
-0.02140335
-0.01857549
-0.005011183
0.01039833
0.02217654
0.02625188
0.02510626
0.02599391
0.02489818
0.0169725
0.009840982
0.008010226
0.006925642
0.005245549
0.001979506
-0.001709559
-0.004864082
-0.008716166
-0.01475616
-0.02568293
-0.03696982
-0.04423798
-0.04523607
-0.04091316
-0.03586204
-0.02907957
-0.02221748
-0.01571745
-0.008245398
-0.002841887
-0.001741613
-0.004244273
-0.005978758
-0.006750306
-0.00423254
0.007824788
0.02443168
0.03742437
0.04548698
0.04776668
0.04106566
0.02399016
0.00428353
-0.00777781
-0.01081169
-0.007139152
-0.001920565
0.004493546
0.01588401
0.02779475
0.03915189
0.04763046
0.04537647
0.03347405
0.01700716
0.0002871838
-0.01071097
-0.0124879
-0.009831204
-0.00477983
-0.0002463122
-0.009782837
-0.02741107
-0.03776587
-0.04623212
-0.05501968
-0.05474516
-0.04523806
-0.03509039
-0.02838332
-0.02146412
-0.01359249
-0.009387715
-0.00635432
-0.004325259
-0.003390467
-2.437319e-05
0.001091164
0.002740767
0.0095681
0.01792425
0.02574905
0.02887002
0.02531488
0.0177216
0.005213438
-0.01027869
-0.02071728
-0.02244635
-0.01754736
-0.003952735
0.01605508
0.03222737
0.0429166
0.04918258
0.05234128
0.05336757
0.05130944
0.04438109
0.03119783
0.02043
0.01690329
0.01970794
0.02660489
0.02920772
0.02309322
0.01353794
0.006041092
-0.001696811
-0.01006226
-0.01828546
-0.02552593
-0.03443778
-0.04688906
-0.05169274
-0.0454691
-0.03321072
-0.0154122
0.001426146
0.009582606
0.0133793
0.01354316
0.008740166
0.005397668
0.001019132
-0.007807468
-0.01777871
-0.02432175
-0.023063
-0.01666477
-0.01277813
-0.0131609
-0.01707505
-0.02554618
-0.03420732
-0.04005074
-0.04674469
-0.0552496
-0.0608435
-0.06374819
-0.06730771
-0.06995447
-0.06813044
-0.06032819
-0.04757551
-0.0343973
-0.02641626
-0.02149259
-0.01956974
-0.02032995
-0.01930456
-0.01968848
-0.02300293
-0.02802759
-0.03338567
-0.03477511
-0.032317
-0.03167412
-0.03133916
-0.02842845
-0.02778634
-0.02919615
-0.02950763
-0.02571083
-0.01851509
-0.01242284
-0.01020363
-0.01036135
-0.00674789
-1.784021e-05
0.008679944
0.01670859
0.01948698
0.01938967
0.01471296
0.005414626
-0.002497143
-0.007247385
-0.01096851
-0.01423315
-0.01463439
-0.01110265
-0.006726788
-0.006391272
-0.008397771
-0.01250659
-0.01786467
-0.02022179
-0.02362301
-0.02304854
-0.01530228
-0.005506789
0.005365272
0.01375911
0.02102019
0.02613458
0.02988371
0.03368269
0.03460835
0.03199949
0.02531993
0.01939187
0.01242986
0.004819092
0.0007650197
-0.001131008
0.001580852
0.01066104
0.02500695
0.037448
0.04323561
0.04588951
0.04370084
0.0335298
0.02196072
0.01395237
0.009356384
0.009895782
0.01172786
0.0126981
0.01592913
0.01987187
0.01978793
0.01819052
0.02309685
0.03152834
0.03979582
0.04660301
0.04692487
0.04551107
0.04422999
0.04138757
0.04104337
0.04405917
0.05226137
0.06286803
0.0697253
0.07144935
0.06999622
0.06497694
0.05243779
0.03689398
0.02399196
0.01390353
0.007161269
0.002927211
-0.0009839549
-0.005517737
-0.01059262
-0.01426202
-0.01352334
-0.009901092
-0.006076643
-0.002302134
0.003008953
0.01147152
0.0226726
0.03524327
0.04376271
0.04297221
0.03639462
0.03194329
0.02724105
0.0161657
0.0007431056
-0.01686776
-0.03329813
-0.04543321
-0.05307978
-0.05523499
-0.0532037
-0.04816891
-0.04105248
-0.03522125
-0.02821318
-0.01719262
-0.007584074
-0.001573299
0.003245218
0.005776577
0.004581197
0.0007097846
-0.004404435
-0.008269669
-0.01231074
-0.01999064
-0.02596984
-0.02641597
-0.02520596
-0.02434174
-0.02310019
-0.0196255
-0.01712352
-0.01678037
-0.01360851
-0.008030157
-0.0009329788
0.0055723
0.01020625
0.01447334
0.01674696
0.0177867
0.01784045
0.01437412
0.006258759
-0.004387503
-0.01559152
-0.02727684
-0.03690351
-0.04304573
-0.04575987
-0.04397795
-0.0388655
-0.0360893
-0.03801908
-0.03810528
-0.03586033
-0.03357574
-0.02635468
-0.01491709
-0.003524026
0.007408947
0.01932177
0.03163952
0.0401845
0.04046775
0.03183974
0.01875541
0.009229695
0.008883814
0.01174337
0.01195919
0.010988
0.008064342
0.001804723
-0.006303867
-0.01391612
-0.02101377
-0.02975734
-0.03760565
-0.03643764
-0.02535598
-0.00943052
0.003259872
0.004588174
0.0009954413
-0.0002356543
-0.003915951
-0.01062784
-0.01679551
-0.02240247
-0.02447811
-0.0225125
-0.02216118
-0.02391862
-0.02324515
-0.02058718
-0.01669143
-0.01008078
-0.001743007
0.009028991
0.02073537
0.02793944
0.02983473
0.03086942
0.03239558
0.03249945
0.02765041
0.01630254
0.00536991
-0.002171165
-0.009983167
-0.01880491
-0.0278543
-0.03572203
-0.04194383
-0.04824104
-0.05270496
-0.05082829
-0.04465458
-0.0354399
-0.02116043
-0.007985128
3.494957e-05
0.006642862
0.01244276
0.01684969
0.01748153
0.01214198
0.005797317
0.003653625
0.006311141
0.01145682
0.01722791
0.02054171
0.02086143
0.02527134
0.03136884
0.03043067
0.02578849
0.02285921
0.0243169
0.03031951
0.035022
0.03865276
0.04213979
0.0398278
0.03479509
0.03298355
0.03263948
0.03309488
0.03429877
0.03426671
0.03382581
0.03308416
0.02943422
0.02285243
0.01844476
0.02064378
0.02651997
0.03141416
0.03249268
0.02922515
0.02572813
0.02612525
0.02861499
0.03112307
0.03593168
0.04020899
0.03824377
0.02867754
0.01585426
0.006066278
-0.0006446681
-0.003003458
5.841044e-06
0.001556948
-0.001521609
-0.005304452
-0.007404713
-0.01045455
-0.01697902
-0.02435826
-0.02835497
-0.02925082
-0.030686
-0.03191134
-0.03011204
-0.02580213
-0.01968329
-0.01467692
-0.01355868
-0.0149347
-0.01734366
-0.01943561
-0.0210543
-0.02509176
-0.03205686
-0.03580187
-0.03350195
-0.02925329
-0.02743868
-0.02640429
-0.0203253
-0.01095339
-0.001239462
0.007393536
0.013025
0.01647131
0.01552671
0.00962864
0.001177548
-0.006738068
-0.01181152
-0.01560334
-0.0169815
-0.01480898
-0.009962394
-0.001918915
0.006180284
0.008438203
0.004528242
-0.002090758
-0.007506241
-0.007310371
-0.002622416
0.002784508
0.007604004
0.00889745
0.003636093
-0.004690239
-0.01070499
-0.01398901
-0.01427812
-0.01158357
-0.009021907
-0.006586424
-0.002928676
-0.001130725
-0.001152115
0.001184703
0.007629403
0.0168282
0.02255561
0.0227398
0.02003622
0.013889
0.006218238
-0.0008463552
-0.007679228
-0.01565805
-0.02407731
-0.03020225
-0.0327144
-0.0298384
-0.02145591
-0.01157835
-0.006625111
-0.00643769
-0.006069852
-0.003904005
-0.0002953781
0.0005744041
-0.001688837
-0.001900902
0.0004088299
2.729857e-05
-0.004723785
-0.00748944
-0.004903873
0.0009752503
0.005632762
0.006933209
0.006290551
0.005124692
0.006286914
0.007261023
0.006416789
0.004827242
0.0001858026
-0.006438442
-0.01252357
-0.01593612
-0.01700533
-0.01711387
-0.01568273
-0.01322774
-0.01091761
-0.00794825
-0.002734909
0.005198947
0.01662499
0.0269411
0.02953293
0.02274644
0.01190648
0.004541886
0.0003015999
-0.004781723
-0.01231677
-0.02074014
-0.02543753
-0.02285824
-0.01809467
-0.01720593
-0.01555663
-0.008808572
-0.00149468
0.003749304
0.007824932
0.01038261
0.01108778
0.009368227
0.007782451
0.007800157
0.01015177
0.01657242
0.02372829
0.02992067
0.03293152
0.03030743
0.02520846
0.01794667
0.01102433
0.006610748
0.004142459
0.005631482
0.0112127
0.0216633
0.03135222
0.0352882
0.0355448
0.03277055
0.02857609
0.02347396
0.01788858
0.01110896
0.004389891
0.002352827
0.002985694
0.003129547
0.004099332
0.005579863
0.006661143
0.006423878
0.005021094
0.007774424
0.01286568
0.0124869
0.007786267
0.001992954
-0.003803115
-0.009069373
-0.0153842
-0.021495
-0.02285077
-0.01944241
-0.01729228
-0.02047637
-0.02515742
-0.02645306
-0.02447236
-0.01871467
-0.01329128
-0.0129052
-0.01487171
-0.01549937
-0.01190236
-0.007718322
-0.00649658
-0.006226338
-0.006018011
-0.004566124
-0.0006025135
0.002103218
-0.001018737
-0.005095189
-0.004483396
-0.002130409
-0.001483271
-0.00111861
-5.22091e-05
0.001281083
0.003610736
0.00394291
0.0005260314
-0.002404909
-0.003651435
-0.003803491
-0.003398346
-0.004011105
-0.003778607
-0.002618671
-0.002582943
-0.003975299
-0.005416175
-0.005073019
-0.002454608
0.0005202104
0.001668626
0.002400581
0.002465865
0.001813551
0.001284754
-0.0002753124
-0.003318205
-0.008441491
-0.0141331
-0.01885392
-0.0235339
-0.02753695
-0.02923431
-0.02903387
-0.02677169
-0.02213047
-0.01885773
-0.01782117
-0.01678261
-0.01777941
-0.02023645
-0.02045313
-0.01897206
-0.01538116
-0.009320128
-0.007157154
-0.00999085
-0.01274321
-0.01521558
-0.01643358
-0.01535225
-0.01419129
-0.01378297
-0.01177871
-0.007808527
-0.005698002
-0.004761257
-0.002072753
-0.0005194056
-0.001345629
-0.0006661696
0.002525028
0.007601186
0.01283497
0.01432733
0.01151648
0.005697245
-0.0008627728
-0.002932755
0.000153992
0.004070825
0.007539302
0.01087828
0.01557865
0.02151079
0.02536692
0.02699184
0.0265172
0.0232567
0.01786605
0.01175331
0.008488234
0.008305246
0.008998993
0.01082404
0.01234491
0.01196912
0.0099001
0.007387993
0.007357832
0.00804021
0.004336378
-0.001202463
-0.003768457
-0.002491059
0.003287509
0.01014343
0.01220263
0.01091623
0.01021728
0.009038882
0.006070744
0.002456925
0.0009554117
0.001698211
0.002402047
0.004447625
0.007821723
0.009321689
0.01031455
0.01229326
0.01402631
0.0137505
0.008559838
0.001379912
-0.002701926
-0.003952737
-0.005642387
-0.009629285
-0.01405814
-0.01850976
-0.02378228
-0.02663404
-0.0254926
-0.02417372
-0.02284052
-0.01871644
-0.01283227
-0.008397311
-0.006264479
-0.003088201
0.00312396
0.01002744
0.01597635
0.02081535
0.02322756
0.02472092
0.02550658
0.02107751
0.01024251
-0.002443306
-0.01038147
-0.0123094
-0.009539349
-0.004251188
-0.002923634
-0.00527855
-0.005333903
-0.0029234
-0.001138445
-0.001378157
-0.002639014
-0.002944535
-0.001686076
0.001335321
0.005999748
0.009785565
0.009810303
0.008029081
0.009762548
0.01270071
0.01073717
0.005133796
-0.001677906
-0.008626332
-0.01290428
-0.01417039
-0.01319827
-0.01001669
-0.007651427
-0.00727703
-0.004037311
0.004155934
0.01258762
0.01837189
0.02059445
0.0183546
0.01467173
0.01110216
0.007252621
0.004664687
0.003577241
0.003168744
0.003879575
0.005270474
0.006290581
0.00625534
0.00323281
-0.001900637
-0.004809841
-0.00310646
0.0006459268
0.002932593
0.003960365
0.003868799
0.002841841
0.001291252
-0.0004204505
-0.0001737494
0.003032099
0.008013297
0.01048011
0.00915307
0.007775431
0.007625715
0.008789698
0.009700717
0.009531489
0.01087454
0.01359649
0.01495926
0.01371559
0.01278194
0.0140957
0.01378922
0.0093965
0.002617233
-0.002781642
-0.004046953
-0.002088665
0.0006721345
0.00180325
0.001186128
0.0002701917
-0.000741971
-0.002069207
-0.002737747
-0.00254631
-0.003071057
-0.004187187
-0.005749205
-0.007377577
-0.00742534
-0.005998816
-0.003397672
-0.0003367588
0.001525804
0.0006523371
-0.004003576
-0.009909574
-0.01504573
-0.02031221
-0.0224329
-0.01954987
-0.01600397
-0.0141212
-0.01269223
-0.01159671
-0.012199
-0.01352935
-0.01375131
-0.01379175
-0.01459395
-0.01314155
-0.007669133
-0.003718044
-0.005298214
-0.008821152
-0.01079235
-0.01125296
-0.009797539
-0.006877646
-0.003624771
0.0006965561
0.005361876
0.009170922
0.01041029
0.007104709
0.001786321
-0.001674161
-0.001528586
0.002157545
0.007861659
0.01370842
0.01857791
0.0210032
0.01786083
0.009871395
0.002410177
-0.001816967
-0.004319342
-0.005385857
-0.003493384
0.0001650439
0.003393194
0.005979029
0.008313796
0.009802252
0.009945558
0.009558987
0.01143301
0.01633105
0.02047756
0.02291911
0.02446539
0.02357049
0.01883126
0.01053005
0.002230235
-0.003572414
-0.008195083
-0.01067276
-0.008401899
-0.003730507
-0.0004689437
0.001384024
0.00262657
0.00478399
0.00806752
0.00839662
0.004272868
-0.002045301
-0.008615009
-0.01267883
-0.01215238
-0.008754731
-0.006088869
-0.00586034
-0.006259765
-0.004180091
-0.000596423
0.001542491
0.002468144
0.001386855
-0.003286825
-0.009659767
-0.01576854
-0.02149812
-0.02721333
-0.03182831
-0.03400005
-0.0338979
-0.03186435
-0.02937802
-0.02772888
-0.026966
-0.02607758
-0.02381744
-0.02145351
-0.01964728
-0.01763516
-0.0145818
-0.009542851
-0.005820948
-0.00658791
-0.00840452
-0.007098665
-0.003656518
0.0001757063
0.004317818
0.006742054
0.008046635
0.00983324
0.01095839
0.01083018
0.00844805
0.004994123
0.003690668
0.005515377
0.008259432
0.009731168
0.00984576
0.008714873
0.006853466
0.006112783
0.00744623
0.009158597
0.0105381
0.01127666
0.01043667
0.007770821
0.003550682
-6.242091e-05
-0.001598408
-0.001879307
-0.001295387
-0.0001915606
-0.0002461048
-0.0008853237
-0.0008808013
0.000385492
0.003496804
0.006112132
0.006649433
0.00455695
0.002290457
0.002619446
0.00350226
0.003389137
0.001627216
-0.0006316338
-0.001389581
0.0004323313
0.0040845
0.006795087
0.006839748
0.003332028
-0.001326006
-0.004847669
-0.006515277
-0.004568543
-0.0009597089
0.0006939992
-0.000880578
-0.004658477
-0.008613216
-0.01139348
-0.01150241
-0.009832528
-0.008449953
-0.006324074
-0.003851328
-0.001683921
-6.785928e-05
-0.0005098446
-0.001223925
-0.001939358
-0.003092723
-0.002766636
-0.002610086
-0.003104981
-0.00152901
0.003106051
0.01001417
0.01551761
0.01846484
0.01932473
0.01626995
0.01180894
0.008800562
0.007769113
0.007401026
0.006994357
0.007930839
0.008789247
0.008997697
0.007609382
0.004136839
0.0008014751
0.001494975
0.008477325
0.01657766
0.02065885
0.02033081
0.01544059
0.006002314
-0.003059666
-0.008999111
-0.01505125
-0.02036382
-0.02341571
-0.02383881
-0.01971501
-0.01281747
-0.006787751
-0.002496153
0.0002968526
0.001440276
0.0004321458
-0.001809168
-0.001648965
0.002191356
0.007055658
0.0109163
0.01400727
0.01620899
0.01686793
0.01634912
0.01402336
0.01037498
0.008134242
0.008049582
0.007266968
0.003098134
-0.001821499
-0.004577976
-0.006574326
-0.006801092
-0.004230673
-0.001091327
0.00170501
0.003470119
0.003599399
0.002479307
0.00153081
0.002100357
0.004871373
0.007056323
0.006499028
0.006103109
0.006784227
0.00810667
0.00691042
0.004634239
0.006592814
0.01075651
0.01494876
0.01639793
0.01454332
0.01065533
0.004250518
-0.0029707
-0.008622858
-0.009740745
-0.007821216
-0.006456908
-0.006353868
-0.006431359
-0.005227548
-0.004094811
-0.003920279
-0.004976585
-0.006749448
-0.006685089
-0.004450597
-0.001246529
0.002586601
0.00522518
0.005406867
0.003797009
0.0004553984
-0.002057137
-0.002856997
-0.002132205
0.001192517
0.003652341
0.002629054
-0.0009989766
-0.005032853
-0.006720054
-0.005252779
-0.004112919
-0.005841003
-0.008411595
-0.0112518
-0.01394583
-0.01416705
-0.01056835
-0.006095403
-0.003565048
-0.0017876
0.0005959708
0.004304198
0.007065769
0.007353659
0.006892956
0.007315724
0.009477756
0.01103048
0.01078895
0.009413789
0.00705663
0.005754439
0.006200539
0.008091395
0.01029776
0.01151166
0.01148117
0.008423613
0.003661028
0.0008750021
0.0003132527
-0.0001107177
-0.002587066
-0.005211536
-0.003891566
-0.000411131
0.001889052
0.003364875
0.004988848
0.0069622
0.007922376
0.007922085
0.007953082
0.006714885
0.003534289
-0.0009180876
-0.005165976
-0.007759047
-0.007749035
-0.006083165
-0.004955706
-0.004090707
-0.003984909
-0.005061243
-0.005539639
-0.004144827
-0.000635336
0.002371935
0.002494107
0.0006224891
-0.00154646
-0.002458934
-0.002813428
-0.003808709
-0.003423216
-0.002145131
-0.002929423
-0.004730477
-0.005728241
-0.005725821
-0.00664777
-0.01042389
-0.01417643
-0.01622295
-0.01740376
-0.01638301
-0.01325147
-0.009588499
-0.007439843
-0.008420944
-0.01094255
-0.01312981
-0.01427798
-0.01438302
-0.01323073
-0.01030824
-0.007066989
-0.006072919
-0.007522893
-0.008579299
-0.00845484
-0.00861063
-0.00962514
-0.01159992
-0.01306212
-0.01196392
-0.008853148
-0.005784429
-0.002803435
0.001194953
0.005876151
0.009356583
0.01016388
0.008967402
0.006481113
0.003151363
0.0007583889
0.001342581
0.004416981
0.006160512
0.006050013
0.00667572
0.006266874
0.002950977
-0.00102693
-0.003064477
-0.001801285
0.002022083
0.006080492
0.009717609
0.01268324
0.01385391
0.01443522
0.01557528
0.0160486
0.01480357
0.01157099
0.008218474
0.00621093
0.005280322
0.006286146
0.009139909
0.01222153
0.01398464
0.0146709
0.01548159
0.01505334
0.01332699
0.01197075
0.009585153
0.006808562
0.005474763
0.005595338
0.007028649
0.006977158
0.005161656
0.004484012
0.005676239
0.008459038
0.01160762
0.01338802
0.01373375
0.01285273
0.01080618
0.008466615
0.006007467
0.004171948
0.003450986
0.002793814
0.002404972
0.003442179
0.005435911
0.006457032
0.006590915
0.00722374
0.007123619
0.005149402
0.003155233
0.003419691
0.006040856
0.007549006
0.0053843
0.001493128
-0.001989108
-0.005235133
-0.008713619
-0.01037802
-0.009156453
-0.007803252
-0.006901766
-0.005169755
-0.003254247
-0.002601051
-0.003399598
-0.004218807
-0.005344304
-0.006674803
-0.00646287
-0.004771363
-0.002382205
0.0002594916
0.002074518
0.001723697
-0.0001308362
-0.001885356
-0.003474997
-0.005702227
-0.009526182
-0.01542459
-0.02143487
-0.02399963
-0.02277915
-0.01907258
-0.0132542
-0.007819071
-0.004422116
-0.002699613
-0.003135159
-0.005131711
-0.00730509
-0.008313472
-0.008039556
-0.008024452
-0.007727693
-0.006396424
-0.005077492
-0.004627756
-0.00587239
-0.007299672
-0.006796547
-0.005525773
-0.003779479
-0.002074644
-0.002639294
-0.005248189
-0.008712417
-0.01181071
-0.01434072
-0.01653122
-0.01689234
-0.01617555
-0.01549961
-0.01476349
-0.01387239
-0.01157199
-0.00876169
-0.005675919
-0.001316557
0.003096741
0.006436015
0.008385791
0.00849922
0.006503592
0.00391322
0.002620329
0.003010465
0.003137642
0.002302718
0.00156119
0.0004470403
-0.0006475839
-0.001675962
-0.002586185
-0.003481189
-0.005519283
-0.007715555
-0.009097612
-0.009370321
-0.008417415
-0.008018237
-0.008423395
-0.00711313
-0.003269806
0.0007607957
0.003277583
0.004700383
0.005071478
0.003942035
0.002757334
0.003587251
0.004960908
0.005129059
0.004022078
0.001859548
0.0003508266
0.0001100391
0.001361713
0.00369111
0.004712659
0.003722901
0.002218393
0.002191108
0.003144007
0.003710399
0.005184088
0.008068202
0.01124968
0.01372238
0.01480422
0.014281
0.01166327
0.007749275
0.005299874
0.005829044
0.007800718
0.009172926
0.009186184
0.007832793
0.006702392
0.006705511
0.006514801
0.006555637
0.007892501
0.009601593
0.0109954
0.01150615
0.01036598
0.008107692
0.006534121
0.006856083
0.008323502
0.009257327
0.008790278
0.008340329
0.009132596
0.0100916
0.01023357
0.009666383
0.009139584
0.007980667
0.005220636
0.00195068
-0.00130159
-0.00398595
-0.005217898
-0.005492575
-0.005393645
-0.005045481
-0.003926846
-0.002389354
-0.001708546
-0.002155209
-0.003153592
-0.004231571
-0.00646899
-0.009538295
-0.01191649
-0.01407337
-0.01598554
-0.01712069
-0.01684461
-0.01505829
-0.01243372
-0.008681802
-0.004452498
-0.001050893
0.0003074561
-0.0001563249
-0.001512124
-0.004733989
-0.007727048
-0.008093249
-0.006685856
-0.00401289
-0.0008448068
0.001629465
0.001818988
9.722397e-05
-0.00142683
-0.001892124
-0.001458228
-0.0009461134
-0.001012588
-0.001699452
-0.001941226
-0.001917042
-0.003071334
-0.004909378
-0.006153755
-0.006133507
-0.00505497
-0.002572223
0.001591288
0.004898549
0.005858551
0.006056588
0.006541901
0.007309853
0.008736766
0.01053241
0.01050988
0.007556526
0.003662761
0.001866629
0.001712013
0.0008135911
-0.000613757
-0.002491372
-0.004274688
-0.004841476
-0.004244159
-0.002469997
0.0003211749
0.003501628
0.005544641
0.005208571
0.003019356
0.0001515087
-0.002047766
-0.002705617
-0.001891008
0.0004526481
0.002441834
0.002306831
0.001397834
0.001101732
0.001969206
0.00332418
0.004415567
0.005401222
0.00508614
0.002434193
-0.001897499
-0.006280591
-0.00847467
-0.008005576
-0.005798261
-0.002634549
0.0004544431
0.002451766
0.002481033
0.001718871
0.001875459
0.002330746
0.002337149
0.001388295
-0.001082203
-0.004073872
-0.006147461
-0.006907719
-0.006513444
-0.005659797
-0.005058727
-0.004870222
-0.005429479
-0.006153036
-0.005231812
-0.002479256
0.0008726595
0.003529905
0.002975609
-0.001208772
-0.00617088
-0.01031303
-0.01288412
-0.01391028
-0.01402268
-0.01254546
-0.00924431
-0.004865049
-0.0005595964
0.002389231
0.003803271
0.004522019
0.004761016
0.004856505
0.005642581
0.006694471
0.00761525
0.00760983
0.005030763
0.0009635566
-0.001501699
-0.001229439
0.0004104001
0.001401694
0.001249907
0.0004529673
-0.001194071
-0.002994579
-0.002917706
0.0003607223
0.005115516
0.007860861
0.007762944
0.006456122
0.005688236
0.005026976
0.00385879
0.003797525
0.004789335
0.005217468
0.004318022
0.002346033
0.00039015
-0.0007323096
-0.001209069
-0.001627336
-0.001731037
-0.001168552
6.531076e-05
0.001924781
0.003562809
0.003436726
0.002001186
0.001157077
0.0008703573
0.0006241805
0.000109256
-0.001138077
-0.002934838
-0.004011075
-0.002796316
3.379793e-05
0.002597625
0.003176278
0.0015922
-0.0002564646
-0.001812619
-0.002990813
-0.003089728
-0.002266217
-0.001157168
-0.0007386538
-0.001003378
-0.001408702
-0.001837897
-0.002422405
-0.003876509
-0.004819358
-0.003474065
-0.001032275
0.0007610065
0.001286274
0.0008995491
0.0005075471
0.0008264968
0.001559038
0.002280599
0.002893129
0.002739361
0.002056753
0.001454098
0.0006580014
9.063963e-05
0.0004057349
0.001649579
0.004012212
0.006945734
0.008982002
0.009520678
0.009126756
0.008527932
0.008007764
0.007485155
0.006446564
0.004574039
0.002956032
0.002484898
0.002901012
0.00431543
0.00673334
0.009623017
0.0122078
0.01360043
0.013645
0.01262705
0.01142043
0.01011483
0.007949267
0.005525977
0.003089249
0.0007554801
-0.0005118928
-0.0002344593
0.0009807637
0.001987744
0.002135586
0.001860331
0.002022947
0.002476685
0.003604763
0.004806203
0.004567681
0.003895413
0.003565822
0.003544964
0.003580324
0.003164022
0.002811082
0.002161279
5.24017e-06
-0.003666567
-0.007177272
-0.008861638
-0.008446973
-0.006184496
-0.003237152
-0.0008816771
0.0001815558
-0.0002228568
-0.001117584
-0.001442936
-0.0007352023
0.0001259606
0.0002166405
-0.0002278171
-0.001131604
-0.002127412
-0.002886821
-0.003334543
-0.002952287
-0.00276012
-0.00400083
-0.005751881
-0.007829807
-0.01010402
-0.01151803
-0.0109943
-0.00820627
-0.005568714
-0.004407407
-0.004366263
-0.00537399
-0.007178323
-0.009430232
-0.01032828
-0.009058317
-0.006602785
-0.004177759
-0.002223006
-0.0006399716
-0.0001914262
-0.000871746
-0.002108651
-0.00325458
-0.00333307
-0.00266104
-0.002571363
-0.002917721
-0.003024745
-0.003154817
-0.003946169
-0.005821991
-0.007730776
-0.008798508
-0.008533632
-0.007153025
-0.006247112
-0.006263204
-0.006606598
-0.006005166
-0.004661834
-0.003731641
-0.002694138
-0.001286523
0.001270566
0.004341248
0.005718455
0.005874786
0.00581915
0.006113248
0.00715026
0.007973703
0.008146771
0.008780642
0.009914302
0.01056675
0.01114047
0.01157959
0.01187394
0.01285351
0.01326406
0.01187079
0.009375789
0.007060148
0.005458694
0.00346274
0.001142695
-0.0002300614
-0.0001151644
0.001708528
0.004384591
0.006759137
0.008141097
0.008206003
0.007396596
0.005798028
0.003385066
0.001866007
0.002232478
0.003430556
0.004641883
0.005038883
0.005264885
0.006643054
0.008055467
0.008205615
0.007196526
0.005186205
0.002578387
0.0002822649
-0.001808616
-0.004129066
-0.005702401
-0.005844866
-0.005540802
-0.005460659
-0.004673454
-0.002508614
0.0005001078
0.003332568
0.004992774
0.005535593
0.005727725
0.005776396
0.005167532
0.003801452
0.002670795
0.001647337
-6.035138e-05
-0.002169726
-0.004786121
-0.007260949
-0.008872943
-0.009405657
-0.008353054
-0.007088291
-0.00678663
-0.007259667
-0.008152135
-0.009136061
-0.009939815
-0.009639124
-0.008588335
-0.008574043
-0.00985
-0.01138377
-0.01237029
-0.01195979
-0.009988999
-0.007310939
-0.005295257
-0.004762047
-0.005103515
-0.005769199
-0.005819579
-0.004874625
-0.004379952
-0.004561479
-0.004797253
-0.005162221
-0.005668195
-0.006203764
-0.00620317
-0.005213458
-0.004193223
-0.003682355
-0.003180041
-0.003011799
-0.00320848
-0.0036535
-0.004056106
-0.004017489
-0.004329007
-0.005331014
-0.006183019
-0.005863301
-0.004715816
-0.003487822
-0.001960591
5.12622e-05
0.002380014
0.004618162
0.006795048
0.008899328
0.01040041
0.01097818
0.01031088
0.008425003
0.006716739
0.006579547
0.007774143
0.008992184
0.008980851
0.008133669
0.007492771
0.006750936
0.005544505
0.004056555
0.002389315
0.0008778827
0.0001741367
0.0005958752
0.001482188
0.001864871
0.001659077
0.001079251
0.0003135469
-0.0003220808
-0.001142602
-0.001920695
-0.001666726
6.329255e-06
0.002892033
0.005917912
0.008130439
0.009714874
0.01068867
0.01044354
0.008621
0.006119934
0.004295413
0.003875659
0.00487485
0.006049555
0.006436923
0.00581715
0.004381477
0.003126912
0.002685239
0.002730504
0.002641057
0.002139357
0.0009943176
-0.00036415
-0.001450563
-0.002431667
-0.002317717
-0.0009868341
-7.85714e-05
0.0003393751
0.0004485473
-2.740664e-05
-0.0008450518
-0.00171846
-0.001724112
-0.001407708
-0.001952787
-0.002951406
-0.004126457
-0.005341067
-0.005998125
-0.005549176
-0.004479935
-0.003785117
-0.003459667
-0.003431438
-0.004328704
-0.005913975
-0.006965558
-0.007075627
-0.006918831
-0.006758271
-0.006340755
-0.0059481
-0.006014288
-0.006224916
-0.005816459
-0.00496546
-0.003803722
-0.002023449
-0.0001302695
0.0009552492
0.0007427837
0.0001410015
-0.0001000746
0.0001677618
0.0005275733
0.0002441123
-0.0006721499
-0.002565741
-0.004128597
-0.00444741
-0.004339164
-0.003859844
-0.003541516
-0.003387993
-0.003089255
-0.002803785
-0.002727029
-0.002695065
-0.002227563
-0.001217908
0.0004279854
0.002486027
0.004438795
0.00563817
0.006065724
0.006145759
0.006035824
0.005618949
0.004685982
0.00369102
0.002664749
0.00158596
0.0008211723
0.0004052084
0.0004405014
0.0006554429
0.0007774723
0.0005368806
9.900247e-05
-0.0002407222
-0.000602834
-0.0006962015
-0.00067426
-0.0002148858
0.001015429
0.002475516
0.003970312
0.004909133
0.005384703
0.006193402
0.007053519
0.007606788
0.007844051
0.007987606
0.00819012
0.008110166
0.007148626
0.005295084
0.00392138
0.003653574
0.004212529
0.004992196
0.004468051
0.002674049
0.0004088015
-0.002103803
-0.004196538
-0.005154318
-0.004746903
-0.003674317
-0.002368218
-0.0005612501
0.001753616
0.003916099
0.005287507
0.006142425
0.006567015
0.006001489
0.004195569
0.001699305
-0.000787109
-0.002790771
-0.00408211
-0.005209418
-0.006287728
-0.006827603
-0.006802796
-0.006769361
-0.007968252
-0.01027284
-0.01217507
-0.013182
-0.0135567
-0.01333589
-0.01233605
-0.01087833
-0.009086501
-0.006695331
-0.004592496
-0.00324211
-0.002162748
-0.00213736
-0.003331481
-0.004613701
-0.005703908
-0.006228508
-0.005671493
-0.004177664
-0.002428875
-0.001771689
-0.002514064
-0.003241163
-0.002745506
-0.00138656
-0.0004982441
-0.0006559247
-0.001254851
-0.001373899
-0.000748726
-0.0001582947
9.035943e-07
0.0003578318
0.0009163374
0.001081715
0.0008816509
0.0005195541
-0.0002689941
-0.001762343
-0.003184688
-0.003580599
-0.003358044
-0.002828158
-0.001643591
-0.000324102
0.000374981
0.000365492
-3.710351e-05
-3.992984e-05
0.0007706487
0.00201864
0.003223834
0.003767023
0.003930587
0.004518128
0.004739802
0.003701021
0.001859917
0.0001736353
-0.0005720695
-0.0008026563
-0.001028487
-0.0007568558
0.0001938103
0.00164147
0.002777019
0.002780474
0.001811734
2.395519e-05
-0.00198544
-0.003436857
-0.004027216
-0.003275241
-0.001032814
0.00172621
0.003556534
0.004261369
0.004393475
0.003860768
0.002599041
0.001360679
0.0007445919
0.0006974637
0.00135885
0.002597877
0.003863951
0.004775556
0.005022003
0.004311055
0.002757301
0.001443582
0.001093901
0.001226852
0.001658191
0.002161921
0.00230395
0.00206819
0.001319604
0.0004586543
0.0001951956
0.0003939515
0.0007175633
0.0008701048
0.0005208837
-0.0001423379
-0.0009528223
-0.001797566
-0.002495177
-0.002927764
-0.002904864
-0.002717053
-0.002252474
-0.001144064
-0.0001199806
0.0003260779
0.000759295
0.001216759
0.001233586
0.0008471503
0.0003497454
0.0002668901
0.0005361703
0.0008068853
0.001562185
0.002673989
0.003109127
0.00244307
0.001440576
0.0009508051
0.0005343529
-0.0001574661
-0.0003708918
0.0002538554
0.001107781
0.001383821
0.000920667
0.0004199549
0.0006415995
0.001122473
0.0009400612
0.0001982174
-0.0007146838
-0.001539964
-0.001995889
-0.002074931
-0.001752716
-0.0009802818
-2.720448e-05
0.0006680793
0.0006028815
-0.0001889943
-0.0009889684
-0.001171883
-0.0003989294
0.001138788
0.002927191
0.004323501
0.004985444
0.005142313
0.004527741
0.003238842
0.001979494
0.001220526
0.001089992
0.001093871
0.0008662076
2.67012e-05
-0.001174067
-0.001824862
-0.0012988
0.000686871
0.003476421
0.006156354
0.007564574
0.007040484
0.005595336
0.004119735
0.002712747
0.001466783
0.0005471643
5.691738e-05
0.0002718918
0.001211167
0.002151873
0.002599872
0.002546573
0.002441892
0.002640254
0.002486941
0.001656008
0.0006373199
-0.0002617729
-0.0006976879
-0.0001720508
0.00118891
0.002528023
0.003405829
0.003755234
0.003242577
0.002064327
0.0004614751
-0.001351952
-0.002396827
-0.002362442
-0.001785358
-0.001000919
-6.925916e-05
0.00113826
0.002347781
0.003013091
0.003054234
0.002669748
0.001805488
0.0004728436
-0.0006759049
-0.00104606
-0.0009768514
-0.0008157003
-0.0004034192
7.12877e-05
0.0002024394
4.1969e-05
-6.036056e-05
-0.000106467
-0.0002631217
-0.0006218103
-0.001209233
-0.001774722
-0.002318284
-0.002863284
-0.003037616
-0.002811096
-0.002047193
-0.0006051949
0.0008930516
0.001892432
0.001934517
0.001275131
0.0005009503
-0.0005896551
-0.001608259
-0.002273377
-0.002924611
-0.003431459
-0.003371861
-0.002704101
-0.002095982
-0.001702304
-0.001277533
-0.0009819872
-0.0007283551
-0.0006529238
-0.001125948
-0.001888201
-0.002519964
-0.002358789
-0.001061138
0.0005376759
0.001822434
0.002475438
0.002520795
0.002226487
0.001272223
5.586358e-05
-0.001016604
-0.00203757
-0.002922312
-0.003906691
-0.004368773
-0.003866934
-0.002834199
-0.001557527
-0.0008626007
-0.0004931554
1.684443e-05
0.0001361293
0.0004455254
0.001172334
0.001361688
0.0004960309
-0.001086275
-0.002107247
-0.001603432
-0.0005464266
-0.0002951335
-0.0007252602
-0.00117444
-0.001091378
-0.0001949176
0.0007039284
0.0006307382
-0.0001272194
-0.001021923
-0.001543553
-0.001415699
-0.001172036
-0.0006496335
0.0002463475
0.0007954548
0.0006626836
-0.000185313
-0.00110956
-0.001336719
-0.001173563
-0.001363028
-0.001343864
-0.0001705007
0.001046163
0.001415715
0.00188041
0.003032296
0.004122805
0.004024856
0.002855701
0.001414467
0.0003211
-0.0003119754
-0.001204764
-0.002642204
-0.004001991
-0.004439259
-0.003957347
-0.003584033
-0.003764911
-0.00392634
-0.003554447
-0.002757537
-0.00193011
-0.001143746
-0.0003873375
0.0004076681
0.001509104
0.00241374
0.002421065
0.001595554
0.0003687408
-0.0009905061
-0.002694314
-0.00457913
-0.005711113
-0.005590373
-0.004861161
-0.004196279
-0.00361469
-0.003006496
-0.002404927
-0.001926334
-0.001592535
-0.001379777
-0.001150391
-0.000960993
-0.001190425
-0.001904512
-0.002719107
-0.003206278
-0.003432404
-0.00321691
-0.002009224
-0.0005018004
6.881342e-05
-0.0004341468
-0.00109007
-0.0009669123
-0.0002809982
0.0001099562
0.0001321038
0.0002386036
0.0005285614
0.0009128123
0.0009083076
0.0002081479
-0.0009709611
-0.002539338
-0.004070184
-0.005248811
-0.005614015
-0.00477657
-0.003657556
-0.002990692
-0.002726398
-0.002685226
-0.002701168
-0.002594135
-0.001993547
-0.0008163512
0.0004280474
0.001326032
0.001884314
0.0019927
0.002016355
0.002691801
0.003763209
0.004632622
0.005231933
0.005625756
0.005795247
0.005272357
0.00417242
0.003050032
0.001432536
-0.000694284
-0.002688659
-0.003977391
-0.004347375
-0.004660126
-0.005178378
-0.005213884
-0.004487851
-0.003008563
-0.001415245
-0.000644969
-0.0006742093
-0.0008954856
-0.0009490473
-0.001036428
-0.001512593
-0.002215673
-0.002806696
-0.003226192
-0.003732964
-0.004472647
-0.005038491
-0.004982914
-0.004568987
-0.004132238
-0.003483471
-0.003003367
-0.003009242
-0.002678233
-0.001611988
-0.0003189444
0.0005009689
0.0009749267
0.002169777
0.003626786
0.004137523
0.003855724
0.003142193
0.002479207
0.002508198
0.002822005
0.002933311
0.003058482
0.002917819
0.002326332
0.001842536
0.00197198
0.00261038
0.002922277
0.002694841
0.002803801
0.003364096
0.003862792
0.00427627
0.004283795
0.003565582
0.002524325
0.001665077
0.001155488
0.001172081
0.001755111
0.002404964
0.002684137
0.002398473
0.001670781
0.001032605
0.001122505
0.00222173
0.003808273
0.00529727
0.006374494
0.006951035
0.007108168
0.007025574
0.007304256
0.007937403
0.007820162
0.006116048
0.003455721
0.001112076
-0.0003403763
-0.0007998567
-0.0005121596
-3.385347e-05
0.0006155117
0.001712843
0.002604295
0.002662316
0.002424934
0.002699241
0.003409584
0.003746424
0.003501014
0.003052477
0.002539283
0.001962539
0.001247251
0.0003785503
-0.0001380596
-0.0001043226
0.0001129005
0.000292935
0.0003486282
0.0002394378
-0.0001303931
-0.000522152
-0.0009410614
-0.001424302
-0.001654517
-0.001905749
-0.002087314
-0.001899149
-0.00126363
-3.095371e-05
0.001107402
0.001625268
0.001700488
0.001428389
0.001128143
0.0009013042
0.0005820115
0.0004347127
0.0008435585
0.001330441
0.001251801
0.0009235239
0.000626594
0.0004392619
0.0003682387
0.0001675835
-0.0001221525
-0.0001774739
-0.0001217365
-0.0004772184
-0.001302977
-0.00236462
-0.003542091
-0.004614247
-0.005265658
-0.005478203
-0.005177102
-0.004553376
-0.004177408
-0.004190262
-0.004376179
-0.004118416
-0.003014399
-0.001257025
0.0006499499
0.002035666
0.002773258
0.003216958
0.003167429
0.002318335
0.001305766
0.0006129263
-5.98738e-05
-0.0008156061
-0.00137116
-0.00157132
-0.001631354
-0.001790917
-0.002039185
-0.00206109
-0.00167602
-0.001364361
-0.001691234
-0.002738545
-0.003744875
-0.003769129
-0.003285948
-0.002806032
-0.002447691
-0.001992411
-0.001606398
-0.0009136493
-0.0006997183
-0.0007024872
-0.0005552292
-0.0006474676
-0.0008342848
-0.001036065
-0.0009126576
-0.0006180674
-0.000798661
-0.001049271
-0.001095646
-0.00123489
-0.00147487
-0.001548705
-0.001644529
-0.001963689
-0.002014737
-0.001592942
-0.0007161059
0.000184877
0.0004640502
1.558975e-05
-0.001505193
-0.003369034
-0.004171017
-0.00414121
-0.003786565
-0.003520403
-0.003885583
-0.004400772
-0.004300032
-0.003662771
-0.00328805
-0.003365223
-0.003254067
-0.003277442
-0.004023667
-0.004629826
-0.004352104
-0.003555914
-0.002913465
-0.002935498
-0.003106237
-0.002591027
-0.001806413
-0.001656468
-0.002128252
-0.002735426
-0.00318052
-0.003424217
-0.003629452
-0.003633166
-0.003354989
-0.002840114
-0.002243786
-0.001725131
-0.001439873
-0.00164679
-0.001771521
-0.001711351
-0.001621344
-0.001496429
-0.001667117
-0.001437786
-0.0007904204
-8.576789e-05
0.0008432149
0.001351207
0.001355696
0.001450761
0.001821734
0.00209478
0.001797427
0.001161563
0.0009543899
0.001525617
0.002058398
0.001715567
0.0008668949
0.0004172516
0.0007188853
0.001084888
0.0009421064
0.0008939532
0.001451623
0.002291915
0.002826934
0.002853533
0.002516389
0.00170408
0.0006134922
-0.0003025081
-0.0009546432
-0.001088527
-0.0004217283
0.0005792233
0.001385244
0.00209471
0.002598416
0.002655481
0.002421903
0.001981708
0.001369214
0.0007190531
0.0001428072
-0.0001986726
-0.0003235824
-0.000119689
0.0004793383
0.0009032082
0.001130436
0.00162001
0.002024535
0.001994428
0.001989827
0.00258156
0.003588662
0.004322773
0.004668127
0.005094481
0.00557386
0.005503017
0.005032786
0.004744067
0.004451927
0.003932482
0.003213549
0.00250767
0.002017548
0.001531763
0.001182457
0.0009439178
0.0005335506
0.0002676697
0.0001676792
-3.49036e-05
-0.0004742779
-0.001203139
-0.001891108
-0.002326464
-0.002323869
-0.001863281
-0.001409783
-0.001016255
-0.0004963826
5.446601e-05
0.0004969884
0.0007129424
0.000703904
0.0006006045
0.0004596338
0.0002856555
-7.459023e-08
-0.0004594291
-0.0007876328
-0.0009502413
-0.00121454
-0.001393018
-0.001415003
-0.001497078
-0.001450381
-0.001194685
-0.001055153
-0.0009784375
-0.0008991919
-0.0008422561
-0.0005316163
-9.496047e-05
0.000140148
0.0001371205
-3.220256e-05
-0.0001599684
-0.0002312509
-0.000368446
-0.0003530594
4.969443e-05
0.0006026761
0.001032978
0.001347338
0.001478796
0.001343023
0.0008285198
-5.286779e-05
-0.0008891722
-0.00151293
-0.001940895
-0.002153127
-0.002427562
-0.002655025
-0.002527797
-0.002294093
-0.002169526
-0.002005563
-0.001797733
-0.001709119
-0.001559654
-0.001448546
-0.001640897
-0.001818195
-0.001642993
-0.0009834675
-0.0001380734
0.000476152
0.000863951
0.001070839
0.00116912
0.001263702
0.001236885
0.001019921
0.0009018189
0.001035764
0.001135916
0.0009587904
0.0006968092
0.0005857398
0.0004548313
9.209677e-05
-0.0002952082
-0.0003403683
-9.177035e-05
0.0001780938
0.0003523321
0.0004720614
0.0004783922
0.0002488416
6.763233e-05
0.0001491521
0.0003772213
0.0006691268
0.0008426014
0.0007812728
0.0007052993
0.0008893721
0.001236123
0.001510386
0.001667933
0.001791365
0.001970677
0.002151392
0.002274421
0.002295372
0.002281028
0.002258538
0.002156849
0.002078764
0.002016279
0.002027622
0.002116234
0.002093076
0.001965501
0.001742856
0.00143044
0.001039558
0.0005965125
0.0001679522
-0.0002317445
-0.0004521556
-0.000391133
-0.0001075583
0.0004081509
0.0009925942
0.00137698
0.001549988
0.001555532
0.001392742
0.001099864
0.000724531
0.0003584635
8.419237e-05
-9.428484e-05
-0.0001223683
5.987012e-05
0.0002982095
0.0003939182
0.0003405271
0.0002232547
0.0001214503
2.340712e-05
-0.0001920545
-0.0004574516
-0.0006385653
-0.0007705411
-0.0008786447
-0.0009713444
-0.00104358
-0.001051429
-0.0009443516
-0.0007649279
-0.0006241202
-0.0004732542
-0.0002231861
3.576642e-05
0.0002218478
0.000420849
0.0006656386
0.0008955795
0.001093742
0.001255075
0.001346969
0.001312011
0.001148979
0.0009226399
0.0007220603
0.0006556795
0.0007170918
0.0008035661
0.0008839781
0.0009479969
0.0009564577
0.000915132
0.0008616404
0.0008262552
0.0007902946
0.0007232169
0.0006638409
0.0005980621
0.0004969423
0.0004493944
0.000501072
0.0006055926
0.0007223774
0.0007826853
0.0007534139
0.0007093528
0.0006869997
0.0006534357
0.0006116158
0.0005816627
0.0005719794
0.0005525237
0.0004901084
0.0004243766
0.0003945269
0.0003826468
0.000351769
0.0002920735
0.0002245556
0.0001716505
0.0001377216
0.0001138574
0.0001074982
0.0001184838
0.0001308848
0.0001521693
0.0001858832
0.0002212331
0.0002470213
0.0002530394
0.0002472842
0.0002291756
0.0001943509
0.000139031
6.613534e-05
4.94739e-06
-2.855417e-05
-2.86646e-05
-5.836519e-06
2.011465e-05
3.974431e-05
3.649646e-05
1.063286e-05
-2.451852e-05
-5.266841e-05
-6.22981e-05
-6.247609e-05
-5.821184e-05
-4.542961e-05
-2.525031e-05
-6.970635e-06
4.548847e-06
1.287266e-05
9.409963e-06
-9.874435e-06
-2.755617e-05
-3.443353e-05
-4.035858e-05
-5.442379e-05
-6.972994e-05
-7.823221e-05
-8.418202e-05
-9.035162e-05
-9.699136e-05
-0.0001052148
-0.0001118854
-0.0001166639
-0.0001232377
-0.0001299121
-0.0001319596
-0.0001290102
-0.0001299557
-0.0001415091
-0.000156047
-0.0001651784
-0.0001686549
-0.0001696207
-0.0001705163
-0.0001721213
-0.0001760555
-0.0001830437
-0.0001913087
-0.0001992532
-0.0002069115
-0.0002147925
-0.0002222924
-0.0002279085
-0.0002313786
-0.00023478
-0.0002393073
-0.0002446206
-0.0002501028
-0.0002545638
-0.000258233
-0.0002623266
-0.0002673072
-0.0002727392
-0.0002776335
-0.0002820713
-0.0002865852
-0.0002911734
-0.0002960033
-0.0003010806
-0.0003061256
-0.0003109019
-0.0003154739
-0.0003201513
-0.0003249966
-0.000329952
-0.0003349662
-0.0003400011
-0.0003450934
-0.0003501851
-0.000355234
-0.0003602723
-0.0003653055
-0.0003703381
-0.0003753589
-0.0003803528
-0.0003853224
-0.0003902778
-0.0003952265
-0.0004001638
-0.0004050834
-0.000409984
-0.0004148658
-0.0004197272
-0.0004245668
-0.0004293833
-0.0004341761
-0.0004389443
NaN
NaN
NaN
NaN
