0.000203382
0.0001999279
0.0001964886
0.0001930567
0.0001896484
0.0001862623
0.0001829421
0.0001796712
0.0001764758
0.0001733513
0.0001703051
0.0001672171
0.0001640389
0.0001608001
0.0001576829
0.0001547936
0.0001522135
0.0001498452
0.0001476599
0.0001455352
0.00014301
0.0001386968
0.0001322342
0.0001246106
0.0001176662
0.0001123383
0.0001086206
0.0001053703
0.0001017991
9.731819e-05
9.233946e-05
8.709953e-05
8.209998e-05
7.689e-05
6.335159e-05
3.269674e-05
-8.762357e-06
-5.496491e-05
-9.373563e-05
-0.0001086447
-9.54824e-05
-7.833497e-05
-8.332023e-05
-0.0001168882
-0.0001548629
-0.0001811947
-0.0002023577
-0.0002024028
-0.000135387
5.288192e-06
0.0001700148
0.0003273407
0.0004936761
0.0006509529
0.0007806088
0.0008633405
0.0008868486
0.0008731663
0.0008591845
0.0008693093
0.0009096437
0.0009653759
0.001068769
0.001255774
0.001501223
0.001679463
0.001682644
0.001473763
0.001137164
0.0005865686
-0.0002861078
-0.001141737
-0.001567891
-0.00141682
-0.0008960782
-0.0003612355
-0.0001473346
-0.0003613306
-0.0008681038
-0.00146776
-0.001995598
-0.002392947
-0.002698024
-0.002891455
-0.002935577
-0.00281348
-0.002521919
-0.00203212
-0.001289238
-0.0003254579
0.0007069496
0.001697722
0.002581959
0.003256146
0.003708187
0.003961575
0.004082516
0.004139155
0.004128504
0.00407605
0.004020182
0.004005792
0.004041405
0.00411335
0.004130463
0.003955324
0.003563254
0.0030463
0.002461286
0.00181559
0.001076909
0.0001771983
-0.00100051
-0.002358651
-0.003714915
-0.004913436
-0.005859616
-0.006489159
-0.006739632
-0.00670177
-0.006393076
-0.005825839
-0.005024548
-0.004064486
-0.003197872
-0.002729167
-0.002889474
-0.003572261
-0.004487156
-0.005256528
-0.00559109
-0.005503338
-0.005098075
-0.004313912
-0.003076762
-0.001516771
2.609412e-05
0.001305767
0.002327084
0.003124949
0.003752748
0.004364793
0.005067888
0.00577425
0.006302674
0.006481616
0.006187862
0.005343616
0.00397161
0.002291388
0.0005994414
-0.0009072746
-0.00213003
-0.002984687
-0.003372008
-0.003177084
-0.002314856
-0.0007514482
0.001266844
0.003319
0.005160769
0.00675799
0.008116166
0.00914975
0.009768887
0.009910957
0.009524429
0.008563493
0.007136615
0.005495444
0.003721158
0.001875903
0.0001353467
-0.001407295
-0.002658795
-0.003533648
-0.004077039
-0.00429275
-0.004225509
-0.004021951
-0.003837746
-0.003757198
-0.00377449
-0.00377527
-0.003530037
-0.002882881
-0.001939781
-0.0008717245
0.000199217
0.001124354
0.001858206
0.002545809
0.003211077
0.003808341
0.004296865
0.004667724
0.005037696
0.005513879
0.006136821
0.006804971
0.007269191
0.00729585
0.006846915
0.00601992
0.004905772
0.003555372
0.001977292
0.0003004001
-0.001401395
-0.0031629
-0.005064864
-0.007071581
-0.009098452
-0.01091142
-0.01217224
-0.01274658
-0.01272144
-0.01214152
-0.01117048
-0.01020901
-0.009555128
-0.009205168
-0.009085078
-0.009175053
-0.009360215
-0.009540859
-0.00963848
-0.009667257
-0.009658683
-0.009648055
-0.009611457
-0.009407004
-0.008828012
-0.00790757
-0.006644556
-0.004907373
-0.002650753
-0.0001416062
0.002175973
0.003867073
0.004672818
0.004409519
0.003024252
0.0008321113
-0.001740126
-0.004565068
-0.007617553
-0.01073753
-0.01350759
-0.0156356
-0.01692094
-0.01715808
-0.01640957
-0.01495222
-0.01302276
-0.01057304
-0.007542406
-0.003894666
0.0001747817
0.004135814
0.007422308
0.009575175
0.01044764
0.009934935
0.008203545
0.005711401
0.002895052
9.489558e-05
-0.00227664
-0.003822844
-0.00448639
-0.004615265
-0.004534065
-0.004315431
-0.003776598
-0.002783183
-0.001344905
0.000553895
0.0026074
0.004530726
0.006091916
0.007027077
0.007035817
0.005989927
0.004034084
0.001306306
-0.001993715
-0.005763028
-0.009787723
-0.01363297
-0.01682422
-0.01893184
-0.01974222
-0.01946063
-0.0185302
-0.01727319
-0.01573868
-0.01377157
-0.0113107
-0.00846519
-0.005487693
-0.002719672
-0.0004159311
0.001541165
0.003477423
0.005443946
0.007336221
0.008996071
0.01030921
0.01136242
0.01203373
0.01202647
0.01105399
0.009065809
0.006297208
0.003068024
-0.0001937013
-0.003107897
-0.005519481
-0.007407337
-0.008901785
-0.009994988
-0.01050279
-0.01036836
-0.009818736
-0.008890203
-0.007406991
-0.005261501
-0.002702755
-7.970677e-05
0.002334083
0.00447291
0.006251146
0.007467908
0.008018745
0.00788688
0.007096733
0.005656504
0.003594718
0.001185449
-0.001276898
-0.003574353
-0.005660572
-0.007482831
-0.009041811
-0.01018799
-0.01058197
-0.01022349
-0.009433991
-0.008390033
-0.007081262
-0.005572401
-0.003961565
-0.002365551
-0.0008295158
0.0006640655
0.002254894
0.003918635
0.005580314
0.007159262
0.008693588
0.01043329
0.01225507
0.01368224
0.0140543
0.01291182
0.01013877
0.006164733
0.001630025
-0.002862499
-0.006761524
-0.009616194
-0.01117056
-0.01155529
-0.01105775
-0.01005116
-0.008865272
-0.007637061
-0.006481452
-0.005495732
-0.004543366
-0.003461503
-0.002032778
-3.714236e-06
0.002807055
0.006345241
0.01022214
0.01388582
0.0168177
0.01862386
0.01907722
0.01813555
0.01603266
0.01321432
0.01008869
0.006782395
0.003267551
-0.0002962019
-0.003494695
-0.005923025
-0.007368293
-0.007913337
-0.007832818
-0.007328254
-0.006511912
-0.005489775
-0.004296853
-0.00308761
-0.002036346
-0.001066782
-0.0001333901
0.0006330089
0.001095705
0.001177337
0.0008173498
4.344583e-05
-0.0009361772
-0.001849275
-0.002441305
-0.002654613
-0.002535751
-0.002197251
-0.001724251
-0.0009031986
0.000591482
0.002750296
0.005098347
0.006955907
0.007829448
0.007761035
0.007052279
0.005822087
0.004020594
0.001803432
-0.0004484378
-0.002484333
-0.004060773
-0.0049172
-0.004882301
-0.003847516
-0.001861104
0.0008067947
0.003801538
0.006835821
0.00985151
0.01287224
0.01589721
0.01889189
0.02173007
0.02420443
0.02601337
0.02682274
0.02642683
0.0248664
0.02216718
0.01831395
0.01324774
0.007062915
0.0002536388
-0.006423871
-0.01224954
-0.01673187
-0.01968456
-0.02120544
-0.021591
-0.02111405
-0.0201379
-0.01913052
-0.01846074
-0.01800088
-0.01740645
-0.01641882
-0.01481196
-0.0125583
-0.009702882
-0.006407393
-0.0029728
0.0002085567
0.002903003
0.004912413
0.005895753
0.005829263
0.004904179
0.003494593
0.002155495
0.001307764
0.0009391989
0.0008657446
0.0009939727
0.001425113
0.002277549
0.003304584
0.004373756
0.005463365
0.006647894
0.007959728
0.009154187
0.01006531
0.01058609
0.01065651
0.0102964
0.009509539
0.008254374
0.006431487
0.004053121
0.001208079
-0.001912626
-0.00507773
-0.008116673
-0.01086591
-0.01313497
-0.01505623
-0.01685883
-0.01863131
-0.02004796
-0.02057174
-0.01985591
-0.01790478
-0.01482818
-0.01092975
-0.006725476
-0.002507658
0.001474826
0.005064045
0.008071273
0.01039966
0.01197946
0.01280916
0.01275505
0.01189709
0.01047821
0.008699211
0.006859022
0.005001451
0.002958493
0.0005621
-0.002180502
-0.004982046
-0.007422797
-0.009305386
-0.01071847
-0.01180206
-0.01253878
-0.01293071
-0.01301675
-0.01294176
-0.01255275
-0.01174866
-0.0105148
-0.009004305
-0.007417725
-0.005605731
-0.003400202
-0.0005435506
0.002966905
0.006864437
0.01076079
0.01428464
0.01717612
0.01931308
0.02065326
0.02109496
0.02059503
0.01919135
0.01700977
0.01429923
0.0113134
0.008142415
0.004867474
0.001777545
-0.0008841764
-0.002900165
-0.004097107
-0.004544256
-0.004516851
-0.00434366
-0.004224487
-0.004188448
-0.004033251
-0.003475897
-0.002408854
-0.0009265336
0.0008978331
0.003085277
0.005626408
0.008384892
0.01092756
0.01285887
0.01416444
0.01498341
0.01545188
0.01572856
0.01615788
0.01692204
0.01782022
0.01863441
0.01911124
0.01912636
0.01880806
0.01825808
0.01748693
0.01659154
0.01566088
0.01468321
0.01372193
0.01278469
0.01168865
0.0101543
0.008005968
0.005320275
0.002450629
-0.0001042561
-0.002088675
-0.003507744
-0.00455594
-0.005487402
-0.006337644
-0.006978364
-0.00730499
-0.00735232
-0.007310308
-0.007495456
-0.00810516
-0.009097491
-0.01036111
-0.01170253
-0.01295512
-0.01397076
-0.01440928
-0.0140432
-0.01281002
-0.01076941
-0.008141641
-0.005219269
-0.002359004
-4.014254e-05
0.00130924
0.001500335
0.000606226
-0.001167275
-0.003622551
-0.006562588
-0.009650553
-0.01258806
-0.01531472
-0.01782711
-0.01991416
-0.02127457
-0.02183279
-0.02168551
-0.02082201
-0.01909196
-0.01632287
-0.01245971
-0.007753355
-0.002673402
0.002166091
0.006271777
0.009439698
0.01157198
0.0125763
0.01231983
0.01078847
0.008266486
0.00522541
0.002159413
-0.000527142
-0.00268626
-0.004448361
-0.005866035
-0.006779568
-0.006946828
-0.006224413
-0.004677318
-0.002585576
-0.0002941262
0.00184763
0.003570076
0.004801025
0.005384371
0.005169543
0.004082228
0.002133079
-0.0004668242
-0.003292943
-0.005696124
-0.007043848
-0.006743093
-0.004296358
0.0003510769
0.006843456
0.01451546
0.02239326
0.02958054
0.03553582
0.04007087
0.04318973
0.04494231
0.04539357
0.04474062
0.04324332
0.04098556
0.03792673
0.03408271
0.02950237
0.02425317
0.01846341
0.01247889
0.006696435
0.001393261
-0.003354927
-0.007634292
-0.01144314
-0.01459873
-0.01690528
-0.01827507
-0.01871351
-0.01826774
-0.01714153
-0.01552478
-0.01357828
-0.01158701
-0.009650609
-0.007545026
-0.00490167
-0.001543558
0.002354049
0.00654145
0.01074786
0.01470612
0.01804828
0.02035068
0.02145642
0.02150131
0.02072585
0.01945613
0.01786407
0.01595216
0.01384612
0.01174105
0.009664772
0.0074593
0.004743741
0.001355474
-0.002361813
-0.005890325
-0.008654085
-0.01038086
-0.01104887
-0.01067411
-0.009171093
-0.006437502
-0.002664559
0.001740373
0.006272306
0.01043735
0.0136624
0.01566379
0.0164454
0.01622691
0.01508351
0.01297515
0.009987941
0.006378362
0.002388731
-0.001757993
-0.005848376
-0.009847778
-0.01365923
-0.01713228
-0.02006231
-0.02235389
-0.02419008
-0.02573489
-0.02705412
-0.02824967
-0.02929611
-0.030185
-0.03087167
-0.03116471
-0.03099582
-0.03050865
-0.0296994
-0.02848689
-0.02692223
-0.02504823
-0.02301995
-0.02110273
-0.01955844
-0.01832741
-0.0172343
-0.01617554
-0.01501151
-0.01354703
-0.0116301
-0.009263174
-0.00656858
-0.003571344
-0.0004434946
0.002659788
0.005641887
0.008494717
0.01129515
0.0139498
0.01654987
0.01887523
0.02083102
0.02252324
0.02410051
0.02576989
0.02780782
0.03028359
0.03310803
0.03577505
0.03780471
0.03886945
0.03882967
0.03757568
0.03502634
0.0310747
0.02566913
0.01893317
0.01141769
0.00373637
-0.003846751
-0.01107169
-0.01773712
-0.0235419
-0.02818375
-0.03169794
-0.03417709
-0.03535361
-0.03487891
-0.03270378
-0.02899016
-0.02410377
-0.01837497
-0.01228225
-0.006053481
0.0003561971
0.006630061
0.01235192
0.01701091
0.02042205
0.02294465
0.02490884
0.02629595
0.02705198
0.02696219
0.02607788
0.02464325
0.0228733
0.02077649
0.01818855
0.01520564
0.01204662
0.009250694
0.007379436
0.006616744
0.006782591
0.007827142
0.009681941
0.01208296
0.01465313
0.01710123
0.01949044
0.02175943
0.02363452
0.02506197
0.02608769
0.02676091
0.0269926
0.0266375
0.02555922
0.02360074
0.02065333
0.01673863
0.01195401
0.006544193
0.0006746408
-0.005502486
-0.01187528
-0.01832012
-0.02464611
-0.03047302
-0.03524814
-0.03847462
-0.03994563
-0.03971379
-0.0381935
-0.03585283
-0.03323836
-0.03082994
-0.02877028
-0.02704158
-0.02574759
-0.02521002
-0.02549038
-0.02623858
-0.02683783
-0.02674446
-0.02557871
-0.02303836
-0.01927446
-0.01500623
-0.01090545
-0.007481255
-0.005388096
-0.005155643
-0.006772439
-0.009644967
-0.01298157
-0.01596303
-0.01796056
-0.01870323
-0.01816043
-0.01625488
-0.01287002
-0.008120934
-0.002338678
0.004131533
0.01065462
0.01659406
0.02154549
0.02520559
0.02761662
0.02880639
0.02886092
0.02821338
0.02732385
0.02638826
0.02548952
0.02475775
0.02431114
0.02417101
0.02423577
0.024362
0.02444312
0.02445289
0.02441074
0.02435231
0.02430691
0.02429422
0.0245289
0.02522028
0.02616974
0.02722619
0.02820266
0.02871196
0.02832637
0.02693564
0.02469404
0.02182564
0.01854318
0.01490812
0.01084256
0.006190133
0.0009412184
-0.00485098
-0.01102945
-0.01720009
-0.02287777
-0.02782147
-0.03191693
-0.0350546
-0.03716758
-0.03805349
-0.03748393
-0.03543253
-0.03212373
-0.02801343
-0.02346138
-0.0188073
-0.01414975
-0.009334108
-0.004293456
0.001014582
0.006310492
0.01119266
0.01541621
0.01873753
0.02099758
0.02244256
0.02353638
0.024701
0.02622502
0.0284371
0.03123552
0.03435107
0.0374603
0.04026991
0.04254627
0.04371201
0.04327374
0.04111461
0.03741033
0.0323834
0.02627222
0.01927095
0.01180741
0.004432496
-0.002519786
-0.008719638
-0.01403702
-0.0181767
-0.02104261
-0.022843
-0.02351211
-0.02311855
-0.02218869
-0.02104111
-0.01984734
-0.01873173
-0.01763182
-0.01631548
-0.01475722
-0.01336448
-0.0125054
-0.01269054
-0.01441476
-0.01783988
-0.0228621
-0.02899716
-0.0356403
-0.04230927
-0.04851359
-0.05393929
-0.05817217
-0.06077384
-0.0616338
-0.06087853
-0.05887472
-0.05610653
-0.05306234
-0.05004412
-0.04730294
-0.04490063
-0.04291207
-0.0415547
-0.04090074
-0.04066697
-0.04033127
-0.03966891
-0.03887363
-0.0379835
-0.03682202
-0.03521894
-0.03275833
-0.02918798
-0.02446572
-0.01848126
-0.01153136
-0.004366036
0.002340753
0.008335725
0.01353735
0.01770189
0.02079518
0.02277778
0.02347169
0.02309288
0.02195754
0.02047435
0.01921332
0.01851111
0.01851784
0.01922089
0.02044965
0.02176986
0.02254048
0.0221725
0.02042038
0.01729249
0.01305615
0.008139075
0.002969052
-0.002138392
-0.006899275
-0.01097154
-0.01408118
-0.0158393
-0.01589068
-0.01402659
-0.01018733
-0.004415261
0.002853126
0.01102974
0.01925233
0.02686382
0.03355289
0.03905182
0.04340108
0.04672723
0.04899795
0.05020776
0.05054925
0.05034634
0.04970478
0.04869053
0.04732075
0.04547146
0.04307404
0.04007031
0.03649019
0.03266054
0.02916107
0.02644211
0.02446214
0.02296887
0.02157297
0.01982262
0.0175042
0.01464091
0.01120137
0.007161778
0.002716912
-0.001850256
-0.006232051
-0.009882359
-0.0122232
-0.01312427
-0.01277883
-0.01134263
-0.00906592
-0.006204597
-0.002787841
0.00130476
0.006314335
0.01221033
0.01872845
0.02553778
0.03214738
0.03811222
0.04303762
0.04664609
0.04877356
0.04927947
0.04822571
0.04562482
0.04170365
0.03683811
0.0313971
0.02557743
0.01965492
0.01391841
0.008605417
0.00397155
0.0001611066
-0.002896723
-0.005228659
-0.006995944
-0.008406526
-0.009703545
-0.01100919
-0.01226473
-0.01345638
-0.01448013
-0.0152507
-0.01596024
-0.01678985
-0.01763025
-0.01843261
-0.01926318
-0.02010697
-0.02075421
-0.0209149
-0.02039225
-0.01936637
-0.01803837
-0.01661846
-0.01516746
-0.01360675
-0.01192877
-0.01003764
-0.007681605
-0.004703498
-0.001057561
0.003027988
0.006994461
0.01027788
0.01243156
0.01325967
0.0125628
0.0102646
0.006478581
0.001525199
-0.004400081
-0.01089601
-0.01730736
-0.02302426
-0.02757093
-0.03072281
-0.03238655
-0.03274084
-0.03189716
-0.03020285
-0.02800899
-0.025831
-0.02394245
-0.02241939
-0.02137524
-0.02084371
-0.02044117
-0.01978316
-0.01865961
-0.01688779
-0.01450387
-0.01170123
-0.008866208
-0.006431558
-0.004423933
-0.002766131
-0.001282529
0.0004205835
0.00261121
0.005303969
0.008447121
0.01203478
0.01615974
0.02078505
0.02561287
0.03004397
0.03343986
0.03549298
0.03629651
0.03603052
0.03502026
0.03388407
0.03309803
0.03255526
0.03188937
0.03098444
0.02965209
0.02762288
0.02435899
0.01961051
0.01371067
0.007229299
0.0006540592
-0.005358076
-0.01024449
-0.01361388
-0.01546791
-0.01614235
-0.01604722
-0.01565384
-0.0153041
-0.01515857
-0.01517757
-0.01547965
-0.01619306
-0.01733826
-0.01878073
-0.0202096
-0.02138626
-0.02202012
-0.02189127
-0.02076228
-0.01844224
-0.0148753
-0.01019862
-0.0046345
0.001509592
0.007711537
0.01331347
0.01772159
0.02058432
0.02171527
0.02109828
0.01893444
0.01557247
0.01147118
0.007065976
0.002654406
-0.001764157
-0.006320917
-0.01087965
-0.01519206
-0.01899061
-0.02207356
-0.02439439
-0.02590092
-0.02637841
-0.02549603
-0.02311282
-0.01928985
-0.01434009
-0.008717233
-0.002948002
0.002422805
0.006951198
0.01045372
0.0129752
0.01485571
0.01645786
0.0180031
0.01963335
0.02135526
0.02314633
0.02494645
0.02648443
0.02731331
0.0269608
0.0252939
0.0226125
0.01945907
0.01629456
0.01351094
0.01139508
0.01010137
0.009654266
0.009836871
0.01042369
0.01131489
0.01229956
0.01326966
0.01435753
0.01578164
0.01771168
0.0201633
0.02297955
0.02585402
0.02841065
0.03026334
0.03097312
0.03014209
0.02750871
0.02302846
0.01697339
0.009870387
0.002273491
-0.005201167
-0.0120109
-0.01779617
-0.02240432
-0.02585246
-0.02815729
-0.02942589
-0.03007904
-0.03061866
-0.03126448
-0.03189887
-0.03221002
-0.03174758
-0.03016947
-0.02733897
-0.02329356
-0.01825328
-0.01253736
-0.006460919
-0.0004200294
0.005153364
0.00974967
0.01300324
0.01484179
0.01525872
0.01432671
0.0122111
0.009135494
0.005296399
0.0008604342
-0.004087958
-0.009605432
-0.01559213
-0.02170829
-0.027471
-0.03239868
-0.03602666
-0.03814764
-0.03881574
-0.03812584
-0.03602254
-0.03246259
-0.02756833
-0.02183415
-0.01608534
-0.01096909
-0.006908013
-0.004125495
-0.002637861
-0.002310976
-0.002843909
-0.003991316
-0.005538403
-0.007303726
-0.009382883
-0.01217096
-0.0159524
-0.02069835
-0.02608119
-0.03156635
-0.03670193
-0.0411568
-0.04462555
-0.0468505
-0.04763976
-0.04695063
-0.04495372
-0.04194307
-0.03823571
-0.03432437
-0.03088153
-0.02864622
-0.0279464
-0.02872643
-0.03082637
-0.03383164
-0.03704172
-0.03988746
-0.04199931
-0.0431608
-0.04333798
-0.04263339
-0.04133154
-0.03978271
-0.03834863
-0.03709775
-0.03599091
-0.03514264
-0.03464148
-0.03442647
-0.0340781
-0.03315369
-0.03143047
-0.0288032
-0.02530416
-0.0210093
-0.01598273
-0.01023029
-0.003621677
0.003932503
0.01237786
0.02128995
0.03009557
0.03838187
0.04581094
0.05206643
0.0566579
0.05917693
0.05947457
0.05754741
0.05377003
0.0487965
0.0432982
0.03802552
0.03360513
0.03037504
0.02842946
0.02754672
0.02704378
0.02617883
0.02456772
0.02216321
0.01909192
0.01549527
0.0116978
0.008154815
0.005543653
0.004363208
0.004765376
0.006728503
0.01000724
0.0142041
0.01896697
0.0237586
0.02777789
0.03037846
0.03132638
0.03071929
0.02892532
0.02660228
0.02444253
0.0229496
0.02227144
0.02220844
0.02240823
0.02248169
0.02195696
0.02043058
0.01769478
0.01378619
0.009099556
0.004211536
-0.0003972083
-0.004313395
-0.007118188
-0.008604517
-0.008862447
-0.00802811
-0.006293367
-0.004066253
-0.001792971
0.0002689086
0.001901722
0.002924125
0.003336566
0.003221172
0.002602768
0.001556394
9.915246e-05
-0.001741373
-0.003602021
-0.004916713
-0.005073596
-0.003577414
-0.0003926429
0.004154569
0.009553373
0.01531974
0.0210788
0.02651643
0.03128153
0.03486104
0.03672302
0.03657617
0.03451493
0.03073543
0.02555967
0.01944207
0.01294358
0.006566177
0.000610485
-0.004788744
-0.009688409
-0.0143573
-0.01899312
-0.02349638
-0.02748302
-0.03060222
-0.03264886
-0.0336395
-0.03396164
-0.03426863
-0.03502131
-0.0363662
-0.03821296
-0.04033979
-0.04242765
-0.04406586
-0.04488138
-0.04450003
-0.04269639
-0.03954656
-0.03514592
-0.02966477
-0.02357512
-0.0174307
-0.01179266
-0.007022536
-0.003264023
-0.000681436
0.0005686854
0.0003561886
-0.001246998
-0.003916363
-0.007294195
-0.01106694
-0.01487996
-0.01842134
-0.0215158
-0.02412086
-0.02635401
-0.02840987
-0.03050283
-0.03271466
-0.03485052
-0.03671755
-0.03814342
-0.0389963
-0.03931293
-0.03916552
-0.03847585
-0.03716258
-0.03523928
-0.03285251
-0.03030973
-0.02792159
-0.02603328
-0.02501331
-0.02507837
-0.02597863
-0.02718198
-0.02838595
-0.02941228
-0.02999995
-0.02974223
-0.02829714
-0.02564105
-0.02207503
-0.01786838
-0.01309863
-0.007764467
-0.001927579
0.004091165
0.009893809
0.01509338
0.01925333
0.02203706
0.02320514
0.02256962
0.02002762
0.01574641
0.01015185
0.003733883
-0.002750767
-0.008287948
-0.01184851
-0.01270502
-0.01082181
-0.006636952
-0.000776794
0.006061865
0.01313205
0.01963581
0.02507517
0.02927381
0.0323441
0.03458981
0.03637374
0.03808567
0.03995374
0.04203307
0.0441809
0.04615976
0.0476752
0.04827546
0.04755257
0.04520558
0.04107982
0.03526244
0.02818402
0.02065576
0.01368653
0.008113544
0.004299934
0.002403726
0.002452361
0.004163198
0.006883438
0.009716085
0.01182659
0.01284861
0.01296151
0.01259349
0.01200356
0.01126651
0.01049887
0.00989598
0.009578479
0.00941582
0.009032191
0.008236617
0.007098284
0.005770456
0.004389648
0.003179166
0.002568697
0.00285118
0.004080967
0.006161794
0.008823527
0.01176096
0.01467194
0.01727865
0.01945267
0.02134674
0.02313507
0.02486741
0.02650799
0.02809461
0.02981911
0.03181174
0.03389015
0.03581165
0.03731276
0.03803342
0.03750939
0.035413
0.0315375
0.02577177
0.01821486
0.009347343
-0.0001966426
-0.009915073
-0.01926341
-0.02761397
-0.03446575
-0.03956035
-0.0427601
-0.04384778
-0.04266938
-0.03918147
-0.03360473
-0.02630716
-0.01775675
-0.008357458
0.001459671
0.01114613
0.02026686
0.0283013
0.03479731
0.03956863
0.04239328
0.04300355
0.04120495
0.03701
0.03069259
0.02267308
0.01347009
0.003759663
-0.005901774
-0.01506656
-0.02330605
-0.03000634
-0.03469929
-0.03738371
-0.03839463
-0.03821071
-0.03712264
-0.03541841
-0.0334801
-0.03166548
-0.03022165
-0.02905684
-0.02795148
-0.0266877
-0.02511421
-0.02332452
-0.02136769
-0.01933825
-0.01736461
-0.01547176
-0.0137691
-0.01251288
-0.01169656
-0.01118668
-0.01089788
-0.01090735
-0.011224
-0.01167502
-0.0120358
-0.01216228
-0.01193716
-0.01138873
-0.01063859
-0.009860683
-0.009210499
-0.008527076
-0.007669858
-0.006813291
-0.006194322
-0.005936744
-0.006023093
-0.00661542
-0.008008885
-0.01040522
-0.01369581
-0.01768853
-0.02229825
-0.02725473
-0.03203891
-0.03614844
-0.03935513
-0.04137972
-0.04181883
-0.04050174
-0.0374634
-0.03282069
-0.02694141
-0.02023965
-0.01319467
-0.006338539
9.073114e-05
0.005808524
0.01036085
0.01357977
0.01550683
0.01604949
0.01519442
0.01293269
0.009341123
0.004688278
-0.0007609057
-0.00643666
-0.01181657
-0.01670421
-0.02099132
-0.02461653
-0.02745927
-0.02923947
-0.02986496
-0.02967188
-0.02912725
-0.02839198
-0.02749875
-0.02660787
-0.02565329
-0.02455749
-0.02318112
-0.02117506
-0.01834886
-0.01467576
-0.0102812
-0.005384289
-0.0001151088
0.005433288
0.0112673
0.017182
0.02279674
0.02793433
0.03248664
0.03622185
0.03908814
0.04108787
0.04216418
0.04213552
0.04084705
0.03844723
0.03524757
0.03164295
0.0279513
0.02435928
0.0210213
0.01801198
0.01552765
0.01361071
0.01220333
0.01132306
0.01095113
0.0111136
0.01184058
0.01307189
0.01474347
0.01676236
0.01913984
0.02192675
0.02504224
0.02855223
0.03240899
0.03637404
0.0400286
0.0428888
0.04463225
0.0449818
0.04395489
0.04174288
0.03851383
0.03438414
0.02945813
0.02398584
0.01840187
0.01316901
0.008560429
0.004901356
0.002309624
0.0006598891
-0.0001928155
-0.0004878297
-0.0004726071
-0.0003724853
-0.0003037688
-0.0003029327
-0.0003324093
-0.0003295635
-0.0001019994
0.0005467792
0.001654861
0.003110583
0.00484982
0.006761151
0.008628383
0.01013895
0.01097981
0.01079628
0.009251604
0.006398492
0.002528887
-0.001984983
-0.006708812
-0.01143933
-0.01595419
-0.01995164
-0.02317894
-0.02564523
-0.02743273
-0.02856555
-0.02927376
-0.02995599
-0.03091821
-0.03222967
-0.03375516
-0.03529324
-0.03657187
-0.03733849
-0.03739911
-0.0366483
-0.03493488
-0.03212183
-0.02831094
-0.02374189
-0.01879378
-0.01392653
-0.009541298
-0.005872724
-0.002851657
-0.0003384581
0.001864169
0.003785576
0.005398483
0.006425861
0.006515228
0.005382683
0.002683086
-0.001615734
-0.007295567
-0.01396493
-0.02125834
-0.02866469
-0.03545043
-0.04090252
-0.0445113
-0.04593933
-0.04533145
-0.04304459
-0.03927067
-0.0343393
-0.02844168
-0.0219506
-0.01525437
-0.008846124
-0.003174452
0.001571138
0.005167359
0.007395477
0.007950099
0.006650215
0.003777353
-3.38813e-05
-0.004193154
-0.008171751
-0.01154608
-0.014177
-0.01606035
-0.01713634
-0.01736219
-0.01677464
-0.01574521
-0.0147611
-0.01405111
-0.01361138
-0.0135223
-0.01377326
-0.01419642
-0.01458896
-0.0149561
-0.01534517
-0.01568435
-0.01572169
-0.01514607
-0.01366119
-0.01133578
-0.008563657
-0.005710779
-0.00315166
-0.001250002
-0.0001507652
0.0005522649
0.001434804
0.00275059
0.004405038
0.006157509
0.007971947
0.009986238
0.01218006
0.01435605
0.01639573
0.0181316
0.0193714
0.02030552
0.02120455
0.02219883
0.02340032
0.02495003
0.02700565
0.02958221
0.03264239
0.03598582
0.03919363
0.04195884
0.04416058
0.04555914
0.04602755
0.04563727
0.04456922
0.04301439
0.04133663
0.04006403
0.03965367
0.04041756
0.04233861
0.04507661
0.04815995
0.05119613
0.05385038
0.05578253
0.05675776
0.05654755
0.05487366
0.05159433
0.04687671
0.04122674
0.03523073
0.02931362
0.02362807
0.01820307
0.01282573
0.007228819
0.001355434
-0.004791212
-0.01112053
-0.01756798
-0.0241975
-0.0308995
-0.03714553
-0.04212069
-0.04552372
-0.0474006
-0.04794747
-0.04754336
-0.04650938
-0.04511933
-0.04341751
-0.04126202
-0.03835245
-0.03458025
-0.02979535
-0.02372037
-0.01661026
-0.008986721
-0.001433875
0.005638878
0.01198498
0.01740932
0.0217279
0.02489996
0.02700074
0.02805343
0.02800494
0.02687698
0.02485431
0.02193989
0.01826548
0.01397222
0.008975594
0.003264686
-0.002977027
-0.009287111
-0.01507278
-0.01997201
-0.02361591
-0.02570843
-0.02613687
-0.02474818
-0.02155073
-0.01675356
-0.01052073
-0.00322529
0.00465541
0.01251362
0.01982143
0.02605911
0.03068055
0.03341316
0.03439293
0.0339474
0.03245695
0.03018533
0.02717988
0.0235916
0.01938978
0.0145819
0.009370579
0.00408414
-0.0008907484
-0.005273963
-0.009072135
-0.01249313
-0.01567185
-0.01863016
-0.02108203
-0.02262845
-0.02300172
-0.02207063
-0.01982448
-0.01646254
-0.01247305
-0.008249243
-0.004092259
-0.0003842884
0.002553982
0.004330105
0.004647441
0.003488663
0.001118826
-0.002066935
-0.005591071
-0.008965662
-0.01179295
-0.01380499
-0.01482383
-0.01489055
-0.01422539
-0.01307751
-0.01163021
-0.009929397
-0.0079992
-0.005895347
-0.003768759
-0.001871105
-0.0004224557
0.0005489659
0.001141236
0.00139554
0.001286574
0.0008318034
8.082406e-05
-0.0008887478
-0.00184403
-0.002528276
-0.002827863
-0.002824125
-0.002691109
-0.002583055
-0.002556707
-0.002593221
-0.002639319
-0.002662747
-0.00265288
-0.002619055
-0.002575094
-0.002539474
-0.002457317
-0.002142055
-0.001451865
-0.0005468383
0.0002381482
0.0006625399
0.0007247791
0.0006438537
0.0007304721
0.001085074
0.001547895
0.001843668
0.001743501
0.001226581
0.0003924207
-0.0006300556
-0.001707886
-0.002852198
-0.003981545
-0.00491825
-0.005626541
-0.00608152
-0.0061635
-0.005889031
-0.005463089
-0.005120509
-0.004977633
-0.005007313
-0.005106056
-0.005192615
-0.005230848
-0.005173997
-0.004858839
-0.004008275
-0.002359333
6.029829e-05
0.003042514
0.006308452
0.009556534
0.01261684
0.01547995
0.01817994
0.02057752
0.02236304
0.02332833
0.0235076
0.02304322
0.02209468
0.02082938
0.01939529
0.01791332
0.01651518
0.01540833
0.01475806
0.01455296
0.01462967
0.01489735
0.01557678
0.0169566
0.01912221
0.02215116
0.02600742
0.03045822
0.03520879
0.03993318
0.04445541
0.04860267
0.05216578
0.05518725
0.05772141
0.05961313
0.06064586
0.06064244
0.05940094
0.05649089
0.05137741
0.04407817
0.03534209
0.02620804
0.01748027
0.009465298
0.002204496
-0.004288736
-0.009943058
-0.01461276
-0.01818396
-0.02054184
-0.02171851
-0.02199702
-0.02170513
-0.02097619
-0.01989415
-0.0184917
-0.01677677
-0.01474287
-0.01247836
-0.01032833
-0.008540323
-0.007092535
-0.006011064
-0.005341706
-0.005125659
-0.005360328
-0.005939546
-0.006642509
-0.007197247
-0.007467517
-0.007482428
-0.007377245
-0.007221261
-0.006897738
-0.006211689
-0.005040852
-0.003306521
-0.001020334
0.001684666
0.004602521
0.007498878
0.01010297
0.01222849
0.01382335
0.01481429
0.01504813
0.01435713
0.01259459
0.009771128
0.006012666
0.001588314
-0.003154101
-0.00800597
-0.01282246
-0.01753957
-0.02218305
-0.02667201
-0.03085668
-0.0345095
-0.03734785
-0.03934755
-0.04052259
-0.04069589
-0.03977725
-0.03777782
-0.03473581
-0.0309912
-0.02702019
-0.02303372
-0.01904888
-0.01497475
-0.01076676
-0.006450453
-0.002099711
0.002286037
0.006754957
0.01125288
0.01565146
0.01965573
0.022913
0.02518718
0.02635195
0.02629578
0.02511421
0.02307297
0.02049379
0.01771805
0.01512389
0.01303689
0.01161668
0.01085925
0.01080987
0.01140586
0.0124467
0.01373703
0.01506743
0.01623125
0.01703328
0.01721769
0.0167147
0.0157009
0.01444598
0.01326389
0.01236922
0.01187702
0.0116158
0.01124171
0.01060022
0.009637859
0.008221659
0.006283788
0.003986269
0.001634465
-0.0003349558
-0.001555856
-0.001990473
-0.001844005
-0.001295933
-0.000409787
0.0007157682
0.001872801
0.002884244
0.003687558
0.004347134
0.004978157
0.005710896
0.006619635
0.007609208
0.008558853
0.009331962
0.009813308
0.009933773
0.009549799
0.0084876
0.006712819
0.004254407
0.001218877
-0.002210555
-0.005767758
-0.009170596
-0.01227687
-0.01500085
-0.01712347
-0.01841481
-0.01889362
-0.01882458
-0.01850151
-0.01794116
-0.01686426
-0.01501481
-0.01243214
-0.009408098
-0.006288904
-0.003346745
-0.0007933844
0.001324242
0.00319443
0.004948784
0.00643207
0.007346491
0.007446698
0.006708312
0.005315949
0.003491267
0.001497879
-0.0003950601
-0.001985879
-0.003048272
-0.003390459
-0.002994126
-0.001913758
-0.0003176127
0.001480981
0.003155754
0.004410278
0.005101263
0.005250349
0.004893194
0.003995646
0.00247502
0.0003101714
-0.002303164
-0.004997052
-0.007485135
-0.009636149
-0.01142411
-0.01293882
-0.01430674
-0.01558916
-0.01666551
-0.01735955
-0.01755886
-0.01720765
-0.01632318
-0.01503697
-0.01353377
-0.01182352
-0.009574689
-0.006606385
-0.003161623
0.0003285526
0.003542266
0.006415119
0.009033019
0.01140498
0.01345389
0.01510349
0.01625902
0.0168792
0.01705873
0.01693041
0.01644997
0.01535912
0.01336049
0.01029113
0.006335989
0.001782165
-0.003113853
-0.008005801
-0.01267305
-0.01700881
-0.02098821
-0.024506
-0.02720014
-0.02876067
-0.02907761
-0.02806952
-0.02579045
-0.02244113
-0.01818143
-0.01317828
-0.00765695
-0.001942987
0.003510963
0.008232996
0.01201635
0.01496871
0.01729834
0.01911849
0.02041034
0.02118656
0.02165737
0.02201374
0.02219954
0.02192799
0.02105305
0.01960775
0.01761878
0.01485268
0.01098113
0.00599015
0.000232198
-0.005731785
-0.01135667
-0.01629113
-0.02035577
-0.02351372
-0.02589717
-0.02758348
-0.02851418
-0.02854546
-0.0275732
-0.02570803
-0.02313064
-0.02008913
-0.01683925
-0.0134379
-0.009790312
-0.005881365
-0.001884329
0.002000058
0.005565344
0.008610542
0.01107623
0.01299069
0.01451231
0.01566622
0.01619385
0.01587164
0.01470364
0.01288028
0.01070942
0.008461206
0.006387774
0.004805727
0.003974256
0.004025246
0.004936766
0.006611776
0.008914677
0.01164026
0.01444909
0.01685659
0.01853802
0.01950882
0.02011538
0.02076829
0.02161084
0.02262246
0.02382701
0.02534229
0.02717384
0.0290355
0.03049242
0.03126902
0.03142345
0.03110618
0.03031961
0.02901834
0.02716223
0.02467108
0.02144292
0.01755422
0.01324771
0.008922785
0.005018385
0.001760368
-0.0007850321
-0.002653619
-0.003926062
-0.004729333
-0.005082845
-0.004974934
-0.004408182
-0.003410676
-0.002090525
-0.0005493147
0.001260851
0.003504469
0.006324012
0.009658526
0.01335263
0.01729879
0.02154262
0.02612126
0.03089863
0.03555291
0.03963132
0.04275742
0.0447161
0.04549505
0.04514844
0.04375122
0.04131688
0.03781912
0.03332443
0.02790021
0.02158578
0.01447504
0.006794581
-0.001102163
-0.008732337
-0.01572223
-0.021999
-0.02744418
-0.03188898
-0.03531147
-0.03777292
-0.03931718
-0.03999553
-0.03986328
-0.03903267
-0.03766194
-0.03588759
-0.03390687
-0.03191921
-0.02991083
-0.02771423
-0.02530924
-0.0229715
-0.02096934
-0.01949529
-0.01870268
-0.01862766
-0.01917654
-0.02026209
-0.0217607
-0.02338284
-0.02474382
-0.02560486
-0.02602237
-0.02609075
-0.02591705
-0.02565689
-0.02549962
-0.0256867
-0.02632939
-0.02722027
-0.02798445
-0.02831495
-0.02809333
-0.02750159
-0.02689255
-0.02652054
-0.02648914
-0.02686381
-0.02767756
-0.02881226
-0.03000194
-0.0310245
-0.03169921
-0.03180097
-0.0311528
-0.02966177
-0.02739778
-0.02460798
-0.02153937
-0.01823748
-0.01461049
-0.01056959
-0.006130873
-0.001506367
0.003128976
0.007649641
0.01177082
0.01507194
0.01718244
0.01796006
0.01734193
0.01535777
0.01234594
0.008778892
0.0049322
0.001105318
-0.002192622
-0.00445853
-0.005459448
-0.005230797
-0.003974937
-0.00199581
0.0004100688
0.002962535
0.005630219
0.008364856
0.01093681
0.01323903
0.01524179
0.01696965
0.01848788
0.01984521
0.02099881
0.02192859
0.02255108
0.0226506
0.02200861
0.02045638
0.01793418
0.0145916
0.01064879
0.006387687
0.002030054
-0.002185034
-0.00593662
-0.00900098
-0.01136489
-0.01310427
-0.0143809
-0.0154194
-0.01628287
-0.01690167
-0.01721342
-0.01720665
-0.01682357
-0.01600766
-0.01480372
-0.01329969
-0.01153732
-0.009571621
-0.00746518
-0.005350835
-0.003358063
-0.001505836
0.0001312648
0.001512024
0.00267654
0.003638464
0.004449176
0.005169744
0.005919473
0.006860845
0.008064331
0.009474641
0.01091456
0.01216177
0.01312377
0.01379661
0.01418747
0.01434791
0.01435795
0.01425007
0.0138499
0.01281767
0.01093812
0.008256294
0.004926841
0.001057324
-0.003362072
-0.008248269
-0.01325437
-0.01805442
-0.02245098
-0.02635945
-0.02971594
-0.03249897
-0.03470475
-0.03616817
-0.03666752
-0.03615059
-0.03480469
-0.03285251
-0.03046693
-0.02778755
-0.02494389
-0.02204369
-0.01921695
-0.01667321
-0.01458994
-0.01301016
-0.01194576
-0.01137422
-0.01119231
-0.01128933
-0.0116842
-0.01246941
-0.01368401
-0.01530657
-0.0172134
-0.0193147
-0.02163891
-0.02418272
-0.02675256
-0.02901207
-0.03063416
-0.03143436
-0.03139828
-0.03062842
-0.02936486
-0.02786045
-0.02629175
-0.02459546
-0.02256826
-0.02010104
-0.01727425
-0.01428031
-0.0112991
-0.008408493
-0.005625651
-0.003050526
-0.0008586635
0.000875991
0.00209491
0.002768914
0.002979938
0.002896445
0.002556771
0.001909269
0.001077111
0.0003438796
-7.928969e-05
-0.000167883
-6.136283e-05
7.402728e-05
0.0001356686
0.0001197449
6.922864e-05
3.239479e-05
-7.594806e-06
-0.0002116849
-0.0007813982
-0.001684879
-0.00285834
-0.004129905
-0.00521307
-0.006148269
-0.007037624
-0.007785424
-0.008265981
-0.008406068
-0.008141035
-0.007394961
-0.006217439
-0.004751008
-0.003159941
-0.001447617
0.0003911251
0.002248915
0.004022408
0.005779197
0.007575231
0.009231828
0.01058718
0.01171002
0.01275971
0.01375949
0.01456942
0.01519119
0.01570858
0.01625405
0.01686026
0.01740475
0.01778758
0.01809953
0.01845891
0.01882818
0.01908053
0.01899151
0.01837643
0.01725292
0.01576837
0.0139795
0.01183733
0.009390692
0.00674716
0.00414015
0.0018683
6.25384e-05
-0.001371324
-0.002645613
-0.003797044
-0.00452451
-0.004601997
-0.004056367
-0.003008618
-0.001807007
-0.0005791488
0.0007924521
0.002322964
0.003943196
0.005399344
0.006385261
0.006796734
0.006629788
0.006042326
0.005388837
0.004950126
0.004823481
0.005055328
0.005734087
0.006842606
0.008272776
0.009958148
0.01186483
0.01365328
0.0150684
0.01587371
0.01597448
0.01534989
0.01402547
0.01214823
0.009526419
0.006109002
0.0022986
-0.001382439
-0.004622724
-0.007312575
-0.009562118
-0.01145129
-0.0127887
-0.01348071
-0.01346347
-0.01277189
-0.01140993
-0.009531776
-0.00733633
-0.004916732
-0.002158684
0.001122892
0.004854247
0.008627631
0.01236501
0.01599362
0.01929738
0.02211543
0.02446337
0.02651302
0.0283444
0.03000733
0.03137991
0.03226142
0.03246337
0.03189949
0.03071787
0.02904552
0.02691968
0.02411361
0.02054159
0.01648337
0.01222998
0.008138158
0.004480456
0.001321101
-0.001321834
-0.00341549
-0.005059975
-0.006325341
-0.007070741
-0.007056213
-0.006241191
-0.00484317
-0.003200562
-0.001469789
0.0004608166
0.002748026
0.005415231
0.008113253
0.01044851
0.01235911
0.01383994
0.01484936
0.01535729
0.01534726
0.01478447
0.01373532
0.01223526
0.01026519
0.007834433
0.005056735
0.001888689
-0.001729991
-0.00555065
-0.00942742
-0.01333548
-0.01712117
-0.02061028
-0.02360926
-0.02587454
-0.02722175
-0.02773142
-0.0275859
-0.02681475
-0.02531894
-0.02332256
-0.02121746
-0.01912067
-0.01702751
-0.01499716
-0.01314295
-0.01151936
-0.01018961
-0.009161507
-0.008258222
-0.007260991
-0.006033404
-0.004714539
-0.003413014
-0.002160326
-0.001006321
-3.604758e-06
0.0007066047
0.0009567617
0.0005699298
-0.0004363096
-0.00198276
-0.003901279
-0.006022599
-0.008192677
-0.01034424
-0.01245654
-0.01444554
-0.01622755
-0.01767529
-0.01863335
-0.01907243
-0.01902502
-0.01848981
-0.01746972
-0.01598141
-0.01399759
-0.01178702
-0.009569961
-0.00734338
-0.005109914
-0.002818102
-0.0004758846
0.00176724
0.003734906
0.005293817
0.00641788
0.007210657
0.007838806
0.008366822
0.008751782
0.009036998
0.009352711
0.009817193
0.01037125
0.01092338
0.01145949
0.01185729
0.01192739
0.01159392
0.01093061
0.01010305
0.009181533
0.008130732
0.006904802
0.005525192
0.004057281
0.002573184
0.001114408
-0.0003055461
-0.001705361
-0.003021907
-0.004149518
-0.00504202
-0.005664261
-0.006005785
-0.006027558
-0.005706658
-0.005184433
-0.004699392
-0.004333408
-0.003991421
-0.003623103
-0.003281021
-0.003048694
-0.003046661
-0.003271954
-0.003487843
-0.003425082
-0.002968908
-0.002292396
-0.001693582
-0.001375864
-0.001250283
-0.001065703
-0.0007163347
-0.0003085085
8.364829e-05
0.0004995808
0.001019507
0.001844065
0.003250284
0.005283219
0.007625965
0.009920642
0.01210478
0.01427456
0.01642243
0.0183409
0.01981191
0.02079339
0.02127253
0.02124662
0.02079715
0.02000073
0.01900253
0.01799753
0.01712801
0.01650079
0.01615995
0.0160614
0.01615877
0.01647511
0.01695273
0.01741884
0.01773101
0.01784924
0.01778241
0.0174949
0.01704519
0.01661287
0.01629523
0.01600214
0.01559927
0.01501799
0.01434913
0.01374593
0.0131658
0.01241968
0.01136372
0.009958339
0.008213736
0.006267072
0.004358923
0.002720922
0.001494307
0.0006390944
0.0001155505
6.649658e-06
0.0003326992
0.0009963956
0.001759246
0.002341862
0.002610561
0.002610053
0.002435459
0.002099579
0.001597399
0.0009400919
0.0002396221
-0.0003629246
-0.0008773193
-0.001384239
-0.001969426
-0.00265222
-0.0035125
-0.00474596
-0.006385499
-0.008283811
-0.01031044
-0.01227468
-0.01384748
-0.01476779
-0.01503832
-0.01484948
-0.01438424
-0.01377958
-0.01305316
-0.01212161
-0.01094328
-0.009559124
-0.00807036
-0.006627473
-0.005407704
-0.004416752
-0.003472212
-0.002430511
-0.001341528
-0.0003276754
0.0005323573
0.001251183
0.001835531
0.002286985
0.002707993
0.003142643
0.003524178
0.003826503
0.004156056
0.00456677
0.00496883
0.005212543
0.005083492
0.00444341
0.003456403
0.002367411
0.00126261
0.0001101247
-0.001150732
-0.002528198
-0.003988331
-0.005481515
-0.006934767
-0.008166965
-0.008998562
-0.009512679
-0.009919342
-0.01041353
-0.01103538
-0.01163524
-0.0121803
-0.01268286
-0.01309604
-0.01335697
-0.0134456
-0.01340327
-0.01331687
-0.01325093
-0.01320439
-0.01303309
-0.01266348
-0.01222089
-0.01188028
-0.01173672
-0.01175842
-0.01184693
-0.01191373
-0.01192714
-0.01190244
-0.01187303
-0.01185873
-0.01186405
-0.01190639
-0.01210371
-0.01249977
-0.01295128
-0.01328306
-0.01337099
-0.01312605
-0.01257622
-0.0117822
-0.01063736
-0.009227123
-0.007790315
-0.006477265
-0.005406103
-0.004566154
-0.003884687
-0.003380163
-0.003079083
-0.002977059
-0.002997672
-0.003032635
-0.002915296
-0.002681619
-0.002382408
-0.001894789
-0.001211334
-0.0003933565
0.0004511597
0.001281272
0.002205991
0.003332215
0.004682427
0.006166032
0.00767547
0.00914259
0.0105671
0.01196489
0.01336553
0.01477932
0.01618316
0.01741759
0.01839061
0.0190903
0.01950982
0.01972134
0.01993961
0.02028362
0.02055836
0.02066026
0.02056005
0.02025028
0.01989334
0.01962866
0.01967046
0.020066
0.02061109
0.02104119
0.02136245
0.02170266
0.02206114
0.02235591
0.02251386
0.02253419
0.02248046
0.0224215
0.02240835
0.02244393
0.02250063
0.02254193
0.02255679
0.02254823
0.02253525
0.02252145
0.02238236
0.02200884
0.02153965
0.0210149
0.02046716
0.01985953
0.01919493
0.0184781
0.01761066
0.01652268
0.01522279
0.01378184
0.01217045
0.01019885
0.007931381
0.005385911
0.002666289
-1.877283e-05
-0.002622573
-0.005206954
-0.007720811
-0.01009837
-0.01216525
-0.01359371
-0.01425296
-0.01428532
-0.01388192
-0.01310194
-0.01198259
-0.01046127
-0.008431235
-0.006049437
-0.003698434
-0.001559912
0.0005364199
0.002567865
0.004467201
0.006284858
0.007999455
0.009469706
0.01045242
0.01087965
0.01088824
0.01060316
0.01011198
0.009478248
0.008609302
0.007616013
0.006636777
0.005804414
0.005105575
0.004461524
0.00379941
0.002955158
0.001991949
0.001019282
1.728303e-05
-0.001110917
-0.002256422
-0.003422335
-0.004621762
-0.005774113
-0.006787976
-0.007481555
-0.007656329
-0.007272507
-0.006370514
-0.00481246
-0.002732325
-0.0005014928
0.001635153
0.003784104
0.005977666
0.008098126
0.009833749
0.01090113
0.01112961
0.01052863
0.0093088
0.007777758
0.006050095
0.004024917
0.001595725
-0.001190844
-0.004159994
-0.007130876
-0.009884772
-0.01232243
-0.0144994
-0.01626063
-0.0175433
-0.0183834
-0.01884272
-0.01887532
-0.01850803
-0.0178345
-0.01701463
-0.01632571
-0.01580283
-0.01535277
-0.01497571
-0.01470929
-0.01459438
-0.01446365
-0.01414558
-0.01371157
-0.01332951
-0.01313036
-0.01297609
-0.01268055
-0.01213674
-0.01137976
-0.0106814
-0.01010853
-0.009622524
-0.009103611
-0.008501558
-0.007804366
-0.007052141
-0.006429396
-0.00592616
-0.005318267
-0.004395376
-0.003111191
-0.001578123
2.60722e-05
0.001562938
0.00299149
0.0042085
0.005037006
0.00527991
0.004899574
0.004090521
0.003016911
0.001801392
0.0003380925
-0.001437763
-0.003508229
-0.005732398
-0.007697655
-0.009116494
-0.01011648
-0.01073533
-0.0109176
-0.01063196
-0.009976475
-0.008945436
-0.007289061
-0.004956616
-0.002165598
0.0005070047
0.002730326
0.004696201
0.006803779
0.009272823
0.01191611
0.01432393
0.01621459
0.01745519
0.01806772
0.01819066
0.01790174
0.01718179
0.01603608
0.01444161
0.01250443
0.0104799
0.008485816
0.006538712
0.004706958
0.003068246
0.001760335
0.0008030095
0.0001345056
-0.0002728702
-0.0004635319
-0.0004980672
-0.0004292632
-0.0001843157
0.0002764601
0.0009290824
0.001654179
0.002223042
0.002513997
0.002543718
0.002415058
0.002096813
0.001479376
0.0006170838
-0.000366894
-0.001414522
-0.002373596
-0.003085109
-0.003590346
-0.004043733
-0.004588055
-0.005250681
-0.005871425
-0.006438004
-0.006984493
-0.007591446
-0.008270186
-0.009034346
-0.009961342
-0.01111178
-0.01249596
-0.01416418
-0.01605734
-0.01797026
-0.01971251
-0.02123514
-0.0225761
-0.02369248
-0.02443987
-0.02475169
-0.02457919
-0.02400472
-0.02305733
-0.02183348
-0.02042357
-0.01893877
-0.01743058
-0.01585563
-0.01438535
-0.01314568
-0.012088
-0.01116279
-0.01033088
-0.009596621
-0.009072488
-0.008837278
-0.008986979
-0.00950609
-0.01031474
-0.01138239
-0.01262952
-0.01385535
-0.01489494
-0.01564402
-0.01605416
-0.01617181
-0.01611435
-0.01601105
-0.01589179
-0.01571021
-0.01555773
-0.01556353
-0.01577363
-0.01621746
-0.01679157
-0.01729355
-0.01757546
-0.01757178
-0.01720315
-0.01646172
-0.01550528
-0.01447352
-0.01342982
-0.01245561
-0.01158072
-0.0108093
-0.01011311
-0.009457109
-0.00879923
-0.00811559
-0.007339279
-0.006364257
-0.005208845
-0.004048226
-0.003045353
-0.002253249
-0.001602542
-0.001033394
-0.0005911667
-0.0003299041
-0.0002507075
-0.0002857241
-0.0003510757
-0.0003886736
-0.0003876698
-0.0003633512
-0.001842911
-0.001536587
-0.001060843
-0.0005091234
8.485002e-05
0.0007198805
0.001414635
0.002167027
0.002962009
0.003715328
0.004278987
0.004584596
0.004727775
0.004896959
0.005082359
0.005220674
0.005406933
0.0057134
0.006085265
0.006408647
0.006600371
0.00666365
0.006712732
0.006935525
0.00742608
0.008158995
0.009018405
0.009877577
0.01055359
0.01080307
0.01054589
0.009784033
0.00850565
0.006836096
0.00499175
0.003041327
0.0009630437
-0.001147304
-0.003090801
-0.004676529
-0.005793239
-0.006511254
-0.006947943
-0.007169471
-0.007222391
-0.007100566
-0.006687354
-0.005908623
-0.004831995
-0.00343844
-0.001699369
0.0001953595
0.002019703
0.003519672
0.0044714
0.004864734
0.004885452
0.004786629
0.004744232
0.004804423
0.004916009
0.00501564
0.005078087
0.005113226
0.005136173
0.005103559
0.004899877
0.004476417
0.003827212
0.002989584
0.002104525
0.001291209
0.0006125198
4.678066e-05
-0.0004183287
-0.0007319324
-0.0008636964
-0.0008388212
-0.0007308471
-0.000612608
-0.0005245597
-0.0004656648
-0.0003649689
-9.456068e-05
0.0003459423
0.0008535222
0.00139206
0.001960845
0.00257343
0.003173227
0.003634166
0.003888364
0.004013443
0.004204688
0.004543571
0.004930325
0.005221393
0.005391797
0.00557598
0.005859427
0.006178775
0.006422756
0.00657301
0.006752644
0.007079411
0.007586857
0.008204286
0.00887837
0.009607954
0.01033485
0.01100081
0.0115251
0.01182658
0.01189766
0.01180863
0.01165719
0.01147489
0.01119086
0.01074734
0.01014409
0.009451261
0.008752278
0.008099792
0.007453553
0.006697167
0.005812491
0.004919266
0.004141781
0.003560954
0.003223672
0.003141131
0.003365012
0.00393517
0.00480445
0.005832726
0.006891421
0.007905927
0.008824232
0.009542385
0.009913658
0.009837126
0.009398231
0.008826415
0.00826373
0.00776587
0.007290299
0.006789321
0.006221408
0.005489811
0.00446645
0.003050099
0.001290554
-0.0006418037
-0.002481251
-0.004049805
-0.005235078
-0.006030369
-0.00658688
-0.006991299
-0.00722784
-0.007268326
-0.007122373
-0.006784494
-0.006282437
-0.005657536
-0.004920873
-0.004141365
-0.003278545
-0.002191513
-0.0008849438
0.0004832394
0.001818274
0.00314425
0.004447778
0.005642231
0.006649773
0.007442743
0.007982139
0.008165789
0.007993178
0.007610787
0.007133552
0.006585789
0.006013695
0.005458551
0.004969189
0.00461785
0.004430474
0.004373844
0.004372746
0.004364931
0.004326079
0.004266703
0.004217112
0.004254939
0.004403811
0.004592122
0.004785277
0.004960215
0.005075384
0.00512048
0.005157376
0.00523488
0.005316335
0.005316858
0.005149681
0.004835309
0.004466327
0.00409796
0.003744357
0.003392279
0.00302831
0.00263109
0.002185778
0.001733596
0.001319586
0.0009915303
0.0007859539
0.0007184683
0.0007923213
0.0009565468
0.001094202
0.001070396
0.0008110757
0.0003566595
-0.0001853004
-0.0007112154
-0.00117264
-0.001572624
-0.001919485
-0.002160606
-0.002215394
-0.002081269
-0.001835821
-0.001552455
-0.001294482
-0.001105402
-0.0009937887
-0.0009505084
-0.0009724236
-0.00103099
-0.00106249
-0.001001338
-0.0008346058
-0.0005863676
-0.0002752915
8.4163e-05
0.0004534241
0.0008060438
0.001132314
0.001420622
0.00166445
0.001856111
0.001984531
0.002051831
0.00206437
0.002016538
0.001900113
0.001724977
0.001509243
0.001257894
0.0009676633
0.000654457
0.0003618259
0.0001329225
-1.923523e-05
-0.0001002584
-0.0001155314
-8.676097e-05
-4.235686e-05
2.429969e-06
3.787164e-05
5.431547e-05
4.474056e-05
4.84408e-06
-4.9029e-05
-8.696251e-05
-9.68627e-05
-9.04144e-05
-8.69088e-05
-9.78124e-05
-0.000122198
-0.0001471498
-0.0001592577
-0.0001597862
-0.0001561357
-0.0001533822
-0.0001571661
-0.0001718828
-0.0002011307
-0.0002451536
-0.000296279
-0.0003439921
-0.0003815476
-0.0004089899
-0.0004308362
-0.0004517382
-0.0004718062
-0.0004883352
-0.0005022688
-0.0005196603
-0.000546098
-0.0005799424
-0.0006146418
-0.0006427012
-0.0006608079
-0.0006709383
-0.0006779193
-0.0006847712
-0.0006920054
-0.000701823
-0.0007160587
-0.0007343618
-0.000755884
-0.0007798482
-0.0008054084
-0.0008314806
-0.0008577977
-0.000884509
-0.0009114353
-0.0009379123
-0.0009631468
-0.0009866178
-0.001007311
-0.001024062
-0.001037276
-0.001048425
-0.001059015
-0.001070323
-0.001082676
-0.001095898
-0.001110177
-0.001125665
-0.001141974
-0.001158318
-0.001173974
-0.001188539
-0.001201952
-0.001214525
-0.001226379
-0.001237515
-0.001247898
-0.001257462
-0.001266238
-0.001274374
-0.001282052
-0.001289409
-0.001296497
-0.001303314
-0.001309833
-0.001316076
-0.001322062
-0.001327774
-0.001333223
-0.001338376
-0.001343192
-0.001347654
-0.001351759
-0.001355505
-0.001358907
-0.001362004
-0.001364822
-0.00136737
-0.001369646
-0.001371654
-0.001373404
-0.001374904
-0.00137616
-0.001377167
-0.001377917
-0.001378404
-0.001378621
-0.001378569
-0.001378244
-0.001377646
-0.001376771
-0.001375616
-0.001374182
-0.001372465
-0.001370466
-0.001368183
-0.001365616
-0.001362764
-0.001359625
-0.001356201
-0.001352488
-0.001348488
-0.001344199
-0.001339621
-0.001334754
-0.001329595
-0.001324146
-0.001318406
NaN
NaN
NaN
