-6.542344e-05
-6.383989e-05
-6.224215e-05
-6.063448e-05
-5.901402e-05
-5.738235e-05
-5.573685e-05
-5.40836e-05
-5.241893e-05
-5.075082e-05
-4.906897e-05
-4.735659e-05
-4.564287e-05
-4.395657e-05
-4.226296e-05
-4.053861e-05
-3.879885e-05
-3.704179e-05
-3.522792e-05
-3.334458e-05
-3.140591e-05
-2.960855e-05
-2.802123e-05
-2.641857e-05
-2.456043e-05
-2.227874e-05
-2.024415e-05
-1.865767e-05
-1.642611e-05
-1.373961e-05
-1.169129e-05
-9.692424e-06
-7.669135e-06
-6.3651e-06
-5.040639e-06
-3.215471e-06
-1.121687e-06
1.812943e-06
6.24015e-06
1.110618e-05
1.551331e-05
1.619052e-05
1.560371e-05
1.505022e-05
1.645408e-05
1.597283e-05
1.320165e-05
1.49972e-05
1.858023e-05
1.829177e-05
1.282082e-05
1.071809e-05
1.263304e-05
1.532451e-05
2.159686e-05
2.98272e-05
3.081944e-05
3.36099e-05
4.44994e-05
5.38555e-05
6.4731e-05
8.160318e-05
8.934196e-05
0.0001047558
0.0001216035
0.000120939
0.0001049592
8.729174e-05
7.449295e-05
6.993644e-05
7.380392e-05
7.046428e-05
7.224504e-05
6.870699e-05
7.415782e-05
0.000103829
0.0001079451
8.901326e-05
0.0001024029
0.0001213251
0.000132198
0.0001363423
0.0001419776
0.0001486403
0.0001635515
0.0002198038
0.000249697
0.0002494065
0.0002612788
0.0003036869
0.0003629876
0.0003924396
0.0003812261
0.0003211482
0.0002912703
0.0002917079
0.0003156241
0.0003671579
0.0004142325
0.0005148208
0.0005152184
0.0003179391
0.0001396041
4.483966e-05
1.766582e-05
-1.409911e-06
-6.441908e-05
-4.533447e-06
0.0001322257
0.0001977398
0.0002961991
0.0003963646
0.0002651737
0.0001176492
9.615759e-05
0.0002373224
0.0003210809
0.0004426889
0.0006766096
0.0007935894
0.0008104879
0.0007860948
0.000815021
0.0008420136
0.0007033175
0.0005379088
0.0003645849
7.151628e-05
-9.299462e-05
-1.727589e-05
0.0001078564
0.0001727094
5.342075e-05
-0.0001765386
-0.0003991529
-0.0004157743
-0.0004068975
-0.0004446483
-0.0004653464
-0.0004577918
-0.0002521059
0.000195787
0.000476489
0.0004917429
0.0002732428
-1.224798e-05
0.0001745198
0.0004715518
0.0004882702
0.0004552435
0.0007443336
0.001127536
0.001090508
0.0007443802
0.0006352434
0.0003396202
-0.0001207629
-0.0005600086
-0.0006910861
-0.0009204847
-0.001293106
-0.001177458
-0.0006884748
-0.0007241046
-0.0002452968
0.0003720178
0.0006326856
0.0002938338
6.663557e-05
0.0001529019
0.0003555446
0.0009184654
0.001080298
0.001012442
0.001265365
0.001947206
0.001924397
0.00117226
0.0006406347
0.0005132911
0.0003640236
0.0002841611
-2.374197e-05
-0.000365169
-0.000655934
-0.0004257129
0.0003505955
0.0004945599
0.0003188644
-0.0003109803
-0.001616355
-0.001917859
-0.001475195
-0.0006649437
0.000198585
-0.0003988061
-0.001342836
-0.001491669
-0.0006101934
-0.0006194133
-0.0008312002
-0.0002021113
0.001579551
0.003177303
0.003115519
0.001944257
0.0008161407
-0.0007073895
-0.002053807
-0.002067123
-0.001023951
0.0006437396
0.000178946
-0.0007868694
-0.0005310078
1.65407e-06
0.0009798026
0.0008864648
-0.0003855962
-0.001430474
-0.001961125
-0.00122952
0.0002428493
0.000379231
-0.0002060369
0.000179644
6.214163e-05
-8.907935e-05
1.317965e-05
0.0005924834
0.00133992
0.0001654815
-0.001421165
-0.003039385
-0.003573313
-0.003155893
-0.003484406
-0.003295253
-0.002953802
-0.00362532
-0.003906462
-0.003547237
-0.002259873
-0.001631073
-0.001877863
-0.001888427
-0.001050958
0.001425145
0.002791669
0.003075941
0.004315109
0.004700809
0.003552685
0.002289844
0.002400738
0.00159315
0.0001188324
0.0001528984
0.001334121
0.002595618
0.00251006
0.002640291
0.002932727
0.002489775
0.002502453
0.002626784
0.002570151
0.002180141
0.001715947
0.002605271
0.00311896
0.004190009
0.005166382
0.004377772
0.00252825
0.002536623
0.001624546
6.12825e-05
0.0001763944
0.0004151171
0.0007812635
0.0002417959
-0.001268179
-0.002373926
-0.002193102
-0.00205893
-0.00217643
-0.002094605
-0.001787106
0.0001221204
0.001007524
0.0008770031
0.002908519
0.005087198
0.006575068
0.006726976
0.007233697
0.00682872
0.00482097
0.004113985
0.004228
0.004672967
0.003252541
0.001942239
0.001685109
1.375632e-05
-0.0004461202
0.0002880901
0.003220737
0.007023311
0.009944956
0.01184635
0.0112726
0.008658469
0.006267861
0.001216852
-0.005541478
-0.01036193
-0.01453852
-0.01667581
-0.01606029
-0.01365813
-0.009723062
-0.005879872
-0.003214757
-0.0002237768
-0.000417728
-0.00351154
-0.00552089
-0.003966122
-0.002054634
-0.002495748
-0.002683509
-0.00233412
-0.002310156
-0.002325569
-0.002984229
-0.004787182
-0.006200609
-0.008781118
-0.01139446
-0.01028157
-0.006765074
-0.003522233
-0.001348896
-0.000577929
-0.0007458693
-0.0008353539
-0.0002878791
0.00192424
0.001350683
-0.002250699
-0.005731664
-0.004565935
-0.000432005
0.002953043
0.004886229
0.005823436
0.005581645
0.003241541
0.0006001839
0.0004555861
0.002813786
0.004627387
0.006094534
0.00765591
0.008920824
0.008811173
0.008672093
0.007616855
0.004106913
0.001194513
-0.0001995333
-0.0004209202
0.001085284
0.003069773
0.002073507
-4.33381e-05
0.0001593481
0.0004945221
0.0007435487
0.0004922066
0.001488286
0.003340984
0.003153102
0.00314917
0.00547595
0.006995449
0.008442497
0.00875787
0.008667299
0.008740093
0.00748024
0.004102083
0.0001414062
-0.002196681
-0.003729897
-0.005407967
-0.005400756
-0.003566296
0.001489089
0.004143917
0.004093518
0.00563032
0.006163872
0.005824138
0.004319726
0.002944433
0.004685298
0.005340773
0.003018708
0.00376715
0.006186477
0.006514135
0.006667029
0.005833449
0.005812145
0.005955691
0.005627596
0.003573883
0.0008164526
0.0001925187
0.0005381404
0.0003723787
0.0006788988
0.002888743
0.002161462
-0.002056774
-0.005183016
-0.005267056
-0.006211344
-0.008232819
-0.008220593
-0.007865416
-0.007748591
-0.005944163
-0.006239384
-0.008315396
-0.008547613
-0.008317028
-0.006784726
-0.002565969
0.003517113
0.007082675
0.007687231
0.00526378
0.002380752
-0.001196462
-0.002641006
-0.002304683
-0.002391547
-0.003998881
-0.005599029
-0.005344877
-0.005245949
-0.006838708
-0.007976641
-0.004908215
-0.001165499
0.0004411623
0.001714116
0.003154213
0.003155497
0.002943169
0.004090689
0.006084947
0.005896501
0.004057542
0.002875277
0.003170829
0.003035664
0.0002169874
-0.002726133
-0.004660685
-0.005244549
-0.005217744
-0.006935433
-0.009007593
-0.01084854
-0.01318758
-0.01428438
-0.01382576
-0.01305698
-0.01149272
-0.008741215
-0.004550863
-0.001724646
9.021116e-05
0.001279527
0.003079297
0.004129307
0.003898625
0.004157974
0.006199046
0.00727869
0.006944018
0.005273396
0.004186705
0.004229845
0.002096662
-0.0006956883
-0.0009225255
0.001257483
0.002466133
0.00173753
-0.0001680416
-0.002438305
-0.005130997
-0.007910434
-0.01020183
-0.01096482
-0.008849865
-0.009112183
-0.008702647
-0.005050964
-0.002471295
-0.004293595
-0.00600036
-0.005478235
-0.006099762
-0.008614403
-0.01068419
-0.01114546
-0.01141976
-0.01191517
-0.01104637
-0.01138268
-0.01299834
-0.01400405
-0.01529552
-0.01763787
-0.0193494
-0.0190541
-0.01889225
-0.01903051
-0.01764704
-0.01597657
-0.01781068
-0.01963392
-0.01883311
-0.01820199
-0.01800799
-0.01576073
-0.01352678
-0.01081385
-0.007828507
-0.006474973
-0.005200505
-0.003508782
-0.00504135
-0.006708341
-0.006196965
-0.005982341
-0.007948687
-0.01094536
-0.01177664
-0.01128016
-0.01134212
-0.01082568
-0.008605363
-0.006531909
-0.004711473
-0.002364635
0.0006139925
0.005781052
0.00878791
0.008229484
0.008101252
0.0084972
0.008462587
0.008341046
0.00837567
0.009456574
0.01194565
0.01396263
0.01457562
0.01280945
0.009710777
0.006472856
0.003790863
0.002663537
0.002972049
0.005157115
0.008155448
0.01061757
0.01218202
0.01390025
0.0129201
0.0107886
0.011013
0.01161256
0.01359688
0.01760945
0.02130999
0.02332336
0.02499619
0.02534641
0.02493221
0.02265111
0.01829765
0.01244283
0.005904565
-2.855114e-05
-0.005592373
-0.008176746
-0.008564354
-0.007742003
-0.004314593
-0.0003086603
0.003347058
0.00615788
0.01023764
0.01621972
0.022541
0.02886582
0.03355172
0.03455227
0.03394194
0.03177005
0.02775114
0.02302192
0.01708744
0.01089245
0.007801008
0.006846923
0.008258149
0.00699445
0.003030972
-0.001474801
-0.008122281
-0.01439761
-0.01733477
-0.01842913
-0.0185112
-0.01857406
-0.01860821
-0.01859507
-0.01824379
-0.01611444
-0.0156077
-0.01782308
-0.02066616
-0.02263113
-0.02425249
-0.02629043
-0.02555473
-0.0219134
-0.01791261
-0.01411672
-0.01019859
-0.005026315
-0.0009742123
0.003600734
0.008563302
0.01202234
0.01432993
0.01597515
0.01619569
0.01614829
0.01782311
0.01946808
0.01892232
0.01668709
0.01363409
0.0104056
0.008108659
0.007929836
0.008122386
0.009735837
0.01357054
0.01837909
0.02198842
0.02253612
0.02184474
0.02120139
0.01858352
0.01441791
0.01314761
0.01375788
0.0132652
0.0109924
0.007887306
0.004209138
-0.0002914312
-0.006099444
-0.00993646
-0.01161901
-0.01180196
-0.01263615
-0.01307132
-0.0117979
-0.01148466
-0.01160236
-0.009546528
-0.00743311
-0.005708053
-0.004773153
-0.001903563
0.001962951
0.005404225
0.006927854
0.006765508
0.00574541
0.002952735
-0.0002446335
-0.002734125
-0.004481905
-0.006357417
-0.007255066
-0.008958723
-0.009933259
-0.01164899
-0.01505694
-0.01815772
-0.01837208
-0.01908795
-0.02065343
-0.02053681
-0.01904545
-0.01591381
-0.01236479
-0.00913859
-0.005400747
-0.001992962
0.0009208007
0.004455516
0.004620463
0.0005931468
-0.003317925
-0.005058785
-0.006432155
-0.00521762
-0.003320214
-0.003312385
-0.001414702
6.492029e-05
-5.954976e-06
-0.0006469529
-0.0007080705
-0.0002469389
0.001489241
0.002565909
0.001843511
0.001739709
0.0005406331
-0.001621164
-0.005887448
-0.009759798
-0.01317009
-0.01340493
-0.01296317
-0.01150294
-0.006029421
0.000104128
0.004201905
0.007923885
0.01256818
0.01710794
0.02020104
0.02136697
0.02119052
0.02127763
0.01997262
0.01837388
0.01686376
0.01323141
0.008223049
0.002610716
-0.001342442
-0.001862471
0.00142369
0.006886358
0.01248006
0.01696901
0.02081346
0.02594071
0.02776153
0.02686764
0.02519446
0.02284568
0.01952061
0.01650479
0.01382859
0.01363796
0.01298217
0.01049847
0.007880601
0.00416375
-0.001523345
-0.007018783
-0.01120973
-0.01541967
-0.0195957
-0.02197644
-0.0234517
-0.02500523
-0.02517225
-0.02862557
-0.03482576
-0.04050387
-0.04729511
-0.05290284
-0.05594961
-0.05667259
-0.0544869
-0.05222465
-0.04916298
-0.04395412
-0.03865416
-0.03397606
-0.03100214
-0.02957055
-0.02828429
-0.02490643
-0.01863746
-0.01018209
-0.002383553
0.003389462
0.006308045
0.005807629
0.003866767
0.002477986
0.0002774115
-0.001399703
0.0001437995
0.001991519
0.001574712
0.001350184
0.002910312
0.005936987
0.00751243
0.0088962
0.01151367
0.01524907
0.02216942
0.02869296
0.03437992
0.03954243
0.04266244
0.04329592
0.04058224
0.0376675
0.03522205
0.03249186
0.02807293
0.02244749
0.01878128
0.01482508
0.01204445
0.01118422
0.01358847
0.01649326
0.0196102
0.02202321
0.02132456
0.01740642
0.01342753
0.01154674
0.01076209
0.01090297
0.01176417
0.01354074
0.01485448
0.01427922
0.01231988
0.01056103
0.008066347
0.004002166
-0.001619309
-0.006547981
-0.009160019
-0.010009
-0.009881185
-0.008166719
-0.006856439
-0.005470466
-0.005386625
-0.007233712
-0.00726286
-0.006866932
-0.006368226
-0.003703038
-0.001302375
-0.001379793
-0.001617944
-0.001423199
-0.00315033
-0.006662785
-0.009049094
-0.00974466
-0.009794895
-0.009178075
-0.003577937
0.005496536
0.01462139
0.02296132
0.02843214
0.02904627
0.0261419
0.02234796
0.02053466
0.01886031
0.01568581
0.01180658
0.009188587
0.007197495
0.007010531
0.005542982
0.003394467
-0.0007876124
-0.006639751
-0.01216895
-0.01745429
-0.0206138
-0.02101456
-0.02288356
-0.02338821
-0.02296308
-0.02415495
-0.0265677
-0.02970962
-0.03375963
-0.03929832
-0.04490121
-0.04907719
-0.05050345
-0.05202587
-0.05275441
-0.04975373
-0.04471408
-0.0390417
-0.0334638
-0.0277983
-0.02214359
-0.01766433
-0.01430829
-0.01072148
-0.006696543
-0.004554187
-0.004687191
-0.004785968
-0.005044126
-0.004584664
-0.003564347
-0.0006627364
0.004331488
0.0101133
0.01557856
0.01914229
0.02233002
0.02603315
0.02887892
0.03033426
0.03211557
0.03278841
0.0345693
0.03530331
0.03581019
0.03869668
0.04107717
0.04269083
0.0446141
0.04633613
0.04731952
0.05008981
0.05228565
0.05399965
0.05473266
0.05455947
0.05347873
0.05102524
0.04782933
0.04229118
0.03446014
0.02708839
0.01964194
0.009714796
-0.001377574
-0.01088956
-0.01859431
-0.02410258
-0.02964528
-0.03535053
-0.04087377
-0.04635838
-0.05097151
-0.05197274
-0.05145929
-0.04965164
-0.04610443
-0.04302968
-0.04234568
-0.04187564
-0.03845832
-0.03378277
-0.02953877
-0.02449133
-0.02077056
-0.01920765
-0.02026829
-0.02307459
-0.02590444
-0.0300378
-0.03376808
-0.03573206
-0.03752443
-0.03855378
-0.04029417
-0.04097637
-0.03797867
-0.03338275
-0.02808521
-0.02376537
-0.01911116
-0.01062728
-0.002577603
0.002770793
0.008171186
0.0135661
0.01701817
0.0197702
0.0226987
0.02558199
0.02679513
0.0264836
0.02756428
0.02713428
0.02482692
0.02197209
0.0212759
0.02374667
0.02409406
0.02150892
0.0167475
0.01262643
0.008147044
0.004376142
0.002003944
-0.000137523
-0.001534758
-0.0008990039
0.001361213
0.003318968
0.006040737
0.007899154
0.009790602
0.01054326
0.0127339
0.01774023
0.02183407
0.02403715
0.02461494
0.02429913
0.02188183
0.01703957
0.0133022
0.01113516
0.009431916
0.007619233
0.005123896
0.002928648
0.002988091
0.004195424
0.0056692
0.008587462
0.0131146
0.01490778
0.01559229
0.01492208
0.01464127
0.01429428
0.01223495
0.01128891
0.009035646
0.006585286
0.006575614
0.005177832
0.003043882
0.0006512263
-0.001525764
-0.001595137
-0.0009315637
0.0008768051
0.001620473
0.001323201
0.00101432
-0.001092892
-0.003839504
-0.006051508
-0.007086898
-0.008614257
-0.009931982
-0.0097025
-0.009563327
-0.008310602
-0.006736222
-0.006820063
-0.005601738
-0.003805214
-0.003865051
-0.002192327
-0.0008832945
-0.001272087
-0.001383761
-0.001972608
-0.004104189
-0.005615169
-0.007681335
-0.0105207
-0.01338709
-0.01535656
-0.01720661
-0.01817401
-0.01710957
-0.01503247
-0.0150531
-0.01619358
-0.01806924
-0.01862103
-0.01785101
-0.01618318
-0.01152522
-0.006167895
-0.002673571
0.002490475
0.008982313
0.01229412
0.01297585
0.01301814
0.01298433
0.01082702
0.007932167
0.006733372
0.006037393
0.00751522
0.008009166
0.007673948
0.007749459
0.0079777
0.007674882
0.005593491
0.00499169
0.004200197
0.002433579
0.002533071
0.004193738
0.00718436
0.01003129
0.01194309
0.01338856
0.01348957
0.01220314
0.0116275
0.01197741
0.01199487
0.01123135
0.009825977
0.009286226
0.009119141
0.007242606
0.008522141
0.01005422
0.009322118
0.006564076
0.003785645
0.0005451071
-0.002974035
-0.004351969
-0.003897258
-0.003948925
-0.005880466
-0.007111203
-0.007031103
-0.008889091
-0.009839675
-0.007652226
-0.004555417
-0.003092615
-0.001380438
-0.0008918903
-0.001083793
-0.001661437
-0.004301938
-0.007322822
-0.009290443
-0.007525104
-0.003062314
0.001852273
0.004732349
0.004543509
0.002727304
0.0004785548
-0.002608186
-0.003918289
-0.003497261
-0.003253813
-0.003290775
-0.003739137
-0.003652149
-0.003571133
-0.003338691
-0.00140101
-0.0005885497
-0.000659945
0.00125521
0.002175148
3.02944e-05
-0.003050183
-0.005590161
-0.006496333
-0.00689448
-0.007346175
-0.006674773
-0.007648709
-0.008257293
-0.009031078
-0.01091602
-0.01339353
-0.0164492
-0.01735171
-0.01642812
-0.01439763
-0.00986736
-0.006702894
-0.005353373
-0.003426634
-0.004702216
-0.008058761
-0.009551898
-0.01103478
-0.0114488
-0.01118568
-0.01108416
-0.009258027
-0.00801831
-0.007869642
-0.005052973
-0.001254066
0.002550749
0.005493582
0.008177137
0.009948333
0.01174342
0.01198459
0.01190501
0.01261016
0.01226867
0.01205666
0.01231874
0.01435825
0.0159406
0.01757978
0.01825819
0.0181116
0.01820964
0.01841512
0.01705958
0.01464342
0.01137743
0.007950202
0.004814821
0.001354918
-0.001783435
-0.003518714
-0.001369688
0.001935304
0.00445706
0.00706868
0.009370243
0.0107225
0.01057258
0.009172345
0.007672833
0.005910098
0.004948828
0.005094404
0.002090314
-0.00392048
-0.008159181
-0.01108538
-0.01401115
-0.01469233
-0.01439961
-0.01627127
-0.02000913
-0.0228001
-0.0250556
-0.02420304
-0.0225225
-0.02129176
-0.01904495
-0.01610725
-0.01319056
-0.01030627
-0.007488167
-0.004390882
-0.0004652385
0.001941593
0.0004481466
-0.001042484
-0.002235025
-0.003277491
-0.003213007
-0.002322173
-0.0005011029
-4.470832e-05
0.001305657
0.001701155
-0.0001400995
-0.0005407603
-6.69311e-05
0.001159204
0.002344982
0.003209661
0.005742796
0.008463872
0.008635223
0.007523628
0.007191298
0.007488668
0.00667806
0.005388223
0.003243972
0.0005283315
-0.003801714
-0.00684846
-0.009179512
-0.01017828
-0.008093226
-0.003714717
0.001003437
0.003873044
0.004282359
0.004234872
0.004514704
0.004663112
0.005493109
0.009015972
0.01218105
0.01413194
0.01605179
0.01625055
0.01471276
0.01321816
0.01210696
0.01070961
0.01211978
0.0138947
0.01363529
0.01340774
0.01287917
0.01087677
0.01071079
0.01088501
0.008752907
0.00711495
0.005674866
0.004281882
0.002543756
0.002435282
0.001746186
0.002160921
0.002766575
0.002611727
0.001476143
-0.0014726
-0.004970418
-0.007561402
-0.007070675
-0.004443926
-0.001521015
0.002268739
0.006103053
0.008414989
0.008806909
0.01043074
0.008749472
0.006151704
0.006367774
0.006018759
0.005034452
0.002842966
-0.0001613919
-0.004380032
-0.00816028
-0.01100477
-0.01268088
-0.01420672
-0.01469134
-0.01402688
-0.01131455
-0.00779871
-0.004338878
-0.002671723
-0.002886661
-0.003157036
-0.005027708
-0.005660736
-0.005281226
-0.0052415
-0.00398805
-0.001903744
9.282141e-05
0.0006275415
0.0005130995
-0.0005848187
-0.002339362
-0.00380731
-0.005988047
-0.009164053
-0.01270665
-0.01376057
-0.01517038
-0.0154353
-0.01411041
-0.01433316
-0.01540846
-0.01396955
-0.0119452
-0.01135514
-0.009449921
-0.007169806
-0.005996874
-0.004536333
-0.003758143
-0.002629938
-0.001554882
-0.0005937065
-0.000345994
0.0005628707
0.002523075
0.00268154
0.002436707
0.002606833
0.002631578
0.0005700689
-0.002671973
-0.004844984
-0.004513374
-0.002602381
-0.0009757088
3.241976e-05
-0.0007297829
-0.002909689
-0.004234956
-0.005913717
-0.007617509
-0.005988847
-0.002068714
0.0001947038
0.0001936776
0.0007658685
0.001396275
0.001745584
0.002150234
0.002718989
0.002652002
0.002579724
0.002643648
0.002657673
0.002699343
0.00260995
0.001004622
-0.001911398
-0.003067746
-0.002160886
-0.0006608826
0.0001352881
0.0001073488
0.0001811091
0.0003515076
0.0004733887
0.0005448933
0.0006495824
0.001087747
0.004106562
0.006860242
0.006811642
0.006873751
0.009030073
0.01039544
0.01011792
0.01018875
0.01038319
0.008774017
0.006282363
0.003402355
-0.0003649344
-0.00314787
-0.005376068
-0.005837052
-0.004786657
-0.002902941
-0.002677031
-0.004226658
-0.005822688
-0.006050365
-0.006178636
-0.005741802
-0.005264077
-0.003559385
-0.002568421
-0.001357157
0.0003925476
0.002061195
0.001855416
-0.0001852805
-0.000476617
-0.0003930321
-4.989907e-05
0.001444487
0.003384083
0.004246571
0.00516386
0.006754348
0.008931562
0.01038504
0.009105869
0.007232047
0.004897801
0.002027584
-0.0001662283
-0.0002573034
-0.0001387488
0.0002938129
0.002387607
0.002374403
1.993881e-05
-0.001002281
-0.002421646
-0.003250538
-0.003053654
-0.00304614
-0.004333778
-0.006019988
-0.007642904
-0.009872658
-0.0113459
-0.0117536
-0.01303084
-0.0112291
-0.009280074
-0.007907175
-0.007832895
-0.00780744
-0.007518188
-0.007336042
-0.006052917
-0.003519839
-0.0006943424
0.001581477
0.001775815
0.001740241
0.002049441
0.0004770631
-0.0008301155
-0.0003968011
-0.0002082715
-0.0003152811
-0.000249491
-0.0001020116
0.001041804
0.002207533
0.002684074
0.004485833
0.005256933
0.003358284
0.001951156
0.0001274344
-0.0001254808
0.001280462
0.002873676
0.002730251
0.002469015
0.002645112
0.002236055
-0.0006437447
-0.003737862
-0.005474081
-0.005803628
-0.004811973
-0.005317885
-0.006201237
-0.007905183
-0.008897708
-0.008610767
-0.008584403
-0.008765219
-0.008778777
-0.008774347
-0.008795978
-0.007954178
-0.006458802
-0.005937161
-0.006012983
-0.005157537
-0.00294341
-0.001852163
-0.002144401
-0.003117364
-0.003556521
-0.005169914
-0.004108864
-0.002342003
-0.002536417
-0.002686802
-0.002367272
-0.002260224
-0.003251252
-0.00499502
-0.004180623
-0.001856273
-0.001488644
-0.0006660826
0.001551523
0.001701606
0.00139876
0.001709591
0.001911022
0.003010418
0.00563793
0.008404178
0.0107132
0.01257712
0.01364166
0.01415229
0.01382255
0.01229311
0.01233037
0.01402282
0.01397824
0.01333869
0.01139016
0.0100001
0.008068681
0.005497648
0.003298985
0.002284437
0.001258046
0.001122101
0.00261882
0.00234799
-0.00010921
-0.000922773
-0.002543035
-0.00337289
-0.003116085
-0.003071474
-0.003161415
-0.003144129
-0.003116896
-0.003132554
-0.004432621
-0.006299153
-0.007245644
-0.008241727
-0.006876338
-0.005484543
-0.004472729
-0.002877377
-0.002499621
-0.001361441
-0.002720298
-0.005381016
-0.004865518
-0.002493482
-0.002380105
-0.001385773
0.0007827487
0.002541801
0.003542916
0.00528213
0.006337588
0.006167356
0.006217317
0.006915212
0.006668432
0.006332655
0.006290622
0.005100849
0.003841325
0.003864742
0.004035857
0.004038418
0.004128845
0.004663768
0.006878165
0.00741666
0.007020811
0.006452489
0.006132654
0.007296541
0.007650912
0.008033723
0.007884577
0.007639631
0.007329124
0.005487687
0.005355073
0.006192277
0.007907163
0.008028018
0.007793333
0.007934876
0.007998174
0.008185319
0.01006251
0.01107443
0.01028705
0.008036934
0.006751097
0.005077381
0.003005345
0.002153893
0.002395147
0.002120333
0.0001108642
-0.0008192555
-0.0004543674
-0.0004783945
-0.0008804214
-0.002668887
-0.003613126
-0.003442792
-0.00374391
-0.003323258
-0.003203003
-0.003574934
-0.004039604
-0.005301414
-0.004881243
-0.002864203
-0.00212326
-0.0003700343
0.0001606248
-0.000669932
-0.002698342
-0.002794005
-0.002310321
-0.002399312
-0.002440284
-0.002261572
-0.00214436
-0.00207784
-0.001978439
-0.001871039
-0.001777592
-0.001715628
-0.001584186
-0.0001313677
0.001512142
0.001814782
0.00177272
0.001530086
0.001714285
0.00370922
0.004845957
0.004943396
0.006001579
0.005289429
0.004591811
0.004805076
0.00353287
0.001904582
0.002076662
0.002289127
0.002128289
0.002164226
0.001268832
0.000276017
-0.0002516998
-0.0006152174
-0.0004935125
0.0006260016
0.002041959
0.002274892
0.001955599
0.0005047713
-0.000822031
-0.0006052657
-0.0005480128
-0.0007541068
-0.0007489897
-0.0006943686
-9.079658e-05
0.001849734
0.003458757
0.004933766
0.004921562
0.004793248
0.004193529
0.002295
0.001994603
0.002187979
0.0004406858
-0.002082499
-0.003690172
-0.005442359
-0.005977473
-0.005793727
-0.007440351
-0.008652286
-0.007958084
-0.005634135
-0.004985628
-0.005136605
-0.003219075
-0.002225635
-0.003001778
-0.003661989
-0.0043905
-0.004463492
-0.005230566
-0.007060893
-0.007103465
-0.006699613
-0.006735819
-0.006705321
-0.006577632
-0.006570508
-0.007328788
-0.007262706
-0.006273536
-0.005891804
-0.003481203
-0.0007115046
-0.0005952948
-0.002465996
-0.003775048
-0.003393473
-0.002589993
-0.002837604
-0.00367339
-0.003539802
-0.003394202
-0.003162105
-0.001255949
0.001223618
0.002226882
0.003618711
0.00499712
0.004807942
0.004658726
0.004817964
0.004832183
0.005118231
0.007030526
0.007867948
0.00871571
0.0104757
0.01029821
0.008187095
0.007500331
0.006301181
0.004985316
0.005228678
0.005447218
0.005377394
0.00546292
0.005614789
0.005704538
0.005719034
0.004073444
0.00293544
0.004543536
0.005288499
0.003455057
0.003007337
0.002237502
0.001042542
0.001015888
0.001293664
0.001312137
0.001441067
0.002918708
0.004556173
0.00437196
0.002877368
0.001497754
0.001774964
0.0005696201
-0.001233922
-0.002985331
-0.003884304
-0.003186428
-0.001122244
-0.0005859821
-0.0009513856
-0.0008251871
-0.0006829683
-0.0007487021
-0.0007762442
-0.0007498264
-0.0007488714
-0.0007585078
-0.0007575945
-0.0007559613
-0.0007577787
-0.0007589514
-0.0007592036
-0.0007598663
-0.0005800872
0.0008445374
0.0007263134
-0.0006706217
-0.001005966
-0.0006995298
-0.0007361265
-0.000350772
0.00067004
0.001143456
0.0003781173
-0.001139429
-0.003021152
-0.003716983
-0.003542251
-0.004470468
-0.004643356
-0.005417549
-0.006079267
-0.006404654
-0.007868003
-0.00933159
-0.01060315
-0.01180791
-0.01121904
-0.0112116
-0.01176333
-0.0112886
-0.008978806
-0.007030974
-0.005681659
-0.005708265
-0.005704561
-0.005833879
-0.007870039
-0.008632746
-0.00922677
-0.009979183
-0.009803215
-0.009568991
-0.00854972
-0.007869569
-0.007661199
-0.006326488
-0.003461487
-0.0007082029
0.001804546
0.00339347
0.004023355
0.004047936
0.004150165
0.005007441
0.005995309
0.006982693
0.007159388
0.007113281
0.007294442
0.006574392
0.004998317
0.004381746
0.005207172
0.004939889
0.004448582
0.004888158
0.005497402
0.005693622
0.005084505
0.005968012
0.007175633
0.007601892
0.007431138
0.007466338
0.007544744
0.007812277
0.008019267
0.006861201
0.00474916
0.004570997
0.004932381
0.004812483
0.004238119
0.002303115
0.001274075
-0.0003608203
-0.0009499403
-0.0006972869
-0.0007305198
-0.0008355547
-0.0007622336
0.0006366827
0.002198595
0.00203392
0.001922525
0.002138288
0.002187306
0.002229286
0.002308088
0.002312668
0.002338813
0.002411943
0.002412914
0.002438123
0.002549717
0.002627049
0.002577067
0.001480935
7.874377e-05
0.0006796541
0.001987596
0.002871372
0.003172548
0.002710288
0.003002914
0.003681953
0.004569618
0.003832277
0.003413382
0.003096563
0.00231795
0.001611628
0.001264883
0.001959613
0.002340832
0.002917779
0.004229593
0.003287276
0.001258442
5.975548e-05
-0.0008226181
-0.001281929
-0.001437876
-0.002502584
-0.003582466
-0.004028464
-0.005038883
-0.006757818
-0.006771296
-0.006476561
-0.006590818
-0.006643801
-0.006586894
-0.00657818
-0.006532578
-0.006607288
-0.008534668
-0.009665792
-0.009265107
-0.009158844
-0.009313417
-0.009226164
-0.009135742
-0.009011895
-0.007091294
-0.005980526
-0.006380191
-0.006347459
-0.006092574
-0.006197076
-0.007747482
-0.009069936
-0.00882557
-0.008644546
-0.008187371
-0.005989897
-0.003269581
-0.0009786903
1.182776e-06
-3.719369e-05
5.069194e-05
0.0001956065
0.0002405997
0.000946928
0.002564276
0.003698698
0.005699723
0.006459038
0.006250567
0.006395323
0.006583759
0.005827363
0.004008871
0.00384774
0.004270496
0.00421747
0.004245927
0.004382451
0.005130165
0.006032018
0.005300449
0.004403649
0.004462281
0.004317224
0.004486673
0.002712525
0.0011836
-0.000563881
-0.001113798
-0.001948844
-0.002849463
-0.00218246
-0.0007314439
-0.001668233
-0.003768082
-0.003743549
-0.003587761
-0.005673411
-0.006817189
-0.00633538
-0.006284351
-0.00663887
-0.007661795
-0.008609711
-0.009131136
-0.008262556
-0.006669922
-0.006051754
-0.006211393
-0.005127727
-0.003095867
-0.002952071
-0.003202358
-0.002969066
-0.002817154
-0.002534954
-0.0007938176
-0.001538146
-0.002776005
-0.002330402
-0.002037133
-0.002127708
-0.001289545
-0.0003877522
-0.0006406248
-0.001735937
-0.001773312
-0.002190527
-0.00320804
-0.004139417
-0.004175362
-0.003988785
-0.003991146
-0.003959124
-0.002698754
-0.0009350162
-0.001208861
-0.002475405
-0.002437299
-0.001272474
-0.0003482327
0.001312613
0.002134534
0.002453069
0.003266153
0.004809452
0.004903831
0.004667307
0.00475698
0.004762263
0.003540414
0.001827494
0.001883517
0.002181229
0.002688532
0.004719448
0.005048695
0.004701297
0.004837988
0.004974735
0.0052973
0.006396411
0.006594446
0.00558895
0.00472718
0.004276893
0.00481564
0.003110022
0.002341906
0.003274876
0.004442693
0.004406839
0.004299222
0.00356983
0.003147342
0.003373769
0.003495988
0.003484426
0.003561375
0.003730415
0.003819349
0.003800138
0.002340541
0.001024339
0.0008011511
2.856911e-05
-0.001002302
0.0002843981
0.001959405
0.001695809
0.001523338
0.001996658
0.003136982
0.002880957
0.002268229
0.001950382
0.002004556
0.002017152
0.001799543
0.001283143
0.001544103
0.002147539
0.002097114
0.001018448
-1.206122e-05
0.00148833
0.002378556
0.001030393
-0.0008225755
-0.001535386
-0.00218797
-0.00325512
-0.003315147
-0.003023569
-0.003089558
-0.003069676
-0.002140948
-0.002274889
-0.003061726
-0.002868145
-0.002704287
-0.002750132
-0.002699556
-0.002598261
-0.002599976
-0.002587053
-0.002530223
-0.002527126
-0.002096953
-0.0011119
-0.001111063
-0.001712687
-0.002642204
-0.002649463
-0.002179492
-0.002061287
-0.002172736
-0.002183122
-0.002188251
-0.002260705
-0.002715027
-0.004276224
-0.003759536
-0.002843724
-0.002082893
-0.002097017
-0.001497686
0.0005740188
0.001005282
0.0006967528
0.0009427971
0.001101268
0.001090714
0.001144687
0.001237273
0.001306368
0.001325859
0.001376952
0.001529059
0.001774665
0.003477274
0.004715641
0.004494044
0.004486003
0.004724404
0.004770813
0.005508726
0.006650871
0.00579077
0.007218834
0.007934601
0.006305735
0.004584652
0.004950045
0.005148522
0.004905472
0.00490334
0.005059834
0.005080441
0.005118332
0.004010604
0.002696012
0.002418597
0.002401394
0.0006285293
-0.0006131717
-0.0001995768
-8.549259e-05
-0.000245472
-0.0008168722
-0.002113854
-0.002279062
-0.001672915
-0.002435232
-0.002925896
-0.002604125
-0.002444622
-0.002541047
-0.001969966
-0.001400621
-0.000373675
-0.0004604113
-0.0004721955
-0.0015124
-0.00212282
-0.001804013
-0.001645501
-0.001692991
-0.001623107
-0.00150724
-0.001425348
-0.001324471
-0.001280876
-0.001130658
-0.001001393
-0.001002144
-0.001004357
-0.001697814
-0.003563258
-0.00381294
-0.003124904
-0.001056825
-0.0004761772
-0.0008484411
-0.0002470073
0.0001497855
-0.0005548224
-0.0006144276
-0.0001051195
-0.0006560761
-0.0007895882
-0.0006336001
-0.0006493736
-0.000695968
-0.0006772632
-0.0006646434
-0.0008929835
-0.00218363
-0.003476137
-0.003250807
-0.001235309
-0.0003167337
-0.0006850077
-0.0006547644
-0.0003896371
-0.0003326795
-0.0003196345
-0.0002444342
-0.0009148408
-0.001620213
-0.002058826
-0.002663388
-0.002557791
-0.00276292
-0.00371681
-0.00233334
-0.0009127878
0.0003736151
0.0009869879
0.001004654
0.001134944
0.001265304
0.001370329
0.001498217
0.001581605
0.001693074
0.003454
0.003700423
0.001728408
0.001733147
0.002273125
0.002159783
0.002121807
0.003645154
0.003957415
0.002658843
0.002074652
0.002362967
0.002391848
0.002270951
0.002269019
0.001421944
-0.0001138262
-0.0006094035
-0.0003767849
-0.0004229141
-0.0005183661
-0.0004816025
-0.0004572641
-0.0004712352
-0.0004720741
-0.0004907063
-0.0005227557
-0.0006416443
-0.002130788
-0.001208434
-0.0001560816
-0.0004198562
0.001408945
0.00270638
0.002291857
0.002230179
0.002474013
0.001092535
-0.0004888381
0.0001872421
0.001808832
0.0007551731
-0.000448944
6.557929e-05
0.0002590276
2.659602e-05
-0.001788025
-0.002766407
-0.002240649
-0.002098163
-0.002191895
-0.002923951
-0.00481967
-0.004768854
-0.004373346
-0.004456706
-0.004426019
-0.004277623
-0.004174937
-0.004059188
-0.003984255
-0.003956192
-0.003884875
-0.003813527
-0.003676734
-0.003635434
-0.003580648
-0.00353552
-0.003464842
-0.003417312
-0.003390398
-0.003355016
-0.002574201
-0.0004724302
-0.0002580249
-0.0005407643
-0.0003705
-0.0002820013
-0.0003465573
-0.000353818
-1.122697e-05
0.001351355
0.002547546
0.002513362
0.002422264
0.002557183
0.002603451
0.002578082
0.002555242
0.001735014
0.001931039
0.003039386
0.003093805
0.002454214
0.002546955
0.002688431
0.002635889
0.003201461
0.003501346
0.004571191
0.005731263
0.003869778
0.00246966
0.003011191
0.003181806
0.003003271
0.003408452
0.004937518
0.005577427
0.003443445
0.003195377
0.003791657
0.003719163
0.002523705
0.001895587
0.002765695
0.003393418
0.002680125
0.002583957
0.003376715
0.003515389
0.002457352
0.002057613
0.002166156
0.002265032
0.002284398
0.002359078
0.002454705
0.002440502
0.001912756
0.002455038
0.00274163
0.002540015
0.001118655
-0.0005704353
0.0001989651
0.0006887054
-7.394736e-05
-0.0003163792
-6.36585e-05
-0.0001101197
-0.0001979232
-0.0001919698
-0.000217099
-0.00105322
-0.00318887
-0.003261741
-0.002933478
-0.003124494
-0.003120069
-0.001075324
-1.760992e-06
-0.001412318
-0.001584985
-0.0005165387
-0.001649949
-0.002968975
-0.003174626
-0.002897359
-0.002912384
-0.003477226
-0.00480412
-0.005153064
-0.005030041
-0.005204662
-0.005135108
-0.005053139
-0.0053829
-0.005235296
-0.005085213
-0.005066843
-0.005004735
-0.004918651
-0.004820458
-0.004718221
-0.00461586
-0.004543748
-0.004473456
-0.004435218
-0.004330437
-0.004220893
-0.004158271
-0.004096239
-0.003896124
-0.002212898
-0.0007931277
-0.001002479
-0.001052707
-0.0007903362
2.704277e-05
0.001977084
0.00235987
0.002054418
0.002205073
0.002352123
0.002324117
0.002342602
0.002406271
0.002427566
0.002724239
0.004918118
0.005363281
0.002872699
0.002318745
0.002964173
0.002846102
0.002648745
0.002738346
0.002784056
0.002786991
0.003316624
0.003173226
0.002741164
0.002798859
0.002847575
0.002851818
0.002863448
0.002842299
0.00284356
0.001542121
-0.0001522037
4.906165e-05
0.0002019167
5.427141e-05
6.57838e-05
0.0001221772
0.0001041479
1.926472e-05
5.459377e-06
7.22111e-05
9.67615e-05
9.089995e-05
8.981902e-05
0.0001322733
0.0001499208
0.0002200547
0.0002473912
-0.001016881
-0.001954144
0.0002062013
0.0007018071
0.0001783646
0.0003645629
0.0006389708
0.0006267583
0.0006420622
0.0003934134
-0.001143892
-0.001928752
-0.0005370881
0.001154632
-0.0007057764
-0.00200069
-0.00140567
-0.001209281
-0.001286168
-0.001176836
-0.0004088177
0.001205269
0.00195209
0.001405184
0.002006979
0.002348328
0.002254535
0.002337674
0.002469579
0.002528987
0.002591085
0.002718543
0.002848383
0.002868038
0.002932637
0.002979752
0.003047772
0.003066559
0.003059784
0.003081635
0.003164556
0.002953574
0.002552095
0.003102847
0.003228114
0.00311069
0.003078298
0.003101463
0.00310147
0.002650777
0.000556656
9.397408e-05
0.001458279
0.003203045
0.003146545
0.002417419
0.0005097661
5.954057e-05
0.0003710079
0.0002807439
0.0001570777
0.0001362573
0.0001693692
0.0009502218
0.00100168
0.0001050334
0.0001632252
0.0003663464
0.0005718399
0.001027186
0.0007927206
0.0003542698
0.0004557532
0.0005844746
0.0006173333
0.0001638682
-0.0009278451
8.761999e-05
0.0008527001
0.001172144
0.001230254
0.001411128
0.0009750051
0.0006099019
-0.0004477476
-0.0009630734
-0.0006524572
-0.0005022675
-0.0005251704
-0.001587831
-0.003164219
-0.003052678
-0.002754622
-0.002854175
-0.002809793
-0.002661957
-0.002658079
-0.00266115
-0.00257162
-0.002550938
-0.002532382
-0.00305961
-0.002652511
-0.002286871
-0.00241388
-0.002811152
-0.004651401
-0.005450399
-0.004526547
-0.004942981
-0.005129358
-0.004339102
-0.002700783
-0.0003292574
-0.0008355352
-0.002769108
-0.002086737
-9.472812e-05
0.0002523807
-0.0005231031
-0.002467749
-0.002480081
-0.002184786
-0.002329649
-0.002316079
-0.0008760297
0.0006779626
0.0004904206
0.0003447948
0.0005598016
0.0005870344
0.0005600071
0.0006137042
0.0006255136
0.0006182658
0.0006909449
0.0007363636
0.0007251565
0.0007966967
0.0009147657
0.0009408699
0.0009275406
0.001044802
0.002496086
0.004161005
0.004071669
0.003878577
0.002772375
0.00135477
0.001516756
0.001361006
0.0006846821
0.001813166
0.002160513
0.001958801
0.002132016
0.002352267
0.002380317
0.002613861
0.00429328
0.00538753
0.005505165
0.005505527
0.00568777
0.004686054
0.002829676
0.003003125
0.003387326
0.003192947
0.003199942
0.003314386
0.003348672
0.003386618
0.003392426
0.002746686
0.002416745
0.00166106
0.000453785
0.0005550188
0.0007239952
0.000595298
0.0005663848
0.0001260897
-0.001172589
-0.002362637
-0.002177521
-0.00206424
-0.002435626
-0.003511001
-0.003688792
-0.003269728
-0.002305414
-0.002154303
-0.002291551
-0.002246088
-0.002230758
-0.003229562
-0.005111776
-0.00519188
-0.004945882
-0.006800185
-0.007025589
-0.00490001
-0.004830784
-0.005289913
-0.005105003
-0.004947788
-0.00505857
-0.005093939
-0.005011884
-0.004974464
-0.005005671
-0.004147102
-0.002010566
-0.002725219
-0.005097258
-0.004919691
-0.004413154
-0.004538691
-0.004528651
-0.004404993
-0.004266282
-0.004214457
-0.004090734
-0.003932472
-0.003858362
-0.003735684
-0.003591376
-0.003456907
-0.003356539
-0.003227734
-0.003089944
-0.002332315
-0.0002823541
0.0002279451
1.392731e-05
0.0002020798
0.0004055445
0.0004604096
0.0005519101
0.0005782421
0.001141159
0.001127054
0.001896568
0.003396845
0.003654002
0.003406444
0.003497572
0.003586181
0.003090893
0.0009694507
0.0004966159
0.0008693582
0.0007832101
0.0006924909
0.0006884294
0.0007122981
0.000707104
0.0006781736
0.0007169072
0.0007794182
0.0005568033
0.0002352223
0.0008027232
0.0009067402
0.0008057902
0.0008754043
0.001006707
0.001073733
0.001126051
0.00119497
0.001267805
0.001336026
0.001435945
0.00150086
0.001623161
0.001703837
0.001781839
0.001865351
0.001124537
-0.0002889956
-0.0006901088
-0.0003817938
-0.0002665518
-0.0002453023
-0.0001262997
-6.961507e-07
0.0001269557
0.000194618
0.0002542929
0.000289421
0.0003829417
-0.0001403221
-0.001673046
-0.002264509
-0.001622644
-0.00198
-0.002229227
-0.001539778
-0.00197308
-0.002315462
-0.00268765
-0.002160587
-0.001968581
-0.002141689
-0.00217419
-0.002127236
-0.002136414
-0.00215283
-0.002147586
-0.002144827
-0.002148218
-0.001700662
-0.0005769544
-0.00202281
-0.002463992
-0.002030481
-0.002070515
-0.002211511
-0.002165853
-0.002133858
-0.002157186
-0.002161624
-0.001197282
0.0001681547
0.0005759409
0.0004581059
0.0004963246
0.0005264831
9.539356e-05
0.0001697808
0.0005684942
0.0003468103
-0.0008001339
-0.0007077166
-0.001563535
-0.001345723
-0.001421578
-0.002297204
-0.002245576
-0.001389015
-0.0003918099
0.0006624776
0.001070221
0.001014229
0.001150256
0.001403416
0.001531187
0.001577775
0.001544706
0.0001601461
0.001092775
0.002615532
0.002461321
0.00235015
0.00269279
0.002914357
0.002915834
0.002974493
0.003124655
0.003276304
0.003305161
0.00328961
0.003333833
0.002210159
0.0005051436
0.0005930672
0.0008329651
0.0006464862
0.0006250047
0.0006854137
0.0006606488
0.0006353603
0.0006299718
0.000612157
0.000574727
0.0005753628
0.0005793284
0.0005475269
0.0005111227
0.0004747581
0.0004677799
0.0004730427
0.0005349926
0.0005323341
0.0005238078
0.0005340539
0.0005622059
0.0005168885
0.0005431426
0.0005621947
0.0001160478
0.0001707368
0.0006089086
0.0005740274
0.0004965114
0.0005421538
0.0005565788
0.0005364198
0.0003460697
-0.001631533
-0.002365793
-0.0003139069
0.0009739809
0.0005407125
0.0005128177
0.0007721238
0.0001604856
-0.001202103
-0.0009658753
-0.00137998
-0.001364216
-7.966546e-05
0.001415286
0.001382993
0.0008132
0.001227514
0.00180046
0.001846743
0.001898363
0.002063968
0.002211047
0.002326636
0.001794414
0.000345546
-0.0003178039
1.552862e-05
0.0001176412
5.673765e-05
0.0001447371
0.0002442452
0.0003265315
0.0003753932
0.0004075117
0.0004366393
0.000468802
0.000480977
0.0005359701
0.000531204
0.0005539913
0.0005590678
0.0005369081
0.0005123269
0.000511892
0.0004809309
0.000439884
0.000441053
0.0004052389
0.0003664526
-7.081759e-05
-0.002175619
-0.002212945
0.0002737255
0.0006273991
8.926735e-05
0.0002519953
0.0004096121
8.872355e-05
-0.001713759
-0.002665193
-0.002309247
-0.002255573
-0.0008985925
0.0007460801
0.0003193156
-0.001131139
-0.001962293
-0.0003701434
0.001092717
0.0009427242
0.0008804428
0.001229631
0.001336301
0.001323654
0.00146082
0.001659441
0.001461558
0.00105816
0.001001904
0.001418053
0.0004510626
-8.464269e-05
-0.0004277014
-0.0003022256
-0.0001442537
-7.911442e-05
8.397809e-06
6.187631e-05
0.0001715023
0.000261243
0.0002634377
0.0003044677
0.000311686
0.0003362254
0.0003355264
0.0003289915
0.0003286928
0.000353945
0.0003815594
0.0003465108
0.0003101598
0.0003180531
0.0003997702
0.002277
0.002382754
0.0004518751
6.072544e-05
0.0004771733
0.0003690705
0.0002306424
0.0002914211
0.0003163879
0.0007099171
0.002564193
0.001241195
-0.000271581
0.0002397814
0.0003880374
0.0001222703
-0.0003378725
-0.002306036
-0.002826225
-0.002458107
-0.002569394
-0.002700712
-0.002605126
-0.002016739
-0.0005681248
0.000369163
0.0002159588
0.0002023581
0.0003591997
-0.0002136747
-0.00214442
-0.002448191
-0.0013796
-0.001399884
-0.001724722
-0.001691274
-0.0007992699
0.0007663004
0.0008817174
0.001154969
0.00144216
0.001559702
0.00164686
0.001736719
0.001896049
0.002056273
0.00212334
0.0009011091
0.0001093315
0.00233937
0.002896573
0.002497408
0.002660935
0.002915828
0.002907039
0.002566203
0.0010205
0.0002374272
0.000220374
0.0005408305
0.0022784
0.0008207783
-0.0002453825
0.0002389316
0.0003216392
0.0001109604
0.0001293723
4.104432e-05
-0.0005421129
-0.001725989
-0.002793646
-0.002135345
-0.002230257
-0.002789485
-0.002707548
-0.00263813
-0.002700616
-0.002710999
-0.002720816
-0.002763426
-0.002723399
-0.002691946
-0.00268968
-0.002671372
-0.002672095
-0.002677397
-0.002678057
-0.002679195
-0.002681765
-0.002673356
-0.002645739
-0.002685866
-0.002696482
-0.002688076
-0.002544997
-0.002139228
-0.002709947
-0.002853876
-0.002418487
-0.0003220329
0.0003150662
-0.0001263121
-9.509765e-05
9.157742e-05
0.0001735033
0.001307802
0.002725664
0.002853573
0.002668688
0.002817383
0.002907867
0.002873564
0.002373461
0.002654613
0.003146791
0.003131847
0.003175204
0.002072282
0.0004110216
0.000681587
0.001057752
0.000958961
0.001048708
0.001216912
0.001362195
0.001463809
0.001611515
0.001760827
0.0008733193
-0.0008384317
-0.0008028754
-0.0004477996
-0.0004645417
-0.0004481379
-0.0002982877
-0.0002262813
-0.0001805267
-0.000109965
-4.841104e-06
3.968993e-05
2.470326e-05
6.286539e-05
0.0001015963
0.0001266471
6.873207e-05
4.887069e-05
-0.0004948804
-0.002570412
-0.001934436
0.0002937947
0.0001867384
-0.0002335065
1.89404e-06
9.174409e-05
-5.326451e-06
-1.206196e-05
4.246295e-05
0.0008945611
0.001280125
0.001722187
0.002859374
0.002500119
0.0003853573
-0.0003560121
5.175126e-05
3.35458e-05
-0.0001364124
-6.992569e-05
0.0008249807
0.002065783
0.001197638
-0.0002508081
-0.0001395072
8.42423e-05
-2.024141e-05
-8.249697e-05
-3.869352e-05
-1.081996e-07
-1.602893e-05
2.047928e-05
2.259742e-05
-0.001327312
-0.002841651
-0.002563976
-0.002278239
-0.002411308
-0.002345138
-0.002129499
-0.002004443
-0.001904483
-0.001827666
-0.001728868
-0.001590738
-0.001426209
-0.001321031
-0.001233964
-0.001135791
-0.002923428
-0.003948377
-0.003068694
-0.00279205
-0.00343751
-0.003321764
-0.003077482
-0.003087562
-0.003030943
-0.002925477
-0.002857571
-0.00284174
-0.00218799
-0.0001631105
0.0002471317
-0.0001498865
-7.799815e-06
9.383061e-05
2.740094e-05
3.765221e-05
2.237285e-05
-4.488388e-05
8.020636e-05
0.001066878
0.001396841
0.0002793237
0.001382211
0.003063158
0.002761456
0.00245036
0.002666036
0.002710923
0.002628553
0.002626578
0.002616146
0.002644083
0.002651108
0.002644035
0.002645118
0.002684807
0.002720053
0.002722081
0.00274581
0.002785217
0.002848222
0.002847737
0.002914071
0.003054877
0.003090642
0.002954407
0.001056548
0.000457771
0.002958935
0.003965954
0.002448452
0.0006792997
0.001094658
0.001455033
0.001332277
0.001395239
0.0009344479
-0.0003309161
0.0008658938
0.002149848
0.0006283559
-0.001183965
-0.0007070615
-0.0003405928
-0.0005420492
-0.0005210007
-0.0003845437
-0.000339105
-0.0003200233
-0.0002091314
-0.0001426991
-0.0001496563
-0.0001234888
-0.0001053162
-5.272442e-05
-5.168314e-05
-6.004477e-05
-5.513666e-05
-5.282634e-05
-5.447617e-05
-5.435463e-05
-5.340252e-05
-5.318674e-05
-5.303094e-05
-5.261271e-05
-5.221955e-05
-5.188323e-05
-6.671064e-05
-8.866289e-05
-4.936481e-05
-4.433689e-05
-6.879533e-05
-0.0001034039
-8.434537e-05
-7.991643e-05
-0.0005079676
-0.002625395
-0.003076207
-0.001949051
-0.001260445
-0.001721848
-0.001839901
-0.0001392865
0.000105851
-0.0002449134
-8.552781e-05
2.056837e-05
-4.582189e-05
-7.545723e-05
-0.0001264233
-0.0001436526
-0.0001356508
-0.0001365462
-0.0001389557
-0.0001371153
-0.0001357167
-0.0001355325
-0.0001348996
-0.0001339849
-0.0001332572
-0.0001325586
-0.0001317767
-0.0001292288
-6.707805e-05
-1.885804e-05
-3.045098e-05
-3.149404e-05
3.780156e-05
8.754172e-05
0.0001351951
0.0002048592
0.0003370524
0.0004132537
0.0004905269
0.0005810806
0.0007102707
0.0008177504
0.0008996024
0.001045239
0.001223994
0.001322633
0.001438587
0.001562029
0.001659383
0.001777863
0.001894864
0.001617101
0.0001733894
0.001425174
0.002657284
0.002335706
0.002309907
0.002569607
0.002629135
0.002580432
0.002592404
0.002678801
0.002718256
0.003178418
0.004707705
0.003324455
0.002364674
0.002841787
0.002914644
0.002750768
0.002785448
0.002424603
0.001382785
0.001295236
0.000485954
-0.000162065
-2.581071e-06
6.008968e-05
0.0003198422
0.0004057451
-8.818348e-05
-6.101856e-05
0.000567482
9.924516e-05
-0.0001686756
2.856763e-05
2.387212e-05
-1.621657e-05
2.985589e-05
-2.430044e-05
-6.82667e-06
4.731731e-05
-3.034953e-06
-4.386945e-05
1.109017e-05
5.76403e-05
4.242636e-05
3.967387e-05
4.612555e-05
4.875253e-06
-0.000824973
-0.002844447
-0.002465608
-0.0001137859
0.0002268552
-0.002161804
-0.003126813
-0.002564314
-0.002601646
-0.002821639
-0.002760509
-0.003086237
-0.004026304
-0.003104444
-0.002308871
-0.003377855
-0.005048313
-0.00297547
-0.001900861
-0.002441768
-0.002401299
-0.002139537
-0.002154048
-0.00213981
-0.002034784
-0.001993795
-0.001903822
-0.001800811
-0.001801608
-0.001708987
-0.001631523
-0.001570892
-0.000936612
-0.0003255623
-0.0003555598
-0.0004696162
0.0002424583
0.001516275
0.001919566
0.001764504
0.001881749
0.00203468
0.002067578
0.002104539
0.002173693
0.002310079
0.002375406
0.002416891
0.002456596
0.002489234
0.002525276
0.002548827
0.002697285
0.002749271
0.002767508
0.002834454
0.002840627
0.002830764
0.002871344
0.002873834
0.002871073
0.002895094
0.0029516
0.002948761
0.002932381
0.001961864
0.0001238298
3.612679e-05
0.0003249825
0.0001709313
9.89405e-05
0.0001659314
0.0001748619
0.0001543293
0.0001590733
0.0001668051
0.0001507151
0.0001278258
0.0001096553
-0.0007413684
-0.001743673
-0.002595857
-0.002637541
-0.002573901
-0.002679345
-0.002695725
-0.002702785
-0.002716795
-0.002676912
-0.002722826
-0.002819041
-0.002817701
-0.002800141
-0.002807791
-0.002809973
-0.002802837
-0.003078727
-0.00415364
-0.005055975
-0.004926597
-0.005169161
-0.005434886
-0.005272802
-0.004694946
-0.002617575
-0.001924513
-0.00220355
-0.002029714
-0.001719983
-0.001631157
-0.001572559
-0.001403433
-0.001213487
-0.001063776
-0.00057104
-0.0003683894
-0.0007465058
-0.000584882
-0.0003780261
-0.0002896457
-0.0001989598
-8.373248e-05
2.068917e-05
0.0001149773
0.0001451319
0.0002062392
0.0008351288
0.0004028991
0.0005906337
0.001806978
0.001865471
0.001302258
0.001894162
0.002083875
0.002257347
0.001217332
0.001495676
0.002209749
0.002126777
0.002113662
0.001755621
0.00114488
0.00165243
0.002146638
0.001978215
0.0009491061
0.0009570424
0.0009065912
0.0007728556
0.001177025
0.001476057
0.0002917475
-0.0001293387
0.001171946
0.00158928
0.0007567096
0.0003940107
0.0008596352
0.0008829978
0.0002399367
0.0002576786
0.0004653876
0.0004481161
0.0006968319
0.002236865
0.001312467
0.0005718937
0.001062554
0.001239394
0.001186239
0.001370636
0.0014678
0.001125715
0.001192646
0.001005611
0.00103012
0.0006543626
-0.0003166464
-0.0004548176
-0.0001444124
-9.807672e-05
-6.474479e-05
2.341093e-05
8.673693e-05
0.0002102999
0.000234325
0.0002622431
0.0003321005
0.0003330019
0.0003226576
0.0003298729
0.0003441283
0.0003721164
0.0003348821
0.0003282498
0.000339594
0.0001169847
-0.001175915
-0.002470616
-0.002491347
-0.00257056
-0.004521841
-0.004600828
-0.002327345
-0.002206679
-0.002686461
-0.002512317
-0.00240704
-0.002470664
-0.002520826
-0.002496899
-0.002528429
-0.002570805
-0.002066679
0.0001148712
-0.000153806
-0.002693747
-0.002802413
-0.002300044
-0.002278165
-0.001375702
-0.0008143782
-0.0004508422
-0.0002444316
-0.001148549
-0.001774887
-0.002110037
-0.0008835705
-0.0007822765
0.0002752672
0.0005119626
0.0004239516
0.0005173433
-0.0002563602
-0.0003668811
-5.528142e-05
-0.0004314752
0.0001640283
0.0003512963
-0.000557135
-0.001347236
-0.0009490137
0.0003128785
0.0007590256
0.0002729101
0.0005190353
0.001195379
0.0006832762
-0.0002159436
-5.288177e-07
0.0002581557
-0.0005605751
-0.002172494
-0.0001651955
0.000881387
0.0002923822
0.0003144612
0.0005740816
0.0005199474
0.0004233809
0.0004589562
0.0004198484
0.0003830853
0.0008386416
0.002981305
0.003414043
0.001485159
0.0007209505
0.001147031
0.0008908073
0.0009528265
0.0004813945
0.0002114944
0.000324552
0.0003351373
0.0003401428
0.0003885327
0.0003701733
0.0004137545
0.0004996221
0.0005102367
0.0005503431
0.0006127652
0.0006466996
0.0007251783
0.000816256
0.000822664
0.0008893438
0.0009703622
0.001012695
0.001034934
0.001187329
0.001226287
0.0009299108
-0.0007942469
-0.001706701
-0.001312972
-0.001251939
-0.001325634
-0.001210571
-0.001446375
-0.003310058
-0.003728977
-0.001964582
-0.000702511
-0.001417405
-0.001886827
-0.00109572
-0.0003272376
-0.0004783648
-0.0004834292
-0.0002991805
-0.0002378174
0.0001327886
0.0009766373
0.0001509341
-0.0004050454
-0.0002929227
0.0002425948
0.0003008149
0.0002663226
0.0003049793
-0.0001455865
0.0002324804
0.00054512
0.0004518799
0.000401901
0.0004182834
0.0004421468
0.0004673671
0.0004833218
0.0004797817
0.0004733944
0.0005009654
0.0004549639
0.000400033
0.0004102255
0.0003780601
0.0003975644
0.0004170787
0.0006650097
0.001368998
0.001015061
0.0003151918
0.0002583839
0.0003800709
0.0003214871
0.0002872817
0.0003128542
0.0003171207
0.0002814347
-0.0008832322
-0.0008240398
0.0005799462
0.0004840211
0.0002795733
0.0005029999
0.0005633287
0.0002380417
-0.000711854
-0.001022902
-0.001283734
-0.001769852
-0.0009813983
0.00124968
3.766369e-05
-0.001793491
-0.001304165
-0.0009243745
-0.001025559
-0.0009198444
-0.0007133123
-0.0005537599
-0.0004673728
-0.0003315106
-0.0002259572
-9.79422e-05
-2.141748e-05
3.145717e-05
0.000128605
0.0002094991
0.000271339
0.00033273
0.0003993077
0.0004046556
0.000466649
0.0005088982
0.0004952412
0.0004918102
0.0004979948
0.0004969692
0.0004877629
0.0004157545
0.0003840107
0.0003981186
0.0003970376
0.0003903488
0.0003845611
0.0003134407
0.0002803481
0.000293862
-0.0003356859
-0.001739702
-0.0001919899
0.000627548
0.0001933212
0.000164846
0.0003408599
0.0002093007
-0.000789342
-0.0002294223
-3.326466e-05
0.0002704142
0.000407653
0.0004037153
0.0004728475
-3.162677e-05
-0.000919936
-0.0008233952
-0.001054179
-0.00154334
-0.001983828
-0.00192415
-0.001264106
-0.0002699796
0.0001858056
0.0006171454
0.001260489
0.0008626302
-0.0001066661
0.0004645363
0.0002490483
-0.0002282005
-0.0002204204
-0.0006116015
-0.0009429729
-0.0007794489
-0.0006113786
-0.0005991869
-0.0005469699
-0.0004163196
-0.0003242272
0.0001290574
0.0001616421
-0.0001309069
0.000477833
9.461012e-05
-7.945298e-05
0.0001153328
0.00015752
0.000210882
0.0002575038
0.0002577791
0.0002937608
0.0003341177
0.0003521274
0.0003451322
0.000344499
0.0003466199
0.0003449836
0.0003432561
0.000436063
0.001010808
0.002046911
0.003156759
0.001529094
-8.991375e-07
0.0003648851
0.0005213347
0.0002924597
0.0002486377
0.0002835462
0.0002950159
0.0002539
0.0002613782
0.0002370549
0.0002239143
0.0002281149
0.0002274847
0.0002242383
0.0001925365
0.0001967726
0.0002290647
0.0002230014
0.0002158176
0.0002188945
0.0002189553
0.0002541038
0.0003205527
0.0003247684
0.0003856768
0.0004606405
0.0005210486
0.000625823
0.0006327219
-0.0002166334
-7.904536e-05
-0.0002716275
-0.0003985508
0.0002599077
0.0002239676
-0.001198051
-0.001339616
0.0006776948
0.001998051
0.001266081
0.001283069
0.0008307581
0.000825733
0.001506776
0.002513055
0.00200536
0.001100442
0.002332982
0.002907781
0.001082092
-0.000282522
0.0002220616
0.0003659526
0.0001227359
0.0001410059
0.0002555656
0.0002689829
0.0002685239
0.0002740996
0.000275766
0.0002730355
0.0002715132
0.000260346
0.0001942075
0.000244659
0.0002824101
0.0002636591
0.0002236244
0.000243616
0.0002719159
0.0002151952
0.0001480294
0.0001582704
0.0001652964
0.0001553654
0.0001519695
-0.0005276589
-0.001418356
-0.001930256
-0.002616099
-0.002609356
-0.002508127
-0.002550464
-0.002519202
-0.002443971
-0.002887112
-0.004007133
-0.002559633
-0.002038528
-0.00229071
-0.002176427
-0.002012139
-0.002003111
-0.001978258
-0.001911136
-0.001804587
-0.001707797
-0.001223636
0.0009582764
0.001041552
-0.001420839
-0.001684174
-0.001062238
-0.001113752
-0.001247872
-0.001099313
-0.001215185
-0.001998193
-0.001678214
-0.002404407
-0.002213604
-0.002539812
-0.002185032
-0.00183155
-0.001892977
-0.001848867
-0.001703864
-0.002477401
-0.002537845
-0.002127625
-0.002434764
-0.001927532
-0.002303432
-0.001565913
-0.001169347
-0.001341967
-0.0009823304
0.0001462008
0.0002816157
8.841846e-05
0.0001234154
0.0001676015
0.0001583512
0.0001469047
0.000185219
-0.0001300266
-0.0008900697
-1.20039e-05
0.0002941289
5.855205e-05
0.000367584
0.0009674687
0.0008894327
0.001387884
0.001662734
0.001547122
0.001603344
0.002687139
0.003236628
0.002621517
0.001692087
0.001830705
0.001999922
0.001950725
0.001961179
0.002063976
0.002097211
0.002190601
0.002889733
0.003492353
0.003860981
0.003861842
0.003949872
0.003656033
0.002690102
0.002330334
0.002127324
0.001983936
0.001987665
0.001634845
0.001776678
0.001921637
0.001935648
0.001993473
0.002047428
0.002136916
0.002311544
0.002374016
0.002417984
0.002432682
0.002499303
0.002489549
0.001200264
0.0006778148
0.001346628
0.0004537919
-0.000214464
4.935537e-05
0.0001062448
-1.454706e-05
-3.387173e-07
9.930079e-05
8.410982e-05
9.547603e-05
0.0001133422
0.0001090718
0.000105402
0.0007281296
0.00215222
0.001063405
-0.0002011958
9.942899e-05
0.0002575584
6.872246e-05
5.512264e-05
0.0001154401
-2.842347e-05
-0.001092096
-0.001501023
-0.001309385
-0.001316449
-0.001401697
-0.001229324
-0.0001400164
0.0001184135
-0.0001050022
-0.0007005831
-0.000996097
-0.001128311
-0.001410333
-0.001335403
-0.001291225
-0.001330181
-0.001153553
-0.001195854
-0.001501843
-0.001626677
-0.001981672
-0.002530249
-0.002430742
-0.002249266
-0.002243637
-0.002238335
-0.001916785
-0.001506907
-0.001986573
-0.001915792
-0.00167243
-0.001411367
-0.0003181568
4.238024e-05
0.0004907153
0.001091243
0.001658875
0.001673669
0.001683151
0.001059559
0.001148709
0.002106693
0.001890793
0.0007126816
0.0004538292
0.0004838993
0.000987003
0.0009938578
0.0009379771
0.001028842
0.001375136
0.002477557
0.002440711
0.002067266
0.001804015
0.001239746
0.00126864
0.001348474
0.0007384101
0.0002394983
-5.059176e-05
0.0005830458
0.000211372
-0.0001115721
3.200583e-05
4.602535e-05
-5.090566e-05
4.013847e-07
0.0009158438
0.001273795
0.0008817778
0.001042765
0.0009929284
0.00137305
0.001094377
0.0005268279
5.308049e-07
-0.0001168229
-0.0003478954
-0.0005647745
-3.748323e-05
2.549034e-05
-7.8874e-05
-0.0001067565
-6.8888e-05
3.452611e-07
6.896827e-07
-1.135873e-05
2.388732e-05
9.858423e-05
0.0005087791
0.001107115
0.0001318159
-0.0003774283
-0.0005263412
-0.0006200181
-0.0006369795
-0.0009931666
-0.0009124702
-0.0007744568
-0.0004001189
0.0006702844
0.0008384511
0.0007244179
0.000863328
0.0009827623
0.0009799871
0.0006206174
0.0006478934
0.0008384931
0.0007494344
0.001292858
0.001333609
0.001290439
0.001368669
0.001419775
0.00146541
0.001471676
0.001538838
0.001611683
0.00166395
0.001666638
0.001640046
0.0007674229
0.001296179
0.00106213
0.001005202
0.0006509799
-0.0008361931
-0.0008744616
-3.055965e-05
0.0009237946
0.0008663666
0.0003928399
0.0001616912
0.0001782782
-0.0003309236
-0.0003825281
-0.0001728847
-0.0001329918
0.0006144606
0.001755029
0.0001215977
-0.0004533428
3.497428e-05
9.700721e-07
-0.0001306504
-7.775854e-05
-4.589005e-05
-6.974235e-05
-0.0002419356
-0.0007912771
-0.001334697
-0.001510778
-0.001476645
-0.001475255
-0.001258631
-0.0004159942
-0.000796973
-0.001317529
-0.001069939
-0.0007740507
-0.0009123194
-0.001172877
-0.0006618846
-0.0003382065
-0.001482603
-0.0008364347
-0.0001535924
-0.000836478
-0.0009519703
-0.001316645
-0.001500361
-0.001402726
-0.001347157
-0.001347466
-0.001309241
-0.001291518
-0.002058387
-0.002597565
-0.001358804
0.0002699588
0.0006181375
0.0004998544
9.223235e-05
0.0006801134
0.0005798355
8.090089e-05
0.0005785103
0.0002457324
5.157073e-05
0.001280335
0.001521508
0.0009211972
9.489128e-05
0.0007815108
0.00141063
0.0003625794
0.0002933902
0.0007108862
0.0007314562
0.0001437188
-0.0006926089
-0.000562956
-0.0003460051
-0.0004219358
-0.0004145029
-0.0002438209
-0.0002447791
-0.0002359636
-0.0001405375
-0.0001269918
-0.0001877259
-0.0001764199
-0.0001237879
-0.0001290855
-0.0001402894
-0.0001352769
-0.0001341163
-0.0001386498
-0.000795964
-0.001737689
-0.001670429
-0.001544697
-0.001698741
-0.001781735
-0.001721093
-0.001915985
-0.002973439
-0.003073129
-0.002847482
-0.002911653
-0.002896338
-0.002825495
-0.002754792
-0.002695572
-0.002595959
-0.00247601
-0.00235815
-0.002271644
-0.0009317428
0.0005531373
-0.001323552
-0.002256918
-0.001616376
-0.001449619
-0.001558412
-0.00140716
-0.001213358
-0.001139973
-0.001016989
-0.0008845591
-0.0008306351
-0.0007066249
-0.0006279832
-0.0005770889
-0.000544687
-0.0004463234
-0.0003647004
-0.0003055492
-0.0002741172
-0.0002769134
-0.0002079093
-0.0001679898
-0.0001845786
-0.0001873764
-0.0001811873
-0.0001831097
-0.0001550698
-0.000159919
-0.00019402
-0.0001610418
-0.0001631814
-0.0001971488
-0.0001939367
-0.0001987393
-0.0002434481
-0.0004320033
-0.002192546
-0.002110732
-7.686199e-06
-0.0001499147
-0.0005645047
-0.0003470256
-0.0002411933
-0.0003888249
-0.0003426537
-0.0002801667
-0.000249133
-0.0001957502
0.0007823451
0.002440338
0.0007764783
-0.0004451602
9.01296e-05
0.0003190429
0.0001688381
0.0003236043
0.0005859067
0.000665647
0.0006940312
0.0008621116
0.001070788
0.001192039
0.00133442
0.001485507
0.001586016
0.001748908
0.001847792
0.001971333
0.002054206
0.002149883
0.002290685
0.00238906
0.002451778
0.002549232
0.002576729
0.002566956
0.002081609
0.001178204
0.001219405
0.0007699428
-0.0002279065
-0.0002132056
-9.170625e-05
-0.000226013
-0.0002774229
-0.0002363026
-0.0008820086
-0.001615926
-0.0004807695
-0.0001109878
-0.0004441731
-0.0004542179
-0.000338542
-0.0003867617
-0.0004602765
-0.0004590448
-0.0004012908
-0.0002599269
-0.0002079059
0.001725225
0.002041734
-0.0004217256
-0.0005449706
-9.248922e-06
-0.0002132381
-0.000324824
-0.0001562997
-0.0001340591
-0.0001444431
-6.280423e-05
1.982872e-05
7.229016e-05
0.0001344678
0.0002088187
0.0002710811
0.0003336735
0.0004425663
0.0005419074
0.0006013284
0.0006301846
0.0006974704
0.0007665461
0.0002982314
-0.001005673
-0.001250897
-0.001043225
-0.00117795
-0.001371178
-0.001627186
-0.001493954
-0.001353387
-0.0013053
-0.001288019
-0.001209068
-0.001136178
-0.001092574
-0.001586084
-0.001312175
-0.0007851214
-0.0008327158
-0.0008437509
-0.0007066056
-0.0006337425
-0.0006054014
-0.0006072599
-0.0005955499
-0.0005179823
-0.0004477325
0.00088813
0.002615638
0.002143272
-0.0001144805
-0.0005443307
0.0006449318
0.000526877
-0.0005317731
-0.0004000048
-0.0001894824
-0.0003162564
-0.000358113
-0.0003099846
-0.0003101621
-0.0003266758
-0.0003241328
-0.0003211803
-0.0003242653
-0.0003259974
-0.0003268381
-0.0003659802
-0.000361258
-0.0003581769
-0.0003290923
-0.0003204157
0.0003812374
0.0003762905
1.564054e-05
0.0005037557
0.0003480753
-0.0005534608
-0.0005095938
-0.0003429365
-0.0004355753
-0.0004727749
-0.0004364604
-0.0004351807
-0.0004582588
-0.001029119
-0.0007092559
-0.000316268
-0.000450588
-0.0005027637
-0.0004154082
-0.00031567
0.0002147162
-0.0001545984
-0.0003774633
-0.0002079807
-0.0001189416
0.0005921013
0.002746984
0.001365135
-0.000253376
0.0004151912
0.0007394041
0.000572673
0.0007027991
0.0009304176
0.001038181
0.001122273
0.001220115
0.001398899
0.001510322
0.001592291
0.00171699
0.00183511
0.001894281
0.001952067
0.002023982
0.002059352
0.002190297
0.002240319
0.002243549
0.001733586
0.002195052
0.002461029
0.001910142
0.0008396104
0.0002621838
-3.708196e-05
-0.0004487504
-0.0004453515
-0.0003610628
-0.0003867747
-0.0004056269
-0.0003920694
-0.0003903693
-0.001221808
-0.003227584
-0.001372639
8.722106e-05
-0.0005147987
-0.0006352664
-0.0003601359
-0.0003874872
-0.0004779305
-0.0004740965
-0.0004246183
-0.0004312914
-0.0002623344
0.001756405
0.001566613
-0.0007141201
-0.0006725522
-0.0002263609
-0.0004272157
-0.0005944857
-0.0005042733
0.0001128919
0.0009180412
-0.0001634328
-0.0006907323
-0.0003204276
0.0002978102
0.0001970252
-0.0003810818
9.053915e-05
-0.0002728928
-0.0004477887
-0.00030233
-0.0002902527
0.0001374541
0.0001184854
-0.0003215945
-0.0002270918
-6.861673e-05
-5.172439e-05
-9.223979e-06
7.600689e-05
0.0001478926
0.0001725496
0.0002354855
0.0003073806
0.0003690453
0.0004369972
0.0004699429
0.0003509219
-0.001558661
-0.001808749
0.0007151639
0.001218346
0.0007665103
0.001011848
0.0008131558
0.0008971604
0.001032593
0.0005046702
-4.272175e-05
9.584852e-05
0.00102466
0.001911336
0.0007474774
-0.001185765
-0.0004268838
0.0008393238
0.0002133064
-0.0003981335
0.0003069488
0.0003160891
-0.0001769426
-0.0001370216
-0.0001963443
-0.0005357653
7.36611e-06
-0.0003852411
-0.0006430621
-0.0004539236
-0.0004292269
-0.0004941685
-5.038521e-05
-4.387366e-06
0.0005896299
0.002111409
0.00246195
0.002130525
0.002147773
0.001680262
0.001646187
0.002337473
0.001957667
0.001876283
0.002398986
0.002362292
0.002213366
0.002268041
0.001874311
0.0008820916
-0.0005446505
-0.0005618481
0.0001899333
0.001422427
0.0002865224
-0.0005059157
-0.0005505609
-0.0005191598
-0.0006062259
-0.0006212087
-0.0005964241
-0.0005990449
3.575121e-05
0.0008621972
-0.0005930579
-0.001311589
-0.0007989704
-0.00044604
-0.000781937
-0.001326033
-0.002264707
-0.002425963
-0.002871622
-0.00285329
-0.003190697
-0.003250607
-0.003108006
-0.003100289
-0.003081088
-0.002932566
-0.002859225
-0.00231915
-0.002433997
-0.002775212
-0.002538146
-0.002330494
-0.00211464
-0.001762317
-0.001404648
-0.0003319209
0.0008152783
0.001020848
0.0009863917
0.00116544
0.001287798
0.001316002
0.001411574
0.001489726
0.001604024
0.001667775
0.0002150084
-0.001282664
0.0005833985
0.002404129
0.001973441
0.001801171
0.002107213
0.00217251
0.002127842
0.002157343
0.002210084
0.002201655
0.002281369
0.003677466
0.003091795
0.001922493
0.00213279
0.00237551
0.00223367
0.002193016
0.002224773
0.00168046
0.002019012
0.001468255
0.0006073023
-8.338822e-05
-0.0002777887
0.001286149
0.0005206309
6.257929e-05
0.0001081421
-0.0004210811
-0.000137363
-0.0003710405
0.0001207104
0.0003039512
-0.000295624
-0.0007585336
-0.0005890507
-0.0005553279
-0.000666497
-0.000663565
-0.0006447661
-0.0006588543
-0.0006242233
-0.0006064663
-0.0006240515
-0.0006332401
-0.0006239382
-0.0006218505
-0.001045557
-0.001626152
-0.0006301605
-0.0004306972
-0.0006890569
-0.0006154846
-0.0005333232
-0.0006050195
-0.0006172293
-0.0005274023
-0.0004911156
-0.0005134856
-0.0004333285
0.0006791122
-0.0001902769
-0.000643294
-0.000354315
-0.0002429069
-0.0002778417
-0.0002378029
-0.0002061893
-0.0002151857
-0.0001519679
-0.0001084305
-0.0001212591
-5.665242e-05
-7.990738e-06
4.427849e-05
0.0001086722
0.0001763617
0.0002447889
0.000278687
0.0003375092
0.0003829772
0.0004439204
0.0005098405
0.0006046008
0.0006757434
0.0007393198
0.0008033081
0.0008934118
0.000961776
0.001062453
0.001177969
0.00126993
0.001331251
0.001362149
0.001434765
0.001543719
0.000577335
-0.001258774
-0.001147435
-0.0002278179
0.001114866
0.0007300656
0.001560604
0.002143919
0.0009267458
0.0003931428
-0.000269806
-0.0006454679
-7.506662e-05
0.0005090663
0.002154362
0.001098076
-0.0009882785
-0.0007243149
-0.0004338419
-0.0006943641
-0.0007436666
-0.0005078442
-0.000105032
-0.0006673183
-0.0007912205
-0.0005248514
-0.0001024083
-0.0001772173
-0.0004810198
-0.0007503137
-0.0005315669
-0.0001366128
-0.0007102088
-0.0008294024
-0.0006429927
-0.0006664064
-0.0007216062
-0.0006920315
-0.0001382286
8.853158e-05
-0.0005704629
-0.0002801888
-0.0004059614
-0.0007909388
-0.00076902
-0.0006976842
-0.0007412134
-0.0005163908
0.0003191699
2.138749e-05
-0.0006844579
-0.0008206312
-0.0007069864
-0.000805771
-0.0008479136
-0.0008173994
-0.0007914922
5.135043e-05
-0.0001301337
-0.0009810886
-0.0007624437
-5.371255e-05
-0.0005320878
0.0003143092
0.002265309
0.001664902
-0.0006897826
-0.0007124365
-0.0001960273
-0.0003429073
-0.0003585962
-0.0002039289
-0.0001066028
8.44679e-06
0.0001222689
0.0001792385
0.0003017586
0.000406387
0.0005566726
0.0006707318
0.0007817789
0.0009359236
0.001013469
0.0008090091
0.0004358275
0.0005445762
-0.000137368
-0.001340825
-0.001296703
-0.001045417
-0.001066801
-0.001106252
-0.001005949
-0.0008876175
-0.0008729343
-0.000861934
-0.0007816802
-0.0007750288
-0.0007925306
-0.0007886084
-0.000785673
-0.001532108
-0.001655395
-0.0006224478
-0.0006963325
-0.0009125518
-0.0008054047
-0.0007611042
-0.0008078425
-0.0008128162
-0.0007995443
-0.0003922885
0.0006623983
0.001624398
0.002015973
0.001085848
-0.0008726654
6.746219e-05
0.0009387632
0.0005043597
-0.0005545454
-0.0009390966
-0.0007436297
-0.0007774721
-0.0008870207
-0.0008662716
-0.0008119475
-0.0008290695
-0.0008411538
-0.0008607687
-0.0008682816
-0.0008754129
-0.000872464
-0.0008677666
-0.0008397079
-0.0008725649
-0.0009230051
-0.0008778641
-0.0008708234
-0.000894584
-0.0008887892
-0.0008789134
-0.000879521
-0.0008884715
-0.0008574077
-0.0008585499
-0.0008672332
-0.000866246
-0.0008662756
-0.0008692787
-0.0008712404
-0.0008725314
-0.0008742993
-0.0008359087
-0.0002373968
-0.0002041026
-0.0009006336
-0.0009637041
-0.0003871248
-0.0001066352
-0.0006484449
-0.0005782619
-0.00030493
0.001263039
0.002053009
0.0001591222
-0.001251006
-0.0008309607
-0.0007276643
-0.0009592043
-0.0009415439
-0.0008336516
-0.0008196236
-0.0008191417
-0.0008149655
-0.0007765096
-0.0006118493
3.128447e-05
0.0005659093
0.00045497
0.0009630279
0.001335944
0.0009546383
0.001950424
0.001832134
0.002011333
0.00155796
0.001453665
0.001483335
0.001353
0.001397104
0.001349153
0.001315639
0.001607527
0.0008469025
0.000874076
0.001145215
0.001148649
0.001161229
0.001291972
0.001354814
0.0005475662
-0.0006565548
0.0006598523
0.001825419
0.001584702
0.001309013
0.001076491
0.001642288
0.001361473
-0.0002020858
-0.0003596354
-0.0002606143
0.0009330754
0.001908391
0.001667364
0.000611243
-0.0008685155
0.0001455147
0.0006097418
0.0004672436
0.0007832033
-0.0001545449
7.452836e-05
0.001096068
0.0008652284
0.0007248587
0.0003793174
0.0003787694
0.0009495607
-0.0001340914
0.0001916866
0.001295319
0.0001517122
-0.000906131
-0.0005410437
-0.0009151804
-0.001121057
-0.001023562
-0.001009288
-0.001050383
-0.001047961
-0.001038713
-0.001044809
-0.001049278
-0.001049364
-0.001051033
-0.001053684
-0.001055597
-0.001057403
-0.001108822
-0.002829412
-0.004134655
-0.002613671
-0.0008045153
-0.001045645
-0.001277701
-0.001048989
-0.0009947154
-0.001024088
-0.00106181
-0.001050818
-0.001080466
-0.001067013
-0.001013631
-0.001053912
-0.001111497
-0.001640992
-0.001138359
-0.001280519
-0.00237966
-0.001499165
-0.001288956
-0.001998605
-0.001835541
-0.0009851335
-0.001325371
-0.001041826
-0.00099151
-0.001072344
-0.0007239328
-0.001475677
-0.0009493505
-0.0001970051
-0.0003626368
-0.0004554487
0.0003895967
0.0006845062
0.0005828792
0.0007079877
0.0008694611
0.0009724471
0.001063247
0.001171736
0.001269269
0.001367813
0.0014565
0.001485744
0.001542596
0.001585958
0.001454717
-0.0005647673
-0.001267039
0.001239358
0.002110832
0.001502778
0.001573691
0.001821502
0.001741085
0.001647389
0.001687467
0.001674314
0.001620831
0.001767162
0.002204902
0.001660402
0.001504024
0.001653051
0.001624465
0.001543804
0.001595539
0.001115468
0.001286134
0.001707892
0.001610938
0.001503889
0.001528817
0.001539742
0.001513292
0.001515855
0.001498514
0.001551953
0.00155306
0.00157351
0.001577613
0.00157208
0.001561644
0.001008377
2.835259e-05
-0.0002261345
-0.0008940607
-0.001228699
-0.001056601
-0.000995824
-0.001046304
-0.000967133
-0.0008729366
-0.0008210924
-0.0007594797
-0.0006854753
-0.0006107339
-0.001750545
-0.003428471
-0.002113271
-1.487395e-05
-0.0001628129
-0.0003787638
-3.219783e-05
-0.0001973741
-0.001281088
-0.001889729
-0.001548584
-0.002297043
-0.001923677
0.000469659
0.0003841438
-0.002024774
-0.002404464
-0.001854095
-0.001944733
-0.002068215
-0.001899053
-0.001759026
-0.001797594
-0.001746164
-0.001683113
-0.001630534
-0.0007888765
0.0003998388
0.0009137746
0.001398616
0.00139407
0.001353557
0.001431838
0.001432935
0.001472305
0.0014854
0.001476402
0.001475479
0.00147661
0.001474038
0.001471677
0.001470455
0.001468894
0.001467073
0.00146542
0.001463826
0.001462169
0.001460527
0.001458905
0.001362794
-0.0001769089
-0.001566151
-0.0008340872
0.0003345662
0.0005675283
0.0004070073
0.001328475
0.0008544692
-0.000836902
-0.001118255
0.0002974117
-0.0003410308
-0.0006576434
0.00145228
0.0005737129
-0.001715004
-0.00150649
-0.001105221
-0.00129421
-0.001337778
-0.001175758
-0.001061667
-0.0009959254
-0.0009360736
-0.0008317136
-0.0007530951
-0.0006167055
-0.0005162935
-0.0003918428
-0.0002506598
-0.0001242684
6.934061e-06
0.000143474
0.0002708125
0.000403529
0.0005038034
0.0005984064
0.0007353939
0.0008320071
0.0009642812
0.001018419
0.00111902
0.001206654
0.001202238
0.001268019
0.00134744
0.001393406
0.001384333
0.001391922
0.001166421
-0.0009541794
-0.001459299
0.0006496945
0.001768602
0.001105562
0.0007121256
0.0009871928
0.0009282923
-0.0008003637
7.327908e-05
0.0004897101
-0.0006595632
0.0003642524
0.001695965
0.0009235088
-0.00141713
-0.001682789
-0.001246131
-0.001424522
-0.001532649
-0.001486569
-0.001496646
-0.001460984
-0.001437523
-0.001446688
-0.001448919
-0.001446017
-0.00144752
-0.001449652
-0.001450229
-0.001450974
-0.001452146
-0.001453147
-0.001454038
-0.001454994
-0.001455955
-0.001456876
-0.001456029
-0.001395563
-0.00134904
-0.001360561
-0.001324523
-0.001284202
-0.001259868
-0.001244603
-0.0012313
-0.001182609
-0.001002163
-0.0003464845
-0.0007870502
-0.001103265
-0.0008756964
-0.0007120592
0.0006494976
0.0007530989
-0.000395382
-0.0006240949
-0.0002225861
0.0004471548
0.0003622814
0.0002601082
5.168775e-05
0.001050622
0.003235289
0.002513078
0.0002257053
0.0004438944
0.0009621513
0.0008065018
0.0008126652
0.0009706019
0.00103868
0.001080791
0.001122202
0.001188321
0.001223917
0.001241601
0.001313253
0.001321202
0.001307707
0.001311915
0.001318007
0.001354613
0.001320175
0.001303128
0.001313437
0.001313426
0.001309047
0.00130947
0.001310157
0.001309292
0.001308746
0.001308619
0.001308318
0.001307919
0.00119783
-0.0003866906
-0.0003712819
0.0009741081
-0.0001431768
-0.001492813
-0.001547245
-0.001320137
-0.0004433153
0.0009967722
0.0009130231
-0.0008531348
-0.0008091897
-0.001379672
-0.001640228
-0.001526953
-0.001536184
-0.0007637741
0.001263124
0.0009016951
-0.001424872
-0.001822257
-0.001315489
-0.0009398616
-0.001444479
-0.0006027073
0.0005239066
0.0009480884
0.000926188
0.001086801
0.001052194
0.0003976071
0.000571325
-0.0009885133
-0.001269164
-0.0008637682
-0.0008687541
-0.0009113433
-0.0007268922
-0.0005904832
-0.0005216012
-0.0004228484
-0.0002854489
-0.0001565177
-6.518312e-05
3.579923e-05
0.0001830217
0.0003143972
0.0004083834
0.0004702257
0.0005253533
-0.0005037776
-0.001396426
-0.001697982
-0.001437229
-0.001798231
-0.001857412
-0.001375297
0.0006644092
0.00145383
0.001079378
0.001154594
0.00130768
0.001316536
0.001297671
0.001309858
0.001317527
0.00131349
0.001312915
0.001315064
0.001315501
0.001315531
0.001316212
0.001316873
0.001317355
0.001317909
0.001318523
0.001319119
0.001293223
0.001286649
0.001284821
0.001289746
0.001295906
0.001326629
0.001242391
9.474461e-05
9.56702e-05
-0.001334017
-0.001648572
-0.001364567
-0.001426897
-0.001517289
-0.001475459
-0.001455957
-0.001472512
-0.001473352
-0.001497788
-0.001499911
-0.001501452
-0.001469064
-0.001461137
-0.001498014
-0.00149096
-0.001453751
-0.001017446
-0.001049679
-0.001474688
-0.001090449
0.001003954
0.001271309
0.0007921329
0.0001944101
1.164106e-05
0.0006133107
0.0001787473
0.0008253103
0.0002570927
0.001291417
0.002465773
0.002066366
-7.805794e-05
-0.0004593309
0.0001130061
0.0001218238
8.091325e-05
0.0002718144
0.0004199596
0.0004765705
0.0005506133
0.00070714
0.0007961439
0.0008995928
0.000993892
0.001061171
0.001126783
0.001193443
0.001264974
0.001293793
0.001324248
0.001367043
0.001382988
0.001377367
0.001379552
0.001383657
0.001384089
0.001400603
0.001463511
0.001443037
0.001392765
0.001424437
0.001414517
0.001164459
0.0001317231
-0.0008668507
-0.001462612
-0.001366109
-0.001345483
-0.001408061
-0.0009443768
-0.0009019002
-0.0001996366
-0.0008267423
-0.001127114
-0.001310219
-0.001215666
-0.001012214
-0.001496604
-0.0003521383
0.001499143
0.001094446
-0.001116584
-0.001723761
-0.001296448
-0.001390358
-0.001545533
-0.001481128
-0.001423003
-0.001396991
-0.001441687
-0.001378732
-0.001348515
-0.00130273
-0.001252202
-0.001195204
-0.001147577
-0.001030066
-0.0008892533
-0.0002669885
-0.000521408
-0.0001128513
0.0005884199
0.0004841725
0.0006162656
0.0005970606
6.878411e-05
1.579699e-05
0.0002460784
0.000364188
0.0004325926
0.0005437296
0.0006595287
0.0008222673
0.000892822
0.0009423624
0.001054847
0.001124943
0.001249537
0.001299455
0.001350674
0.001394579
0.001419288
0.001490348
0.001499927
0.001489892
0.001522944
0.001535395
0.001566837
0.00243295
0.004408081
0.00307454
0.001129869
0.001509215
0.001754899
0.001483849
0.001497347
0.001553221
0.00152548
0.001513822
0.001526264
0.001529404
0.001527811
0.001523672
0.001398291
0.0004889304
0.001074642
0.001752834
0.001527784
0.00137287
0.0005910863
-0.0002518729
-0.001274204
-0.001393923
-0.00122504
-0.001329111
-0.00137924
-0.001482475
-0.001886898
-0.001364798
-0.001229474
-0.001338294
-0.001307677
-0.001243823
-0.001241295
-0.001228204
-0.001370596
-0.003072039
-0.00426656
-0.003276289
-0.001650919
-0.001159469
-0.002183732
-0.001384263
-0.001318657
-0.00238584
-0.002153301
-0.001446116
-0.001950566
-0.001793483
-0.0004042538
-0.0001193711
-0.001061816
-0.001612061
-0.001266953
-0.001137258
-0.001137545
-0.0009883185
-0.0003427992
-0.0005227557
-0.0002921015
-0.0001265758
0.0007538634
0.001104121
0.001002398
0.001095172
0.001227405
0.001256067
0.001291195
0.001371601
0.00144773
0.001456683
0.001450713
0.001512084
0.001533854
0.001544828
0.00156737
0.001568859
0.001567948
0.001587156
0.001613022
0.001629672
0.001682465
0.001668691
0.001586224
0.001577386
0.00163174
0.0001712246
-0.0009422431
0.001476878
0.002091711
0.001455189
0.001589833
0.00179914
0.001715744
0.001675493
0.001715051
0.001721409
0.00171102
0.001715104
0.001720865
0.001712465
0.0009581228
0.0004105326
0.001409873
0.001187048
0.0003410271
0.0001663291
0.0003360999
-0.0004991536
-0.00132931
-0.001151089
-0.001020174
-0.001153869
-0.001130235
-0.001079865
-0.001108549
-0.001136675
-0.001105191
-0.001120639
-0.001144277
-0.001134386
-0.001075016
-0.001059566
-0.00104738
-0.001058369
-0.001035128
-0.001015284
-0.0009968676
-0.0009215698
-0.0009067935
-0.0009163713
-0.0008486213
-0.0007721516
-0.0006872567
-0.0005825709
-0.0005244373
-0.001294521
-0.001033816
-0.0001228215
-0.000173117
-0.0001985019
2.208969e-05
6.896141e-05
0.0001233461
0.0008129916
0.0005514763
0.0003187965
0.0006489356
0.002518027
0.003812521
0.00236106
0.0006486961
0.0009847324
0.001274488
0.001171863
0.001222681
0.001358381
0.001362873
0.001400258
0.001461187
0.001446471
0.0009216197
0.0004378427
0.0001480519
0.0002800055
0.0002590782
0.0002836044
0.001344257
0.00190593
0.001128797
0.001167181
0.0004996075
-7.556587e-05
-0.0009717598
-0.001053304
-0.0008872072
-0.0009149121
-0.0009574123
-0.0009319965
-0.0009222111
-0.000931435
-0.0009313
-0.0009274348
-0.0009273078
-0.0009273288
-0.0009266406
-0.001546932
-0.002968996
-0.001911889
-0.0006441673
-0.0009174593
-0.00111435
-0.0009271113
-0.0008914969
-0.000927281
-0.0009207262
-0.0009052708
-0.0009074591
-0.0008153057
0.0001931524
0.000103305
-0.001085801
-0.001049365
-0.0007779749
-0.0009288201
-0.00101673
-0.000952375
-0.0009730028
-0.0009973899
-0.0009859568
-0.0009791925
-0.000980935
-0.0009787007
-0.0009746707
-0.0009618708
-0.0009200645
-0.0008802936
-0.0008625371
-0.0008295041
-0.0007939869
-0.0007576225
-0.0007094305
-0.0006039291
-0.0004983362
-0.0004032602
-0.000338222
-0.0002677506
-0.0001535944
-2.893337e-05
7.97846e-05
-0.0002898018
-0.0001380989
-0.0005870732
-0.0009194989
-0.0006776292
-0.0006173919
-0.001557995
-0.001784356
-0.0006748283
0.001163065
0.0005285216
0.0008834659
0.001232161
0.001717033
0.00178837
0.001778405
0.001825847
0.001905748
0.002113332
0.002396942
0.001900892
0.001103948
0.0004814155
0.000354985
-0.0005719755
-0.0008691287
-0.0006845761
-0.0007095717
-0.0002391628
-0.0005525572
-0.0009127819
-0.0007792343
-0.0002229269
-0.0005634353
-0.0009124025
-0.0007633731
-0.0002030496
0.0001711476
0.0005403092
0.0005205972
0.0004599061
-0.0002680264
-0.0009870656
-0.0008545526
-0.0007774839
-0.0008664491
-0.000831159
-0.0008221749
-0.000844538
-0.00081995
-0.0007961516
-0.0007742662
-0.0007838731
-0.0007709363
-0.0007535174
-0.001044598
-0.002791619
-0.003202665
-0.001060124
-0.0003404852
-0.001033092
-0.001395683
-0.0009075353
-0.001176482
-0.001905024
-0.001789544
-0.001543164
-0.001499735
-0.0006565412
-5.874212e-05
-0.0005664962
-0.001504121
-0.002279719
-0.002293785
-0.001713739
-0.001500889
-0.001444825
-0.001873997
-0.00230392
-0.002142398
-0.001656423
-0.0007066257
-0.000609248
-0.000681586
-0.0005302478
-0.0003984275
-0.0003357492
-0.0002485905
-0.0002280872
-0.0005656793
-7.106714e-05
0.0006175095
0.001442533
0.001502242
0.001454866
0.001558547
0.001206979
0.0008718668
0.0005174286
0.0005902375
0.001091964
0.0009048134
0.000595028
0.001268102
0.001922178
0.001302518
0.0002174923
-0.0005653604
0.0002300759
0.000966149
0.001204316
0.0008164714
0.0006038361
0.0007177438
0.0007168849
0.0006596716
3.716265e-05
-0.0005912838
-0.0002829368
0.001288304
0.001381029
-0.0001948664
-0.0007065086
-0.0003751276
-0.0004650558
-0.0004277689
8.7185e-05
0.0001277392
6.857476e-05
0.0003753274
0.000162096
-0.0003731945
-0.000501509
-0.0003951371
-0.0004155274
-0.0004458647
-0.0004254613
-0.0004133446
-0.0004150174
-0.000410774
-0.0004036841
-0.0003991161
-0.0003947966
-0.0003896184
-0.0003845577
-0.0003797278
-0.0003747908
-0.0003698012
-0.0003648438
-0.0003598877
-0.0003549069
-0.0003499239
-0.0003449397
-0.0003399491
-0.0003349493
-0.0003299252
-0.0005639514
-0.001325773
-0.0007674317
-0.0001209225
-0.0002998218
-0.000373291
-0.0002678761
-0.0002440445
-0.0002612658
-0.0002776258
-0.0002637077
-0.0002280014
-0.0002125042
0.0004224342
0.0002853127
-0.0003175429
-0.0007946703
-0.0005147521
4.089399e-05
2.364618e-05
1.411805e-05
0.0001189426
0.0002043213
0.0002590569
0.0003433651
0.0004426002
0.0005078538
0.00058672
0.000694298
0.0007580021
0.0008538409
0.0009727839
0.001039516
0.0009029104
0.0002801901
0.0002770242
0.0004690531
0.0005114461
0.0005094464
0.0005733756
0.0006598346
0.0006779548
0.0006834016
0.0007196496
0.0007644805
0.0007606023
0.0007480154
0.0007466562
0.0007425444
0.0007190158
0.000159541
-0.0002500982
0.0004310314
0.001245136
0.001177843
0.001030706
0.0007077252
0.0004155164
0.00034738
0.0004674028
-0.0001972605
-0.0003226753
0.0006132292
0.001575421
0.0008506762
0.0003912039
0.0006332543
0.0006539639
0.0005485876
0.0005569377
0.0005788037
0.00056211
0.0005505881
0.0003306439
0.0002925776
0.0005907914
0.0005635199
0.0004722088
0.0001563088
0.0001047515
0.0002613366
-0.0002516664
-0.0003579125
-0.0001816848
7.036728e-05
-0.0002516816
-0.0003536193
-0.0002386867
-0.0002416025
-0.0002912869
-0.0002567857
-0.0002368738
-0.000243788
-0.0002407416
-0.0002326849
-0.0002458508
-0.000240094
-0.0002340047
-0.0002496025
-0.0002468795
-0.0005827117
-0.00151995
-0.0007921852
4.132404e-05
-0.0001746491
-0.0002664578
-0.0001036405
-9.737971e-05
-0.0001223986
-8.235685e-05
-3.562342e-05
-0.0003255486
-0.0003986804
0.0001160825
0.0001616249
7.116921e-05
0.0001498416
0.0002471358
0.0002845254
0.0003201416
0.0003546064
0.0003896772
0.0004504841
0.0005074896
0.0005562575
0.0005981766
0.0006621826
0.0006995385
0.0007294382
0.0007699319
0.0008214566
0.0008523001
0.0008743453
0.0008930278
0.0009344319
0.0009468407
0.0009463226
0.0009352144
0.0009333046
0.000932725
0.0009350553
0.0009117834
0.0009142144
0.0009063458
0.0008822596
0.0008625183
0.0008305222
0.0008137386
0.0007862807
0.0004640513
-0.0001096108
-0.0003657707
-0.0002071861
0.0001856966
0.0002233457
0.0001491014
0.0001725445
0.0001850702
8.691831e-05
-0.000303825
-0.0003714354
-0.0002952521
-0.0001702678
0.0005134412
0.0003458827
-0.0003903925
-0.000384393
-0.0002497805
-0.0003194116
-0.000347344
-0.0002960613
-0.0002828809
-0.0002921057
-0.0002860322
-0.000277915
-0.0002753028
-0.0002720351
-0.0002672691
-0.0002630962
-0.000259264
-0.0002592791
-0.000261182
-0.0002570325
-0.0002502094
-0.0002500969
-0.0002566013
-0.000256635
-0.0002499617
-0.0002455245
-0.0002334468
-0.000229697
-0.0002254589
-0.0002259845
-0.0002383334
-0.0003177784
-0.0003062328
-0.0002326666
-0.0001581801
-0.0002924111
-0.0004885639
-0.0006460677
-0.0006268363
-0.0002742981
-0.0001017546
-5.222968e-05
-0.0001129909
-4.151132e-05
5.921026e-05
5.801067e-05
-1.27696e-05
-6.427859e-05
-0.0001184742
1.302275e-05
0.0001846175
0.0001523003
-2.562402e-05
-3.228189e-05
2.205173e-05
0.0001092808
0.0002278575
0.0002319072
0.0002186306
0.000223625
0.0002237582
0.0002159281
0.0002124113
0.0002028237
0.0001958294
0.0001855955
0.0001756906
0.0001673173
0.0001600182
0.0001517598
0.0001405192
0.0001322539
6.005925e-05
-1.907782e-05
2.546788e-05
-2.256565e-05
-4.754253e-05
1.55575e-05
7.569704e-05
2.049088e-05
5.103621e-05
4.773485e-05
-8.426098e-06
2.836156e-05
3.589683e-05
-3.157145e-05
-9.886995e-05
-0.0001361452
-0.0001937529
-0.0001892307
-0.000179186
-0.0001833395
-0.0001803735
-0.0001747617
-0.0001707243
-0.0001688502
-0.0001632832
-0.0001557457
-0.0001498071
-0.0001449084
-9.06351e-05
-4.124937e-05
-0.0001239931
-0.0001373563
-0.000108536
-0.0001053178
-0.0001059167
-0.0001062247
-0.0001196409
-0.0001338044
-0.0001330306
-0.0001230309
-0.0001412163
-0.0001608536
-0.0001496254
-0.0001388459
-0.0001339639
-0.0001290157
-0.0001232455
-0.0001167253
-0.0001122343
-0.0001087186
-0.0001053945
-0.0001031675
-0.0001005223
-9.775181e-05
-9.575094e-05
-9.420976e-05
-9.249626e-05
-9.077858e-05
-8.915436e-05
-8.753389e-05
-8.593902e-05
-8.500046e-05
-8.292123e-05
-8.130941e-05
-8.082048e-05
-9.706306e-05
-0.0001186593
-0.0001089809
-7.693024e-05
-6.750459e-05
-7.813727e-05
-8.088624e-05
-8.029148e-05
-7.819391e-05
-7.587955e-05
-7.442244e-05
-7.175195e-05
-6.614443e-05
-5.509479e-05
-5.259909e-05
-5.543737e-05
-5.423183e-05
-4.888214e-05
-4.778575e-05
-4.713084e-05
-4.51559e-05
-4.343932e-05
-4.23511e-05
-4.095338e-05
-3.925224e-05
-3.803166e-05
-3.660605e-05
-3.511243e-05
-3.360404e-05
-3.19683e-05
-3.055874e-05
-2.940739e-05
-2.790766e-05
-2.651353e-05
-2.528914e-05
-2.409047e-05
-2.276265e-05
-2.167218e-05
-2.060136e-05
-2.052964e-05
-2.172347e-05
-1.982638e-05
-1.807449e-05
-1.634412e-05
-1.567118e-05
-1.64933e-05
-1.474775e-05
-1.281163e-05
-1.23243e-05
-1.26491e-05
-1.343549e-05
-1.282286e-05
-1.112934e-05
-9.444666e-06
-8.75335e-06
-8.07666e-06
-6.901768e-06
-5.81996e-06
-4.835572e-06
-4.14588e-06
-3.519723e-06
-2.820991e-06
-2.092252e-06
-9.979476e-07
-6.189704e-07
-2.534358e-07
4.106581e-07
1.35204e-06
2.006939e-06
2.563124e-06
3.426349e-06
3.951019e-06
4.598772e-06
5.389752e-06
6.002404e-06
6.858378e-06
7.650896e-06
8.457875e-06
9.137123e-06
9.798352e-06
1.062371e-05
1.136891e-05
1.207085e-05
1.285632e-05
1.359395e-05
1.434963e-05
1.506911e-05
1.574481e-05
1.644989e-05
1.713606e-05
1.782263e-05
1.85174e-05
1.920353e-05
1.988133e-05
2.055425e-05
2.122112e-05
2.188134e-05
2.253536e-05
2.318278e-05
2.382417e-05
2.445842e-05
2.507722e-05
2.570374e-05
2.633398e-05
2.694451e-05
2.754416e-05
2.814368e-05
2.873836e-05
2.932665e-05
2.990925e-05
3.048574e-05
3.105521e-05
3.161938e-05
3.217837e-05
3.273027e-05
3.327577e-05
3.381585e-05
3.435049e-05
3.487905e-05
3.540157e-05
3.591837e-05
3.642943e-05
3.693469e-05
3.743427e-05
3.792821e-05
3.841652e-05
3.889923e-05
3.937637e-05
3.984797e-05
4.031406e-05
4.077467e-05
4.122981e-05
4.167952e-05
4.212382e-05
4.256273e-05
4.299629e-05
4.342452e-05
NaN
