-6.744252e-05
-6.720778e-05
-6.688796e-05
-6.652022e-05
-6.613952e-05
-6.580466e-05
-6.550458e-05
-6.503525e-05
-6.382396e-05
-6.090144e-05
-5.491336e-05
-4.429472e-05
-2.735619e-05
-2.746393e-06
3.068709e-05
7.423593e-05
0.0001296093
0.0001992902
0.0002867627
0.0003952483
0.0005268031
0.0006808078
0.0008523599
0.001026463
0.001171397
0.001244716
0.001199703
0.001000477
0.0006329151
0.000113271
-0.0005260646
-0.001229809
-0.001919355
-0.002499758
-0.002865182
-0.002918202
-0.002577986
-0.001829536
-0.0007420623
0.0005436308
0.001851125
0.00302957
0.004001742
0.004769079
0.005398259
0.00599547
0.006648799
0.007400444
0.008171138
0.008729335
0.008780755
0.008080966
0.006550842
0.004269309
0.001469042
-0.001515196
-0.004333667
-0.006734565
-0.008585325
-0.009880427
-0.01070918
-0.01117787
-0.01136169
-0.0113115
-0.01107653
-0.01070706
-0.01023786
-0.009690646
-0.009081869
-0.008392083
-0.007564462
-0.006532148
-0.005267588
-0.003781925
-0.002086347
-0.00024374
0.001671876
0.003489834
0.00499583
0.006018956
0.006484661
0.006483734
0.006219962
0.005920218
0.005772156
0.005854697
0.00608252
0.006236131
0.006049222
0.005385789
0.004296795
0.003036562
0.001919183
0.001226382
0.001030689
0.001223635
0.001602878
0.001963158
0.002211315
0.00232194
0.002334202
0.002272547
0.002156884
0.00193583
0.001524531
0.0008866867
3.607744e-05
-0.0009496308
-0.002029372
-0.003221897
-0.00466102
-0.006603897
-0.009200457
-0.01243084
-0.01602881
-0.0195814
-0.02264842
-0.02483542
-0.02586286
-0.02564271
-0.02427872
-0.02205482
-0.01921075
-0.01601043
-0.0126007
-0.008981119
-0.005059574
-0.000697552
0.004168379
0.009495762
0.01509662
0.02074656
0.02618161
0.03116475
0.03544834
0.03875838
0.04077914
0.04124355
0.04000292
0.03708156
0.03268076
0.02708872
0.02068294
0.01389878
0.00723713
0.001079138
-0.004345247
-0.008972704
-0.01277579
-0.01581184
-0.01814851
-0.01988125
-0.02107587
-0.02178383
-0.02198878
-0.02156492
-0.02034675
-0.01815983
-0.01496473
-0.01082072
-0.005880565
-0.0003818344
0.005308142
0.0108756
0.0160449
0.02055908
0.02419225
0.0266596
0.02761773
0.02670771
0.02357679
0.01821288
0.01092033
0.002285929
-0.007012472
-0.01629334
-0.02490349
-0.03226958
-0.03805305
-0.04212877
-0.04458165
-0.04556998
-0.04528834
-0.04391202
-0.0415852
-0.03841872
-0.03442089
-0.0296627
-0.02417229
-0.01804117
-0.01153091
-0.004991534
0.001179421
0.006613371
0.0110434
0.01437212
0.01664328
0.01797182
0.01847494
0.0182798
0.01747014
0.016045
0.01418457
0.01226279
0.01070515
0.009817409
0.00970864
0.01023642
0.01121677
0.01242339
0.01365468
0.0146882
0.01537199
0.01560928
0.01535704
0.0146511
0.01361116
0.01237241
0.01108654
0.009964521
0.009247366
0.00919374
0.0100197
0.01179123
0.01439723
0.01766158
0.02128653
0.02488671
0.02804698
0.03051198
0.0321494
0.03286905
0.03272294
0.03183603
0.03028517
0.028098
0.02531212
0.02201346
0.01825316
0.01404872
0.009436496
0.004434655
-0.001008407
-0.006847641
-0.01298157
-0.01923623
-0.02540472
-0.03127559
-0.03663028
-0.04119202
-0.04470976
-0.04693518
-0.04775238
-0.04713952
-0.04528929
-0.042502
-0.03911256
-0.03540746
-0.03170029
-0.02818169
-0.0248467
-0.02164527
-0.01838828
-0.01489103
-0.01097661
-0.006508448
-0.001459824
0.003938529
0.009328959
0.01437012
0.01876344
0.02230809
0.0249013
0.02650832
0.02715166
0.02685075
0.02560692
0.02338871
0.02020259
0.01625251
0.0119131
0.007610521
0.003770598
0.0006608421
-0.001634519
-0.003187741
-0.004126239
-0.004699234
-0.005171397
-0.005769871
-0.006635
-0.007821529
-0.00922891
-0.01063761
-0.0117101
-0.01210732
-0.01157252
-0.01001346
-0.007544588
-0.004450468
-0.001058238
0.002360124
0.00563874
0.008732286
0.01158498
0.01408399
0.01602956
0.01727451
0.01779131
0.01759629
0.01671641
0.01524739
0.01324607
0.01075954
0.007833828
0.004530564
0.001008428
-0.002524473
-0.005809439
-0.008561865
-0.01047347
-0.01133733
-0.01112126
-0.009951238
-0.008057463
-0.005700337
-0.003135435
-0.0005653116
0.001852146
0.004034767
0.00595257
0.007625279
0.009072731
0.01029657
0.01125374
0.01194171
0.01239815
0.01267309
0.01282316
0.01291091
0.01296232
0.01302088
0.01309496
0.01313227
0.0131409
0.01312998
0.01312369
0.01310828
0.01296069
0.01253937
0.01173149
0.01045549
0.008661563
0.006378528
0.003672393
0.0006556625
-0.002546952
-0.005848692
-0.009137316
-0.01236633
-0.01546781
-0.01839221
-0.02108016
-0.02343369
-0.02533691
-0.02665519
-0.0273196
-0.02732591
-0.02670762
-0.02554657
-0.02399309
-0.02226507
-0.02061465
-0.01922237
-0.01814767
-0.01739302
-0.01689867
-0.01661191
-0.01647008
-0.01631772
-0.0160433
-0.01552291
-0.01466104
-0.01344335
-0.01185188
-0.00991975
-0.007763434
-0.005501183
-0.0032327
-0.001027755
0.0009523749
0.002627252
0.003997221
0.005149639
0.006221699
0.007300643
0.008470997
0.009772907
0.01120077
0.01268907
0.01414283
0.01542151
0.01635701
0.01681009
0.01675235
0.0162816
0.01560567
0.01498699
0.01469111
0.01484965
0.01543967
0.01636671
0.01753464
0.01885613
0.02016242
0.02129016
0.02204881
0.02226278
0.02178085
0.02054182
0.01861014
0.01618574
0.01347865
0.01066446
0.007877831
0.005212537
0.002738005
0.000499202
-0.001502893
-0.003265265
-0.004776672
-0.00604103
-0.007070211
-0.007909165
-0.008620011
-0.009287498
-0.009945402
-0.01058586
-0.01113353
-0.01143479
-0.01133372
-0.01075209
-0.00969384
-0.008240655
-0.006533419
-0.004713864
-0.002916352
-0.001283764
7.966339e-05
0.00115171
0.001991069
0.002653612
0.003292594
0.004022165
0.004935047
0.006041631
0.007301419
0.008608586
0.009825139
0.01078281
0.01129771
0.01125025
0.01059411
0.009376667
0.007710895
0.005744614
0.003581031
0.00125787
-0.001239849
-0.003917546
-0.006704139
-0.009491235
-0.01211625
-0.01436461
-0.01606633
-0.01714559
-0.01764404
-0.01767574
-0.01738166
-0.01684304
-0.01608428
-0.01517231
-0.01416174
-0.01309521
-0.01203406
-0.01100635
-0.009955769
-0.008795842
-0.007485694
-0.00609123
-0.004692494
-0.003358407
-0.002042093
-0.0006727607
0.0008272134
0.002465054
0.004154039
0.005755527
0.007122444
0.008166321
0.008823234
0.009116822
0.009124447
0.008999747
0.008932052
0.009100233
0.009601156
0.01050113
0.01179996
0.01342864
0.01516554
0.01670839
0.01777187
0.01816152
0.01779907
0.01671167
0.01498076
0.01265608
0.0097997
0.006548864
0.00309311
-0.0003294776
-0.003535149
-0.006358877
-0.00868474
-0.01042919
-0.01153985
-0.01197594
-0.01181292
-0.01115095
-0.01007671
-0.008659245
-0.006951679
-0.005018541
-0.002988946
-0.001013684
0.0007059119
0.001947562
0.002483638
0.002167298
0.0009459311
-0.001112462
-0.003841925
-0.007039943
-0.01046585
-0.01388216
-0.01704775
-0.01975286
-0.02184194
-0.02320462
-0.02377803
-0.0235104
-0.02236652
-0.02040097
-0.01772622
-0.01448289
-0.01081934
-0.006954625
-0.003114245
0.0006028798
0.004125422
0.007477496
0.01064035
0.01359069
0.01626861
0.01857386
0.0203919
0.02159348
0.02214251
0.02205257
0.02139314
0.02027163
0.0188593
0.01730324
0.01573939
0.01421516
0.01272523
0.01122674
0.009659514
0.007975611
0.006175026
0.004300443
0.002407382
0.000536242
-0.00128067
-0.003036328
-0.004747469
-0.00640844
-0.00799097
-0.009489153
-0.01093378
-0.01238035
-0.01390912
-0.01557325
-0.01738272
-0.01932525
-0.02130418
-0.02315274
-0.02467273
-0.02568151
-0.02603406
-0.025631
-0.02444714
-0.02250145
-0.01983009
-0.01652983
-0.01271228
-0.008579624
-0.004309335
-3.292195e-05
0.004145652
0.008097694
0.01166924
0.01477914
0.01739148
0.01956234
0.02130587
0.02258234
0.02330915
0.02335528
0.02261431
0.02104754
0.01866199
0.01561274
0.01217023
0.008551124
0.004914348
0.001372378
-0.00195933
-0.00494451
-0.007403052
-0.009145299
-0.01000651
-0.0099109
-0.008912676
-0.007233262
-0.005171229
-0.003028021
-0.001058423
0.0005897303
0.001800348
0.002588738
0.003072567
0.003488051
0.004037528
0.004874454
0.006001598
0.007350731
0.008828091
0.01032899
0.01169411
0.01270034
0.01308655
0.01257778
0.01101575
0.008363322
0.004722754
0.0002771302
-0.004713604
-0.009969557
-0.01515885
-0.01998259
-0.02414965
-0.02750285
-0.02997912
-0.03157764
-0.03229905
-0.03214494
-0.03112161
-0.02915685
-0.02620897
-0.02224242
-0.01731233
-0.01153461
-0.005144852
0.001467731
0.007872617
0.0136792
0.01856873
0.02234523
0.02495653
0.02649026
0.02712495
0.02703815
0.02635119
0.02516887
0.02350206
0.02123566
0.0182861
0.01467484
0.01056422
0.006200172
0.001794801
-0.002406985
-0.006295971
-0.009797932
-0.01288772
-0.01554943
-0.01783138
-0.01983083
-0.02162678
-0.02325925
-0.02468701
-0.02578077
-0.02635354
-0.02625415
-0.02543694
-0.02393522
-0.02179615
-0.0190856
-0.01591043
-0.0124854
-0.00898187
-0.00553489
-0.002141346
0.001295244
0.004856851
0.008531801
0.01214206
0.01547814
0.01836144
0.02076263
0.02271933
0.02424988
0.02536218
0.02605135
0.02631807
0.02611579
0.02540331
0.02415499
0.02232677
0.01996545
0.01718736
0.01421057
0.01125983
0.008497066
0.006055167
0.004010114
0.002433828
0.001390478
0.000950519
0.001211973
0.002209205
0.003872741
0.006004635
0.0083709
0.0107036
0.01275257
0.01435701
0.01551748
0.01630252
0.01681495
0.01715122
0.01724467
0.01693736
0.01607961
0.01457156
0.01240437
0.009629329
0.006388842
0.002845984
-0.0007371548
-0.004122506
-0.007178041
-0.009852561
-0.01212314
-0.01390978
-0.01512905
-0.01571733
-0.01565718
-0.01497293
-0.01378444
-0.01221685
-0.0103969
-0.008419317
-0.006383717
-0.004342581
-0.002297659
-0.0002680216
0.001719227
0.003582496
0.005234881
0.006626041
0.007724332
0.00850854
0.00900457
0.009250082
0.009269453
0.009090793
0.008722945
0.008144981
0.00734427
0.006354
0.005228814
0.004082357
0.003068885
0.002337683
0.001974094
0.002042999
0.002514213
0.003324835
0.004304101
0.005320797
0.006283123
0.007156419
0.007918166
0.008569958
0.009106884
0.00954122
0.009940481
0.01039241
0.01095365
0.01164111
0.01238807
0.01303735
0.01342468
0.01342747
0.0130084
0.01211909
0.01075436
0.008934462
0.006717147
0.004097309
0.001079449
-0.002384564
-0.006325245
-0.01067473
-0.01528477
-0.01994192
-0.02447494
-0.02867317
-0.03236604
-0.03548215
-0.03802891
-0.04006092
-0.04161985
-0.04271823
-0.04329946
-0.04324254
-0.04249822
-0.04105708
-0.03897716
-0.0363682
-0.03333018
-0.03007919
-0.02681981
-0.02374105
-0.02091336
-0.01837565
-0.01609868
-0.01404942
-0.0121973
-0.01057317
-0.009211428
-0.008113987
-0.007247298
-0.006552316
-0.006031035
-0.005664381
-0.005417248
-0.00526147
-0.005196747
-0.005193016
-0.005179815
-0.005047711
-0.004688465
-0.00399038
-0.002934721
-0.001563223
7.760301e-05
0.001898526
0.003836377
0.005860379
0.007995998
0.0102069
0.01239915
0.01439115
0.01596213
0.01693289
0.01722739
0.01691487
0.01611868
0.0149834
0.01360254
0.01203045
0.01030343
0.008494275
0.006658942
0.00484992
0.003144313
0.001674235
0.0005956041
1.139023e-05
-4.351224e-05
0.0004257232
0.001398559
0.002791064
0.004474378
0.00635386
0.008454043
0.01080493
0.01336576
0.01600891
0.01863157
0.02117293
0.02357554
0.02573006
0.02748418
0.0287263
0.02940707
0.0295031
0.02900904
0.02790495
0.0261634
0.02379689
0.02080774
0.01724836
0.01325282
0.008996771
0.004678205
0.0004811467
-0.003428095
-0.006947848
-0.01002022
-0.01264144
-0.0147616
-0.01638894
-0.01752097
-0.01823552
-0.01858956
-0.01870085
-0.01871743
-0.01873615
-0.01875744
-0.01871132
-0.01852331
-0.01820676
-0.01785825
-0.01760138
-0.01751846
-0.0176296
-0.01793259
-0.01839506
-0.01900392
-0.01975384
-0.02063346
-0.02163253
-0.02272989
-0.02386024
-0.02488263
-0.02562159
-0.02595065
-0.02581442
-0.02519128
-0.02406744
-0.02245339
-0.02029417
-0.01754506
-0.01422936
-0.01039324
-0.006171354
-0.001669331
0.002933822
0.007493747
0.01193535
0.01617357
0.02007847
0.0235131
0.0263884
0.0287059
0.03047977
0.03174374
0.03246304
0.03260121
0.03213593
0.03110468
0.02961152
0.02779177
0.02577209
0.02365085
0.02146803
0.01926678
0.01710155
0.01507347
0.01326127
0.01171973
0.01045433
0.009431555
0.008603227
0.00792801
0.00738973
0.007006441
0.006761931
0.006639289
0.006644559
0.006751852
0.006880162
0.006944535
0.006873071
0.006620176
0.006137828
0.005390288
0.004377886
0.003147337
0.001822107
0.0005556653
-0.0005314565
-0.001388942
-0.002003338
-0.002352461
-0.0024594
-0.002335143
-0.002029932
-0.001612707
-0.001152036
-0.0006886992
-0.0002484783
0.0001396541
0.000466059
0.0007109177
0.00077611
0.0005681899
3.76938e-05
-0.0008727221
-0.002159076
-0.003807126
-0.005736149
-0.007885715
-0.01017965
-0.01255946
-0.01488039
-0.01698137
-0.0187383
-0.02011072
-0.02111544
-0.02175851
-0.02204147
-0.02198588
-0.02164739
-0.02107856
-0.02028005
-0.01924903
-0.01797042
-0.01640306
-0.0145026
-0.01223662
-0.009646863
-0.00687603
-0.004104319
-0.001517234
0.0007318088
0.002542265
0.003871904
0.004677605
0.004931249
0.004641626
0.003872279
0.002676097
0.001132593
-0.0006768915
-0.002663435
-0.004735217
-0.006889949
-0.009104147
-0.01131136
-0.01344268
-0.01543366
-0.01724602
-0.0188706
-0.02030606
-0.0215318
-0.02251445
-0.02326314
-0.02386747
-0.0244207
-0.02494962
-0.02537809
-0.02560206
-0.02548737
-0.02497971
-0.02404389
-0.0227216
-0.02104786
-0.01908547
-0.01685119
-0.01435494
-0.01166101
-0.0088298
-0.005950497
-0.003149393
-0.0005981801
0.001548749
0.003231898
0.00454203
0.005632856
0.006612242
0.007583036
0.008627536
0.009755079
0.01092678
0.01211218
0.01325214
0.0143005
0.01528398
0.01623607
0.01714282
0.0179631
0.01865937
0.01925008
0.01977064
0.02027516
0.02080031
0.02136119
0.02191434
0.0223814
0.02268235
0.0227544
0.02260439
0.02232003
0.02200865
0.02172697
0.02141156
0.02098714
0.02032522
0.01932436
0.01798144
0.01639066
0.01477645
0.01340791
0.01250748
0.01220141
0.01246997
0.01314879
0.01401971
0.01488503
0.01559015
0.0160326
0.01622402
0.01626075
0.01628673
0.0163987
0.01662733
0.01689655
0.01711514
0.01722308
0.0171648
0.01689262
0.01637463
0.01561597
0.01461774
0.0133859
0.0119385
0.01026709
0.008350815
0.006129753
0.003653516
0.001085948
-0.001430815
-0.003833231
-0.006111669
-0.008266544
-0.0103352
-0.01236716
-0.01440574
-0.0164792
-0.01851502
-0.02037591
-0.0219064
-0.02304286
-0.02373966
-0.02398654
-0.02378809
-0.023224
-0.02240377
-0.02148116
-0.0206274
-0.01997661
-0.01963267
-0.01966548
-0.02004029
-0.02070936
-0.02160395
-0.02262566
-0.0236768
-0.02467012
-0.0255384
-0.02620074
-0.02658616
-0.02660139
-0.02617174
-0.02530208
-0.02399467
-0.02229123
-0.0202289
-0.01793491
-0.01558192
-0.01328106
-0.01114228
-0.009251156
-0.007652515
-0.006308057
-0.005161158
-0.004137883
-0.003179519
-0.002195815
-0.001146048
-6.310751e-05
0.001011529
0.002059747
0.003043888
0.003974345
0.004907565
0.005906664
0.006998039
0.008175716
0.009406047
0.01063276
0.01175612
0.0127001
0.01345063
0.01404487
0.01456149
0.01507446
0.01553377
0.01584903
0.01591789
0.01574439
0.01535229
0.01476678
0.01395145
0.01289001
0.0116058
0.01015497
0.008563638
0.006788393
0.004787559
0.002549503
0.0001593638
-0.002256797
-0.004551181
-0.006662717
-0.008566219
-0.01024804
-0.01173756
-0.01306728
-0.01427696
-0.01544156
-0.01655255
-0.01760915
-0.0186017
-0.01948171
-0.02015743
-0.02054305
-0.02058597
-0.02028492
-0.0197285
-0.01903661
-0.01830224
-0.01756722
-0.01679003
-0.01592036
-0.01487962
-0.01360549
-0.0120327
-0.01015434
-0.00803535
-0.005801837
-0.003540951
-0.001248688
0.001078386
0.003365672
0.00553681
0.007546746
0.009410625
0.01114576
0.01278458
0.01436443
0.01590457
0.01736343
0.0186679
0.01976001
0.02058942
0.02108594
0.02117117
0.02080631
0.0199818
0.01874564
0.01720305
0.0155276
0.01381105
0.01212733
0.01050237
0.008967533
0.007561674
0.006272747
0.005045965
0.003841482
0.00270308
0.001717232
0.0009395095
0.0003671462
9.350155e-06
-8.686294e-05
0.0001369876
0.0006845583
0.001505905
0.002558249
0.003766846
0.005060099
0.006377383
0.007629375
0.008690691
0.009453501
0.009837648
0.009867947
0.009661606
0.009375435
0.009077808
0.00871781
0.008201271
0.00747853
0.006561035
0.005537327
0.00453212
0.003587148
0.002716449
0.001893522
0.001094445
0.0003258123
-0.0004237556
-0.001164282
-0.001886577
-0.002543213
-0.003119646
-0.00370767
-0.004468959
-0.00558335
-0.007143591
-0.009168753
-0.01154627
-0.01403911
-0.01637186
-0.01829405
-0.01968342
-0.02049584
-0.02082548
-0.02071684
-0.0201691
-0.01913143
-0.01756009
-0.01547507
-0.01298061
-0.01022117
-0.007384054
-0.00468353
-0.002335389
-0.000442208
0.001013835
0.002138745
0.003060827
0.003933842
0.00487059
0.005829464
0.006677239
0.007289637
0.007609619
0.007713094
0.007664378
0.007537457
0.007359515
0.007154522
0.006937379
0.00670226
0.006493109
0.006347436
0.006324709
0.006482729
0.006878431
0.007556764
0.008517533
0.009726888
0.01111736
0.0125905
0.01408663
0.01559291
0.01717755
0.01892371
0.02082076
0.02280284
0.02474365
0.02651497
0.02798564
0.029099
0.02984487
0.03027265
0.03042564
0.03033576
0.02999765
0.02936232
0.02843334
0.02725252
0.02583935
0.02426128
0.02252651
0.02065755
0.0186484
0.01646868
0.01407902
0.01137095
0.008318933
0.004925754
0.001280246
-0.002528965
-0.006433774
-0.0103414
-0.01416625
-0.01783974
-0.02132938
-0.02455802
-0.02744707
-0.02993379
-0.03202137
-0.03372764
-0.03501795
-0.0359096
-0.03641585
-0.03656582
-0.03637965
-0.03591249
-0.03519025
-0.03414623
-0.0326691
-0.03067627
-0.02814387
-0.02508977
-0.02157527
-0.01764613
-0.01334558
-0.008793469
-0.004147788
0.0004538299
0.004900167
0.009071143
0.01283977
0.01607919
0.01871569
0.02071956
0.0221365
0.02300214
0.02332335
0.02308946
0.02234372
0.02108666
0.01933372
0.0170992
0.01437827
0.01121874
0.007686622
0.003925895
0.0001318859
-0.003487803
-0.006688344
-0.00929382
-0.01124672
-0.0126159
-0.01358009
-0.01431933
-0.01500397
-0.01562584
-0.01606235
-0.01610315
-0.01558644
-0.01440482
-0.01257531
-0.01022479
-0.007483819
-0.004487137
-0.001287927
0.002144103
0.005928606
0.01009262
0.01455947
0.0191258
0.02346305
0.0272222
0.03015047
0.03216172
0.03332253
0.03384254
0.03398453
0.03393087
0.03371359
0.03331763
0.03267647
0.03177129
0.03061813
0.02926588
0.02782557
0.02640162
0.02506884
0.02380153
0.02259498
0.02145134
0.02048843
0.0199059
0.01981271
0.02009345
0.02048754
0.02068253
0.02039939
0.01944584
0.01789214
0.0159401
0.01383057
0.01172077
0.009658895
0.007634651
0.005625349
0.003650023
0.00171042
-0.0001900546
-0.002045696
-0.003783368
-0.005339115
-0.006663022
-0.007738764
-0.008639788
-0.009535616
-0.0106049
-0.01194621
-0.01357029
-0.01536357
-0.01709331
-0.01849782
-0.01934466
-0.01950122
-0.01895915
-0.01779159
-0.01613005
-0.01412156
-0.0119409
-0.009733922
-0.007610289
-0.005641326
-0.003841291
-0.00224785
-0.0009625739
-0.0001756977
-0.0001133484
-0.0009243887
-0.002541117
-0.004757735
-0.007249144
-0.009786121
-0.01228532
-0.01468972
-0.01694668
-0.01892401
-0.02047839
-0.02151364
-0.02203976
-0.02215487
-0.0220497
-0.02192769
-0.02199634
-0.02241091
-0.02319914
-0.02421434
-0.02519186
-0.0258919
-0.02613936
-0.02587738
-0.02512833
-0.02394521
-0.02239697
-0.02054105
-0.01843787
-0.01617432
-0.01380959
-0.0114164
-0.009073307
-0.006807036
-0.004697377
-0.002779257
-0.001081763
0.0004325366
0.001846855
0.003292241
0.004898784
0.006759246
0.008865496
0.01109716
0.01329796
0.01530657
0.01701233
0.01838944
0.01941858
0.02012228
0.02053145
0.02066503
0.02056224
0.02024125
0.01971002
0.01900202
0.01818978
0.01730535
0.0163273
0.01519664
0.01384984
0.01230981
0.01064212
0.008957416
0.007328423
0.005802683
0.004402145
0.003117739
0.001918777
0.0007759237
-0.0003521996
-0.00146787
-0.002556491
-0.003578595
-0.004453511
-0.005093631
-0.00545345
-0.005493674
-0.005210057
-0.004652586
-0.003911268
-0.003133841
-0.002362698
-0.001527834
-0.0004970122
0.0007861353
0.002254645
0.00383165
0.005445114
0.007089655
0.008793845
0.01058957
0.01244484
0.01431958
0.01617217
0.01796152
0.01968661
0.02137773
0.023094
0.0248621
0.02664989
0.02836714
0.02991012
0.03118115
0.0321208
0.03266906
0.03281137
0.03254916
0.03189051
0.03082151
0.0293272
0.02745638
0.02522355
0.02265027
0.01980491
0.01683392
0.01389696
0.01116548
0.008708654
0.006550307
0.004672888
0.003034794
0.001569164
0.0002181502
-0.001110412
-0.002494088
-0.00393041
-0.00532239
-0.006666873
-0.008007675
-0.009349417
-0.01064711
-0.01181514
-0.01278264
-0.01344041
-0.01374005
-0.01371436
-0.01344733
-0.01308087
-0.01274176
-0.0125089
-0.01239559
-0.01240289
-0.01253612
-0.0127874
-0.01319664
-0.01381223
-0.01467807
-0.01579914
-0.01713069
-0.01865139
-0.02030194
-0.02200774
-0.02367746
-0.02523768
-0.02660067
-0.02766599
-0.02841095
-0.02886435
-0.02907386
-0.02909743
-0.02896934
-0.02858778
-0.02787537
-0.02680019
-0.02541051
-0.02382002
-0.02212577
-0.02043934
-0.01881018
-0.01725223
-0.0158099
-0.0145229
-0.01342053
-0.01248794
-0.0116798
-0.01097598
-0.01035189
-0.009779871
-0.009201833
-0.008598913
-0.007980206
-0.007335637
-0.006671463
-0.005978772
-0.005273983
-0.004581527
-0.003956127
-0.003434261
-0.003028929
-0.002774643
-0.002697012
-0.002798071
-0.003055157
-0.003433428
-0.003905221
-0.004454658
-0.005082652
-0.00579287
-0.006574522
-0.007404283
-0.008243305
-0.009039608
-0.009740773
-0.01030956
-0.01077537
-0.01121448
-0.01171189
-0.01234413
-0.01315237
-0.01411243
-0.01513504
-0.01609334
-0.01690532
-0.01750505
-0.01785259
-0.01798021
-0.01800157
-0.01801743
-0.01803337
-0.01797969
-0.01774672
-0.0172235
-0.01631981
-0.0149928
-0.01327384
-0.0112932
-0.009288816
-0.007480174
-0.006026656
-0.004985275
-0.004365782
-0.004109721
-0.004130627
-0.004353986
-0.004763304
-0.005352662
-0.006080939
-0.006919525
-0.007840985
-0.008828072
-0.009866428
-0.01093277
-0.01200902
-0.01307951
-0.01410067
-0.01501302
-0.01573101
-0.016223
-0.01643931
-0.0163695
-0.01599695
-0.01530707
-0.01431102
-0.01306107
-0.01163787
-0.01012341
-0.008569418
-0.007005049
-0.00544646
-0.00390528
-0.002361865
-0.0008437995
0.0006051008
0.001988319
0.003302179
0.004526614
0.005647221
0.006671087
0.007628762
0.008547968
0.009436759
0.0102556
0.01095503
0.01146398
0.01173447
0.01171404
0.01141844
0.01091909
0.01034248
0.00982438
0.009441356
0.009231206
0.009244364
0.009491943
0.01000302
0.01071106
0.01150361
0.01237852
0.01339445
0.01464274
0.01614153
0.01782092
0.01955068
0.02117352
0.022591
0.02377577
0.02474888
0.02555731
0.02631441
0.02715936
0.02824221
0.02965899
0.03142196
0.03346847
0.0356905
0.03796083
0.04022706
0.04247933
0.04467288
0.04671547
0.04847606
0.04982826
0.05068423
0.05099668
0.05075075
0.04992565
0.04856283
0.04667189
0.04432652
0.04161371
0.03859196
0.03532715
0.03198951
0.02874003
0.025713
0.02293024
0.02036501
0.0179762
0.01569176
0.01344204
0.01117204
0.008855774
0.006513119
0.004103402
0.001586564
-0.001012483
-0.003591373
-0.006032694
-0.008217121
-0.01001719
-0.01135914
-0.01220908
-0.01258425
-0.01257401
-0.01223209
-0.01163797
-0.01092173
-0.01020294
-0.009586887
-0.009110473
-0.008812004
-0.008691549
-0.008837547
-0.00929281
-0.01008161
-0.01114041
-0.0123753
-0.01373171
-0.01525578
-0.0169542
-0.0187188
-0.02037491
-0.02176947
-0.02286164
-0.02364102
-0.02411498
-0.02425646
-0.02400566
-0.02336079
-0.02237579
-0.02109512
-0.01961301
-0.01799126
-0.01616823
-0.01408823
-0.01164499
-0.008912082
-0.005987909
-0.003025034
-0.000227614
0.002209305
0.004153844
0.00560863
0.006663894
0.00747071
0.008123697
0.008646086
0.009023775
0.009244104
0.009255599
0.008992683
0.008349737
0.007303745
0.005838841
0.004084225
0.002101354
-3.244199e-05
-0.002267913
-0.004573429
-0.006948253
-0.009328491
-0.01162663
-0.01377347
-0.01577273
-0.01769273
-0.01959221
-0.02146517
-0.02325213
-0.02488508
-0.026234
-0.02719603
-0.02774349
-0.02792789
-0.02784458
-0.02754282
-0.02705057
-0.026356
-0.02550469
-0.0245249
-0.02348325
-0.02249986
-0.02169359
-0.02114362
-0.02089411
-0.02092839
-0.02124968
-0.02180968
-0.02257062
-0.02342162
-0.02423491
-0.024906
-0.02535748
-0.02550245
-0.02523507
-0.02448743
-0.023234
-0.02148789
-0.01926457
-0.01660894
-0.01362922
-0.0104604
-0.007219141
-0.004013138
-0.0009682189
0.001834419
0.004369551
0.006642309
0.008634594
0.01037608
0.01189817
0.01322078
0.0143664
0.01538516
0.01630058
0.01716225
0.017988
0.01877394
0.01957253
0.020353
0.02104643
0.0215947
0.02195757
0.02211938
0.02203825
0.02170344
0.02117578
0.02060214
0.02006044
0.01959187
0.01922673
0.01898895
0.01886377
0.01882482
0.01876475
0.01858432
0.01820922
0.01763575
0.01684556
0.01585739
0.01469658
0.01338626
0.01194249
0.01039886
0.008855477
0.007384109
0.005949864
0.004435539
0.002785436
0.001018261
-0.0007509122
-0.002381335
-0.003795892
-0.005015121
-0.00607073
-0.006992591
-0.007789251
-0.008416792
-0.008795088
-0.008828976
-0.008514123
-0.007867136
-0.006916546
-0.005706525
-0.004325394
-0.002841103
-0.001321712
0.0001825604
0.001552903
0.002745543
0.003728108
0.004523983
0.005152689
0.005610639
0.005915779
0.006036676
0.005929553
0.005534649
0.004886575
0.004119495
0.003354184
0.002667355
0.002021207
0.001327587
0.0005374074
-0.0003562893
-0.001336923
-0.002353453
-0.003383428
-0.004392049
-0.005342785
-0.006214382
-0.006991417
-0.00761492
-0.008031402
-0.00820422
-0.008127756
-0.007792087
-0.007217308
-0.006365535
-0.005190203
-0.003629537
-0.001670408
0.0006277346
0.003197968
0.006005432
0.009001027
0.01207172
0.01508292
0.01793991
0.02061625
0.02318815
0.02575991
0.02842366
0.03117566
0.0339072
0.03653174
0.03896908
0.0411616
0.04300593
0.04443398
0.04548254
0.04630197
0.04702923
0.04771742
0.04839817
0.04908546
0.04983498
0.05065889
0.05149528
0.05217529
0.05253087
0.05244701
0.05188474
0.05091055
0.04962904
0.04819555
0.04669232
0.04509571
0.04329501
0.04120301
0.03878191
0.03605309
0.03308285
0.03002426
0.0270372
0.0242155
0.02151021
0.01878894
0.01593354
0.01287322
0.009597953
0.006225304
0.00294807
-5.460659e-05
-0.002733191
-0.005168184
-0.007527442
-0.009909177
-0.01233047
-0.01470315
-0.01692334
-0.01893612
-0.02070466
-0.02229609
-0.02370753
-0.02496342
-0.02602387
-0.02687939
-0.02755024
-0.02813071
-0.02872792
-0.02935989
-0.03000438
-0.03061795
-0.03118549
-0.03172844
-0.03233246
-0.03308692
-0.03404883
-0.0351625
-0.03634491
-0.03748582
-0.03854155
-0.03953995
-0.04058307
-0.04176036
-0.04315964
-0.04485128
-0.04682961
-0.04902707
-0.0513484
-0.05367555
-0.05593457
-0.05807851
-0.060071
-0.06191846
-0.06358164
-0.06507825
-0.06638661
-0.06748066
-0.06833446
-0.06894758
-0.06926837
-0.06922324
-0.06877515
-0.06792346
-0.06672041
-0.06520017
-0.0633867
-0.06129006
-0.05892488
-0.05627947
-0.05334031
-0.05015737
-0.04674476
-0.04311505
-0.03928687
-0.03532452
-0.0312638
-0.02709713
-0.02283149
-0.01846452
-0.0140226
-0.009561897
-0.005141641
-0.0008701097
0.003113183
0.006671635
0.009734587
0.01230994
0.01447245
0.01636747
0.0181223
0.01981367
0.02151398
0.02321125
0.02485176
0.02634913
0.02765997
0.02879419
0.02984743
0.03095353
0.03225117
0.03383429
0.03568128
0.03763762
0.03948188
0.0410189
0.04214254
0.04284854
0.04322188
0.04331462
0.04315627
0.04267581
0.0418478
0.04066148
0.03912678
0.03726131
0.03519455
0.03307241
0.03104179
0.02915213
0.02741964
0.02574072
0.02403151
0.0222193
0.02025294
0.01812346
0.01581212
0.01329841
0.01056542
0.007661664
0.004641422
0.001574245
-0.001506457
-0.004497206
-0.007315326
-0.009861484
-0.0120842
-0.01400828
-0.01572913
-0.01738268
-0.0190445
-0.02073204
-0.02233591
-0.02370096
-0.02468726
-0.02516373
-0.02505621
-0.02440931
-0.02338358
-0.02215754
-0.02086678
-0.0195604
-0.01826332
-0.01689942
-0.01536211
-0.01355297
-0.01150798
-0.009312558
-0.007058445
-0.00481235
-0.002616002
-0.0004932186
0.00154164
0.00350282
0.005368394
0.007045429
0.008454342
0.009516356
0.01019844
0.01045862
0.01034127
0.009994172
0.009656349
0.00955352
0.009799464
0.01041826
0.01129893
0.01227765
0.01315444
0.01375491
0.01401604
0.01404254
0.01400773
0.01409697
0.01442719
0.01500803
0.01576765
0.01651533
0.01705263
0.0172451
0.01704807
0.01653186
0.01583787
0.0150144
0.0140528
0.01285441
0.01137778
0.009651863
0.007753349
0.005808004
0.003941262
0.002336358
0.001152144
0.0004652202
0.0002419425
0.0004082811
0.0008924686
0.00168947
0.002786681
0.004185993
0.005869533
0.007794476
0.009902508
0.01213038
0.01449637
0.01698946
0.01957439
0.02219551
0.02483175
0.02747694
0.03011211
0.03267974
0.03511866
0.03733735
0.03922983
0.04073966
0.04181306
0.04244544
0.04261269
0.0422915
0.04145187
0.04008555
0.03828546
0.03613864
0.0336955
0.03097218
0.02805233
0.02508212
0.02222971
0.0195912
0.01722913
0.0151788
0.01342387
0.01192189
0.0106505
0.009556972
0.008623662
0.007817965
0.007136826
0.006521818
0.005884842
0.005158237
0.004306551
0.003332404
0.002194594
0.0008949896
-0.0005443691
-0.002090208
-0.003744098
-0.005469664
-0.007268129
-0.009117479
-0.01101017
-0.01292012
-0.01485949
-0.01679953
-0.01869655
-0.02051721
-0.02223874
-0.02382977
-0.02523756
-0.0264362
-0.02736581
-0.02795027
-0.02815542
-0.02799176
-0.0274767
-0.02661082
-0.02534272
-0.02369942
-0.02166033
-0.01927038
-0.01657507
-0.01363065
-0.01059489
-0.007665724
-0.005032005
-0.002793591
-0.001014689
0.000313312
0.001203847
0.001670952
0.001690433
0.001185727
7.875444e-05
-0.001684848
-0.004048931
-0.006889804
-0.01005572
-0.01340653
-0.01678053
-0.02008907
-0.02326169
-0.02630691
-0.02928684
-0.03228215
-0.03530869
-0.03833413
-0.0412723
-0.04407476
-0.04663881
-0.04890363
-0.05084981
-0.05249363
-0.053827
-0.05482339
-0.05555044
-0.05604719
-0.05633107
-0.05638243
-0.05621131
-0.05584108
-0.05525207
-0.05438247
-0.05317696
-0.05164869
-0.04985212
-0.04788097
-0.04579403
-0.0436492
-0.04146915
-0.03924922
-0.03698448
-0.03464001
-0.03226855
-0.02991167
-0.02756401
-0.02519843
-0.02276026
-0.0201934
-0.01747774
-0.01456405
-0.01149232
-0.008385762
-0.005428436
-0.002725862
-0.0002225992
0.00221327
0.004780882
0.007574047
0.01063005
0.01394956
0.01748908
0.0211966
0.02498586
0.02876006
0.03248483
0.03618551
0.03992701
0.04376706
0.04766334
0.05141742
0.05484752
0.057818
0.06032901
0.06247585
0.06441187
0.06625108
0.06797755
0.06948402
0.0706225
0.07121818
0.07116325
0.07047284
0.06923072
0.06758655
0.06575904
0.06400202
0.06250722
0.06130981
0.06030107
0.0592874
0.05810792
0.05670733
0.05512458
0.05347223
0.05188414
0.05036904
0.04883561
0.04711731
0.04508767
0.04263937
0.03982034
0.03673617
0.03357088
0.03053302
0.02779744
0.0254033
0.02330734
0.02143517
0.01974132
0.01814897
0.01658266
0.01496027
0.01323843
0.01136169
0.009266776
0.006948601
0.004437859
0.001841624
-0.0007511568
-0.003236618
-0.005608028
-0.007885272
-0.01006444
-0.01208304
-0.01388956
-0.01544852
-0.0167406
-0.01776462
-0.0185626
-0.01917123
-0.0196072
-0.01988042
-0.02000385
-0.02000283
-0.01990354
-0.01972256
-0.01940918
-0.01894025
-0.01825772
-0.01737868
-0.01632327
-0.01512618
-0.01388905
-0.01273319
-0.01178706
-0.01109454
-0.01060274
-0.01025994
-0.01003215
-0.009923732
-0.009972109
-0.01027799
-0.01092717
-0.0119887
-0.0134663
-0.0153319
-0.01745013
-0.01968962
-0.02187955
-0.02391079
-0.0256971
-0.02720703
-0.02842902
-0.02933884
-0.02999179
-0.03045162
-0.03078684
-0.03098685
-0.03107186
-0.03105151
-0.03092845
-0.03069729
-0.03036071
-0.02993979
-0.0294342
-0.02883303
-0.02808464
-0.02719922
-0.02622217
-0.02521762
-0.02419209
-0.02318027
-0.0222044
-0.02126313
-0.02038671
-0.01958325
-0.0188393
-0.01813455
-0.01741485
-0.01665976
-0.01590738
-0.01516787
-0.01450417
-0.01394399
-0.01355288
-0.01334211
-0.01332416
-0.01348453
-0.01379866
-0.01423717
-0.01472396
-0.01517529
-0.01550852
-0.01571118
-0.01586686
-0.01610486
-0.01650863
-0.01711185
-0.01783949
-0.01855397
-0.01915461
-0.01960654
-0.01991841
-0.02005087
-0.01993542
-0.01953106
-0.01887286
-0.0180092
-0.01703654
-0.01596783
-0.01488141
-0.01380138
-0.01271521
-0.0116295
-0.01057926
-0.00963127
-0.008800658
-0.008058386
-0.007308769
-0.006457583
-0.005479943
-0.00441762
-0.003423038
-0.002730547
-0.002466998
-0.002625225
-0.003102021
-0.003719615
-0.004341804
-0.004834585
-0.005199726
-0.005516544
-0.005894431
-0.006388516
-0.007052905
-0.007841053
-0.008674998
-0.009413015
-0.00992174
-0.01011428
-0.009970729
-0.009489751
-0.00875698
-0.007931946
-0.007095287
-0.006330485
-0.005633147
-0.004990832
-0.00435137
-0.003623806
-0.002828019
-0.002052821
-0.001422655
-0.001013942
-0.0008038907
-0.0006440044
-0.0004154535
-3.580722e-05
0.0004878806
0.001081948
0.001661999
0.002174891
0.002583772
0.002895403
0.003149868
0.003440166
0.00378792
0.004160808
0.004528717
0.004861758
0.005237236
0.005737809
0.006430317
0.007265524
0.008090255
0.008735935
0.009125189
0.009318856
0.009457419
0.009704184
0.01010346
0.0105685
0.01091419
0.01101664
0.01084782
0.01043641
0.009832016
0.009028816
0.008030736
0.006837204
0.005446723
0.003861232
0.00213985
0.0003675167
-0.001371745
-0.003004428
-0.004452091
-0.005620918
-0.006374275
-0.006650916
-0.006425389
-0.005781533
-0.004816603
-0.00362993
-0.002238698
-0.0006297359
0.001230391
0.003326005
0.00560444
0.007993272
0.01043241
0.01283162
0.01509067
0.01714933
0.0189641
0.02057673
0.02202738
0.02342914
0.02490496
0.02651619
0.02827063
0.03010334
0.0319118
0.0335187
0.03479747
0.03571571
0.03636489
0.03690465
0.03746359
0.03812188
0.03883947
0.03955309
0.04014983
0.04049421
0.04050729
0.04020646
0.03968511
0.03907987
0.03843785
0.03780421
0.03718887
0.03660158
0.03599739
0.03529908
0.03448707
0.03357135
0.03262144
0.0316625
0.03067809
0.02961348
0.02844956
0.02717105
0.02577394
0.02422947
0.02253062
0.02063833
0.01857284
0.01642027
0.01426397
0.01218343
0.01020577
0.008349601
0.006635518
0.005116672
0.003864222
0.002943129
0.002356687
0.002080042
0.002011601
0.002092167
0.002252244
0.002458665
0.002684235
0.002905347
0.003111056
0.003277039
0.003418304
0.003598199
0.003823304
0.004035354
0.004188624
0.004276152
0.004294585
0.004270508
0.00423909
0.004198667
0.004098615
0.003849655
0.003433663
0.002901065
0.002304795
0.001751079
0.001269889
0.0008627695
0.0004718221
6.259934e-05
-0.0004042932
-0.0009759098
-0.001653445
-0.002419877
-0.003206494
-0.003943662
-0.004596625
-0.005177879
-0.005699124
-0.006173137
-0.006621282
-0.007109815
-0.007721159
-0.00849301
-0.009417384
-0.01047553
-0.01164424
-0.01290149
-0.01424764
-0.01562305
-0.01699253
-0.01837986
-0.01988502
-0.02156828
-0.02343741
-0.02536029
-0.02721451
-0.02884832
-0.03021273
-0.03131862
-0.0322304
-0.03303066
-0.03376654
-0.03447617
-0.03511313
-0.03558664
-0.03577414
-0.03561778
-0.0351241
-0.03439697
-0.03352782
-0.03260366
-0.03165113
-0.03066585
-0.02964535
-0.02862465
-0.02769142
-0.0269033
-0.02630301
-0.02583289
-0.02543273
-0.0250176
-0.02455671
-0.02405081
-0.02354707
-0.02308225
-0.0226937
-0.0223598
-0.02199336
-0.02153121
-0.02091595
-0.02020499
-0.01942922
-0.01862668
-0.01774441
-0.01666955
-0.01530402
-0.01359962
-0.01155021
-0.009196111
-0.006657673
-0.00405469
-0.001479089
0.001023478
0.003474387
0.005864543
0.008166554
0.01031624
0.01219839
0.0136323
0.01449824
0.01477963
0.01455505
0.01396035
0.01313706
0.01215791
0.0110326
0.00968789
0.008034362
0.006050042
0.003826483
0.001529819
-0.0006862165
-0.002699765
-0.004425555
-0.00581866
-0.00695921
-0.007939095
-0.008887576
-0.009934353
-0.01108178
-0.01217782
-0.01302378
-0.01350198
-0.01359023
-0.01337516
-0.01299191
-0.01254834
-0.01212639
-0.01176523
-0.0114583
-0.01121156
-0.0109705
-0.01072167
-0.01047364
-0.01027533
-0.01015736
-0.01015644
-0.01029072
-0.01052891
-0.01080335
-0.01103728
-0.01121488
-0.0113322
-0.01135565
-0.01121906
-0.01086594
-0.01021979
-0.009241661
-0.007971843
-0.006516498
-0.005009724
-0.003553907
-0.002212392
-0.0009564032
0.0002555314
0.001406303
0.002449639
0.003357381
0.004093104
0.004631477
0.004990176
0.00519961
0.005273092
0.0052044
0.004988824
0.004600074
0.004044991
0.003294011
0.002408359
0.001408063
0.0003448044
-0.0007482791
-0.001869254
-0.002999382
-0.004152552
-0.005304569
-0.006426313
-0.00749448
-0.008485822
-0.009365989
-0.01011799
-0.01074634
-0.01124381
-0.01159883
-0.01182957
-0.01193826
-0.01192867
-0.01181043
-0.01158336
-0.01123357
-0.01074126
-0.01011335
-0.009343329
-0.008450382
-0.007399709
-0.006206015
-0.004908887
-0.003575108
-0.002241762
-0.0009077933
0.0004687863
0.001910704
0.003387383
0.004858044
0.006292308
0.007723495
0.00922134
0.01081993
0.01251752
0.01420717
0.01574206
0.01697423
0.01785124
0.01843516
0.01888308
0.01931004
0.01978027
0.02031986
0.02088892
0.02138222
0.02173081
0.02191902
0.02196575
0.02194939
0.02191798
0.02187138
0.0217154
0.02139041
0.02081217
0.01996006
0.01884025
0.01752775
0.01612606
0.01468561
0.01325224
0.011865
0.01057882
0.009433807
0.008447086
0.007581649
0.006745622
0.00585186
0.004889371
0.003881941
0.002955853
0.002191987
0.001640684
0.001325703
0.001256431
0.001391917
0.001605969
0.001784369
0.001843006
0.001742803
0.00147997
0.001066424
0.0005996212
0.0001986676
-3.417745e-05
-5.464089e-05
0.0001165415
0.0004050034
0.0006712818
0.0007537827
0.000536735
2.167337e-05
-0.0006787508
-0.00137795
-0.001908598
-0.002196729
-0.002251954
-0.00220588
-0.002160683
-0.002158307
-0.002200704
-0.002327302
-0.002565785
-0.002903191
-0.003289275
-0.003620831
-0.003798832
-0.00377739
-0.003585631
-0.003330679
-0.003122916
-0.003047043
-0.003131095
-0.003309743
-0.003450797
-0.003388862
-0.003019722
-0.002396874
-0.001608364
-0.0007700322
7.05661e-05
0.0009155835
0.001805168
0.002789073
0.003878517
0.0051024
0.006465258
0.007987121
0.00967205
0.01151113
0.01346509
0.01548013
0.01746799
0.01938961
0.02122459
0.02299355
0.02467432
0.02622752
0.02766247
0.02901012
0.03034592
0.03166975
0.03298086
0.03428324
0.0355074
0.03659373
0.03746968
0.03806154
0.03832281
0.03828282
0.03800352
0.0376034
0.03713979
0.03659838
0.03584711
0.03475577
0.03328581
0.03147275
0.02938842
0.02715007
0.02484093
0.02258239
0.02042096
0.01835067
0.01630497
0.01420058
0.01204462
0.00987265
0.007749014
0.005805209
0.004158455
0.002858663
0.001824682
0.0009086388
-2.82907e-05
-0.001049231
-0.002159737
-0.003320105
-0.004496836
-0.00562139
-0.006622119
-0.007418858
-0.007985316
-0.008341248
-0.008552077
-0.008667905
-0.008716088
-0.008713296
-0.008664837
-0.008525585
-0.008282611
-0.007954098
-0.007556992
-0.007113703
-0.006644381
-0.006183159
-0.005706049
-0.005196889
-0.004640227
-0.004052165
-0.003435952
-0.002796649
-0.002173927
-0.001616984
-0.001141153
-0.0007070221
-0.0003027201
6.165196e-05
0.0003672362
0.000577487
0.0006587384
0.0006558296
0.0006168706
0.0006109394
0.0006551902
0.0007051803
0.0007266222
0.0006813182
0.0005865723
0.0004803059
0.0004340521
0.000474295
0.0005700006
0.0006611616
0.0006547431
0.0004653464
8.808245e-05
-0.0004049137
-0.0009072233
-0.001361128
-0.001788035
-0.002254332
-0.002871006
-0.003735052
-0.004876055
-0.006231859
-0.007682064
-0.009065686
-0.01030056
-0.01140537
-0.01250989
-0.01372122
-0.01507857
-0.01655329
-0.01807986
-0.01956984
-0.02092823
-0.02206924
-0.02296376
-0.02362734
-0.02406512
-0.02428117
-0.02430458
-0.0242433
-0.02422261
-0.02429556
-0.02442586
-0.02445788
-0.02424553
-0.02370072
-0.02283496
-0.02173764
-0.02053686
-0.01935985
-0.01825781
-0.01719638
-0.01614454
-0.01507641
-0.01400403
-0.01296025
-0.01198282
-0.01105724
-0.01009443
-0.00903102
-0.007844089
-0.006623801
-0.005442986
-0.004379429
-0.003414964
-0.002493514
-0.001573573
-0.0006503414
0.0002483993
0.001089046
0.001844957
0.002498761
0.003032986
0.003435499
0.003695028
0.003769098
0.003660305
0.003373902
0.002904476
0.002231223
0.001375241
0.0003884369
-0.0006739366
-0.001765855
-0.00288411
-0.004046646
-0.005269821
-0.006559833
-0.007845187
-0.009015226
-0.00992448
-0.010511
-0.01078729
-0.01082382
-0.0107436
-0.0106614
-0.01064791
-0.01074579
-0.01092852
-0.01112255
-0.01126823
-0.01132952
-0.01129158
-0.01114647
-0.0108755
-0.01048416
-0.009975429
-0.009356439
-0.008659941
-0.0079921
-0.007486161
-0.007251662
-0.007320085
-0.007649283
-0.00810575
-0.008550072
-0.008839066
-0.008888226
-0.008670805
-0.008253272
-0.007684091
-0.007083706
-0.006556338
-0.006156318
-0.005879604
-0.005686621
-0.00554417
-0.005381974
-0.005111789
-0.004648455
-0.003967898
-0.003108818
-0.002148574
-0.001153874
-0.0001687875
0.0007938238
0.001684471
0.002430834
0.002939507
0.003091641
0.002898043
0.00246861
0.00198103
0.001578125
0.001343467
0.001245283
0.001187817
0.001077389
0.0009150442
0.0007828487
0.0007716763
0.0009300209
0.001251687
0.001707954
0.002224689
0.002732563
0.003212395
0.003689397
0.004190334
0.004761829
0.005469234
0.006359628
0.007435672
0.008599098
0.009766197
0.01087059
0.01190389
0.01282935
0.01364116
0.01437201
0.01507998
0.01578319
0.01648651
0.01717504
0.01785517
0.01851639
0.01913912
0.01969319
0.02012415
0.02043752
0.02066309
0.02080616
0.02082885
0.02072118
0.02049688
0.02016857
0.01974174
0.01920794
0.01857956
0.01789312
0.01722776
0.01658911
0.01596875
0.01536172
0.01477492
0.01422283
0.01372318
0.01327121
0.01286221
0.01250382
0.01219205
0.01192768
0.01166856
0.01140741
0.01115984
0.01095843
0.01080044
0.01064207
0.01041085
0.01009019
0.009682607
0.009218123
0.008764856
0.008390918
0.008124869
0.0079381
0.007802675
0.007710499
0.007707818
0.007761401
0.007808771
0.007828859
0.007871421
0.008017437
0.008339779
0.00884265
0.009477483
0.01020994
0.01102717
0.01189087
0.012695
0.01335588
0.01387295
0.01430197
0.01467693
0.01500474
0.01532112
0.01569798
0.01619014
0.01677511
0.01738731
0.01795827
0.01848583
0.01900119
0.01949905
0.01993161
0.02024146
0.02038556
0.02040733
0.02033136
0.02019394
0.02004193
0.01992448
0.0199218
0.02003808
0.02024407
0.02046791
0.02066664
0.02085635
0.02103462
0.02116578
0.02120073
0.02107222
0.02069224
0.01999524
0.01905908
0.01802219
0.01700783
0.01612295
0.01541081
0.01481477
0.01417999
0.01338944
0.0123723
0.01116647
0.009815941
0.008417104
0.007051999
0.005760577
0.004541489
0.003389604
0.002310278
0.00129944
0.0003634931
-0.0004875272
-0.001243353
-0.001886086
-0.002431291
-0.002897506
-0.003301626
-0.003667318
-0.004054909
-0.004512039
-0.005035475
-0.00560247
-0.006149793
-0.006645852
-0.007092476
-0.007534151
-0.007994077
-0.008487925
-0.009039714
-0.009599653
-0.01014872
-0.01068811
-0.01120462
-0.01166369
-0.01212115
-0.01272195
-0.01359497
-0.01477064
-0.01617289
-0.0176834
-0.01917776
-0.02056966
-0.02175268
-0.02275601
-0.02366365
-0.0246105
-0.02567552
-0.02690005
-0.02830565
-0.02989033
-0.03167374
-0.03361935
-0.0356367
-0.03757215
-0.03925977
-0.04063986
-0.04180756
-0.04290572
-0.04405746
-0.04527053
-0.04652389
-0.04775158
-0.04880693
-0.0495375
-0.049919
-0.04997981
-0.04984365
-0.04961398
-0.04935334
-0.04906204
-0.04869154
-0.04816687
-0.04744085
-0.04644463
-0.04512277
-0.04351237
-0.04170696
-0.03981497
-0.0379139
-0.03602845
-0.03412013
-0.0321705
-0.03022904
-0.02836391
-0.02660714
-0.0249259
-0.02326474
-0.02161951
-0.02001863
-0.01851684
-0.01716684
-0.01598265
-0.01499767
-0.01424661
-0.01368872
-0.01326676
-0.01286145
-0.01240185
-0.01183948
-0.01120343
-0.01050493
-0.009765007
-0.009045943
-0.008440259
-0.008021656
-0.007806283
-0.00774367
-0.007752009
-0.007746022
-0.007665504
-0.007486329
-0.007220658
-0.006878679
-0.006487312
-0.006064912
-0.00561982
-0.005161845
-0.004693536
-0.004205264
-0.003686079
-0.003088239
-0.002394398
-0.001590513
-0.0006860394
0.0002928577
0.001252343
0.002076432
0.002701357
0.003203782
0.00370472
0.00432369
0.005093238
0.006016205
0.00709043
0.008254029
0.009416113
0.01050313
0.01148592
0.01234741
0.01306785
0.01366025
0.01415833
0.01463123
0.01512919
0.01570167
0.01634049
0.01702585
0.01771021
0.0183706
0.01896702
0.01948391
0.01992349
0.02031006
0.02064626
0.02092901
0.02114925
0.02130363
0.02138723
0.02139972
0.02134858
0.02125035
0.02114373
0.02106642
0.02106764
0.02118174
0.02138238
0.02161009
0.02181146
0.02195803
0.02203347
0.02204371
0.02197598
0.02181872
0.02155859
0.02122694
0.0208374
0.02041833
0.01996389
0.01947779
0.01897683
0.01851043
0.01807555
0.0176021
0.01695304
0.01604995
0.01492363
0.01367132
0.01243472
0.01134267
0.01046238
0.009809018
0.009358163
0.009084493
0.008920362
0.008773633
0.00858061
0.008318371
0.007995376
0.007645032
0.007281212
0.006890774
0.006451988
0.005922706
0.005312385
0.004608832
0.003793579
0.002853868
0.0018207
0.0007358957
-0.0003359888
-0.00133383
-0.002199173
-0.002918933
-0.003502376
-0.004002385
-0.004465195
-0.004914675
-0.005336294
-0.005677231
-0.005869588
-0.005850009
-0.005564271
-0.005023563
-0.004248865
-0.003299444
-0.002273711
-0.001213674
-0.0001418859
0.0009273988
0.001973482
0.002980006
0.003938188
0.00483348
0.005697538
0.006574002
0.007461111
0.008346305
0.009190998
0.009948688
0.01058994
0.01109172
0.01145663
0.01165499
0.01172599
0.0117273
0.01172877
0.01173394
0.01170342
0.01163281
0.01153947
0.01143138
0.01128818
0.01104643
0.0106593
0.01012176
0.009445414
0.008694527
0.007906602
0.007051309
0.006111949
0.005090518
0.004038412
0.00300905
0.002034286
0.001101903
0.0001440771
-0.0009153682
-0.002089751
-0.003322769
-0.004507812
-0.00554347
-0.006361419
-0.006988548
-0.007456335
-0.007810503
-0.008074314
-0.008241136
-0.008338655
-0.008419552
-0.008560844
-0.008781257
-0.00904651
-0.009264691
-0.009348182
-0.009243654
-0.008955481
-0.008542724
-0.008099108
-0.007700129
-0.007349209
-0.007027627
-0.006730886
-0.006505993
-0.006379063
-0.006344123
-0.00633985
-0.006301446
-0.006166039
-0.005930386
-0.005642609
-0.005314491
-0.0049365
-0.004503749
-0.004022234
-0.003524377
-0.003044745
-0.002651856
-0.002353398
-0.002149397
-0.002042033
-0.002003882
-0.002005949
-0.002010473
-0.002008204
-0.002014254
-0.002063536
-0.002151593
-0.0022437
-0.002344618
-0.002433355
-0.002487375
-0.002533349
-0.002583179
-0.002635815
-0.002680917
-0.002713941
-0.002741674
-0.002785472
-0.002866142
-0.002988649
-0.003144656
-0.003307165
-0.0034425
-0.003491168
-0.003433186
-0.003314397
-0.00320738
-0.00315374
-0.003180546
-0.003272998
-0.003451733
-0.00373596
-0.004106242
-0.004532791
-0.004954708
-0.005313295
-0.0055741
-0.005757043
-0.005942816
-0.006258558
-0.006762399
-0.007478288
-0.008414373
-0.009491301
-0.0105785
-0.01154275
-0.01229306
-0.01278455
-0.01305601
-0.01318204
-0.0132488
-0.01326027
-0.01316639
-0.01292959
-0.01255776
-0.01214373
-0.0118007
-0.01159161
-0.01143804
-0.0112692
-0.01104081
-0.0107218
-0.01031739
-0.009842241
-0.009308678
-0.008773456
-0.008272161
-0.007785762
-0.007288686
-0.006776639
-0.006254157
-0.005699455
-0.005114879
-0.004518778
-0.003924808
-0.003290041
-0.002586131
-0.00180473
-0.000988782
-0.0002339049
0.0004141843
0.0009217031
0.001327172
0.001704266
0.00212172
0.002547258
0.002892039
0.003093119
0.003169697
0.003140245
0.003007423
0.002791729
0.002587257
0.002499073
0.002546072
0.002672236
0.002854551
0.003079673
0.003333616
0.003630389
0.003964225
0.004373376
0.004864101
0.005448824
0.006138449
0.006935296
0.007873683
0.008898552
0.009953113
0.01103095
0.01213339
0.01321467
0.01418237
0.01501065
0.01574618
0.01645104
0.01712565
0.01775223
0.01833685
0.01887972
0.0193989
0.0198969
0.02040833
0.02097118
0.02157574
0.02219764
0.02280066
0.02336768
0.02386064
0.02421793
0.0244183
0.02447978
0.02444954
0.02434146
0.02420375
0.02409739
0.02406661
0.02410945
0.02419749
0.02428034
0.02430679
0.02424055
0.02406265
0.02375655
0.02333456
0.02281043
0.02222581
0.02165044
0.02110319
0.02049826
0.01975255
0.01887724
0.01791021
0.01693865
0.01602033
0.01518062
0.014406
0.01366274
0.01286535
0.01188785
0.01066826
0.009265439
0.007803045
0.006441171
0.005237775
0.004146674
0.003129705
0.002158513
0.001204704
0.0001966984
-0.0009032459
-0.002048769
-0.003166049
-0.004204717
-0.005179057
-0.006135976
-0.007174918
-0.008328501
-0.009572253
-0.01079219
-0.01192722
-0.01289724
-0.01368104
-0.01431537
-0.01489999
-0.01552367
-0.01624859
-0.0170952
-0.01804329
-0.01899505
-0.01983706
-0.0205551
-0.0211559
-0.02167418
-0.02216996
-0.02268762
-0.02325375
-0.02388818
-0.02455953
-0.02522972
-0.02584739
-0.0263835
-0.02686333
-0.0273152
-0.02776057
-0.02821136
-0.02867089
-0.02913341
-0.02960722
-0.03010535
-0.03063328
-0.03119046
-0.03176002
-0.03232024
-0.03284541
-0.03330068
-0.03368165
-0.03399727
-0.03424457
-0.03440353
-0.03445036
-0.03440954
-0.03429115
-0.03410469
-0.03385898
-0.03355851
-0.03319895
-0.03275161
-0.03220322
-0.03151821
-0.03066653
-0.02963313
-0.02845183
-0.02719012
-0.02588551
-0.02454889
-0.02321654
-0.02188007
-0.02050216
-0.01906255
-0.01750056
-0.01580239
-0.01398457
-0.01209498
-0.01012977
-0.008064288
-0.005967895
-0.003947172
-0.002091762
-0.0004271023
0.001115881
0.00266539
0.004351821
0.006200609
0.008140713
0.01009621
0.01198732
0.01375084
0.01537481
0.01684082
0.01816558
0.01932941
0.02029521
0.02108467
0.02172688
0.0222834
0.02282136
0.02338045
0.02397697
0.02459745
0.02517898
0.02562212
0.02585226
0.02587918
0.02578452
0.02560319
0.02534619
0.0249726
0.02450832
0.02399224
0.02349981
0.02304313
0.02259864
0.02211013
0.02154236
0.02092197
0.02029781
0.01971542
0.01922137
0.01879134
0.01838574
0.01797604
0.01754796
0.01708165
0.01649636
0.01573744
0.01483589
0.01388319
0.01296455
0.01210783
0.01125385
0.01031083
0.009278999
0.008166668
0.007005695
0.005757891
0.004423157
0.003019003
0.00160784
0.0002347009
-0.001079308
-0.002330665
-0.003545763
-0.004753533
-0.00599768
-0.007285508
-0.008578804
-0.009823275
-0.01092205
-0.01181951
-0.01256987
-0.01326683
-0.01393186
-0.01450499
-0.01499686
-0.01549079
-0.01609486
-0.01682299
-0.01754919
-0.01810908
-0.01839506
-0.01836686
-0.01800104
-0.01732258
-0.01642218
-0.01541616
-0.01439828
-0.01339163
-0.01236575
-0.01128817
-0.01012053
-0.008834627
-0.007492057
-0.006133636
-0.004808564
-0.003545363
-0.002400158
-0.00137149
-0.0004191042
0.0005237721
0.001488007
0.00249954
0.003554441
0.004604662
0.005595162
0.006444295
0.007134253
0.007708069
0.008207661
0.008631725
0.008956167
0.009181231
0.009322626
0.009421818
0.00951753
0.009625588
0.009757509
0.00992219
0.01012248
0.01032978
0.01054304
0.01073501
0.01085373
0.01083114
0.01070361
0.01047125
0.01018959
0.009933375
0.009759274
0.009664433
0.009608033
0.009554606
0.009471142
0.009351338
0.009204178
0.009033583
0.008863996
0.00873508
0.008672588
0.008656411
0.008666706
0.008686729
0.008720763
0.008777964
0.008852471
0.008916222
0.009000486
0.009134826
0.009339951
0.009618204
0.009989791
0.01043467
0.01092779
0.01140973
0.01183186
0.0121601
0.01239161
0.01255908
0.01267406
0.01272191
0.012699
0.0126081
0.01245672
0.01223537
0.01191578
0.01148985
0.01096042
0.01036021
0.009712611
0.009056235
0.00842518
0.007813691
0.007253795
0.006756418
0.00634655
0.005983144
0.005625967
0.005268492
0.004907296
0.00453254
0.004126663
0.003679998
0.003191254
0.00271865
0.002350111
0.002154619
0.002151243
0.002349976
0.002735883
0.003182413
0.003584453
0.003862516
0.003999159
0.004062971
0.00410994
0.004203203
0.004358912
0.004543624
0.004707241
0.004793015
0.004849149
0.004936377
0.005075442
0.005214637
0.005284675
0.005224976
0.005009109
0.004670709
0.004270018
0.003872925
0.003513867
0.003173744
0.00281159
0.002398851
0.0019437
0.001455694
0.0009745718
0.0005687951
0.0002488908
3.529241e-05
-8.879698e-05
-0.0001561059
-0.0002193071
-0.0003712638
-0.0006641014
-0.001124326
-0.001687451
-0.00223944
-0.00268746
-0.002997343
-0.003183953
-0.003266469
-0.003281889
-0.003244539
-0.003181076
-0.003114763
-0.003043242
-0.002958625
-0.002836733
-0.002664365
-0.002472867
-0.002289531
-0.002163448
-0.002104219
-0.002097046
-0.002065614
-0.001922068
-0.001615105
-0.001150733
-0.0005943784
-3.760038e-06
0.0005746281
0.00111021
0.00154556
0.001865744
0.002093103
0.002241669
0.002318652
0.002319355
0.002275661
0.002220256
0.002202513
0.002239412
0.002295763
0.002349991
0.00239708
0.00240209
0.002373522
0.002318371
0.002211475
0.002048754
0.001865504
0.001723694
0.001646454
0.00158332
0.001378099
0.001015574
0.0005279515
-1.036702e-05
-0.0004980697
-0.0008643131
-0.001105226
-0.001247551
-0.001376315
-0.001522307
-0.001713688
-0.001971345
-0.00229305
-0.002667151
-0.003056231
-0.003423768
-0.003718531
-0.003920682
-0.004083637
-0.004313582
-0.004647744
-0.005050426
-0.00546402
-0.005823998
-0.006105013
-0.006228256
-0.006163559
-0.005885641
-0.005441041
-0.004842379
-0.004175303
-0.003578097
-0.003195784
-0.003073581
-0.003135451
-0.003242681
-0.003297607
-0.003254812
-0.003101124
-0.002894949
-0.002725937
-0.002689104
-0.002832315
-0.003149531
-0.003597341
-0.004164739
-0.004821298
-0.005483472
-0.006118037
-0.006725678
-0.007329794
-0.007929182
-0.008541527
-0.009175212
-0.009842844
-0.01051342
-0.01114541
-0.01170272
-0.01219567
-0.01269793
-0.01325388
-0.01385486
-0.01448548
-0.01511754
-0.01567054
-0.0160868
-0.01634223
-0.01649542
-0.01658627
-0.01664509
-0.01667546
-0.01669549
-0.01671332
-0.01672616
-0.01670547
-0.01661371
-0.01644148
-0.01620969
-0.01595223
-0.01568971
-0.01545496
-0.01525002
-0.01504647
-0.0147906
-0.01444191
-0.01400899
-0.01349152
-0.01289772
-0.01224037
-0.01155863
-0.01086357
-0.01022171
-0.009651822
-0.009172196
-0.008758133
-0.008366446
-0.007935831
-0.007458445
-0.006941183
-0.006441494
-0.006039814
-0.005785925
-0.005662765
-0.005615389
-0.005575358
-0.005442243
-0.005161584
-0.00473978
-0.004258079
-0.003822472
-0.003504906
-0.003298233
-0.003154407
-0.003035062
-0.002887605
-0.002678345
-0.002377007
-0.002019378
-0.001649599
-0.001354353
-0.001157315
-0.001112283
-0.00121014
-0.001414062
-0.001661817
-0.001897911
-0.002058382
-0.002120363
-0.002092913
-0.002026104
-0.001966435
-0.001942673
-0.001958397
-0.002024939
-0.002158402
-0.002365715
-0.002646606
-0.002923482
-0.003100524
-0.003129747
-0.003044763
-0.002967144
-0.003019305
-0.00328924
-0.003740502
-0.004242583
-0.004609102
-0.004748063
-0.00466109
-0.004458774
-0.004242044
-0.004107241
-0.00409162
-0.004159027
-0.004207264
-0.004153506
-0.003971627
-0.003708704
-0.003440742
-0.00324731
-0.003183873
-0.003281132
-0.003477745
-0.003699243
-0.003843849
-0.003831445
-0.003602323
-0.003178418
-0.002597255
-0.001912068
-0.001240791
-0.000699674
-0.0003804662
-0.0002993718
-0.000450705
-0.0007752043
-0.001178584
-0.001509325
-0.001648033
-0.001530358
-0.001192087
-0.0007229531
-0.0002229379
0.0002372633
0.0005869077
0.0007740738
0.0007936436
0.000667469
0.0004786308
0.0003050212
0.0002294402
0.0002899694
0.000483775
0.0007952774
0.001192099
0.001631315
0.002060967
0.002451638
0.002782988
0.003010637
0.003103127
0.003093488
0.0031228
0.003383752
0.003960133
0.004806979
0.005771937
0.006731417
0.007614643
0.008442581
0.009314097
0.01024025
0.01119171
0.01214045
0.01310401
0.01408623
0.01508995
0.01609068
0.01706623
0.01799135
0.01884498
0.01960245
0.02022652
0.02069799
0.02107974
0.02150119
0.02203448
0.02268688
0.02336463
0.0239599
0.02432756
0.02437289
0.02411424
0.02363207
0.02308252
0.02261284
0.02234596
0.02232052
0.02246452
0.02259634
0.02252994
0.02212311
0.02135405
0.02034019
0.01926674
0.01830121
0.01754704
0.01697596
0.01647547
0.01594374
0.01528009
0.0144122
0.01337898
0.01226613
0.01109633
0.009897526
0.008667572
0.007453026
0.006272409
0.00515302
0.00409374
0.003072758
0.00207836
0.001085891
6.84345e-05
-0.000973562
-0.002028362
-0.003049
-0.004005502
-0.00489699
-0.005716871
-0.006489031
-0.00723959
-0.008031902
-0.00885744
-0.009710632
-0.01058115
-0.01144744
-0.01229219
-0.01309973
-0.01383972
-0.01449825
-0.01506889
-0.01554979
-0.01594191
-0.01628841
-0.01661965
-0.01692403
-0.01720563
-0.01747307
-0.01772622
-0.01789217
-0.01791685
-0.01781813
-0.01762035
-0.01736129
-0.01704169
-0.01663074
-0.01608822
-0.01549497
-0.01487921
-0.01426274
-0.01363179
-0.01295376
-0.01219433
-0.01135883
-0.01045132
-0.009491143
-0.008504128
-0.00753079
-0.00662993
-0.005817253
-0.005034719
-0.004209829
-0.003269819
-0.002204718
-0.001042132
0.0001310687
0.00122266
0.002172823
0.002936849
0.003582132
0.004176607
0.004780084
0.005415357
0.006112556
0.006895331
0.007744887
0.008585795
0.009339017
0.00998042
0.01052046
0.01097769
0.01136973
0.01167366
0.01187261
0.01193224
0.01180665
0.01151645
0.01111072
0.01065779
0.01022892
0.009856701
0.009501391
0.009105135
0.008662393
0.008163308
0.007653089
0.00712687
0.006574965
0.006005629
0.005423016
0.004827151
0.004263913
0.003752116
0.003231682
0.00264782
0.002012254
0.001339995
0.0006462589
-3.123332e-05
-0.0006518702
-0.001163809
-0.001529059
-0.001740184
-0.001818544
-0.001801226
-0.001671779
-0.001474042
-0.001274
-0.001197091
-0.001312694
-0.001585174
-0.001907364
-0.002157865
-0.002275772
-0.002271181
-0.002194251
-0.002071747
-0.001924938
-0.001787871
-0.00168675
-0.001662063
-0.001685835
-0.001710947
-0.001705971
-0.001671304
-0.00165102
-0.001631695
-0.001575483
-0.001417731
-0.001114166
-0.000682296
-0.0001760115
0.0003451803
0.0008395226
0.001308314
0.001784299
0.002310952
0.002839657
0.003297866
0.003647342
0.003900404
0.004106098
0.004304326
0.004517806
0.00473204
0.004900269
0.004992336
0.004990905
0.004944703
0.00486754
0.004797251
0.004722328
0.004631536
0.004507319
0.004324032
0.004058981
0.003729469
0.003379694
0.00304442
0.002680622
0.002278532
0.001858062
0.001478358
0.001165837
0.0009396398
0.000795565
0.0006967959
0.0005173343
0.0001655209
-0.0003357529
-0.0009004669
-0.001445962
-0.001933083
-0.002363142
-0.002740321
-0.003046211
-0.003275568
-0.003531673
-0.003925305
-0.004530536
-0.005325298
-0.00616438
-0.006903329
-0.007433045
-0.007719076
-0.007778702
-0.007686322
-0.007543494
-0.007449357
-0.007409964
-0.007398865
-0.00736345
-0.007267977
-0.007065834
-0.006768546
-0.006374155
-0.005907895
-0.005356723
-0.004716264
-0.004018224
-0.003298988
-0.002571616
-0.001868286
-0.001198623
-0.0005362926
0.0001428852
0.0008488458
0.001589318
0.002372641
0.003144347
0.003813921
0.004331421
0.00470501
0.00501205
0.00534079
0.005766113
0.006325233
0.00698593
0.007709231
0.008429268
0.009097542
0.009691025
0.01017369
0.01050754
0.01069632
0.0107567
0.01076429
0.01078305
0.01083741
0.01090367
0.01093881
0.01091451
0.01080731
0.01062751
0.01040866
0.01018464
0.01000962
0.00989718
0.00980111
0.009650084
0.009379026
0.008959954
0.008403981
0.007777298
0.007117953
0.006475959
0.005864416
0.005302512
0.004813648
0.004401046
0.004027852
0.003646727
0.003223756
0.00274941
0.002250482
0.00177164
0.001345897
0.0009801299
0.0006583316
0.0003640509
8.273601e-05
-0.0002225758
-0.0005932681
-0.001011743
-0.001434997
-0.001809054
-0.002086534
-0.002282429
-0.002458665
-0.002687857
-0.002989592
-0.003334869
-0.003719079
-0.004143282
-0.00462532
-0.005166778
-0.005726174
-0.006300558
-0.006896264
-0.00751169
-0.008142298
-0.008753503
-0.009307549
-0.009798256
-0.0101903
-0.01048299
-0.01065641
-0.010707
-0.01063291
-0.01050221
-0.01038887
-0.01034513
-0.01037323
-0.01049161
-0.01067453
-0.01088743
-0.01109784
-0.01127297
-0.01140616
-0.01152802
-0.01169368
-0.01193736
-0.01228651
-0.01272578
-0.01320567
-0.0136868
-0.01413499
-0.01452965
-0.01485944
-0.01509927
-0.0152056
-0.01516172
-0.01503348
-0.01493396
-0.0149149
-0.01498021
-0.01505525
-0.01507562
-0.01499635
-0.01485261
-0.01467785
-0.0144583
-0.01417601
-0.01386111
-0.01359833
-0.01344855
-0.01340038
-0.01338686
-0.0133076
-0.01306086
-0.01262365
-0.01202028
-0.01132272
-0.01060488
-0.009907589
-0.009180576
-0.008380784
-0.007516482
-0.006693715
-0.006038373
-0.005578772
-0.005234682
-0.004853274
-0.004322112
-0.003633554
-0.002840437
-0.002015496
-0.001221805
-0.0004851526
0.0002427519
0.0009650899
0.001674843
0.002340842
0.002986352
0.003665758
0.004416706
0.005205719
0.005974101
0.006646033
0.007158948
0.007474255
0.00761364
0.007654256
0.007689326
0.007780293
0.007926233
0.008086331
0.008195902
0.008250127
0.008232945
0.008195873
0.008159111
0.008135622
0.008119373
0.008142522
0.008219027
0.008346001
0.008424614
0.008370551
0.008211132
0.008036117
0.007972768
0.008091631
0.008368156
0.008709459
0.009051543
0.009377606
0.009714582
0.01009311
0.01055489
0.01112665
0.01176396
0.01238398
0.01290918
0.01330086
0.0135793
0.01378138
0.01396908
0.01420517
0.01451853
0.0148833
0.01527274
0.01568718
0.01613863
0.01662457
0.01714026
0.01763631
0.01802412
0.01826881
0.01840463
0.0184946
0.01859579
0.01872833
0.01889637
0.01908563
0.01926352
0.01940077
0.01945154
0.01943621
0.01936919
0.01928529
0.01918493
0.01905781
0.01890498
0.01872327
0.01850406
0.01821423
0.01782031
0.01733379
0.0167721
0.01616867
0.01555587
0.01496632
0.01439053
0.01381221
0.01326115
0.01274233
0.01220532
0.01155477
0.01072704
0.009686452
0.00848611
0.007199505
0.00588977
0.004622536
0.003432025
0.002329332
0.0013065
0.0003327508
-0.0006251842
-0.001605347
-0.00262252
-0.003669067
-0.004722915
-0.005770392
-0.006804152
-0.007825743
-0.00878327
-0.009629851
-0.01036703
-0.01109108
-0.01185833
-0.01268283
-0.01357129
-0.01448705
-0.01535472
-0.01610888
-0.01666912
-0.01708398
-0.01745145
-0.01788058
-0.01843643
-0.01912325
-0.01985046
-0.02051296
-0.02108191
-0.02158425
-0.02206928
-0.02256858
-0.0230042
-0.02329098
-0.02342412
-0.02342673
-0.0233625
-0.02325328
-0.02309406
-0.02290165
-0.02270408
-0.02248068
-0.02221538
-0.0218711
-0.0214106
-0.02080845
-0.02007321
-0.01925155
-0.01839259
-0.01750488
-0.01655208
-0.01551305
-0.01443564
-0.01338002
-0.01240857
-0.01148592
-0.01053018
-0.009457628
-0.008245427
-0.006890186
-0.005437584
-0.004000491
-0.002710368
-0.0016207
-0.0006703789
0.0001971592
0.0009974684
0.001709935
0.002329906
0.002877801
0.003421473
0.003983919
0.004584547
0.005225027
0.005843704
0.006423459
0.00696559
0.007468731
0.007933359
0.008331353
0.008620789
0.008779101
0.008814777
0.00876716
0.008707111
0.008665564
0.008656032
0.008635956
0.008585557
0.008492409
0.008324272
0.007688259
0.007353435
0.006956314
0.006526675
0.006045381
0.005474971
0.004761201
0.003923433
0.003035281
0.002229655
0.001566402
0.001053121
0.0006188836
0.0001720972
-0.0003464003
-0.0009349023
-0.001554593
-0.002118365
-0.002575198
-0.002915242
-0.003185553
-0.003460281
-0.003774845
-0.004154535
-0.004592186
-0.005039788
-0.005413408
-0.0056329
-0.00568527
-0.005650819
-0.005582533
-0.005480282
-0.005329492
-0.005145912
-0.004961828
-0.004795637
-0.004647447
-0.004483038
-0.004291181
-0.004066117
-0.003803781
-0.003478211
-0.003120727
-0.002795522
-0.002530674
-0.002300762
-0.002056509
-0.001770226
-0.001454503
-0.001149093
-0.0008925178
-0.0007111718
-0.0005945795
-0.0005667148
-0.0006357551
-0.000817659
-0.001086135
-0.001357549
-0.001544393
-0.001606105
-0.001537747
-0.0013602
-0.001123152
-0.0008537886
-0.0005922703
-0.0003728054
-0.0002160819
-0.000116022
-5.734512e-05
-2.430913e-06
5.391049e-05
0.0001150937
0.0001623341
0.0001969814
0.000219005
0.0002429042
0.0002588335
0.0002720018
0.000287446
0.0003045021
0.0003184566
0.0003127481
0.0002941655
0.0002500693
0.0001949636
0.0001244334
2.082657e-05
-0.0001428068
-0.0003893894
-0.0007005069
-0.001035845
-0.001364225
-0.001687588
-0.002029619
-0.002387092
-0.002756657
-0.003151592
-0.003532074
-0.003883754
-0.004173794
-0.004396892
-0.004598472
-0.00485716
-0.005236294
-0.005755533
-0.006388125
-0.007053889
-0.007614517
-0.007990996
-0.008189909
-0.008263821
-0.008281089
-0.008285824
-0.008311239
-0.008369383
-0.008412374
-0.008350837
-0.008143625
-0.007825947
-0.007453335
-0.007060206
-0.006682004
-0.006408134
-0.00627871
-0.006294772
-0.006383299
-0.006415592
-0.006261715
-0.00585979
-0.005225727
-0.004413388
-0.003481047
-0.002515042
-0.001602955
-0.0008023184
-0.0001256694
0.000439489
0.0009481766
0.001470841
0.002046321
0.002665286
0.003269681
0.003789243
0.0041688
0.004431623
0.004616116
0.004780474
0.004972472
0.00522378
0.005532803
0.005873188
0.006220949
0.006548243
0.006821004
0.007032411
0.007193897
0.007371392
0.007562092
0.00769346
0.00767937
0.007503564
0.007191374
0.006828822
0.006487432
0.006185799
0.005876249
0.005498579
0.00504477
0.004543308
0.00404859
0.003613956
0.003263125
0.002987969
0.002769096
0.002549638
0.002253093
0.001853916
0.001387202
0.0009006346
0.0004451758
2.557084e-05
-0.0004024561
-0.0008621221
-0.001342956
-0.0018035
-0.002184469
-0.002444722
-0.002617459
-0.002782463
-0.002982306
-0.003206249
-0.003424089
-0.003587034
-0.003652111
-0.003600704
-0.003418177
-0.003136806
-0.002797342
-0.002434716
-0.002097784
-0.001849017
-0.001701614
-0.001622203
-0.001528085
-0.001351873
-0.001049871
-0.0006254068
-0.0001204138
0.0004228805
0.000943867
0.001412878
0.00182119
0.002218283
0.002642029
0.003087364
0.003512718
0.003881486
0.004194982
0.004490973
0.004817805
0.005210691
0.005665016
0.006110291
0.006457739
0.006669338
0.006778304
0.006820823
0.006829717
0.006813
0.006779496
0.006728819
0.00666826
0.006623101
0.006613805
0.006647106
0.006712216
0.006786122
0.006854512
0.006911834
0.006961113
0.006977789
0.006921982
0.006778781
0.006562275
0.006304301
0.006053642
0.005859311
0.005740019
0.00568462
0.0056737
0.005698995
0.005759134
0.005833349
0.005930134
0.006029346
0.006099455
0.006109497
0.006016633
0.005816842
0.005562268
0.005332355
0.005185416
0.005146393
0.00520508
0.005329158
0.005469435
0.005585731
0.005652215
0.005680358
0.005677741
0.005669115
0.005671387
0.005696705
0.005730104
0.005736199
0.00569375
0.005615713
0.00551836
0.005439608
0.005418848
0.005460726
0.005559029
0.005682994
0.005791883
0.005854111
0.005851112
0.005769291
0.005619498
0.005434038
0.005234435
0.005036134
0.004845033
0.004659816
0.004483762
0.004291995
0.004069997
0.003816007
0.003535573
0.003249988
0.002965569
0.002679873
0.002379028
0.002054052
0.001708062
0.001348234
0.0009873512
0.0006343114
0.0002814687
-6.612747e-05
-0.0004054233
-0.0007337801
-0.001061107
-0.001405458
-0.001780608
-0.002181479
-0.00257264
-0.002939608
-0.003261173
-0.003518392
-0.003703208
-0.00383322
-0.00395163
-0.004104282
-0.004300847
-0.004521941
-0.004711301
-0.004816836
-0.004825386
-0.004748563
-0.004623188
-0.00448631
-0.004363212
-0.004272942
-0.004227365
-0.004227599
-0.004254866
-0.00427866
-0.004274309
-0.004221749
-0.004117624
-0.003976145
-0.00379872
-0.003597278
-0.003388445
-0.003201716
-0.003056972
-0.002956881
-0.002885232
-0.002812757
-0.002714703
-0.002574405
-0.002373925
-0.002124744
-0.001862293
-0.001621794
-0.001434533
-0.00130943
-0.001241884
-0.001208428
-0.001181496
-0.001130216
-0.001039219
-0.0009065612
-0.0007584548
-0.0006240678
-0.0005273075
-0.0004704307
-0.0004406846
-0.0004218893
-0.0004018144
-0.0003769776
-0.0003548955
-0.0003380316
-0.0003231674
-0.0003096749
-0.0003009039
-0.0003020556
-0.0003168334
-0.000342422
-0.0003773395
-0.0004150453
-0.0004504128
-0.0004810911
-0.0005085366
-0.0005356351
-0.0005664667
-0.0006015064
-0.0006432806
-0.0006872993
-0.0007316164
-0.0007728491
-0.0008051428
-0.0008216387
-0.0008221129
-0.000813551
-0.0008068596
-0.000809462
-0.0008190779
-0.0008271977
-0.0008290051
-0.0008254363
-0.0008197038
-0.0008124006
-0.0008053847
-0.0008017065
-0.0008050415
-0.000815884
-0.0008315626
-0.0008475067
-0.0008620794
-0.0008715627
-0.0008762136
-0.0008769683
-0.0008749163
-0.0008703929
-0.0008628431
-0.0008530181
-0.0008445326
-0.0008393225
-0.0008371692
-0.0008356235
-0.0008340381
-0.000833865
-0.0008364897
-0.0008410219
-0.0008455826
-0.0008481193
-0.0008479736
-0.0008456188
-0.0008415949
-0.0008358077
-0.0008289682
-0.0008213621
-0.0008133394
-0.0008035499
-0.0007917628
-0.0007781448
-0.000764529
-0.0007535162
-0.0007465805
-0.000743456
-0.0007422237
-0.0007406473
-0.0007371109
-0.0007301663
-0.0007198865
-0.0007068498
-0.0006918263
-0.0006756038
-0.0006583948
-0.0006407507
-0.0006239001
-0.0006082353
-0.0005934827
-0.0005793297
-0.0005652463
-0.0005509182
-0.0005361677
-0.0005209952
-0.0005055389
-0.00049025
-0.0004757559
-0.0004624829
-0.0004503417
-0.0004389177
-0.0004279557
-0.0004172772
-0.000406711
-0.0003962591
-0.0003859684
-0.0003760566
-0.0003667088
-0.000358084
-0.000350233
-0.0003431015
-0.0003365541
-0.0003302927
-0.0003240625
-0.0003177318
-0.0003112251
-0.0003045676
-0.0002979696
-0.000291513
-0.0002852812
-0.0002793122
-0.00027359
-0.0002681545
-0.0002630126
-0.0002581001
-0.0002533863
-0.0002488425
-0.0002444545
-0.0002402193
-0.0002361158
-0.0002320899
-0.0002280713
-0.0002240128
-0.0002199098
-0.0002157718
-0.0002116247
-0.0002075136
-0.0002034809
-0.0001995493
-0.0001957041
-0.000191918
-0.0001881522
-0.0001843683
-0.0001805513
-0.0001767065
-0.0001728491
-0.0001689971
-0.0001651653
-0.0001613618
-0.0001575877
-0.0001538415
-0.0001501178
-0.0001464088
-0.000142707
-0.0001390051
-0.0001352976
-0.0001315858
-0.0001278745
-0.0001241675
-0.0001204625
-0.0001167557
-0.0001130425
-0.0001093201
-0.0001055901
-0.0001018559
-9.812065e-05
-9.438698e-05
-9.065637e-05
-8.692939e-05
-8.320531e-05
-7.948311e-05
-7.576221e-05
-7.20424e-05
-6.832393e-05
-6.460748e-05
-6.089372e-05
-5.718344e-05
-5.347713e-05
-4.97752e-05
-4.607792e-05
-4.238547e-05
-3.869811e-05
-3.501609e-05
-3.133976e-05
-2.766941e-05
-2.400539e-05
-2.034796e-05
-1.669748e-05
-1.305421e-05
-9.418425e-06
-5.790398e-06
-2.170391e-06
1.441343e-06
5.044546e-06
8.638974e-06
1.222438e-05
1.580053e-05
1.936717e-05
2.292408e-05
2.647103e-05
3.000779e-05
3.353414e-05
3.704985e-05
NaN
NaN
