-0.0001467659
-0.0001469519
-0.0001472911
-0.0001477955
-0.0001484563
-0.000149206
-0.0001499344
-0.0001505855
-0.0001512527
-0.000152056
-0.0001531171
-0.00015439
-0.0001546433
-0.0001515596
-0.0001450509
-0.0001368721
-0.0001284966
-0.0001223659
-0.000119399
-0.0001138188
-0.0001010472
-8.616475e-05
-7.576983e-05
-7.600377e-05
-0.0001001996
-0.0001734213
-0.0002949242
-0.0004411537
-0.0005804422
-0.0006612628
-0.0006207696
-0.0004385957
-0.0001359476
0.0002197544
0.0005359134
0.0007896867
0.0009652075
0.00107639
0.00114229
0.001203499
0.001318843
0.001499139
0.001615922
0.001619928
0.00152698
0.001503473
0.00171866
0.002167545
0.002677286
0.003007728
0.003015764
0.002634229
0.001991012
0.00130513
0.0005907422
-0.0001938746
-0.001090944
-0.002052469
-0.002935971
-0.003719457
-0.004519246
-0.005383513
-0.006393133
-0.00743904
-0.008375924
-0.00905106
-0.009080519
-0.0084283
-0.007185452
-0.005558436
-0.003641523
-0.001523995
0.0008080707
0.003356562
0.006222897
0.00944687
0.01249548
0.01489398
0.01623061
0.01632889
0.01536316
0.01356931
0.01137765
0.009120481
0.007157108
0.00523196
0.003094379
0.000582259
-0.002325192
-0.005460363
-0.00858501
-0.01094843
-0.01208402
-0.01204897
-0.01143578
-0.01094419
-0.0112566
-0.01249837
-0.01419647
-0.01574446
-0.01654627
-0.01634308
-0.01528246
-0.013613
-0.01173982
-0.009932953
-0.007991863
-0.005808167
-0.003104964
0.0004055468
0.004516975
0.008772146
0.01243891
0.01488352
0.01594294
0.01586359
0.01498461
0.01405969
0.01357392
0.01351373
0.01324967
0.01191181
0.00916637
0.005090915
8.915583e-05
-0.004538319
-0.00773105
-0.008935547
-0.008161289
-0.006112217
-0.003236334
5.887963e-05
0.003219444
0.005757927
0.007567783
0.00872517
0.009310676
0.009395374
0.00900245
0.008278164
0.007193039
0.006070454
0.004543714
0.002424172
5.130884e-05
-0.001695104
-0.002145271
-0.001372739
0.0003320192
0.002885538
0.005760057
0.008450781
0.01073509
0.01243629
0.01299618
0.01152032
0.008027467
0.003334574
-0.00181461
-0.00643616
-0.01000654
-0.01221907
-0.01282202
-0.01184648
-0.009901858
-0.007753802
-0.006096459
-0.005207837
-0.005296209
-0.0063559
-0.007617753
-0.008113511
-0.007257816
-0.004855551
-0.00138056
0.001984796
0.004127421
0.00488441
0.00383462
0.001128871
-0.001803165
-0.003775757
-0.004900434
-0.005604389
-0.005940894
-0.005900167
-0.005784302
-0.005817908
-0.006001501
-0.006259447
-0.006170543
-0.00513603
-0.002849221
0.0002680638
0.003572686
0.006219004
0.007748815
0.007849128
0.006436126
0.004127734
0.001212752
-0.001613272
-0.003866185
-0.005235436
-0.005241234
-0.003502408
-7.386355e-06
0.004448513
0.008650837
0.01173736
0.01347396
0.01394994
0.01299922
0.01043325
0.006437837
0.001815481
-0.002886618
-0.007155835
-0.009998558
-0.01084133
-0.009964447
-0.007985506
-0.005709622
-0.003547636
-0.00167951
-7.851159e-05
0.001467653
0.002899105
0.003967154
0.004741569
0.005056289
0.005027609
0.004761276
0.004324607
0.00383046
0.003553852
0.003544344
0.003546931
0.003677912
0.003749187
0.003466774
0.002663603
0.001476141
0.0001070083
-0.001173421
-0.001820297
-0.001373553
0.0003037921
0.003130715
0.00670411
0.01016276
0.01297646
0.01486407
0.01551488
0.01490124
0.01343115
0.01094878
0.00758532
0.004282883
0.001709079
0.0001324056
-0.0006341652
-0.0006049074
0.000153058
0.001554016
0.002778245
0.00304284
0.001853433
-0.001064199
-0.005259827
-0.01008124
-0.01479313
-0.01875983
-0.02147623
-0.02293719
-0.02348304
-0.02330666
-0.02239989
-0.02063276
-0.01795955
-0.01445562
-0.01047436
-0.006394829
-0.002343942
0.001304693
0.004269148
0.00636323
0.007696131
0.008533759
0.009085124
0.009263679
0.00922791
0.008928169
0.008391618
0.007731023
0.006923453
0.006246263
0.005423549
0.003814569
0.001279992
-0.001735271
-0.004760115
-0.007311064
-0.008994674
-0.009769048
-0.009762055
-0.009086607
-0.008148403
-0.007344816
-0.006998446
-0.007265051
-0.008305118
-0.009988004
-0.01178631
-0.01299289
-0.01286501
-0.01089695
-0.006974738
-0.001679301
0.003959922
0.008744454
0.01195941
0.01358727
0.01401611
0.01365013
0.01297972
0.01238717
0.01177452
0.01100512
0.01017845
0.009160509
0.007902385
0.006730774
0.005992558
0.005666389
0.00554624
0.005396106
0.004976186
0.004186902
0.003391242
0.003320373
0.004191003
0.005824523
0.007861064
0.009964205
0.01170652
0.01279849
0.01331319
0.01313668
0.01228259
0.0108449
0.009007901
0.007018878
0.004994196
0.00281159
0.0003837384
-0.002463037
-0.005649044
-0.008540305
-0.01061616
-0.0110645
-0.009758947
-0.00694537
-0.003460415
-0.0001187448
0.002427582
0.003756743
0.003586762
0.001864007
-0.001475411
-0.006166235
-0.01145274
-0.01621932
-0.0196468
-0.0214679
-0.02198712
-0.02173149
-0.02091698
-0.01973525
-0.01845478
-0.01734587
-0.01659897
-0.01639959
-0.01666508
-0.01708623
-0.01738542
-0.01729374
-0.01695713
-0.01635815
-0.0154853
-0.0140534
-0.01175949
-0.008583204
-0.004534535
0.000484511
0.006131734
0.0116826
0.01642324
0.02006479
0.02262385
0.02411917
0.02465386
0.02446912
0.02381556
0.02288791
0.02176039
0.02065851
0.01989294
0.01950076
0.01953827
0.01984093
0.0198649
0.01913122
0.0172757
0.01400181
0.00938478
0.004014879
-0.001349324
-0.005928155
-0.009518413
-0.01236158
-0.01441207
-0.01567847
-0.0165053
-0.01695383
-0.01691148
-0.01643408
-0.01552693
-0.01407487
-0.01200133
-0.009432236
-0.006550302
-0.003469644
-0.0005351033
0.001615598
0.002762672
0.003124602
0.003021915
0.002795787
0.002692
0.003061446
0.004086535
0.005635775
0.00741201
0.009219055
0.01100955
0.01263686
0.01387989
0.0143784
0.01377787
0.01191655
0.009225732
0.006211185
0.003166198
0.0002523039
-0.002569998
-0.0053544
-0.0082937
-0.01127799
-0.01393637
-0.01559825
-0.01598809
-0.01500886
-0.01304659
-0.01048903
-0.007920375
-0.005778622
-0.004273206
-0.003143197
-0.002079554
-0.0006897989
0.001396539
0.004166448
0.007245836
0.01024473
0.01266119
0.01411505
0.01489492
0.01531462
0.01543804
0.01517659
0.01431245
0.01262223
0.01000119
0.00668428
0.00270432
-0.001672086
-0.006147231
-0.01046849
-0.01414459
-0.01630318
-0.01688752
-0.01641139
-0.01530678
-0.01330252
-0.01024225
-0.006267205
-0.002018001
0.001848208
0.004910294
0.007014075
0.00827291
0.008850931
0.008700983
0.007901202
0.00638334
0.004097223
0.001210321
-0.002058258
-0.005385794
-0.008378587
-0.0106748
-0.01203961
-0.01229831
-0.01133946
-0.009643045
-0.007972524
-0.006659071
-0.005480753
-0.004260442
-0.002892369
-0.001365504
0.0004813655
0.002833423
0.005466291
0.008114146
0.0109404
0.01389295
0.01673591
0.01910505
0.02052924
0.02067951
0.01984308
0.01791502
0.01460396
0.01024931
0.005800626
0.001794536
-0.00123282
-0.002912093
-0.003052292
-0.001830124
4.12652e-05
0.001478091
0.001830431
0.00137394
0.0005171051
-0.0006404863
-0.002174687
-0.004429758
-0.007214413
-0.01024088
-0.01310113
-0.01553292
-0.01741014
-0.01880063
-0.01979172
-0.02025959
-0.02031442
-0.0200038
-0.01950154
-0.0188733
-0.01805761
-0.01703599
-0.01589681
-0.01465737
-0.01318898
-0.01129599
-0.008963337
-0.006328771
-0.003519251
-0.000753546
0.001969896
0.004821591
0.007830525
0.01053654
0.01274613
0.01460041
0.01620143
0.01764851
0.01915085
0.02098188
0.02322666
0.02592655
0.02880024
0.03154823
0.03381246
0.03503896
0.03450901
0.03172321
0.02666568
0.01978384
0.01165839
0.00329263
-0.004317532
-0.01078543
-0.01584954
-0.01937346
-0.02160025
-0.02287563
-0.02342565
-0.02359625
-0.02362058
-0.02355993
-0.02318099
-0.02241589
-0.02106595
-0.01912207
-0.01684456
-0.01434182
-0.01155878
-0.008362464
-0.004722013
-0.0007774756
0.002973578
0.005919401
0.007853446
0.008991858
0.009738678
0.01019141
0.009791394
0.007963597
0.004496705
1.509885e-05
-0.004951753
-0.009899236
-0.01380778
-0.0162424
-0.0173905
-0.01758457
-0.01698749
-0.01594442
-0.01485599
-0.01399765
-0.01356861
-0.0133804
-0.01327724
-0.01300494
-0.01222973
-0.01068413
-0.008121345
-0.004614492
-0.0005926009
0.003136596
0.006208269
0.008316741
0.009378361
0.009763628
0.009689336
0.0091946
0.008315448
0.007324494
0.006579711
0.006179464
0.00645039
0.00744409
0.009177529
0.0115586
0.0143235
0.01708858
0.01947346
0.02108894
0.02174765
0.02141839
0.02014731
0.01812427
0.01562292
0.01326184
0.01131939
0.009783878
0.008396598
0.006905762
0.005050972
0.00253447
-0.0004590446
-0.003992788
-0.008019889
-0.01190843
-0.01495837
-0.01699293
-0.01782466
-0.01731379
-0.01557823
-0.01285101
-0.009108738
-0.004880799
-0.000618486
0.003614886
0.008116483
0.01260107
0.01682997
0.02073764
0.02418352
0.02691779
0.02895653
0.0304137
0.03135209
0.03174659
0.03153155
0.0305014
0.02867529
0.02640246
0.02376149
0.02086908
0.01760039
0.01407348
0.01038774
0.006661857
0.003242242
-0.000107168
-0.003835346
-0.007971904
-0.01218861
-0.01612781
-0.01971815
-0.0229088
-0.02551602
-0.02743255
-0.02863707
-0.02944476
-0.0302185
-0.0310189
-0.03175009
-0.03201257
-0.03148197
-0.03029164
-0.02847518
-0.0263043
-0.02423337
-0.02219554
-0.02013883
-0.01838864
-0.01708518
-0.01614175
-0.01569676
-0.01554409
-0.01550168
-0.01539657
-0.01484469
-0.01357507
-0.01161982
-0.009480902
-0.007707067
-0.006532021
-0.005887692
-0.005432865
-0.004725788
-0.003678427
-0.002261561
-0.000496621
0.001381478
0.003236991
0.005046427
0.006937505
0.008864322
0.01093279
0.01331518
0.0161971
0.01940086
0.02299526
0.02671976
0.0302713
0.03346061
0.03633725
0.03877492
0.04056418
0.04173893
0.04223042
0.04190756
0.04081275
0.03909755
0.03698622
0.03470506
0.03213089
0.02904309
0.02538222
0.02129849
0.01692269
0.01190572
0.006793839
0.002284754
-0.002088948
-0.006735601
-0.0114051
-0.0159568
-0.02038922
-0.02488219
-0.029531
-0.03413399
-0.03812739
-0.04099108
-0.04242556
-0.04278182
-0.04235151
-0.04125255
-0.03960533
-0.03743015
-0.03454536
-0.03100021
-0.02717917
-0.02330433
-0.01945462
-0.01581573
-0.01235352
-0.008969754
-0.005883938
-0.003249728
-0.001336311
-0.0002207832
0.0001482845
-0.0001401258
-0.001092425
-0.002764341
-0.005168783
-0.008144088
-0.0116609
-0.01530997
-0.01867458
-0.02150628
-0.02358926
-0.02499543
-0.02594777
-0.02663923
-0.02686923
-0.02649617
-0.02522331
-0.02308834
-0.01994606
-0.01569269
-0.01037107
-0.003910189
0.003296856
0.01107954
0.01916693
0.02667415
0.03285407
0.03742099
0.04064162
0.04283869
0.0442019
0.04473482
0.04419462
0.04169664
0.03694969
0.03094647
0.02485653
0.01930176
0.01443251
0.01030741
0.007256121
0.005409257
0.004369632
0.004018896
0.004448817
0.005391006
0.006642218
0.008037902
0.009439114
0.01098536
0.01269599
0.01449782
0.01648642
0.01886788
0.02168088
0.02465164
0.02762429
0.03042894
0.03267863
0.03417251
0.03495454
0.03512538
0.0345676
0.03313295
0.03049803
0.02666232
0.02166952
0.01536039
0.007704896
-0.0007481661
-0.009301116
-0.01751472
-0.02534767
-0.0328137
-0.03977465
-0.04634307
-0.05252373
-0.05791632
-0.06204341
-0.06464539
-0.06591302
-0.06601907
-0.06482411
-0.06213886
-0.05767927
-0.05159821
-0.04459919
-0.03766204
-0.03124348
-0.02505804
-0.01868279
-0.01196182
-0.004640817
0.002934339
0.01039913
0.01718208
0.022647
0.02664357
0.02931524
0.03083123
0.03175877
0.03277911
0.03413241
0.03576915
0.03763307
0.03928787
0.04004413
0.03989753
0.03912532
0.03770668
0.03555961
0.03268003
0.02905011
0.02474982
0.02018627
0.0155715
0.0113084
0.007536543
0.003906796
-0.0001435477
-0.00499224
-0.01077696
-0.01755662
-0.02479763
-0.03179959
-0.03845651
-0.04464964
-0.04971188
-0.0533531
-0.0559484
-0.05765768
-0.05860423
-0.05908256
-0.0590507
-0.05835327
-0.05649966
-0.05325146
-0.04856606
-0.04258869
-0.03581735
-0.02878409
-0.02192652
-0.01544121
-0.009298182
-0.003326012
0.002277094
0.007260553
0.01205259
0.01670594
0.02111868
0.0249119
0.02790572
0.03032447
0.03226152
0.0339166
0.03546165
0.03682836
0.0379634
0.03884791
0.03939948
0.03967077
0.03973816
0.03964362
0.0395545
0.03925739
0.03851539
0.03708296
0.03431711
0.03009382
0.0245181
0.01789145
0.01095088
0.00450323
-0.001327611
-0.006501425
-0.01089725
-0.0145167
-0.0173706
-0.01961735
-0.02117791
-0.02195959
-0.02186066
-0.02106738
-0.01979966
-0.01840953
-0.01723137
-0.01638292
-0.0157715
-0.01535529
-0.01493583
-0.01403328
-0.01250736
-0.01055216
-0.008532907
-0.006461266
-0.004210913
-0.001823485
0.0008072574
0.00352627
0.006059756
0.008299136
0.01012269
0.01119149
0.01126406
0.01034524
0.00850705
0.00632894
0.004749245
0.004215849
0.004710708
0.005800255
0.006971115
0.007606501
0.007302584
0.005944273
0.003539593
0.0003478411
-0.003445322
-0.007430232
-0.01115465
-0.01405809
-0.01578015
-0.01660654
-0.01664451
-0.01602118
-0.01502431
-0.01392118
-0.01290672
-0.01203302
-0.01124876
-0.009964771
-0.007864949
-0.005121776
-0.002243041
0.0002830837
0.002035858
0.002833049
0.002907029
0.00233172
0.00113665
-0.0004203915
-0.001731978
-0.002487963
-0.002392306
-0.00145958
-0.0002091274
0.0007702721
0.001147455
0.0008398235
-0.0001818313
-0.001874089
-0.003859748
-0.005838224
-0.007639933
-0.009095841
-0.01025598
-0.01120788
-0.01178714
-0.01198462
-0.01192458
-0.01173959
-0.0112005
-0.009906767
-0.007711683
-0.004598405
-0.0008735405
0.003212807
0.007413716
0.01151363
0.01520553
0.01840577
0.02111473
0.02332594
0.02493738
0.02577218
0.02600492
0.02579566
0.02486954
0.02310919
0.02062755
0.01804915
0.01541935
0.01311511
0.01133606
0.009932733
0.008640534
0.007239954
0.005624836
0.003743893
0.001407925
-0.001664496
-0.005464028
-0.009511998
-0.01321899
-0.01615056
-0.01790948
-0.01833844
-0.01779014
-0.01670833
-0.01510634
-0.01281462
-0.009548409
-0.00537122
-0.000764072
0.003633665
0.007569719
0.01094674
0.01356476
0.01589321
0.01817771
0.02056775
0.02263377
0.02395136
0.0243768
0.0239055
0.02254586
0.02024685
0.01718412
0.01366473
0.01013098
0.006997176
0.004207481
0.001612533
-0.0008503358
-0.00316844
-0.00559504
-0.008089259
-0.01039149
-0.01202697
-0.01282025
-0.01270103
-0.01169173
-0.009997115
-0.008149044
-0.006606929
-0.005659452
-0.005221146
-0.00466545
-0.003608867
-0.002252192
-0.00068023
0.001090753
0.00277364
0.004360502
0.005932903
0.007357849
0.008358028
0.00874086
0.008144822
0.006263914
0.003255889
-0.0004650779
-0.004323714
-0.007756752
-0.01048509
-0.01249996
-0.01362657
-0.0136466
-0.01266683
-0.01113908
-0.009259432
-0.007226528
-0.005082885
-0.002549439
0.0003723807
0.003731739
0.00738541
0.01116249
0.01459838
0.01742144
0.01932799
0.02009509
0.01967489
0.01816368
0.01596578
0.01345608
0.01084344
0.00837011
0.005906554
0.00336152
0.0006372179
-0.002237514
-0.005405716
-0.008693275
-0.01186867
-0.01488335
-0.01763755
-0.02005777
-0.02206255
-0.02344999
-0.024417
-0.02493458
-0.02478614
-0.02402311
-0.0225691
-0.02036678
-0.01782186
-0.01495242
-0.01191066
-0.008957175
-0.006252422
-0.003969739
-0.00210944
-0.0008638504
-7.973372e-05
0.0002595495
0.0001385341
-0.0001774379
-0.0003193649
-0.0001745981
-1.877952e-05
-0.0001070401
-0.0008486717
-0.002126389
-0.003170745
-0.003360912
-0.002567154
-0.001472332
-0.0007263452
-0.0003897915
-0.0004564697
-0.0006833904
-0.0006798381
-0.0003676698
0.0003106996
0.001527338
0.003332304
0.005569054
0.008120747
0.01081403
0.01360705
0.01627998
0.0187218
0.02082373
0.02272106
0.02448435
0.02599273
0.02728396
0.02860956
0.02996299
0.03136002
0.03287798
0.03435347
0.03539207
0.03562218
0.03482115
0.03298949
0.03012947
0.02639826
0.02219811
0.01793914
0.01380092
0.009596113
0.005060974
0.0004343983
-0.004080674
-0.008185692
-0.0121749
-0.0164858
-0.02097635
-0.02551764
-0.03036809
-0.03560485
-0.04109346
-0.04654359
-0.05158605
-0.05576293
-0.05893173
-0.06126761
-0.06280757
-0.06338206
-0.06284871
-0.06109087
-0.05812788
-0.05429433
-0.05000979
-0.04589059
-0.04226635
-0.03916841
-0.03675953
-0.0351382
-0.03430791
-0.03391991
-0.03371842
-0.0334141
-0.03275178
-0.03141087
-0.02922235
-0.02632024
-0.02281635
-0.01897559
-0.01498344
-0.01086917
-0.006603446
-0.002501671
0.001294757
0.004769848
0.008006254
0.01119468
0.01417079
0.01687729
0.01952206
0.02231015
0.02518852
0.02785897
0.03004659
0.03183736
0.033909
0.03689834
0.04053336
0.04448571
0.04810168
0.05100938
0.05309242
0.0542775
0.05456468
0.05412448
0.05306409
0.05161968
0.04962373
0.04692457
0.04378707
0.04059215
0.03778292
0.03546268
0.03356876
0.03170848
0.02989252
0.02824416
0.02670475
0.02528261
0.02402403
0.02264719
0.02088669
0.01890017
0.01698027
0.01541465
0.01426962
0.01336863
0.01241185
0.01122027
0.009875208
0.008502072
0.007185813
0.005824063
0.004446875
0.003104294
0.001635414
0.000137612
-0.001247856
-0.002616862
-0.004170871
-0.006079531
-0.008584298
-0.01138678
-0.01421479
-0.01693786
-0.01970601
-0.02234162
-0.02488331
-0.02730492
-0.02968049
-0.03197737
-0.03431874
-0.03658589
-0.03866799
-0.0405882
-0.04239554
-0.044179
-0.04561573
-0.04659448
-0.04720096
-0.04725878
-0.04663513
-0.04569453
-0.04479258
-0.04412912
-0.04379392
-0.04368607
-0.0433194
-0.04244611
-0.04084651
-0.03842872
-0.03542608
-0.03193939
-0.02806214
-0.02384032
-0.01950938
-0.01524378
-0.01087807
-0.006253753
-0.001648129
0.00245437
0.006156105
0.009726405
0.01328669
0.01690945
0.02072947
0.02448858
0.02791081
0.03074556
0.03288213
0.03442355
0.03549798
0.03616859
0.03632145
0.03588975
0.03499421
0.03411351
0.03370321
0.03360305
0.03342444
0.03298208
0.03224744
0.0312183
0.02993491
0.02859871
0.02744927
0.02628265
0.02508662
0.02405948
0.02335861
0.02306361
0.02310246
0.02346959
0.02412288
0.02504227
0.02633212
0.02803682
0.02984837
0.03170271
0.03350573
0.03513942
0.03641352
0.03674922
0.03579245
0.03351272
0.03037269
0.02678556
0.02288187
0.01858699
0.01374858
0.008140549
0.001630096
-0.005150722
-0.01173737
-0.01834094
-0.02527596
-0.0324105
-0.03954426
-0.04635753
-0.0522515
-0.05714476
-0.06114805
-0.0641888
-0.06627355
-0.06738699
-0.06768905
-0.06709286
-0.06563249
-0.06335219
-0.06040836
-0.05689027
-0.05289584
-0.04815903
-0.04282871
-0.03733306
-0.03197891
-0.02694878
-0.02240694
-0.01829396
-0.01456797
-0.01130657
-0.00858276
-0.006132772
-0.003729733
-0.001251145
0.00135511
0.004205275
0.007504855
0.01119831
0.01519784
0.01970308
0.02445689
0.02934483
0.03454216
0.03980425
0.04469697
0.04919511
0.05308691
0.0559634
0.05750548
0.05780853
0.05717077
0.05587362
0.0540566
0.05156926
0.04867156
0.04558882
0.04208012
0.03769138
0.03225662
0.02618108
0.01969986
0.01314087
0.00708027
0.001551297
-0.003612887
-0.00794587
-0.01094282
-0.01260694
-0.01346147
-0.01382111
-0.01406728
-0.0143638
-0.01484343
-0.01549385
-0.01614202
-0.01663047
-0.01691497
-0.01698724
-0.01697828
-0.01692333
-0.01675446
-0.01664628
-0.01650486
-0.01619661
-0.01585711
-0.01574442
-0.01582613
-0.01620823
-0.01687195
-0.01790494
-0.01964497
-0.02234331
-0.02547899
-0.02808259
-0.02952304
-0.0296823
-0.02862035
-0.02663334
-0.02424271
-0.02208117
-0.0203664
-0.01914532
-0.01824558
-0.01769068
-0.01757268
-0.01795539
-0.01888205
-0.02008615
-0.02156799
-0.02335311
-0.02507542
-0.02631736
-0.02671895
-0.02604921
-0.02443979
-0.02218528
-0.01956242
-0.01663047
-0.01343029
-0.0102533
-0.007194315
-0.004340475
-0.001791678
0.000550366
0.00279218
0.005309512
0.008388679
0.01170558
0.01484061
0.0178183
0.02093808
0.02427615
0.02750323
0.03041488
0.03300171
0.0354419
0.03785154
0.0404855
0.0432884
0.04608827
0.04882835
0.0513768
0.05333434
0.05462686
0.05538133
0.0557567
0.05571566
0.05517169
0.05393619
0.05200749
0.04962135
0.04691835
0.04416685
0.04160142
0.03927139
0.03710914
0.03474865
0.03225452
0.02982784
0.0273763
0.02482783
0.022329
0.01938848
0.01564642
0.01127137
0.006838208
0.002613882
-0.001667321
-0.006381268
-0.01182909
-0.01780144
-0.02387754
-0.02948904
-0.03420512
-0.03767947
-0.03985131
-0.04099249
-0.04149619
-0.04167734
-0.04193131
-0.04232647
-0.042745
-0.043283
-0.04414596
-0.04517347
-0.04633949
-0.04755252
-0.04831676
-0.04803362
-0.04670418
-0.04478773
-0.04248666
-0.03993901
-0.03718205
-0.0338317
-0.02940238
-0.0237696
-0.01755366
-0.01149865
-0.006194881
-0.002021377
0.001108139
0.003366895
0.005027233
0.006259659
0.007238935
0.008008603
0.008683174
0.009150437
0.009597345
0.01015162
0.0106634
0.01118456
0.01188894
0.01256588
0.01319515
0.01374679
0.01413918
0.01440152
0.01468231
0.01517767
0.01587065
0.01671051
0.01774298
0.01915015
0.02097179
0.0231258
0.02562193
0.02820478
0.03078167
0.03328558
0.03583856
0.03843463
0.04091115
0.04301189
0.04444586
0.04523023
0.04558762
0.04556751
0.04515019
0.04418279
0.04252874
0.04012916
0.03702753
0.0333783
0.0294494
0.02525856
0.02063476
0.01543979
0.009476296
0.002976218
-0.00368156
-0.01001464
-0.01600409
-0.02157738
-0.02676066
-0.03157976
-0.03583816
-0.03926639
-0.0418121
-0.0436078
-0.04465349
-0.04523304
-0.04583119
-0.04644661
-0.0466851
-0.04636114
-0.04553912
-0.0445281
-0.04358377
-0.04273452
-0.04166356
-0.03999435
-0.03773933
-0.03485328
-0.03158894
-0.02833036
-0.02519038
-0.02213348
-0.01937639
-0.01699278
-0.01480671
-0.01266952
-0.01063397
-0.008560205
-0.006391668
-0.004525096
-0.003031676
-0.001587558
0.0001467265
0.001816459
0.002879134
0.003037605
0.002244939
0.0008189561
-0.00092333
-0.002830114
-0.004875918
-0.006693593
-0.007779412
-0.007981065
-0.007387896
-0.00593905
-0.003513899
-0.0001601459
0.003880685
0.008401886
0.01332529
0.01836042
0.02355393
0.02856867
0.03326707
0.03775604
0.04205765
0.04584609
0.0490447
0.05191697
0.05481212
0.05766652
0.0601047
0.06191745
0.06310983
0.06379119
0.06401963
0.06376288
0.06316038
0.0622254
0.06090179
0.05891874
0.0564471
0.05385188
0.05099505
0.04795848
0.04497334
0.04211179
0.03933686
0.0368462
0.03475791
0.03278841
0.03071474
0.02826947
0.02506033
0.02143357
0.0174281
0.01283243
0.007893843
0.002865347
-0.002481925
-0.008335743
-0.01443743
-0.02077736
-0.02737752
-0.0342173
-0.04100683
-0.04762093
-0.05391399
-0.05953318
-0.06455112
-0.06892884
-0.07251995
-0.07515235
-0.07693672
-0.07820398
-0.07932336
-0.08031759
-0.08087287
-0.08067936
-0.07981615
-0.07841122
-0.07654905
-0.07442897
-0.07191834
-0.06919637
-0.06620973
-0.06287495
-0.0589809
-0.05432242
-0.04913231
-0.04379227
-0.03847218
-0.03287321
-0.02649022
-0.01933871
-0.0115636
-0.003794271
0.00314349
0.008806111
0.01334241
0.01707917
0.02037992
0.02353059
0.02645684
0.02906454
0.03139989
0.03368421
0.03577595
0.03783725
0.03984637
0.04158836
0.04282414
0.04365735
0.0443503
0.04486865
0.04504508
0.04467849
0.0437577
0.04252119
0.04085517
0.03866094
0.03582394
0.03235321
0.02860663
0.02486882
0.02168692
0.01930199
0.01769788
0.01659179
0.01558574
0.01454983
0.01356185
0.01284675
0.01258342
0.01277571
0.01316935
0.01348825
0.01343914
0.01280611
0.01190785
0.01075788
0.009466646
0.008057097
0.006328013
0.004141165
0.001497974
-0.001264584
-0.003844752
-0.006139823
-0.008156032
-0.009987927
-0.01192967
-0.0140363
-0.01610409
-0.01812105
-0.02007843
-0.02192318
-0.02355299
-0.02477018
-0.0255338
-0.0257633
-0.02540005
-0.02443579
-0.02297746
-0.02095026
-0.01845097
-0.01566762
-0.0128765
-0.01048074
-0.008496809
-0.006836772
-0.005375932
-0.003944714
-0.002501918
-0.001478191
-0.001129626
-0.001132272
-0.0007551229
0.0002323696
0.001716739
0.003341911
0.004742522
0.005850749
0.006815912
0.007704694
0.008548294
0.009266585
0.009871544
0.01053631
0.01149527
0.01295958
0.01472977
0.01662548
0.01866471
0.0206642
0.0222652
0.02326505
0.02366518
0.02353771
0.02302357
0.02235462
0.02128749
0.01942953
0.01646218
0.01271242
0.00879513
0.005158306
0.001964511
-0.000868863
-0.003487713
-0.005959643
-0.008000395
-0.009677597
-0.01114604
-0.01251069
-0.01368075
-0.01470284
-0.01536487
-0.01552032
-0.01518466
-0.01450446
-0.01349763
-0.01229589
-0.01081813
-0.009007041
-0.006957802
-0.004653436
-0.001953467
0.0008818623
0.00369047
0.006150158
0.008187081
0.009901894
0.01129952
0.01233025
0.01296395
0.01321469
0.01308079
0.01243863
0.01117997
0.009333402
0.006980284
0.004086491
0.0003774952
-0.004323494
-0.009620295
-0.01511412
-0.02059509
-0.02604677
-0.03122603
-0.03594611
-0.03996909
-0.04309413
-0.04526693
-0.04636433
-0.04654665
-0.04601609
-0.0451045
-0.04387144
-0.04221196
-0.04018989
-0.03795555
-0.03558569
-0.03297567
-0.03014067
-0.02707949
-0.02377587
-0.02028378
-0.0165618
-0.01283254
-0.009141867
-0.005513424
-0.002010822
0.001236125
0.004175563
0.006685428
0.008961395
0.01140228
0.01426816
0.01727039
0.0200681
0.02228286
0.02393109
0.02532232
0.02668172
0.02794763
0.02891876
0.02956671
0.02978065
0.02944591
0.02901279
0.02879029
0.02880037
0.0290641
0.02954964
0.03022645
0.03123327
0.0322712
0.03316185
0.03391138
0.03469564
0.03559845
0.0363263
0.03658706
0.03629322
0.03580611
0.03556517
0.03572619
0.03604022
0.03586848
0.0347263
0.03280193
0.03047358
0.02785294
0.0247999
0.02136435
0.01728857
0.01270201
0.008009929
0.003144518
-0.001829364
-0.006658788
-0.01129078
-0.01577705
-0.01987018
-0.0236577
-0.02691629
-0.02936551
-0.03083671
-0.03141634
-0.03158106
-0.0314901
-0.03090141
-0.02972099
-0.02812954
-0.0262563
-0.02416096
-0.0220534
-0.01983701
-0.01759466
-0.01557294
-0.01397574
-0.01316459
-0.01305136
-0.01346804
-0.01426714
-0.01540273
-0.01694088
-0.01861886
-0.02016997
-0.02147002
-0.02237229
-0.02267142
-0.02233223
-0.0218894
-0.0216441
-0.02134308
-0.02043979
-0.01878255
-0.01673935
-0.01480617
-0.01304137
-0.01093334
-0.008274466
-0.005346576
-0.002181299
0.001221986
0.00500946
0.009249576
0.01397361
0.01901589
0.02390614
0.02854712
0.03285304
0.0364525
0.03902065
0.04071962
0.04185679
0.04260635
0.04301718
0.04281723
0.04146577
0.03891069
0.03549503
0.03175893
0.02811514
0.02466855
0.02115736
0.01741734
0.01363776
0.01018359
0.006991245
0.004190028
0.00155867
-0.000925661
-0.003221562
-0.005311205
-0.007102035
-0.008716812
-0.009805266
-0.009963673
-0.009309332
-0.008464128
-0.007796675
-0.007104059
-0.00596176
-0.004287576
-0.002115477
0.0005614613
0.003861691
0.007769664
0.01199057
0.01622315
0.02032822
0.02443894
0.02876371
0.03330489
0.03794466
0.04228639
0.04610356
0.04964388
0.05312949
0.05605984
0.05804782
0.05912278
0.05944836
0.05944834
0.05913173
0.05793305
0.05539473
0.05171733
0.04682999
0.04081898
0.0340612
0.0270273
0.01960168
0.01166222
0.002639921
-0.007051909
-0.01609057
-0.02446625
-0.03224717
-0.0392434
-0.04538016
-0.05051273
-0.05461996
-0.05777498
-0.06019736
-0.06201189
-0.0634088
-0.06417648
-0.06420474
-0.06354407
-0.06212641
-0.0598814
-0.0568666
-0.0530325
-0.04857921
-0.04365107
-0.0381802
-0.03236288
-0.02665228
-0.02117101
-0.01597256
-0.01128089
-0.007179535
-0.003389835
0.0001142103
0.003279178
0.006034346
0.008530953
0.01092242
0.01324069
0.01556711
0.01758049
0.01907178
0.02030904
0.02186243
0.0235412
0.02470305
0.0250673
0.02471106
0.02398653
0.02299149
0.02182062
0.02047548
0.01885398
0.01696594
0.01467741
0.01194991
0.00903451
0.006059134
0.003160505
0.0004766546
-0.001698665
-0.003295593
-0.004185601
-0.00407126
-0.002672762
-7.164982e-05
0.003481756
0.007412729
0.01111755
0.01445969
0.01781048
0.02112731
0.02396995
0.02625074
0.02798511
0.02932162
0.02998595
0.02974505
0.02859619
0.02651862
0.02350299
0.01961434
0.01509236
0.01010834
0.005020321
-9.599523e-05
-0.005384739
-0.01072417
-0.01633256
-0.02215855
-0.02798382
-0.03362998
-0.03898566
-0.04421093
-0.04889466
-0.05291235
-0.05639657
-0.05918173
-0.06112519
-0.06244033
-0.06338136
-0.06384888
-0.0639048
-0.06364972
-0.06315127
-0.06229897
-0.06090062
-0.05892932
-0.05663366
-0.05409945
-0.05142158
-0.04864804
-0.04542795
-0.04185644
-0.03799031
-0.03341888
-0.02839131
-0.02380857
-0.01935843
-0.01450291
-0.009476611
-0.004783126
-0.0005805711
0.00321311
0.006673534
0.0098306
0.0125186
0.01499786
0.01729979
0.01914188
0.02049469
0.02139838
0.02219815
0.02316087
0.02424644
0.02567221
0.02733359
0.02886263
0.03009499
0.03096122
0.03134429
0.03126667
0.03087821
0.03019841
0.02928429
0.02794396
0.02590007
0.02318061
0.02006305
0.01662996
0.01317015
0.01014351
0.007527198
0.005073297
0.00229895
-0.00101661
-0.004528435
-0.007975454
-0.01143496
-0.01492514
-0.01865152
-0.02265965
-0.02683701
-0.03094215
-0.03471221
-0.0381298
-0.04098359
-0.04312159
-0.04480421
-0.04641377
-0.04782814
-0.04885249
-0.04931285
-0.04887043
-0.04726483
-0.04456436
-0.04091075
-0.0362111
-0.03092921
-0.02529384
-0.01906929
-0.01207915
-0.004423139
0.003285607
0.01081778
0.01828958
0.0255787
0.03251622
0.03918193
0.04554968
0.05152832
0.05678233
0.06104939
0.06439203
0.06679544
0.06841743
0.06941136
0.06952497
0.06807535
0.06553604
0.06262106
0.05968294
0.05659432
0.05316903
0.04973121
0.04646762
0.04324112
0.040336
0.03807261
0.03622698
0.03437296
0.03255757
0.03090114
0.02939751
0.02810164
0.02680593
0.02539926
0.02390403
0.0224168
0.02094399
0.0194506
0.01806967
0.01676961
0.01508809
0.01300459
0.01056405
0.007458907
0.004003
0.0001952372
-0.004043429
-0.008823531
-0.01366887
-0.01834826
-0.02286247
-0.02729999
-0.03136568
-0.03448016
-0.03695615
-0.03881367
-0.03968061
-0.03974207
-0.03919197
-0.03790746
-0.03563773
-0.03256082
-0.02897663
-0.02491186
-0.02060767
-0.01638406
-0.01198188
-0.007115856
-0.001883865
0.003213168
0.007940755
0.01236633
0.01636315
0.01982693
0.02280573
0.02534005
0.02726721
0.02883171
0.03022729
0.03124575
0.03152291
0.03120735
0.03095793
0.03069336
0.02988124
0.02823899
0.02567936
0.0225142
0.01891784
0.01518865
0.01138918
0.007180205
0.002748464
-0.001518572
-0.00559827
-0.009427159
-0.01292856
-0.01625962
-0.01946376
-0.02239551
-0.02496784
-0.02718046
-0.02922791
-0.03119322
-0.03287266
-0.03417054
-0.03520367
-0.03601763
-0.03663009
-0.03689233
-0.03655881
-0.03569747
-0.03463522
-0.03330731
-0.03151884
-0.02929895
-0.02691405
-0.02469619
-0.02269977
-0.02075321
-0.0189994
-0.01787872
-0.01710326
-0.01624776
-0.01528613
-0.01474426
-0.01491654
-0.01578564
-0.01714078
-0.01881229
-0.02051336
-0.02244073
-0.0247078
-0.02711831
-0.02931302
-0.03113522
-0.03272975
-0.03449864
-0.03663663
-0.03895114
-0.04083712
-0.04233167
-0.04355208
-0.0445744
-0.04549785
-0.04628187
-0.04688787
-0.0473739
-0.04743694
-0.04693797
-0.04594443
-0.04458486
-0.04297145
-0.04104561
-0.03858086
-0.0353817
-0.03166499
-0.02783975
-0.02423292
-0.02068723
-0.016869
-0.01249232
-0.007680284
-0.002658428
0.002136909
0.006652245
0.01124255
0.01594921
0.02066299
0.02516786
0.02935275
0.03330083
0.03692438
0.04003514
0.04276314
0.04502416
0.04659957
0.04746806
0.04773017
0.04752951
0.04692345
0.04606414
0.0451812
0.04417882
0.04272245
0.04050006
0.03753117
0.03423154
0.03109209
0.02806367
0.02493533
0.02174429
0.01870849
0.01559352
0.01227642
0.009134198
0.006337341
0.003660559
0.0009707714
-0.001752089
-0.004469986
-0.007035808
-0.008997448
-0.01044636
-0.01168854
-0.01281711
-0.01381902
-0.0145961
-0.01489058
-0.01482423
-0.01447046
-0.01400496
-0.01342355
-0.01270964
-0.01193824
-0.0109618
-0.009572608
-0.007992243
-0.006298137
-0.004456593
-0.002533535
-0.0005963628
0.001342475
0.003311042
0.005188457
0.007032752
0.008918827
0.01085503
0.01262391
0.01421647
0.01561086
0.01668649
0.01742114
0.01779247
0.01777095
0.01744322
0.01686518
0.01596276
0.01473447
0.01346813
0.01241976
0.0115752
0.01083904
0.01026952
0.009943637
0.009865624
0.01016267
0.01065718
0.01126084
0.01187864
0.01258885
0.0131695
0.01335331
0.01306108
0.01239818
0.01154956
0.01036351
0.008512955
0.006130951
0.003559322
0.001178943
-0.0006644737
-0.002373289
-0.004234183
-0.006400665
-0.008918902
-0.01181714
-0.01465705
-0.01752277
-0.02056024
-0.02393524
-0.02752472
-0.03128894
-0.03492811
-0.03828432
-0.04119414
-0.04378811
-0.04601746
-0.04783282
-0.04928083
-0.05030287
-0.05093242
-0.05115176
-0.0509169
-0.05018973
-0.04924744
-0.04842521
-0.0477674
-0.04708173
-0.04627794
-0.04529497
-0.04385314
-0.04199704
-0.0399773
-0.03806763
-0.03612022
-0.03396487
-0.03177655
-0.02941931
-0.02680528
-0.02388732
-0.02086722
-0.0178833
-0.01492151
-0.01187224
-0.008678483
-0.005579875
-0.002874241
-0.0007484026
0.0009764304
0.002458405
0.003744829
0.004910352
0.006093069
0.007029683
0.007568802
0.007784706
0.007947131
0.008367398
0.009297724
0.01053953
0.01193595
0.01336237
0.01495588
0.01684764
0.01899172
0.02129477
0.02376399
0.02632079
0.02890137
0.03141165
0.03376706
0.03582907
0.0377326
0.03934153
0.04061867
0.0415943
0.04262092
0.0434898
0.04398789
0.04397054
0.04346358
0.04251475
0.04112616
0.03935499
0.03717055
0.03475313
0.03215566
0.02950611
0.0269978
0.02459155
0.02204288
0.01952986
0.01732913
0.01541369
0.01379833
0.01251722
0.01150251
0.01041548
0.009284095
0.008550152
0.008419991
0.008736485
0.0091596
0.009365978
0.009315637
0.008890771
0.008316645
0.007637357
0.007029693
0.006619804
0.006417193
0.006243507
0.005848979
0.005392352
0.005319317
0.005696012
0.006018888
0.005965115
0.00566124
0.005184221
0.004625334
0.004326084
0.004401268
0.004523044
0.004207671
0.003325884
0.002263082
0.001540529
0.001082383
0.0006540615
0.000245906
-0.0001168053
-0.0003096843
-0.0003783521
-0.000604764
-0.001114245
-0.001768045
-0.002303866
-0.002588626
-0.002675434
-0.003022825
-0.003537571
-0.003977257
-0.004315791
-0.00459337
-0.004933829
-0.005484452
-0.00616602
-0.006908774
-0.007424535
-0.007889994
-0.008758819
-0.009935915
-0.0112357
-0.01231891
-0.01324211
-0.01381531
-0.01409988
-0.01457645
-0.01540358
-0.01620035
-0.01665391
-0.01688802
-0.01707422
-0.01757062
-0.01836705
-0.01910289
-0.01968705
-0.02037913
-0.02115354
-0.02181076
-0.02230928
-0.02287286
-0.02367897
-0.02484681
-0.02616083
-0.02730496
-0.0280524
-0.02844327
-0.02864995
-0.02912844
-0.02990368
-0.03066665
-0.031019
-0.03076777
-0.03002774
-0.02921946
-0.02859837
-0.02809541
-0.02733108
-0.02595775
-0.02436812
-0.02297459
-0.02170659
-0.02035745
-0.01899829
-0.0179174
-0.01723119
-0.01644541
-0.01527416
-0.013631
-0.01194982
-0.01077127
-0.01000177
-0.009318329
-0.008409937
-0.007299412
-0.006108294
-0.004877932
-0.003640354
-0.002242665
-0.0005289797
0.001432486
0.003590623
0.005983686
0.008407814
0.01078123
0.01332474
0.01609973
0.01900958
0.02188587
0.0249015
0.02790008
0.03053989
0.03260235
0.03404221
0.03499722
0.03577266
0.03646691
0.03694516
0.03714025
0.03690022
0.03612201
0.03487119
0.03331797
0.03160219
0.02957127
0.02717278
0.02431452
0.02117453
0.01799075
0.01489931
0.01195102
0.009212877
0.006587519
0.003968109
0.001422096
-0.001231777
-0.004023789
-0.006601122
-0.008868475
-0.01089985
-0.01258407
-0.01396548
-0.01513555
-0.01613835
-0.01710677
-0.01797058
-0.01861609
-0.01896196
-0.01893847
-0.01866117
-0.01821495
-0.01753434
-0.01640041
-0.01476201
-0.01261825
-0.01030737
-0.008080859
-0.005789071
-0.003324034
-0.0008100684
0.001712381
0.00415208
0.006426242
0.008458349
0.01023535
0.01180877
0.01327323
0.01486284
0.01668765
0.01857079
0.02030242
0.02166753
0.02275288
0.02381423
0.02481348
0.02571073
0.02642494
0.02697057
0.02745442
0.02795223
0.02852047
0.0291532
0.02981025
0.0303357
0.03073201
0.03095177
0.03093084
0.03102711
0.03159761
0.03266913
0.03377124
0.03466502
0.03529985
0.03569848
0.03600132
0.03623761
0.03643617
0.03645132
0.03642965
0.03632677
0.03587626
0.03502997
0.03400867
0.0328439
0.03149242
0.02998983
0.02823933
0.02651441
0.02483515
0.02310694
0.02132335
0.01913665
0.01664276
0.01402357
0.01139213
0.008919566
0.006629304
0.004395324
0.002143523
8.150236e-05
-0.001811104
-0.003618431
-0.005266988
-0.006732428
-0.007833398
-0.00850114
-0.008825234
-0.008971446
-0.008961029
-0.00870864
-0.008414247
-0.008309651
-0.008143105
-0.00771534
-0.007052231
-0.006234287
-0.005385458
-0.004524257
-0.003735995
-0.00292301
-0.001962677
-0.0009295979
0.0001136561
0.001139846
0.002273335
0.003232373
0.003962916
0.004598214
0.005357221
0.006387387
0.007564454
0.008486753
0.008996827
0.009128089
0.009048727
0.008823346
0.00829438
0.007446668
0.006491583
0.005397456
0.004372869
0.00344292
0.002467747
0.00152679
0.0006378517
-0.0004268107
-0.001754625
-0.003276846
-0.004940768
-0.006603303
-0.008334891
-0.01037506
-0.01272357
-0.01512256
-0.01745944
-0.01960676
-0.02180908
-0.02422882
-0.02664624
-0.02901416
-0.03116552
-0.03312144
-0.03513163
-0.03718847
-0.03900923
-0.0404712
-0.04165467
-0.04260504
-0.0431142
-0.04296087
-0.04228949
-0.04140332
-0.04060822
-0.04000847
-0.03924352
-0.03799452
-0.03639553
-0.03447166
-0.03222444
-0.02979548
-0.02732133
-0.02476439
-0.02207798
-0.0192726
-0.01633279
-0.01326627
-0.01002753
-0.007138175
-0.004992597
-0.00343619
-0.001916398
-0.0003217256
0.001103647
0.002173713
0.002995786
0.0037444
0.004560944
0.00549258
0.006553058
0.007669633
0.008688939
0.009575119
0.01049474
0.01146876
0.01249009
0.01361743
0.01477277
0.01575589
0.01650399
0.01690734
0.01713223
0.01726897
0.01723099
0.01692929
0.01648265
0.01591883
0.01524962
0.01439517
0.01341488
0.0123635
0.01108182
0.00936873
0.007546707
0.00564338
0.003810537
0.002235846
0.0008970768
-0.000442966
-0.00169589
-0.00299454
-0.004746148
-0.006844571
-0.008727248
-0.01007341
-0.0110416
-0.01186689
-0.01266631
-0.01344832
-0.01420894
-0.01483907
-0.01526752
-0.01571065
-0.01633711
-0.0171698
-0.01811354
-0.01905651
-0.01982218
-0.02049821
-0.02119867
-0.02187627
-0.02247906
-0.02302896
-0.02343874
-0.02360774
-0.0235679
-0.0234376
-0.02318975
-0.02289205
-0.02247438
-0.02182229
-0.02090591
-0.0197034
-0.01806444
-0.01604894
-0.01409757
-0.01229463
-0.01044124
-0.008414746
-0.006099885
-0.003548552
-0.0008319805
0.00202497
0.004873106
0.007510539
0.009898008
0.0122239
0.01471376
0.01739525
0.01978922
0.02159085
0.02290981
0.02394691
0.024768
0.02538631
0.02579211
0.02604679
0.02608883
0.02599137
0.02596913
0.02604171
0.02606733
0.02585985
0.02537786
0.02459957
0.02356866
0.02258927
0.02182649
0.02121047
0.02070673
0.02008538
0.01938009
0.01874191
0.01794857
0.01710523
0.01629878
0.01538395
0.0144528
0.01347398
0.01261282
0.01167811
0.01034724
0.008719417
0.006945962
0.005219679
0.003616993
0.001996036
0.0002622527
-0.001498831
-0.003050775
-0.0044151
-0.005637941
-0.006684061
-0.007707192
-0.008750002
-0.00981195
-0.01079391
-0.01176422
-0.01294757
-0.01447899
-0.01617965
-0.01778284
-0.01920453
-0.02063297
-0.02221399
-0.02388239
-0.0256099
-0.02738514
-0.02908167
-0.03062699
-0.0318633
-0.03288264
-0.0339514
-0.0352197
-0.03656973
-0.03791622
-0.039264
-0.04062092
-0.04208456
-0.04346146
-0.04445548
-0.04514765
-0.04552921
-0.04562303
-0.04531993
-0.04474117
-0.04399139
-0.04297709
-0.04166259
-0.03996212
-0.0376868
-0.0349453
-0.03210079
-0.02921562
-0.02629468
-0.0232743
-0.02022572
-0.01660484
-0.01232655
-0.007671505
-0.00297403
0.001347377
0.005311168
0.009107023
0.01270054
0.01596406
0.01895842
0.02171937
0.02416999
0.02618047
0.02790986
0.02920735
0.02998596
0.03034703
0.03036809
0.03022744
0.03001757
0.02972698
0.02930416
0.02846768
0.02735564
0.02643403
0.02581817
0.02517524
0.02404954
0.0221963
0.01980546
0.01753587
0.01569346
0.01414627
0.01272365
0.01133065
0.009752305
0.007899889
0.006020333
0.004123539
0.0020663
-2.412503e-05
-0.002012717
-0.003903506
-0.005907372
-0.008142247
-0.01065397
-0.0134376
-0.016057
-0.01830615
-0.02042156
-0.02265417
-0.02488217
-0.026825
-0.02834577
-0.02960612
-0.03080907
-0.03206149
-0.03317106
-0.03387953
-0.03419214
-0.03435289
-0.03422474
-0.03376603
-0.03312486
-0.03225899
-0.03114898
-0.02987033
-0.02848262
-0.0270177
-0.0253849
-0.02357148
-0.02154258
-0.01918191
-0.01649416
-0.01380001
-0.01139541
-0.00939798
-0.007446849
-0.005023257
-0.001954506
0.00124879
0.003963923
0.005928961
0.00738598
0.009060594
0.01123666
0.01374135
0.01617904
0.01832798
0.02020314
0.021892
0.02344452
0.02474147
0.02571953
0.0265726
0.02764304
0.02907077
0.03070989
0.03226062
0.03343124
0.034249
0.03510791
0.03653821
0.03840249
0.04014146
0.04133169
0.04185942
0.0418088
0.04128409
0.04047506
0.03943869
0.03814171
0.03669854
0.03508058
0.03301464
0.03065219
0.02818771
0.02574878
0.02350507
0.02131199
0.01912602
0.01696775
0.01486926
0.01275594
0.01080116
0.009299086
0.007717092
0.005791802
0.003718441
0.001991889
0.0009471492
0.0004960526
0.0005883495
0.001019381
0.001624476
0.002263887
0.002916608
0.003562644
0.004358635
0.00545893
0.006689801
0.007966015
0.00934624
0.01085397
0.01211899
0.01297536
0.01333436
0.01344075
0.01350367
0.01361443
0.01380376
0.01386667
0.0135472
0.01277197
0.01174875
0.01057916
0.00924422
0.007850003
0.006559904
0.005406391
0.004244722
0.002931794
0.001584854
0.0004192939
-0.0005131679
-0.001390269
-0.002126533
-0.002749696
-0.003167392
-0.003467225
-0.003827387
-0.004512369
-0.005561708
-0.006717544
-0.007829651
-0.008989383
-0.01007236
-0.0110031
-0.01180237
-0.01256685
-0.01319843
-0.01379504
-0.01442503
-0.0150748
-0.01567827
-0.01630711
-0.01672029
-0.01681774
-0.01665713
-0.01623375
-0.0153793
-0.01414012
-0.01317161
-0.01265608
-0.01236206
-0.01201779
-0.01133389
-0.01019422
-0.008952402
-0.008208455
-0.007707466
-0.006774413
-0.005201668
-0.003169266
-0.001099076
0.0005098393
0.001493824
0.00210737
0.002856658
0.003773681
0.004749885
0.005625098
0.006346316
0.007058401
0.007799512
0.008382791
0.00877676
0.009062443
0.009411625
0.009830349
0.01042273
0.0110205
0.0112955
0.01135177
0.01142179
0.01166811
0.0120328
0.01247465
0.01284321
0.01282868
0.01241972
0.01201587
0.01195116
0.0122236
0.01272739
0.013294
0.01368478
0.0137859
0.01355249
0.01307063
0.01267014
0.01248897
0.01241187
0.0122338
0.01171929
0.010889
0.009834301
0.008778532
0.007773006
0.006647284
0.005304458
0.003700155
0.0019579
0.0002876805
-0.00133518
-0.002760036
-0.004014658
-0.005326709
-0.006524049
-0.007434251
-0.008104208
-0.008570567
-0.009117787
-0.00987514
-0.01089956
-0.0118547
-0.01258035
-0.01291593
-0.01285157
-0.01251892
-0.0119448
-0.01120897
-0.01023091
-0.009022357
-0.007780738
-0.006568485
-0.00519816
-0.003749816
-0.002112875
-0.0003894354
0.0009404339
0.001747471
0.002294435
0.00299613
0.003860616
0.004836313
0.005825752
0.006499615
0.006831048
0.007070301
0.007534971
0.008060955
0.008493389
0.008871621
0.009208384
0.009339312
0.009377576
0.009182381
0.00862909
0.007668764
0.006573712
0.005683802
0.005117254
0.004751151
0.00448104
0.004060426
0.003295954
0.002312854
0.001042069
-0.0002621251
-0.001500112
-0.00265614
-0.003897062
-0.005202453
-0.006495387
-0.007658783
-0.008832846
-0.009928265
-0.01071333
-0.01123048
-0.01169947
-0.01215269
-0.01240058
-0.01211185
-0.01104729
-0.009382023
-0.007493811
-0.005808131
-0.00451577
-0.003293544
-0.001619753
0.0005980974
0.003235716
0.005919234
0.008346567
0.0106884
0.01306364
0.01559688
0.01834803
0.02100989
0.02323396
0.02492281
0.02633095
0.02755723
0.02869369
0.02965292
0.03047986
0.03122174
0.03181988
0.03222347
0.03236784
0.03214097
0.03167943
0.03103195
0.03027157
0.02945759
0.02864873
0.02785488
0.02696738
0.02590241
0.02448267
0.0230214
0.02194036
0.02118171
0.02032188
0.01923307
0.0180304
0.01686968
0.0158239
0.01490107
0.01391551
0.01308387
0.01266231
0.01254712
0.0126011
0.01289977
0.01329823
0.01366268
0.01399941
0.01430424
0.01452949
0.01481676
0.01522983
0.01565441
0.01580323
0.01567485
0.01541937
0.01494941
0.01427911
0.01360789
0.0127916
0.01170773
0.0104633
0.009129851
0.00772876
0.006447757
0.005277098
0.004063347
0.002701948
0.0009714028
-0.00107452
-0.003052195
-0.004365135
-0.004984859
-0.005288283
-0.005653691
-0.006216681
-0.006902159
-0.00751406
-0.00779472
-0.007721278
-0.007506168
-0.007266691
-0.007137574
-0.006990758
-0.006801969
-0.006561827
-0.00617593
-0.005965104
-0.005951085
-0.005982643
-0.005946869
-0.005847522
-0.005829834
-0.005715598
-0.005317512
-0.004695294
-0.004247662
-0.004377399
-0.004896317
-0.005429972
-0.005649172
-0.005452084
-0.005001053
-0.004546532
-0.004354431
-0.004481887
-0.004833432
-0.005205078
-0.005485529
-0.00567391
-0.005973761
-0.006516359
-0.007281254
-0.008126228
-0.008928964
-0.009575035
-0.01007666
-0.01058533
-0.01112786
-0.01168975
-0.01221676
-0.01272481
-0.01317208
-0.01348549
-0.01382911
-0.01431042
-0.01495509
-0.01566447
-0.01632794
-0.01693672
-0.01752847
-0.01810345
-0.01856925
-0.01900332
-0.01934729
-0.01946995
-0.01939118
-0.01915083
-0.01897095
-0.0188001
-0.01855093
-0.01819804
-0.01772366
-0.01711035
-0.01644415
-0.01591984
-0.0155292
-0.01488893
-0.01399648
-0.01298615
-0.01202355
-0.01126312
-0.01072109
-0.01027614
-0.01000327
-0.009950378
-0.01007109
-0.01038826
-0.01087981
-0.01143554
-0.01206133
-0.01282253
-0.01340646
-0.0136899
-0.01390108
-0.01429965
-0.01477771
-0.015168
-0.01547342
-0.01544507
-0.01506645
-0.0144538
-0.01365014
-0.01260688
-0.01141523
-0.01015965
-0.00885669
-0.007352735
-0.005794267
-0.004280188
-0.002793235
-0.001324559
0.0001289211
0.001609853
0.003118156
0.004445917
0.005766709
0.007256385
0.008689945
0.01000605
0.01138121
0.01251745
0.01335271
0.01410804
0.01462562
0.01480196
0.01451823
0.01384312
0.01303808
0.01218803
0.01133165
0.01049873
0.009538743
0.008470053
0.007473172
0.006550272
0.00558204
0.00438885
0.003202117
0.002275746
0.001808853
0.001565668
0.00128764
0.000901224
0.0004997947
8.981795e-05
-0.0004167626
-0.000897602
-0.001022564
-0.0006578863
-4.342973e-05
0.0006424018
0.001252785
0.001579942
0.001696153
0.001746613
0.001746672
0.001842171
0.002215369
0.002675333
0.003020094
0.003238092
0.00366147
0.004353371
0.005227773
0.006244924
0.007253456
0.008159276
0.009097079
0.01017902
0.01141638
0.01269461
0.01424234
0.01584006
0.01738405
0.01891588
0.02042502
0.0218585
0.02309035
0.02406861
0.02493315
0.0257169
0.02634363
0.02666628
0.02674628
0.02667547
0.02660492
0.02668405
0.02676234
0.02652095
0.02594987
0.02498543
0.02380982
0.0223582
0.02077086
0.01926762
0.01774128
0.01599035
0.01372707
0.01121402
0.009051639
0.007464228
0.006289486
0.004900698
0.003108055
0.001199616
-0.0005714618
-0.002202945
-0.003818739
-0.005290091
-0.006654885
-0.008068069
-0.009462404
-0.01078633
-0.012013
-0.01320105
-0.0141995
-0.01499149
-0.0158179
-0.01676158
-0.01764133
-0.01832609
-0.01866347
-0.01846858
-0.01789221
-0.01747953
-0.01764305
-0.0182326
-0.01850851
-0.01836481
-0.01790363
-0.0172867
-0.01660196
-0.0157761
-0.01492606
-0.01418419
-0.01355882
-0.01296557
-0.0124087
-0.01177054
-0.01108648
-0.01041586
-0.009844405
-0.00926118
-0.008683042
-0.008238793
-0.007964576
-0.007776491
-0.007468334
-0.007085283
-0.006748864
-0.006573497
-0.006676815
-0.006952714
-0.007310857
-0.007582472
-0.007781008
-0.007968044
-0.008242746
-0.008446169
-0.008547088
-0.008525244
-0.008410728
-0.008312342
-0.008213683
-0.008135451
-0.007999355
-0.007748172
-0.007484714
-0.007231143
-0.006926547
-0.00658693
-0.006310595
-0.005997348
-0.005552664
-0.005055494
-0.004596643
-0.004228272
-0.003761486
-0.003261345
-0.002758447
-0.002303162
-0.001899267
-0.001552313
-0.001455621
-0.001587198
-0.001774103
-0.001998894
-0.002309338
-0.002818766
-0.003596443
-0.004501481
-0.005274268
-0.005845383
-0.006423999
-0.006896775
-0.007420202
-0.008017989
-0.008834098
-0.009892348
-0.01071489
-0.01088904
-0.01036762
-0.00963191
-0.009045075
-0.008562869
-0.007983107
-0.007397189
-0.006763725
-0.00580378
-0.004480968
-0.003019463
-0.001484198
6.681366e-06
0.001242742
0.002433654
0.003682291
0.004824081
0.005844281
0.006815851
0.007726264
0.008561216
0.009480269
0.01061998
0.01190102
0.01298221
0.01373744
0.01402602
0.01409116
0.01436352
0.0148576
0.01530702
0.01550869
0.01547309
0.01530097
0.01495051
0.01446257
0.01380088
0.01306465
0.01221585
0.01117561
0.00995711
0.0086615
0.007309291
0.005712916
0.003885973
0.002050143
0.0001885084
-0.001774541
-0.003722865
-0.005576996
-0.007397293
-0.009190808
-0.01105553
-0.01279168
-0.01411081
-0.01508381
-0.01597224
-0.01670907
-0.01723082
-0.01753279
-0.01753291
-0.01727142
-0.01684357
-0.01621016
-0.01551936
-0.0147223
-0.0139595
-0.01335633
-0.01278051
-0.01207809
-0.01111397
-0.01010995
-0.009048768
-0.008010379
-0.007104634
-0.006350685
-0.005602293
-0.004642438
-0.003608512
-0.00240349
-0.001165496
-4.057306e-05
0.0009436028
0.001818091
0.002585284
0.003483307
0.004546419
0.005651921
0.006605778
0.007406253
0.008242844
0.009037159
0.009676721
0.01027539
0.01081121
0.01114155
0.01107953
0.01077092
0.01040067
0.01037701
0.01089568
0.01165335
0.01214656
0.01219946
0.01193451
0.01151083
0.01114081
0.01082039
0.01039482
0.009953886
0.009660686
0.009530494
0.009438624
0.00917843
0.008765764
0.008317684
0.007907153
0.007377011
0.006747458
0.006166321
0.005684852
0.005266207
0.004969601
0.004429548
0.003462898
0.002082081
0.0004806442
-0.0009398272
-0.00181503
-0.002410606
-0.003072834
-0.003956951
-0.00505813
-0.006262855
-0.007497087
-0.008578827
-0.00939321
-0.01001815
-0.01066149
-0.01134022
-0.01192611
-0.01245375
-0.01305181
-0.01329722
-0.01332027
-0.01328208
-0.01316309
-0.01305054
-0.01293937
-0.01276741
-0.0125226
-0.01217868
-0.01197229
-0.01205942
-0.01212375
-0.012183
-0.0123626
-0.01275609
-0.0132117
-0.01362933
-0.01400638
-0.01445754
-0.01497762
-0.01566971
-0.01658015
-0.01743575
-0.01829582
-0.01911228
-0.01982702
-0.02052595
-0.02114314
-0.02174634
-0.0222003
-0.02229509
-0.02211374
-0.02180818
-0.02143094
-0.02107752
-0.02067908
-0.01999855
-0.01900234
-0.0178835
-0.01710135
-0.01638263
-0.01539727
-0.0140109
-0.01238365
-0.01067536
-0.008856221
-0.006900829
-0.004988084
-0.003178957
-0.00140297
0.0003307809
0.002078756
0.003874826
0.005478691
0.006718975
0.007965649
0.009585598
0.01151061
0.01342074
0.01495249
0.01614132
0.01712519
0.01809398
0.01900219
0.01985397
0.02062129
0.02130536
0.02190132
0.02250379
0.02315364
0.02375797
0.02412615
0.0242664
0.0241869
0.02386786
0.02338489
0.02298434
0.02273785
0.02246083
0.02225708
0.02218309
0.02175659
0.02063201
0.01898304
0.01735902
0.01602778
0.01504597
0.01412669
0.01299314
0.01167191
0.01023225
0.008946739
0.007952049
0.007345128
0.007035087
0.006618729
0.005931944
0.005163483
0.004462231
0.00393313
0.003616285
0.00334411
0.003058455
0.002627604
0.002332395
0.002061951
0.001661274
0.001303864
0.001082385
0.0007964393
0.0003740241
-0.0001216935
-0.0005729871
-0.001138087
-0.001661954
-0.001876904
-0.002077985
-0.002531836
-0.003035709
-0.00335788
-0.003405588
-0.003194076
-0.00282453
-0.002438685
-0.002052411
-0.001733245
-0.001297219
-0.0007207177
-0.0001936011
0.0001223799
0.0002666834
0.0004808876
0.0008942556
0.001394047
0.001898192
0.002441631
0.00293408
0.003218712
0.003374982
0.003544307
0.003661801
0.003632337
0.003610398
0.003715481
0.00412008
0.004807908
0.00553856
0.006259939
0.006951019
0.007493957
0.007905646
0.008344689
0.008960852
0.009567365
0.009791278
0.009792435
0.00984602
0.01022139
0.01079301
0.01123855
0.01135781
0.01108326
0.01067732
0.01039861
0.01016257
0.009952321
0.009789023
0.009504234
0.009157136
0.008907403
0.008454494
0.007699524
0.006840631
0.006122872
0.005692489
0.005607403
0.005566607
0.005400219
0.005187225
0.00501942
0.004795631
0.004440246
0.003730014
0.002549105
0.00113357
-0.0002989055
-0.001179263
-0.001637826
-0.002215357
-0.00303528
-0.004040893
-0.005267784
-0.006578575
-0.007726663
-0.008832781
-0.009933327
-0.01092296
-0.01211201
-0.01364634
-0.0149903
-0.01614029
-0.0173627
-0.01859809
-0.0200663
-0.02179138
-0.02341647
-0.02466245
-0.02546668
-0.02605078
-0.02668209
-0.0275673
-0.02837971
-0.0289555
-0.02917944
-0.02932395
-0.02940647
-0.02940734
-0.02923016
-0.02882093
-0.02809664
-0.02695096
-0.02556541
-0.02419048
-0.0229169
-0.02170342
-0.02047407
-0.01898397
-0.01745292
-0.01602361
-0.01442989
-0.01264313
-0.01073017
-0.008883713
-0.007176786
-0.00559322
-0.00406989
-0.002446539
-0.0007142698
0.001027603
0.002684939
0.004100973
0.005183146
0.006139856
0.007258988
0.008289467
0.009604071
0.01086146
0.01162763
0.01203196
0.01240841
0.01286593
0.01348339
0.0140664
0.01415269
0.01377217
0.01326827
0.01313275
0.01339095
0.01347151
0.01323687
0.0127313
0.01208723
0.01154977
0.01115226
0.01077546
0.01027417
0.009775433
0.009076295
0.008285702
0.007592582
0.007200742
0.006992329
0.006853315
0.006570106
0.006036945
0.005247647
0.004329837
0.003449869
0.002720193
0.002100998
0.001259108
-0.0001922128
-0.002195765
-0.004329768
-0.006236839
-0.007926596
-0.009538141
-0.01128471
-0.01305727
-0.01481986
-0.01642029
-0.01785111
-0.0190113
-0.01990604
-0.02075326
-0.02170029
-0.02260777
-0.0232047
-0.02357019
-0.02375463
-0.02398939
-0.02411102
-0.02394948
-0.02369342
-0.02343335
-0.02307949
-0.02255448
-0.02181251
-0.02101676
-0.02016198
-0.01921228
-0.01808219
-0.01687642
-0.0156645
-0.01443083
-0.01319465
-0.01183615
-0.01037671
-0.008947306
-0.007705141
-0.006440438
-0.004880953
-0.002981152
-0.0009274068
0.001027105
0.00286009
0.00453347
0.006179095
0.007896522
0.009584271
0.01110229
0.01245496
0.01356626
0.01439019
0.01508696
0.01581725
0.01652053
0.01690629
0.01719141
0.01751366
0.01775474
0.01791002
0.01795907
0.01784891
0.01768984
0.01747626
0.01707787
0.01646174
0.01579985
0.0150678
0.01437658
0.01361748
0.01275825
0.01167721
0.01037674
0.00914654
0.008211836
0.007722501
0.007323207
0.006645203
0.005627783
0.004340073
0.003055918
0.001991897
0.001038337
3.352752e-05
-0.001058562
-0.002216782
-0.00331607
-0.004151459
-0.004699608
-0.005116355
-0.005455399
-0.005588069
-0.005436984
-0.005256389
-0.005152662
-0.004963453
-0.004484183
-0.003584825
-0.002483345
-0.001496345
-0.0009029415
-0.000522619
-5.23067e-05
0.0008026404
0.001985907
0.00311483
0.004230753
0.005476438
0.006832772
0.008265357
0.009637354
0.01079566
0.01164068
0.01217024
0.0125911
0.01323455
0.01414744
0.01501002
0.0156817
0.01616816
0.01642072
0.01644227
0.01637757
0.01628186
0.01624858
0.01630478
0.01644569
0.01643
0.01605088
0.01543227
0.01492747
0.01464341
0.01441924
0.01410354
0.01371284
0.01320642
0.0126366
0.01195517
0.01109774
0.01014022
0.009106944
0.00801657
0.006775535
0.005286014
0.003598299
0.002026293
0.0004859413
-0.001023076
-0.002566286
-0.004328413
-0.006332303
-0.008395933
-0.01033194
-0.01232808
-0.01435673
-0.0164436
-0.01846211
-0.0202297
-0.02188302
-0.02369073
-0.02550796
-0.02713831
-0.02852159
-0.02973839
-0.03079652
-0.03173483
-0.03257087
-0.03328707
-0.03385172
-0.03404941
-0.03416462
-0.03448421
-0.03481999
-0.03489281
-0.03452301
-0.03381284
-0.03284234
-0.03172466
-0.03070387
-0.02988174
-0.02919164
-0.02836722
-0.02733638
-0.02632565
-0.02548075
-0.02463382
-0.02385352
-0.02289047
-0.02173274
-0.02056369
-0.01950092
-0.01855164
-0.01784839
-0.01720449
-0.01647662
-0.01539636
-0.01405309
-0.01258565
-0.01108622
-0.009786729
-0.008941135
-0.008509976
-0.008172484
-0.007657909
-0.006923337
-0.00597469
-0.004996675
-0.004135095
-0.003403535
-0.003023958
-0.002956526
-0.002723976
-0.002048198
-0.001355415
-0.0009614637
-0.0007841605
-0.0007074754
-0.0006156412
-0.0003135123
7.78883e-05
0.0002311995
0.0003011992
0.0004960956
0.0009834717
0.001600534
0.002045449
0.002343697
0.002547731
0.002803496
0.003185887
0.003705599
0.004189458
0.004551411
0.004952464
0.005556746
0.006417421
0.007309176
0.008024954
0.008681405
0.00941178
0.01018253
0.01101218
0.01191626
0.01292566
0.01379941
0.0145187
0.015358
0.01615826
0.01691169
0.01774004
0.01872785
0.01968988
0.02058829
0.02145114
0.02226772
0.02307547
0.02376713
0.02430719
0.02473282
0.02485911
0.02474168
0.02448046
0.02416386
0.02365231
0.02303476
0.02235098
0.02161294
0.020879
0.02024768
0.01958562
0.01887537
0.01803096
0.01701619
0.01605866
0.01543261
0.01533043
0.01530109
0.01496093
0.01452675
0.01436929
0.01427481
0.0140099
0.01360871
0.01306273
0.01256846
0.01226179
0.01204881
0.01186044
0.0115585
0.01112471
0.01068476
0.01043469
0.01046765
0.01054247
0.01040378
0.0100331
0.009631893
0.009416297
0.009281495
0.009009333
0.008312555
0.007175144
0.006032445
0.005300123
0.004735941
0.004390088
0.004310091
0.004245853
0.003989774
0.003864835
0.003730902
0.003462467
0.003339981
0.003446178
0.003743575
0.004115499
0.004386693
0.004460829
0.004422263
0.00444006
0.004562307
0.004639123
0.004523695
0.004221155
0.003845968
0.003494963
0.003158284
0.002663939
0.001960005
0.001118566
0.0001000659
-0.0009141705
-0.001837148
-0.002713845
-0.003621681
-0.004546156
-0.005306914
-0.005976692
-0.006758139
-0.007782474
-0.008942638
-0.009948656
-0.01070483
-0.0111506
-0.01142485
-0.01165169
-0.01186398
-0.0120232
-0.01237539
-0.0126791
-0.01276343
-0.0127526
-0.01292159
-0.01311473
-0.01322644
-0.01328671
-0.01329142
-0.01311845
-0.01286734
-0.01277097
-0.01286081
-0.01302108
-0.0131248
-0.01322799
-0.01317824
-0.01305516
-0.01309135
-0.01324866
-0.01341975
-0.01348189
-0.01353231
-0.01356751
-0.01375822
-0.01400614
-0.0141585
-0.01400613
-0.01366822
-0.01325772
-0.01291589
-0.01268771
-0.0126016
-0.0124553
-0.0121964
-0.01193412
-0.01182891
-0.01184118
-0.0118985
-0.01192405
-0.01190203
-0.01168836
-0.01139784
-0.01114791
-0.01106034
-0.01117551
-0.0114755
-0.01190966
-0.01206645
-0.01170237
-0.01112261
-0.01080559
-0.01110857
-0.01191342
-0.01275935
-0.0132943
-0.01336557
-0.01312677
-0.0128883
-0.01278092
-0.01284051
-0.01289314
-0.01286248
-0.01268927
-0.01238026
-0.01208996
-0.01188234
-0.01160429
-0.01103232
-0.01030944
-0.009692313
-0.009044184
-0.008266909
-0.007363455
-0.006283227
-0.005217617
-0.004206087
-0.003142976
-0.0018707
-0.0005056829
0.0006704926
0.001680397
0.002688438
0.003834811
0.004947899
0.005937858
0.006762181
0.007394415
0.007914692
0.008509245
0.009128885
0.009514842
0.00987673
0.01021319
0.01037108
0.01034515
0.01019231
0.009903294
0.009358343
0.008634259
0.007962476
0.007216267
0.006394649
0.005697034
0.005026888
0.004365333
0.003690002
0.002918278
0.001968539
0.0009579587
-3.235943e-05
-0.00080294
-0.001444575
-0.00191571
-0.002192893
-0.002525147
-0.002951365
-0.003298364
-0.003598727
-0.003781874
-0.003769635
-0.003731233
-0.003697547
-0.003852988
-0.004295944
-0.00485218
-0.005162976
-0.004905525
-0.004273139
-0.003407941
-0.002484261
-0.001798768
-0.001570974
-0.001465388
-0.001208365
-0.0008209239
-0.0002465454
0.0005326884
0.001448359
0.002252921
0.002976144
0.003770525
0.004728146
0.005897909
0.007024132
0.008003716
0.008900451
0.009708473
0.01040218
0.01124159
0.01249707
0.0135604
0.01387936
0.01366117
0.01316158
0.01274042
0.01256837
0.01250601
0.01242586
0.01215949
0.01189281
0.01167656
0.01141686
0.01116173
0.01092446
0.01077539
0.01065947
0.0104365
0.009914683
0.009313972
0.008990264
0.008897283
0.008818665
0.008642747
0.008496409
0.008302927
0.008011795
0.007852716
0.007770102
0.007402933
0.00684563
0.006390198
0.006140986
0.006059337
0.006014432
0.005809589
0.005425197
0.005047538
0.004863975
0.004827754
0.004831274
0.00479735
0.004709316
0.004552968
0.004600748
0.004714417
0.004811192
0.004945913
0.005078635
0.005249889
0.005557384
0.005885331
0.00608251
0.006121178
0.006092156
0.006098201
0.006010868
0.005885174
0.005794734
0.005556818
0.005408661
0.005459769
0.005590015
0.005591344
0.005409944
0.005098934
0.004894213
0.004718809
0.004533888
0.004236314
0.004052934
0.004075109
0.004139019
0.003885404
0.003231849
0.002611928
0.002368134
0.002585578
0.003084542
0.003505436
0.003593359
0.003363171
0.003063223
0.002991678
0.003171753
0.003367268
0.003526328
0.003675803
0.00383435
0.003938643
0.004074785
0.004200069
0.004487854
0.004968419
0.005545162
0.005933094
0.00605272
0.00614019
0.006494634
0.006940444
0.00722245
0.006995811
0.00644476
0.006016759
0.005797239
0.005677544
0.005571584
0.005259221
0.004930383
0.004741638
0.004541662
0.004238221
0.003735132
0.003097745
0.002434674
0.001752593
0.0009966592
0.0002562409
-0.0004005555
-0.00106521
-0.001859601
-0.002666392
-0.00332864
-0.003765519
-0.004163358
-0.004700872
-0.005303039
-0.005925808
-0.0065164
-0.0069226
-0.007305759
-0.007594396
-0.007685897
-0.007586762
-0.007429757
-0.007227214
-0.006922715
-0.006578948
-0.006231459
-0.005740553
-0.005229769
-0.004602511
-0.003762323
-0.002738153
-0.001687579
-0.0008346654
7.616088e-06
0.0009213204
0.001905304
0.002817196
0.003427386
0.003985219
0.004857707
0.005960596
0.007030847
0.008081327
0.009094142
0.01001295
0.01076161
0.011288
0.0117449
0.01207499
0.01228626
0.01247327
0.01277473
0.01324788
0.01361549
0.01365372
0.01353408
0.01348756
0.01342865
0.01329911
0.01311764
0.01279354
0.01216195
0.01138968
0.01098053
0.01108192
0.01134293
0.01160866
0.01164523
0.0113914
0.01094891
0.01052775
0.01024015
0.009982132
0.009736011
0.00946246
0.009101534
0.008765557
0.008525724
0.008475248
0.008557607
0.008530939
0.008629025
0.008818625
0.008995861
0.009162211
0.00944911
0.009912819
0.01042405
0.01082762
0.01096903
0.01071653
0.01022212
0.009694689
0.009324961
0.008986164
0.008822828
0.008900877
0.008856948
0.008623129
0.008324707
0.00791763
0.007427253
0.006890265
0.006426299
0.006121964
0.005950939
0.005808762
0.005385901
0.00467483
0.003993389
0.003391366
0.002895115
0.002521836
0.002161226
0.001650988
0.00118655
0.000803284
0.000386259
-0.0001646099
-0.0005438398
-0.0007442937
-0.0008555641
-0.0008776896
-0.0008098275
-0.0006613935
-0.0005698028
-0.0005073072
-0.0004353103
-0.0003586178
-0.0002511137
-1.052756e-05
0.0003387749
0.0006560327
0.001019004
0.001492221
0.001981891
0.002435515
0.002710046
0.002829979
0.002915362
0.003140242
0.003442366
0.003612368
0.003656631
0.003566084
0.003327479
0.003260817
0.003360973
0.003532397
0.003552611
0.003404811
0.003207338
0.00345227
0.002975188
0.002497906
0.001969285
0.001236069
0.0005543451
-0.0001262306
-0.001089199
-0.002176315
-0.003342026
-0.004843949
-0.006208872
-0.006942138
-0.00713957
-0.007181344
-0.007266936
-0.007465076
-0.007869665
-0.008466266
-0.008975964
-0.009169111
-0.009140548
-0.009121889
-0.009125622
-0.009135309
-0.009133885
-0.009159899
-0.00912381
-0.009050997
-0.008928345
-0.008602717
-0.008221123
-0.00771643
-0.007213749
-0.006654535
-0.006052134
-0.005435653
-0.005216902
-0.005354778
-0.005562456
-0.005551792
-0.005350195
-0.005185346
-0.005192753
-0.005240085
-0.005294933
-0.005360978
-0.005306257
-0.005083111
-0.004957474
-0.005119502
-0.00562397
-0.006116584
-0.006549746
-0.006957682
-0.007177619
-0.007346169
-0.007669505
-0.007931455
-0.007976966
-0.007945872
-0.007981503
-0.008131021
-0.008370455
-0.008637361
-0.008842658
-0.008773809
-0.008546247
-0.008328152
-0.00821031
-0.008062666
-0.007894855
-0.007702923
-0.007366015
-0.007066063
-0.006815962
-0.006471642
-0.006123582
-0.00601168
-0.006158412
-0.006325717
-0.006439871
-0.006578155
-0.006485824
-0.006460604
-0.006789295
-0.007190309
-0.0074567
-0.007598214
-0.007695145
-0.007723643
-0.007751514
-0.007837113
-0.007927248
-0.007885228
-0.007754931
-0.007489365
-0.007191689
-0.006881455
-0.006505785
-0.006068222
-0.005848549
-0.005803383
-0.005638664
-0.005379635
-0.005144831
-0.005096545
-0.005257474
-0.005567419
-0.006119576
-0.006716608
-0.006972472
-0.0068864
-0.006400133
-0.005657557
-0.005206862
-0.005097899
-0.005021457
-0.004832231
-0.004644247
-0.004435156
-0.004164778
-0.004044304
-0.003899362
-0.003724763
-0.003522661
-0.003200172
-0.002954695
-0.002924061
-0.002967833
-0.002811327
-0.00247498
-0.002164847
-0.001883534
-0.001620163
-0.001656102
-0.002118193
-0.002745252
-0.003380942
-0.003868462
-0.004150037
-0.004333615
-0.004500616
-0.004740903
-0.005083626
-0.005463309
-0.005835678
-0.005984046
-0.005920369
-0.005684088
-0.005415357
-0.005253772
-0.005165683
-0.005076845
-0.00505754
-0.00492013
-0.004674494
-0.004293756
-0.003888196
-0.003495333
-0.003132408
-0.002746514
-0.00236487
-0.002002848
-0.001629272
-0.001409966
-0.001301836
-0.00114412
-0.0009511379
-0.0007181838
-0.0005020637
-0.000357217
-0.000268909
-0.0002427574
-8.082902e-05
0.0002421226
0.0004820971
0.0006313666
0.000669899
0.0006904458
0.0006696512
0.000707838
0.0008465232
0.001046095
0.001328944
0.001550388
0.001622029
0.001515147
0.001396443
0.001397772
0.001387411
0.001389149
0.001407106
0.001377007
0.001240358
0.00107819
0.0009975268
0.001030345
0.001133781
0.001423395
0.001736877
0.001945635
0.002182771
0.002428856
0.002613832
0.0027479
0.002979348
0.003329006
0.003588133
0.003574168
0.003579859
0.003856066
0.004373199
0.004914234
0.005291135
0.005543488
0.005726531
0.005669064
0.005547346
0.005493959
0.005448892
0.005477939
0.005666435
0.005882958
0.005967059
0.005908509
0.00578791
0.005591454
0.005359637
0.005303068
0.005374193
0.005506942
0.00572231
0.005996185
0.006225175
0.006240852
0.005983977
0.005528379
0.00513463
0.004958823
0.004963042
0.005062002
0.005083575
0.004926822
0.004666278
0.004377852
0.004057259
0.003695355
0.003493639
0.003515228
0.003606961
0.003661428
0.00358103
0.003476924
0.003323061
0.003116181
0.002946799
0.002849615
0.002808874
0.002746415
0.002554823
0.002301211
0.002098302
0.002009951
0.002009425
0.002035943
0.002026671
0.001911059
0.001695426
0.001445863
0.001253058
0.001094559
0.0009006445
0.0006409841
0.0003615459
9.367003e-05
-0.0001849349
-0.000426142
-0.0005985756
-0.0007903113
-0.0009992231
-0.001190418
-0.001349552
-0.001480969
-0.001602209
-0.001774254
-0.001911859
-0.002052375
-0.002173404
-0.002367169
-0.002607465
-0.002806829
-0.002927893
-0.00298147
-0.002970849
-0.002965258
-0.002993705
-0.00305242
-0.003063239
-0.002980078
-0.002839217
-0.002729548
-0.002721929
-0.002769806
-0.002805629
-0.002890382
-0.002995413
-0.0030894
-0.003211933
-0.003360172
-0.003569297
-0.003705677
-0.00362839
-0.003390608
-0.003100295
-0.002873821
-0.00270851
-0.0025326
-0.00234077
-0.002128844
-0.001924146
-0.001786914
-0.001667967
-0.001584311
-0.001523907
-0.001412295
-0.001240085
-0.001013453
-0.0008276626
-0.0007021132
-0.000594612
-0.0004963704
-0.0004167246
-0.0003273823
-0.0002350984
-0.0001253549
-9.997075e-05
-0.0002152635
-0.0003963482
-0.0005232714
-0.0005255252
-0.0004862411
-0.0004528053
-0.0003720175
-0.0002521919
-0.0001666903
-0.0001757667
-0.000225123
-0.0002759206
-0.0003076381
-0.0003489112
-0.0004238182
-0.0004922737
-0.0005264729
-0.0005101949
-0.0004881554
-0.0005092041
-0.0005767946
-0.0006596982
-0.0007334144
-0.0007792901
-0.0008267477
-0.0008801861
-0.0009392487
-0.001000674
-0.001042156
-0.001050942
-0.001074098
-0.001127343
-0.001172695
-0.001185676
-0.001158389
-0.001133217
-0.001101007
-0.001063987
-0.001048684
-0.001019757
-0.0009560723
-0.0008817297
-0.0008150322
-0.0007559694
-0.0006996108
-0.0006396982
-0.0005610717
-0.0004664131
-0.0003838612
-0.0003295721
-0.0002893674
-0.0002558243
-0.0002344558
-0.0002077072
-0.0001717309
-0.0001294862
-8.922136e-05
-4.527271e-05
-9.995059e-06
8.862553e-06
2.092007e-05
2.998695e-05
4.931113e-05
7.224481e-05
8.26991e-05
8.146741e-05
7.252469e-05
6.066523e-05
5.41852e-05
5.205728e-05
5.185816e-05
4.392357e-05
2.150066e-05
-1.036466e-06
-1.194504e-06
2.759168e-05
6.981948e-05
9.937293e-05
0.000108133
0.0001010584
9.369718e-05
0.0001003307
0.0001151712
0.0001304476
0.0001427657
0.0001533228
0.000159879
0.0001662219
0.0001727606
0.0001783069
0.0001837694
0.0001864496
0.0001815983
0.0001717673
0.0001650711
0.0001611349
0.00016822
0.0001852032
0.000194856
0.0001883044
0.0001717636
0.0001558157
0.0001478467
0.0001489273
0.0001557167
0.000161407
0.0001649489
0.0001667865
0.0001700904
0.0001784171
0.0001887052
0.0001966943
0.0002025448
0.0002078412
0.0002144249
0.0002221843
0.0002310112
0.0002406137
0.000249718
0.000255458
0.0002570667
0.0002565752
0.0002578318
0.0002612015
0.0002652409
0.000267678
0.000267485
0.0002669282
0.0002668084
0.0002666529
0.0002660779
0.0002646553
0.0002623855
0.0002595226
0.0002567213
0.0002543295
0.0002521569
0.0002500082
0.0002481251
0.0002460321
0.0002432637
0.0002409391
0.0002392783
0.0002376433
0.0002356041
0.0002334999
0.0002314252
0.000229695
0.0002281776
0.0002268041
0.0002254047
0.0002240743
0.0002232292
0.0002230543
0.000222839
0.0002222426
0.0002214129
0.0002205136
0.0002198369
0.0002193723
0.0002191426
0.0002189429
0.0002186823
0.0002183986
0.0002180494
0.0002175765
0.0002170701
0.0002166888
0.0002164297
0.0002161412
0.0002157285
0.0002151677
0.0002145634
0.0002140209
0.0002135856
0.0002131932
0.0002127777
0.0002123201
0.0002118058
0.0002112403
0.0002106659
0.0002101008
0.0002095385
0.0002089681
0.0002083865
0.0002077997
0.0002072199
0.0002066444
0.0002060551
0.0002054531
0.0002048449
0.0002042256
0.0002035969
0.0002029603
0.0002023163
0.0002016655
0.0002010079
0.0002003426
0.0001996709
0.0001989915
0.0001983029
0.0001976066
0.000196906
0.0001962017
0.0001954927
0.0001947778
0.0001940574
0.0001933321
0.0001926018
0.0001918668
0.0001911275
0.0001903841
0.0001896368
0.0001888857
0.0001881309
0.0001873724
0.0001866106
0.0001858455
0.0001850772
0.0001843057
0.0001835313
0.0001827539
0.0001819737
0.0001811906
0.0001804047
0.0001796161
0.0001788248
0.0001780308
0.0001772341
0.0001764348
NaN
NaN
