-4.155971e-05
-4.136231e-05
-4.116518e-05
-4.097338e-05
-4.078299e-05
-4.058208e-05
-4.039012e-05
-4.019268e-05
-3.998909e-05
-3.978709e-05
-3.959663e-05
-3.941143e-05
-3.921793e-05
-3.902854e-05
-3.882229e-05
-3.861724e-05
-3.844301e-05
-3.826711e-05
-3.809531e-05
-3.791657e-05
-3.767514e-05
-3.745746e-05
-3.727129e-05
-3.715744e-05
-3.695217e-05
-3.666427e-05
-3.655902e-05
-3.643488e-05
-3.627718e-05
-3.618226e-05
-3.594315e-05
-3.576587e-05
-3.553893e-05
-3.519113e-05
-3.516661e-05
-3.493343e-05
-3.456458e-05
-3.438673e-05
-3.426753e-05
-3.429434e-05
-3.400522e-05
-3.377829e-05
-3.379025e-05
-3.346744e-05
-3.33059e-05
-3.324705e-05
-3.319755e-05
-3.312218e-05
-3.256438e-05
-3.222431e-05
-3.216567e-05
-3.141255e-05
-3.112659e-05
-3.127857e-05
-3.113648e-05
-3.098231e-05
-3.066523e-05
-3.070237e-05
-3.088659e-05
-3.033488e-05
-3.009969e-05
-3.047545e-05
-3.069684e-05
-3.075421e-05
-2.998455e-05
-2.935524e-05
-2.958768e-05
-2.936602e-05
-2.90075e-05
-2.902128e-05
-2.934403e-05
-2.957597e-05
-2.860927e-05
-2.820999e-05
-2.789198e-05
-2.742442e-05
-2.730098e-05
-2.658054e-05
-2.62126e-05
-2.601993e-05
-2.634761e-05
-2.712336e-05
-2.679448e-05
-2.625345e-05
-2.636753e-05
-2.658596e-05
-2.613384e-05
-2.536176e-05
-2.507986e-05
-2.554095e-05
-2.546426e-05
-2.467216e-05
-2.502594e-05
-2.476446e-05
-2.401745e-05
-2.370918e-05
-2.379272e-05
-2.421031e-05
-2.305481e-05
-2.302449e-05
-2.43524e-05
-2.387133e-05
-2.405725e-05
-2.366919e-05
-2.449075e-05
-2.530639e-05
-2.322697e-05
-2.25893e-05
-2.260085e-05
-2.305142e-05
-2.457898e-05
-2.463009e-05
-2.323336e-05
-2.214009e-05
-2.181695e-05
-2.066743e-05
-1.96671e-05
-2.033224e-05
-2.05106e-05
-2.000485e-05
-2.019136e-05
-1.928969e-05
-1.822966e-05
-1.968855e-05
-1.973527e-05
-1.804149e-05
-1.785737e-05
-1.945923e-05
-2.028612e-05
-1.854033e-05
-1.735777e-05
-1.799322e-05
-1.84789e-05
-1.894952e-05
-1.814224e-05
-1.802788e-05
-2.024081e-05
-1.925978e-05
-1.753909e-05
-1.781166e-05
-1.840223e-05
-1.890682e-05
-1.692006e-05
-1.628277e-05
-1.681103e-05
-1.599027e-05
-1.624524e-05
-1.566809e-05
-1.494244e-05
-1.301847e-05
-1.467348e-05
-1.752122e-05
-1.649625e-05
-1.805389e-05
-1.614374e-05
-1.654906e-05
-1.850162e-05
-1.438227e-05
-1.410561e-05
-1.570889e-05
-1.697127e-05
-1.71176e-05
-1.499283e-05
-1.395037e-05
-1.381036e-05
-1.365821e-05
-1.320997e-05
-1.214726e-05
-1.16909e-05
-1.21312e-05
-1.16634e-05
-1.184109e-05
-1.195387e-05
-8.654768e-06
-7.835041e-06
-9.218366e-06
-8.794041e-06
-1.020138e-05
-9.724482e-06
-8.928268e-06
-1.038232e-05
-8.23125e-06
-7.387066e-06
-1.025463e-05
-1.154732e-05
-1.310695e-05
-1.297545e-05
-1.182994e-05
-1.23346e-05
-1.154465e-05
-1.210566e-05
-1.084839e-05
-8.590444e-06
-1.204292e-05
-1.267897e-05
-1.03427e-05
-1.127391e-05
-1.117541e-05
-1.065435e-05
-1.089123e-05
-8.438809e-06
-6.791196e-06
-8.501851e-06
-8.043753e-06
-7.055222e-06
-4.532158e-06
-3.621071e-06
-5.36738e-06
-2.870186e-06
-2.660548e-06
-6.975666e-06
-9.267091e-06
-9.168401e-06
-8.978717e-06
-7.651989e-06
-8.313137e-06
-8.1721e-06
-5.940839e-06
-7.485072e-06
-1.030503e-05
-8.050515e-06
-5.350594e-06
-6.037127e-06
-5.039355e-06
-3.166547e-06
-3.408404e-06
-4.615905e-06
-7.09558e-06
-4.705299e-06
6.899876e-07
4.840088e-08
1.083911e-06
2.554007e-06
-3.497502e-07
1.112779e-06
3.086326e-06
3.3486e-06
2.00118e-06
-5.044642e-06
-4.057386e-06
2.450468e-07
-3.729173e-06
-7.816324e-06
-5.783258e-06
-1.932274e-06
-2.695281e-06
-4.91028e-06
-5.736211e-06
-5.565033e-06
-4.036987e-06
-3.876682e-06
-2.762218e-06
-2.57895e-07
-1.030783e-06
-1.876981e-06
1.200689e-06
5.20566e-06
2.44347e-06
-1.23519e-06
2.230549e-06
5.926889e-06
3.986609e-06
-2.086161e-06
-5.754706e-07
-9.127396e-07
-3.626988e-06
-1.808555e-07
1.112528e-06
3.153342e-06
2.816207e-06
3.063064e-06
5.050312e-06
-1.124688e-06
-4.095767e-06
-1.400694e-06
3.772291e-06
8.913208e-06
9.624357e-06
8.733828e-06
7.412761e-06
6.532927e-06
6.702826e-06
9.398917e-06
1.002446e-05
4.656669e-06
1.228839e-06
2.915873e-06
5.59623e-06
6.27305e-06
4.875124e-06
4.565902e-06
6.700133e-06
6.381009e-06
6.023838e-06
6.666722e-06
4.28897e-06
3.435203e-06
7.11769e-06
1.192884e-05
1.352248e-05
8.6661e-06
6.210107e-06
7.415119e-06
7.050986e-06
3.101259e-06
1.793577e-06
6.454001e-06
6.13065e-06
5.318006e-06
7.378578e-06
5.651725e-06
7.203399e-06
7.93453e-06
7.574417e-06
8.183801e-06
8.433011e-06
9.472368e-06
9.751803e-06
1.648205e-05
1.652281e-05
1.237735e-05
1.72195e-05
1.4195e-05
1.561896e-05
1.173755e-05
6.439425e-06
1.140545e-05
9.281829e-06
1.132069e-05
1.144155e-05
8.208683e-06
1.062909e-05
7.502893e-06
6.887186e-06
7.216688e-06
1.187659e-05
1.401284e-05
1.33267e-05
1.473867e-05
5.95623e-06
3.923249e-06
8.156818e-06
1.095312e-05
1.348259e-05
1.332547e-05
1.685882e-05
1.506721e-05
1.420369e-05
1.832828e-05
1.963488e-05
2.169958e-05
1.781886e-05
1.290299e-05
1.293602e-05
1.37504e-05
1.575483e-05
1.45341e-05
1.763571e-05
1.931967e-05
1.749621e-05
1.803561e-05
1.676327e-05
1.682884e-05
1.496182e-05
1.307275e-05
1.778527e-05
2.458265e-05
2.364282e-05
1.777757e-05
1.626038e-05
1.293091e-05
1.100003e-05
1.111197e-05
1.030734e-05
1.08648e-05
1.108865e-05
1.578108e-05
1.998578e-05
1.865908e-05
1.668036e-05
1.689346e-05
2.312178e-05
2.527355e-05
1.883217e-05
1.896279e-05
2.46642e-05
2.435548e-05
2.242793e-05
2.048397e-05
1.970603e-05
2.074129e-05
1.329883e-05
9.900782e-06
1.654342e-05
1.885775e-05
2.043041e-05
2.161744e-05
2.383487e-05
2.694094e-05
2.667632e-05
2.927994e-05
3.048233e-05
2.651364e-05
2.260037e-05
2.168808e-05
1.979667e-05
1.790893e-05
1.851989e-05
1.919433e-05
2.087011e-05
1.889172e-05
1.457456e-05
1.658382e-05
1.788082e-05
1.894708e-05
1.755678e-05
1.87978e-05
2.439498e-05
2.210889e-05
2.321442e-05
2.940837e-05
3.325828e-05
3.215651e-05
2.435154e-05
2.842205e-05
3.41828e-05
3.080771e-05
2.88287e-05
2.746499e-05
2.658629e-05
2.616794e-05
2.379223e-05
2.441671e-05
2.657397e-05
2.519628e-05
2.379055e-05
2.441027e-05
2.611414e-05
2.617231e-05
2.17914e-05
1.93083e-05
1.895736e-05
2.061751e-05
2.375896e-05
2.705468e-05
2.647919e-05
2.278031e-05
2.982095e-05
3.106057e-05
3.026573e-05
3.216738e-05
2.702134e-05
2.993725e-05
2.658365e-05
2.532281e-05
3.330575e-05
2.813434e-05
2.705143e-05
2.872133e-05
2.897522e-05
3.246262e-05
2.972456e-05
3.176594e-05
3.600018e-05
3.46325e-05
2.957515e-05
2.572131e-05
3.037064e-05
2.995723e-05
2.254567e-05
2.251944e-05
2.58273e-05
3.048292e-05
2.903726e-05
2.674923e-05
3.433805e-05
3.86919e-05
3.976648e-05
3.526557e-05
2.988149e-05
3.552061e-05
3.613606e-05
3.128885e-05
3.276551e-05
2.78931e-05
2.598561e-05
3.417933e-05
3.641665e-05
3.243033e-05
2.793414e-05
2.916726e-05
3.476052e-05
3.092148e-05
2.58784e-05
2.700273e-05
3.332809e-05
3.684452e-05
3.259056e-05
3.506692e-05
3.528017e-05
3.337127e-05
3.491289e-05
3.774241e-05
4.123567e-05
3.642408e-05
3.284897e-05
3.302383e-05
3.467148e-05
3.318599e-05
2.984705e-05
3.494982e-05
3.971319e-05
3.981771e-05
3.736981e-05
3.291332e-05
3.098824e-05
3.210497e-05
3.274333e-05
3.388418e-05
3.447706e-05
3.308918e-05
3.574231e-05
4.094026e-05
4.105973e-05
3.914112e-05
4.07797e-05
4.085398e-05
3.79876e-05
3.698746e-05
3.358693e-05
3.371852e-05
3.678208e-05
3.653193e-05
4.006978e-05
4.231266e-05
4.240225e-05
3.785344e-05
3.301908e-05
3.6502e-05
3.728119e-05
3.986268e-05
4.198449e-05
4.118187e-05
4.114325e-05
3.525206e-05
3.276472e-05
3.334372e-05
3.148867e-05
3.305165e-05
3.472904e-05
3.532003e-05
3.802692e-05
3.801277e-05
3.676442e-05
4.485863e-05
4.707744e-05
4.468191e-05
4.463085e-05
4.18726e-05
4.282159e-05
3.994864e-05
4.060041e-05
4.668493e-05
4.439859e-05
4.182987e-05
4.147657e-05
4.415546e-05
4.516489e-05
4.188343e-05
4.229358e-05
3.846536e-05
3.751152e-05
3.701483e-05
3.371457e-05
4.027842e-05
4.557613e-05
4.563449e-05
4.62642e-05
4.635388e-05
4.234693e-05
4.15234e-05
4.554239e-05
4.375643e-05
4.531477e-05
4.534184e-05
4.359537e-05
4.906454e-05
4.576178e-05
4.429658e-05
4.88908e-05
4.760651e-05
4.397595e-05
3.808869e-05
3.707494e-05
3.873267e-05
3.986961e-05
3.989144e-05
4.009943e-05
4.41523e-05
4.33052e-05
4.339002e-05
4.856929e-05
4.711971e-05
4.064959e-05
4.116489e-05
4.696159e-05
5.106589e-05
4.503614e-05
4.166587e-05
4.923457e-05
4.948404e-05
4.48822e-05
4.248709e-05
4.408056e-05
4.569741e-05
4.52985e-05
4.793158e-05
5.107622e-05
4.862823e-05
4.308981e-05
4.323933e-05
4.730687e-05
4.597483e-05
4.49602e-05
4.559683e-05
4.773033e-05
4.930907e-05
4.791475e-05
5.001087e-05
5.418968e-05
5.374745e-05
5.132298e-05
5.290352e-05
5.299598e-05
4.95415e-05
4.752866e-05
4.922954e-05
5.227772e-05
4.936548e-05
4.947321e-05
5.148748e-05
4.660713e-05
4.660575e-05
4.771212e-05
4.37755e-05
4.07233e-05
3.984196e-05
4.605268e-05
5.114255e-05
4.72855e-05
4.51921e-05
4.484788e-05
4.899517e-05
5.311355e-05
4.865425e-05
4.617782e-05
5.029589e-05
5.402363e-05
5.348221e-05
5.064413e-05
5.211537e-05
4.972656e-05
4.77632e-05
5.085054e-05
5.201312e-05
5.205795e-05
5.009043e-05
4.868455e-05
5.024541e-05
4.728917e-05
4.226462e-05
4.441095e-05
4.694047e-05
4.461837e-05
4.71072e-05
4.826569e-05
5.093531e-05
5.548038e-05
5.261359e-05
5.520316e-05
5.978738e-05
5.696309e-05
5.480228e-05
5.354066e-05
5.650714e-05
5.61708e-05
5.623898e-05
5.569683e-05
5.188109e-05
5.2746e-05
5.20069e-05
5.501129e-05
5.305135e-05
4.710726e-05
4.803575e-05
4.826483e-05
4.923869e-05
4.782219e-05
4.792239e-05
5.198247e-05
5.265956e-05
5.316483e-05
5.275367e-05
5.282492e-05
5.543287e-05
5.497452e-05
5.255464e-05
5.202806e-05
5.013825e-05
5.117995e-05
5.43137e-05
5.642872e-05
5.906261e-05
5.752418e-05
5.364748e-05
5.610946e-05
5.629488e-05
5.478189e-05
5.123241e-05
4.940007e-05
5.230465e-05
5.107643e-05
5.40195e-05
5.261356e-05
5.122931e-05
5.517403e-05
5.445733e-05
5.634858e-05
5.552886e-05
5.709547e-05
6.012754e-05
6.089737e-05
6.173357e-05
5.282736e-05
5.076192e-05
5.381898e-05
5.354344e-05
5.594822e-05
5.209181e-05
5.003431e-05
5.059647e-05
4.917243e-05
5.174606e-05
5.488231e-05
5.235596e-05
4.995871e-05
5.087242e-05
5.112708e-05
5.663959e-05
5.468068e-05
5.28362e-05
5.977668e-05
5.856345e-05
5.844457e-05
5.701396e-05
5.715406e-05
6.315684e-05
6.340707e-05
6.177066e-05
5.630945e-05
5.329755e-05
5.326651e-05
5.296942e-05
5.538502e-05
5.304807e-05
5.454149e-05
5.76637e-05
5.520196e-05
5.111568e-05
4.919383e-05
5.275399e-05
5.641671e-05
5.696541e-05
5.391816e-05
5.407896e-05
5.854601e-05
5.77571e-05
6.023653e-05
6.132503e-05
6.042614e-05
6.291921e-05
6.099217e-05
6.20747e-05
6.663076e-05
6.267457e-05
5.914013e-05
5.965192e-05
5.617485e-05
5.468912e-05
5.774832e-05
5.939593e-05
5.834463e-05
5.386487e-05
5.336596e-05
5.799974e-05
6.061875e-05
5.651954e-05
5.208935e-05
5.454384e-05
5.417126e-05
5.573772e-05
5.926443e-05
5.841836e-05
5.935468e-05
5.896211e-05
6.207025e-05
6.661635e-05
6.4743e-05
6.262499e-05
5.968843e-05
5.868385e-05
5.715656e-05
5.421375e-05
5.672844e-05
5.884736e-05
5.889545e-05
5.837679e-05
5.746298e-05
5.99842e-05
6.211227e-05
6.211426e-05
6.165627e-05
6.32481e-05
6.167798e-05
5.619261e-05
6.131889e-05
6.479729e-05
5.792395e-05
5.92559e-05
6.046356e-05
5.994725e-05
5.684159e-05
5.45137e-05
5.94158e-05
5.605596e-05
5.502523e-05
5.853785e-05
5.875274e-05
6.06171e-05
5.774953e-05
5.977489e-05
6.226169e-05
6.046732e-05
6.329546e-05
6.151447e-05
6.346052e-05
6.399488e-05
6.10914e-05
6.194271e-05
6.116424e-05
6.41034e-05
6.007322e-05
5.563846e-05
6.0049e-05
5.721106e-05
5.559938e-05
5.821261e-05
5.92691e-05
5.876281e-05
5.780616e-05
5.778366e-05
5.889786e-05
6.037928e-05
5.791779e-05
5.740351e-05
6.049284e-05
6.153109e-05
6.106728e-05
6.156559e-05
6.162935e-05
6.161564e-05
6.165377e-05
6.476498e-05
6.675182e-05
6.227408e-05
6.173666e-05
6.325872e-05
6.338868e-05
6.323654e-05
6.039676e-05
6.279096e-05
6.138046e-05
5.832587e-05
5.9325e-05
5.992277e-05
5.985194e-05
5.947304e-05
5.987297e-05
5.795502e-05
6.204856e-05
6.345692e-05
5.915479e-05
6.293731e-05
6.2205e-05
6.411115e-05
6.46172e-05
6.430856e-05
6.657775e-05
5.821666e-05
5.804294e-05
6.115864e-05
5.919965e-05
5.908743e-05
6.027307e-05
6.267867e-05
5.923381e-05
5.870977e-05
6.018178e-05
5.778043e-05
5.815652e-05
5.727631e-05
5.771699e-05
5.879442e-05
5.931366e-05
5.827054e-05
5.732932e-05
6.03332e-05
5.986957e-05
5.733566e-05
5.988322e-05
6.447851e-05
6.656993e-05
6.3935e-05
6.103223e-05
6.445725e-05
6.147059e-05
6.053181e-05
6.594717e-05
6.570924e-05
6.699594e-05
6.41134e-05
6.459011e-05
6.449811e-05
5.907842e-05
6.145367e-05
6.05314e-05
5.800454e-05
5.894499e-05
5.597724e-05
5.593813e-05
5.951181e-05
6.00281e-05
6.005372e-05
6.153376e-05
6.160163e-05
6.204878e-05
6.313076e-05
6.563769e-05
6.563601e-05
6.570756e-05
6.657852e-05
6.627916e-05
7.116257e-05
6.977952e-05
6.719191e-05
6.404485e-05
5.860765e-05
5.993421e-05
6.009553e-05
6.257772e-05
6.09787e-05
5.605615e-05
5.941079e-05
5.855864e-05
5.746213e-05
5.692365e-05
5.60125e-05
5.840285e-05
5.803677e-05
6.151109e-05
6.405023e-05
6.412514e-05
6.706267e-05
6.613189e-05
6.505935e-05
6.402437e-05
6.099679e-05
6.044121e-05
6.148014e-05
6.247766e-05
6.19635e-05
6.042081e-05
6.09327e-05
6.244347e-05
5.834768e-05
5.174437e-05
5.273973e-05
5.730051e-05
5.885888e-05
6.138245e-05
6.288049e-05
6.190489e-05
6.182801e-05
6.032761e-05
6.131528e-05
6.642281e-05
6.633653e-05
6.238476e-05
6.374976e-05
6.128404e-05
5.974864e-05
6.11547e-05
6.131857e-05
6.522436e-05
6.015976e-05
5.66944e-05
6.100612e-05
5.824497e-05
5.948914e-05
5.911907e-05
6.113852e-05
6.148793e-05
5.507033e-05
5.995549e-05
6.359623e-05
6.206901e-05
6.299353e-05
6.202304e-05
6.196999e-05
6.349067e-05
6.243349e-05
6.092575e-05
6.185564e-05
6.345234e-05
6.487582e-05
6.185235e-05
5.976663e-05
6.180057e-05
6.070385e-05
5.927617e-05
6.164283e-05
5.76763e-05
5.605829e-05
6.063251e-05
6.316378e-05
6.214146e-05
5.796034e-05
5.757396e-05
6.348067e-05
6.054854e-05
5.791111e-05
6.041167e-05
6.148035e-05
6.135046e-05
5.991646e-05
6.028157e-05
5.727211e-05
5.674031e-05
5.865951e-05
5.878646e-05
6.113581e-05
5.920941e-05
6.012863e-05
6.367742e-05
6.316739e-05
6.054097e-05
6.006666e-05
6.353325e-05
6.407662e-05
6.195449e-05
6.095662e-05
6.189329e-05
6.037294e-05
5.829568e-05
5.617381e-05
5.626503e-05
5.809015e-05
5.416707e-05
5.604617e-05
5.859879e-05
5.70761e-05
5.798604e-05
6.059153e-05
6.301507e-05
6.100744e-05
6.198796e-05
6.442007e-05
6.35133e-05
6.329994e-05
5.985137e-05
6.125541e-05
6.275392e-05
5.970776e-05
5.961149e-05
6.063718e-05
6.006526e-05
5.748004e-05
5.644445e-05
5.789212e-05
5.789622e-05
5.835133e-05
5.880545e-05
5.881149e-05
5.974636e-05
5.768517e-05
5.715945e-05
6.063789e-05
6.012808e-05
5.752049e-05
5.850861e-05
6.100208e-05
6.045638e-05
5.89018e-05
5.778013e-05
5.835313e-05
6.072103e-05
5.773287e-05
5.917694e-05
6.316492e-05
6.117744e-05
5.899285e-05
5.749117e-05
5.946649e-05
5.937713e-05
5.482494e-05
5.572804e-05
5.774832e-05
5.772803e-05
5.760369e-05
5.868941e-05
6.156661e-05
5.856788e-05
5.744663e-05
5.994635e-05
5.890019e-05
5.524641e-05
5.473288e-05
5.922789e-05
6.021081e-05
5.815072e-05
5.806424e-05
5.544729e-05
5.498495e-05
5.784172e-05
5.280725e-05
5.429039e-05
6.071804e-05
5.986403e-05
6.369098e-05
6.426645e-05
6.061039e-05
5.849198e-05
5.90252e-05
6.036739e-05
5.999033e-05
6.177103e-05
5.880903e-05
6.180856e-05
6.156392e-05
5.317969e-05
5.736089e-05
5.599568e-05
5.593604e-05
5.720159e-05
5.13442e-05
5.763798e-05
5.82072e-05
5.413251e-05
5.594643e-05
5.198215e-05
5.026929e-05
5.283137e-05
5.476646e-05
5.423504e-05
5.363207e-05
5.410541e-05
5.557058e-05
5.599632e-05
5.599803e-05
5.584552e-05
5.280096e-05
5.631612e-05
5.868029e-05
5.321056e-05
5.550735e-05
5.708929e-05
5.546751e-05
5.485825e-05
5.691984e-05
6.184739e-05
6.035425e-05
5.663632e-05
5.819368e-05
6.262725e-05
5.800594e-05
5.444648e-05
5.77822e-05
5.638718e-05
5.564219e-05
5.261225e-05
5.203521e-05
5.34152e-05
5.040625e-05
5.07531e-05
5.072005e-05
5.06788e-05
5.30997e-05
5.257328e-05
5.349397e-05
5.855525e-05
5.892559e-05
5.284254e-05
5.063603e-05
4.856489e-05
4.751965e-05
4.783136e-05
4.741674e-05
5.384484e-05
5.378035e-05
5.182321e-05
5.506084e-05
4.757846e-05
4.588014e-05
4.723695e-05
4.640278e-05
5.263386e-05
5.026825e-05
5.264393e-05
5.657592e-05
5.26059e-05
5.386688e-05
5.394264e-05
5.224874e-05
4.96616e-05
4.908797e-05
5.151348e-05
5.303092e-05
5.391955e-05
5.182357e-05
5.330157e-05
6.082992e-05
6.075092e-05
5.461514e-05
5.44546e-05
5.699889e-05
5.840175e-05
5.57888e-05
5.267485e-05
5.100588e-05
4.743631e-05
4.574104e-05
4.882695e-05
5.374218e-05
4.861442e-05
4.348434e-05
4.68441e-05
4.947701e-05
5.178377e-05
5.132427e-05
5.321174e-05
5.157151e-05
4.754454e-05
4.877872e-05
5.047062e-05
5.630219e-05
5.172741e-05
4.403537e-05
4.535428e-05
4.695897e-05
4.825096e-05
4.675764e-05
4.814152e-05
4.751705e-05
4.448539e-05
4.576901e-05
4.483031e-05
4.46055e-05
4.357843e-05
4.656633e-05
4.838488e-05
4.546792e-05
4.869037e-05
4.880303e-05
5.1198e-05
4.744105e-05
3.73802e-05
4.062349e-05
4.220306e-05
4.415357e-05
5.009752e-05
4.702709e-05
4.336e-05
4.372968e-05
4.163936e-05
4.464273e-05
4.8523e-05
3.989337e-05
2.950678e-05
2.283846e-05
1.714211e-05
7.277951e-06
2.773603e-06
1.521996e-05
2.699371e-05
4.168068e-05
5.677166e-05
5.581951e-05
4.334693e-05
2.191281e-05
9.077555e-06
1.608363e-05
2.722931e-05
3.322408e-05
3.834562e-05
2.424928e-05
-2.859287e-05
-8.955462e-05
-0.0001426683
-0.0001680536
-0.0001603366
-0.0001478961
-0.0001174697
-0.00010347
-0.0001517263
-0.0002132592
-0.0002289369
-0.0001894557
-0.0001369883
-7.983754e-05
-2.103245e-05
-7.689427e-06
-4.356042e-05
-0.0001027617
-0.0001661502
-0.0002069542
-0.0001953596
-0.0001470949
-0.0001062192
-0.0001142469
-0.0001915754
-0.0002978068
-0.0004123672
-0.0004869432
-0.0004644368
-0.0004523709
-0.0005103355
-0.000525262
-0.0004746718
-0.0004336239
-0.0004002436
-0.0003795573
-0.0003823642
-0.0003972313
-0.000420393
-0.0003950273
-0.000342095
-0.0002837606
-0.0001754153
-0.0001310355
-0.0002067205
-0.0003221646
-0.0004058563
-0.000359778
-0.0002193584
-0.0001134223
-0.000139052
-0.0003311803
-0.0004793846
-0.0003768631
-0.000156138
-5.247669e-05
-0.0001565252
-0.0003485931
-0.0003264025
-4.139115e-05
0.0002477632
0.0004359643
0.0003922978
1.980355e-05
-0.0002419649
2.69618e-05
0.000432035
0.0004390809
0.0002914926
0.0002951944
4.594806e-05
-0.0006283753
-0.0009749613
-0.0006866024
-0.0004353166
-0.0003512128
1.065979e-05
0.0003370675
-1.456785e-05
-0.0004652303
-1.748276e-05
0.000750534
0.000825324
0.0006736799
0.0008451242
0.0007311707
0.000272004
0.0001306176
0.0003022214
0.0005335627
0.0007565794
0.0008867308
0.0008004798
0.0004865072
8.749699e-05
-0.0002802456
-0.0004358318
-0.0002074175
0.0002536505
0.0003877095
3.548808e-05
-0.0003420242
-0.0006318584
-0.0008486298
-0.0007081195
-0.0002297047
2.310373e-05
-0.000432965
-0.001456609
-0.002277297
-0.00239688
-0.00242298
-0.002456813
-0.001993471
-0.001581512
-0.001134855
-1.477102e-05
0.001050905
0.001488471
0.001399635
0.0008100547
0.0003149661
0.0002638237
0.0001485201
0.0001880752
0.0007328252
0.0009800874
0.0005570969
-0.0002062819
-0.0008494184
-0.0005189195
0.0004678997
0.0008254759
0.0003164098
-0.0005051867
-0.001147986
-0.001473749
-0.001622119
-0.001777675
-0.001866012
-0.001795383
-0.001789514
-0.001517782
-0.0007764228
-0.0003075768
-0.0002436835
-0.0003202254
-0.0008688643
-0.001670057
-0.002213134
-0.002638923
-0.002932844
-0.0030724
-0.003003069
-0.002721219
-0.002888087
-0.003225061
-0.00308251
-0.002546742
-0.001246988
0.0004116007
0.001622412
0.002529244
0.002897383
0.002640739
0.002076029
0.001309726
0.0006199172
6.186276e-05
-0.0001001597
0.0001344956
-0.0002119143
-0.001167861
-0.001970965
-0.002403958
-0.002348785
-0.002179831
-0.002337029
-0.002270592
-0.001805885
-0.001609286
-0.001884537
-0.00259911
-0.003601148
-0.004303396
-0.00438835
-0.004078264
-0.00360404
-0.002550174
-0.0007660902
0.0007268492
0.001112552
0.0003545697
-0.0009689785
-0.002056268
-0.002268737
-0.0009101246
0.0009341636
0.001283277
0.0007005883
7.063488e-05
-0.001020688
-0.00200031
-0.001715174
0.000164391
0.002692047
0.004528013
0.00569108
0.005983739
0.004562012
0.002295932
0.0002738493
-0.001132562
-0.001588903
-0.001710443
-0.001559121
-0.0005963362
0.0006057272
0.001462764
0.001774681
0.001533257
0.0009201696
9.94043e-05
-0.0003039964
0.000392659
0.001875455
0.00200888
-0.0004467549
-0.003050272
-0.004059933
-0.003946894
-0.002836152
-0.001236318
0.0003816924
0.001587154
0.001890605
0.00151349
0.0007450307
-0.0004883939
-0.002128006
-0.002807995
-0.002184873
-0.001450813
-0.001400377
-0.002630976
-0.003342626
-0.002531831
-0.001662679
-0.0005378632
2.439348e-05
-0.000754238
-0.001589184
-0.002528723
-0.003516038
-0.003611891
-0.002983322
-0.002761761
-0.002973339
-0.002229843
-0.0008160809
-0.0002276116
-0.0004569032
-0.0001144278
0.001440865
0.00271323
0.002194779
0.0003651885
-0.001208433
-0.001611045
-0.0007662731
0.0006604438
0.001360632
0.001200889
0.0009870071
0.00177437
0.004000455
0.006324295
0.007652446
0.007097586
0.004587404
0.001932071
-0.0004162427
-0.002702717
-0.004436649
-0.005985315
-0.007783581
-0.009188825
-0.00911096
-0.007707788
-0.005741231
-0.003301228
-0.001480552
-0.0006631243
0.0007434329
0.002452582
0.003493668
0.00470028
0.0056428
0.00526452
0.004186326
0.002882104
0.001418993
-5.734321e-05
-0.001255948
-0.001374721
-0.001045039
-0.001953408
-0.003528626
-0.003852071
-0.002590072
-0.0006299887
0.000940947
0.001951447
0.003142435
0.00326218
0.001641491
0.0009264073
0.00162474
0.001770515
0.00135757
0.0007661987
-0.0008825402
-0.003443732
-0.005168743
-0.004759794
-0.002527971
-0.0002529564
0.0008368874
0.001655403
0.002672911
0.002744032
0.001859864
0.001214962
0.0008303638
0.0005567881
0.001093771
0.001848537
0.00215501
0.002545486
0.002763214
0.002424184
0.001594961
0.0008647577
0.001153471
0.002310229
0.003783231
0.004529924
0.003249732
0.0001718187
-0.002964237
-0.005319998
-0.007982439
-0.009656484
-0.008510426
-0.006734559
-0.005227972
-0.002990266
-0.0009047894
-2.540754e-05
9.434253e-05
0.0007250352
0.001417297
0.0009271027
-7.079783e-05
6.689973e-05
0.001423881
0.001832164
0.0007804503
-0.0001041891
-0.0005953861
-0.001110759
-0.001179476
-1.230258e-05
0.00227042
0.004271505
0.005117195
0.005071982
0.004017149
0.002831542
0.003424189
0.004291625
0.002737605
-0.0006485697
-0.004717494
-0.008144781
-0.009233243
-0.009181673
-0.009092916
-0.007802671
-0.005953841
-0.005461087
-0.006310472
-0.006793955
-0.005556855
-0.002789987
0.0004703273
0.003147713
0.004399209
0.004023526
0.002822273
0.002096585
0.002371558
0.002229111
0.0009001024
0.0007572217
0.001868204
0.001911738
0.001443088
0.0007691566
-9.742406e-05
-0.0004793181
-0.001207668
-0.001463511
-0.0005443497
5.778157e-05
0.0005470747
0.001026783
0.0007444862
0.0006652965
0.001412362
0.002439326
0.002767708
0.001261525
-0.0009574183
-0.00167049
-0.001159453
-0.0004828243
0.0005163935
0.001408287
0.00205542
0.003639948
0.005579973
0.006196269
0.00558506
0.004794163
0.004462641
0.004119173
0.002783131
0.0004729268
-0.001760414
-0.003421348
-0.005180401
-0.007046671
-0.008189045
-0.008566342
-0.008324962
-0.00750574
-0.006429533
-0.004803981
-0.002794705
-0.001032015
0.0007428314
0.002609724
0.004465002
0.005999549
0.006851827
0.00730828
0.007242963
0.006660161
0.006183099
0.006035661
0.006020058
0.005738106
0.005256686
0.005216805
0.00560308
0.005751898
0.006352426
0.008561283
0.01076373
0.01150982
0.01160105
0.01005561
0.006586126
0.004061491
0.002921885
0.001470767
8.974895e-05
-0.001035561
-0.003022576
-0.005826878
-0.008484052
-0.009833575
-0.009522479
-0.008389593
-0.006689483
-0.004676051
-0.003151559
-0.002992361
-0.004176897
-0.004911253
-0.004797946
-0.004686265
-0.003855027
-0.002141635
-0.0003986564
0.001384891
0.003336739
0.005262133
0.007068134
0.008000361
0.007891284
0.008640868
0.01060069
0.01161603
0.01158074
0.01103774
0.008640492
0.005445636
0.0035494
0.001975004
0.0004539826
-0.001225961
-0.004285831
-0.005988038
-0.004668878
-0.003585959
-0.004182937
-0.005085673
-0.004510039
-0.002494978
-0.001812169
-0.003344889
-0.005214242
-0.006255755
-0.006405155
-0.005866942
-0.004774594
-0.00316403
-0.002224849
-0.002042654
-0.0005870539
0.001094399
0.001576226
0.002458019
0.003619843
0.003963583
0.004534909
0.006427639
0.008687283
0.01001101
0.009815804
0.008543971
0.007171438
0.005173587
0.002721968
0.001294681
0.0007938545
-0.0001256811
-0.0004615338
0.001778122
0.004174713
0.004801765
0.005373623
0.006616617
0.008216804
0.00875094
0.007737922
0.006450877
0.004450995
0.002449422
0.001888063
0.0008454361
-0.001210897
-0.001980539
-0.000618975
0.002701473
0.006438889
0.00802437
0.007614679
0.006602725
0.005359093
0.004576368
0.004155356
0.003767541
0.004386219
0.005660694
0.005962444
0.004228791
0.0003986783
-0.003735333
-0.006186932
-0.006062474
-0.003948724
-0.002378757
-0.002125812
-0.001669987
-0.0009231719
-0.0006788993
-0.00107311
-0.001601887
-0.001753212
-0.0007943216
0.002397301
0.006525242
0.008806281
0.008835556
0.007501421
0.005306833
0.00269272
0.0001727547
-0.001210361
-0.001328841
-0.002201076
-0.005190697
-0.009382024
-0.01332727
-0.01675627
-0.02006128
-0.02276923
-0.02390627
-0.02195596
-0.01613107
-0.009064531
-0.003366417
0.001132843
0.004278353
0.005186802
0.004126789
0.003068745
0.003716929
0.005042061
0.005672456
0.006254735
0.007015667
0.006484964
0.003887791
0.0003522203
-0.002610528
-0.004761045
-0.005990084
-0.00488714
-0.00215127
-0.0008289565
-0.002084667
-0.005914554
-0.01074653
-0.01294578
-0.01123362
-0.006839624
-0.0007076992
0.005484662
0.008320885
0.005744768
-0.001351845
-0.01029095
-0.01644365
-0.01702035
-0.01438441
-0.01223372
-0.01113876
-0.01014165
-0.01107985
-0.01430577
-0.01691947
-0.01745932
-0.01459084
-0.009148704
-0.003768924
0.001562702
0.0058575
0.007042227
0.006315864
0.006950297
0.01004943
0.01465379
0.01995791
0.02446216
0.02698795
0.02739421
0.02593302
0.0238967
0.02236111
0.01980235
0.01415961
0.007918986
0.004281674
0.00168742
-0.002117775
-0.006661547
-0.009087021
-0.008277646
-0.006461919
-0.002810536
0.004031338
0.01042055
0.0147511
0.01946312
0.02395996
0.02556027
0.02520088
0.02567331
0.02591264
0.02251599
0.01697453
0.01362707
0.01117174
0.006661794
0.003230102
0.003384089
0.002541192
-0.002361197
-0.007416268
-0.01009375
-0.01281424
-0.01735019
-0.02228709
-0.02566919
-0.02814238
-0.02918243
-0.02565032
-0.0188042
-0.01409261
-0.01517599
-0.01954063
-0.02240761
-0.02364674
-0.02375494
-0.02309211
-0.02253017
-0.02156777
-0.0206208
-0.01914578
-0.0170477
-0.01638066
-0.01788231
-0.02077893
-0.02350884
-0.02619093
-0.02954727
-0.03118695
-0.02957433
-0.02528408
-0.01803115
-0.009651775
-0.004136999
-0.001136191
0.003255142
0.008819702
0.01240524
0.01371412
0.01318269
0.01006302
0.00499166
-0.0004668182
-0.005275587
-0.006346154
-0.002250488
0.001625512
0.002680017
0.003710848
0.00437443
0.00490124
0.008140429
0.01216071
0.01300513
0.01096389
0.007191016
0.002444168
-0.001202217
-0.002140145
-0.0005650795
0.001427865
0.001359449
-0.001270765
-0.005062871
-0.009285889
-0.01334879
-0.01617272
-0.01783821
-0.01887224
-0.02044108
-0.02232297
-0.02299896
-0.02317833
-0.02419013
-0.026827
-0.02967969
-0.02931825
-0.02416214
-0.0159472
-0.007966312
-0.001843985
0.001663656
0.003207072
0.004458598
0.006311239
0.01055545
0.01565527
0.01861427
0.0210128
0.02409272
0.02728088
0.02983315
0.03061492
0.02999022
0.02831051
0.023718
0.01589687
0.008788724
0.004439799
0.0009988174
-0.002202164
-0.004889725
-0.006697951
-0.008123764
-0.009513561
-0.0080419
-0.002618229
0.003866373
0.007742879
0.006632459
0.001987511
-0.003132414
-0.008426905
-0.01410099
-0.01815334
-0.02081529
-0.02380336
-0.02635019
-0.02772737
-0.02738352
-0.02546561
-0.02220585
-0.01752901
-0.01354751
-0.01143622
-0.01207392
-0.0160656
-0.02108745
-0.02479819
-0.02333433
-0.01515344
-0.006010244
0.0009302077
0.006122311
0.01016975
0.01616867
0.02170763
0.02322943
0.0241278
0.02386696
0.01890211
0.01074297
0.003608292
0.0005606786
0.001430323
0.005284542
0.01098304
0.01456113
0.01235303
0.005229087
-0.002995452
-0.009595931
-0.01437943
-0.01676155
-0.01527904
-0.01076001
-0.004515972
0.001443144
0.004486575
0.00519561
0.003192619
-0.0004881242
-0.001295214
-0.001076229
-0.002848536
-0.004816699
-0.006712512
-0.009004307
-0.01095138
-0.01107831
-0.008990204
-0.006096224
-0.001843306
0.004455446
0.01046
0.01568443
0.02164362
0.02614368
0.02790801
0.02893135
0.02909524
0.02834214
0.02805989
0.0280758
0.026323
0.0216038
0.01505864
0.008361651
0.003584797
0.001554781
0.001298619
0.002608438
0.005396641
0.009074103
0.01278819
0.01482829
0.01435443
0.01361956
0.0137893
0.012441
0.009183455
0.006393444
0.005689854
0.007280203
0.01097863
0.01588745
0.01885783
0.01848814
0.01594379
0.0114735
0.007714619
0.00708876
0.007068434
0.006356024
0.005414222
0.00290142
-0.0005599414
-0.002954146
-0.004986649
-0.007374473
-0.00870922
-0.008316663
-0.006269654
-0.002111429
0.004547349
0.0127395
0.02012315
0.026245
0.03226953
0.03710182
0.03791213
0.03489055
0.0307819
0.02614382
0.021026
0.01585342
0.01020135
0.004852542
0.0002775065
-0.004742373
-0.00971652
-0.01206732
-0.01161794
-0.01047087
-0.008866631
-0.006480067
-0.00473382
-0.005354205
-0.008818925
-0.01317883
-0.01585422
-0.01747039
-0.01983322
-0.02321632
-0.02827349
-0.03483222
-0.04052062
-0.04307239
-0.04167977
-0.03787121
-0.03320765
-0.02747459
-0.02142471
-0.015374
-0.008376652
-0.0005664339
0.00688569
0.01149012
0.01242679
0.0121019
0.01216659
0.0120523
0.01073971
0.00944354
0.009472634
0.009498701
0.008600486
0.007378316
0.006536201
0.005784025
0.005618001
0.007743284
0.01172796
0.01628794
0.01976485
0.02092595
0.020266
0.01760507
0.01454248
0.01176544
0.007095873
0.001528713
-0.003642185
-0.007347232
-0.006740548
-0.001694803
0.004880693
0.01105692
0.01732676
0.02273435
0.02710511
0.032357
0.03706844
0.03927219
0.03744996
0.03173609
0.02572191
0.02042206
0.01493124
0.009562692
0.004397291
-0.00104936
-0.006731183
-0.01201652
-0.01548085
-0.01572748
-0.01403404
-0.01123187
-0.00721375
-0.001729243
0.007222478
0.01843075
0.02904075
0.03863239
0.04613193
0.04976516
0.04943609
0.04735298
0.04551284
0.04364818
0.04052514
0.03552599
0.02837083
0.01898978
0.008897123
0.0004853319
-0.005203681
-0.008758468
-0.01026863
-0.01017789
-0.01036521
-0.01049408
-0.008401018
-0.004032883
0.0002701079
0.002338166
0.0009555386
-0.003491881
-0.008690448
-0.01371982
-0.01778091
-0.0193949
-0.01895694
-0.01637833
-0.01201147
-0.007722353
-0.003861631
-0.0006508267
0.001445413
0.003154684
0.003487172
0.001095678
-0.001568072
-0.002195789
-0.002105729
-0.00397507
-0.007855901
-0.01154745
-0.01619342
-0.02242083
-0.02649435
-0.02684405
-0.02644175
-0.02856675
-0.03233725
-0.03666721
-0.04175607
-0.04399517
-0.0416138
-0.03688724
-0.03198855
-0.03033474
-0.03318361
-0.03741844
-0.03973242
-0.03729283
-0.03000543
-0.02185225
-0.01536817
-0.0112538
-0.009322229
-0.007562817
-0.005345587
-0.002730826
0.000668348
0.003863917
0.005922947
0.007500578
0.009100459
0.008949003
0.0061113
0.00250832
-0.0007962197
-0.003077522
-0.003437965
-0.00297838
-0.002428441
-0.002285842
-0.003720532
-0.006930965
-0.01202294
-0.01844448
-0.02484021
-0.03015637
-0.03466066
-0.03865133
-0.04024346
-0.03924944
-0.03577605
-0.02810933
-0.01715384
-0.004895974
0.00637289
0.01579258
0.02488105
0.03333233
0.04296558
0.05403335
0.06207433
0.06847987
0.07501945
0.07776977
0.07467239
0.06750094
0.0591035
0.04989395
0.03950946
0.02928466
0.02144135
0.01788558
0.01755535
0.0182355
0.0192466
0.02123204
0.02418659
0.02604124
0.02524992
0.02234704
0.01893758
0.01668951
0.01639183
0.01775722
0.02093991
0.02403045
0.02319587
0.0197035
0.01616348
0.01254597
0.009690192
0.007091048
0.003430475
-0.001091503
-0.006667682
-0.01395162
-0.02140784
-0.02603787
-0.02851513
-0.03049342
-0.03070282
-0.02900554
-0.02753897
-0.02655253
-0.02239407
-0.01391966
-0.004106991
0.00437673
0.009408637
0.01204843
0.01339403
0.01345167
0.01450791
0.01671265
0.01883031
0.01866624
0.01404093
0.007544416
0.000916708
-0.005990589
-0.01028912
-0.01154625
-0.0139991
-0.01962785
-0.02649613
-0.03206282
-0.03499445
-0.0348115
-0.03141747
-0.02627827
-0.02208201
-0.02045082
-0.0211157
-0.02311418
-0.02593666
-0.02955408
-0.03362801
-0.03735918
-0.03939757
-0.03894019
-0.0369593
-0.03299318
-0.02750866
-0.02374421
-0.02091197
-0.01734143
-0.0135983
-0.009181252
-0.004532258
0.0007906642
0.007574837
0.0136979
0.01700544
0.01629298
0.01172678
0.003748536
-0.007699149
-0.020447
-0.03217237
-0.04301885
-0.05212187
-0.05559585
-0.05170138
-0.04213886
-0.02907657
-0.01548928
-0.002602567
0.009249914
0.01860673
0.02565269
0.0296951
0.02960455
0.02782343
0.02750286
0.02954633
0.03174161
0.02995574
0.02267058
0.01263067
0.002831275
-0.006750025
-0.01556155
-0.02142223
-0.02505093
-0.02844012
-0.03153322
-0.03324313
-0.03240478
-0.02908651
-0.02513231
-0.02134936
-0.01665754
-0.01116965
-0.006574947
-0.004211042
-0.004049012
-0.005294764
-0.007207874
-0.009320446
-0.01204062
-0.01449488
-0.01469366
-0.01196557
-0.00761669
-0.004644909
-0.004200696
-0.005533204
-0.006126358
-0.003530346
0.0004946337
0.003958384
0.005787739
0.006912565
0.01001492
0.01512856
0.02073941
0.02434764
0.02643859
0.02865837
0.03092404
0.03532078
0.0422058
0.0503577
0.05767832
0.06191764
0.06218873
0.05888366
0.0564475
0.05602305
0.05579963
0.05503397
0.05228343
0.04855689
0.04489728
0.04017695
0.03309433
0.0260121
0.01916724
0.01038838
0.002092471
-0.006124191
-0.01339422
-0.01803692
-0.02224417
-0.0242656
-0.02290662
-0.02003637
-0.01771297
-0.01568874
-0.01157599
-0.006978313
-0.003481208
0.0008387434
0.006750683
0.01254959
0.01593254
0.01733473
0.01875404
0.01981601
0.02027194
0.02178676
0.02441606
0.02542329
0.02310031
0.01867555
0.01498467
0.01321134
0.01077521
0.007211862
0.003676043
-0.002331191
-0.01222954
-0.02342457
-0.03296859
-0.04086711
-0.04740871
-0.05164932
-0.05390482
-0.05386724
-0.05155462
-0.04915761
-0.04840066
-0.04989382
-0.05397106
-0.05912546
-0.06236216
-0.06329401
-0.06327927
-0.06295442
-0.06116398
-0.05696313
-0.0515227
-0.04276146
-0.03047532
-0.01992117
-0.01296969
-0.009219212
-0.007577538
-0.00579576
-0.003897705
-0.001968604
0.001228469
0.0059498
0.01189265
0.01825299
0.02311681
0.02504401
0.02455913
0.0230516
0.02095777
0.01905456
0.01759897
0.01532118
0.0113569
0.00518948
-0.001721289
-0.006893717
-0.009186972
-0.008054608
-0.004365055
0.0007548468
0.006542682
0.01084059
0.01344088
0.01728644
0.02168527
0.02358734
0.02326715
0.02120185
0.01788543
0.01555805
0.01440168
0.01202141
0.006253914
-0.003463309
-0.01513119
-0.02664245
-0.03695126
-0.04424768
-0.04783123
-0.04751059
-0.04399076
-0.04009635
-0.03639183
-0.03261798
-0.02947261
-0.02607578
-0.02129568
-0.01455706
-0.006063258
0.003628458
0.01438238
0.02461812
0.03228982
0.03744399
0.04086441
0.04183149
0.04023025
0.03731016
0.03302329
0.0284164
0.02536895
0.02453967
0.0271051
0.03224639
0.03845365
0.04517666
0.05091029
0.05534506
0.05754919
0.05652614
0.05382546
0.04974936
0.04372234
0.03684626
0.03065016
0.02522227
0.01920998
0.01193239
0.00493306
0.0001885031
-0.002801837
-0.004941804
-0.005940417
-0.005934954
-0.005402475
-0.004918453
-0.004138835
-0.002153025
0.0008546388
0.003188438
0.003347478
0.003445574
0.005309068
0.007112825
0.007845834
0.00795625
0.007066463
0.003506001
-0.003439624
-0.01178362
-0.01962448
-0.0263712
-0.03098186
-0.03224096
-0.0306825
-0.02785504
-0.02524593
-0.02412084
-0.02394724
-0.02384471
-0.0236307
-0.02243466
-0.02016487
-0.01713613
-0.0133397
-0.010088
-0.007900497
-0.005855668
-0.004773709
-0.005856781
-0.008250885
-0.01071096
-0.01371425
-0.01822911
-0.02325231
-0.02798494
-0.03310349
-0.03817207
-0.04202208
-0.04301639
-0.03987739
-0.03412725
-0.02734046
-0.02001178
-0.01369137
-0.008556467
-0.003780191
-0.0006039711
-0.0001912346
-0.00190066
-0.00467643
-0.007606077
-0.009956115
-0.01185851
-0.01336783
-0.01412
-0.01433245
-0.01370237
-0.01232375
-0.01075511
-0.008207114
-0.003994261
0.00184727
0.00799792
0.01249597
0.01486928
0.01561352
0.01627664
0.01807926
0.02062351
0.02355431
0.02564632
0.02560669
0.02455122
0.02338511
0.02185662
0.0200894
0.0183916
0.0177186
0.01827818
0.01898158
0.01928823
0.01957674
0.02067085
0.02239161
0.02410304
0.026066
0.0285454
0.03029909
0.02968772
0.02792153
0.02593465
0.02173424
0.01483131
0.007504254
0.001151644
-0.004995212
-0.01024408
-0.01261879
-0.01225187
-0.01015175
-0.007064324
-0.004436531
-0.003658007
-0.004030264
-0.004392875
-0.004647974
-0.004151433
-0.002743373
-0.0008389366
0.0008443133
0.0008304455
-0.0002681805
-0.0009767819
-0.002269725
-0.00539386
-0.009841893
-0.01386794
-0.01646564
-0.01826127
-0.01924181
-0.01885317
-0.01783296
-0.01794171
-0.01976556
-0.02192363
-0.02400962
-0.02706494
-0.0310415
-0.0341919
-0.03568138
-0.03717113
-0.03938689
-0.04085259
-0.04103816
-0.04075477
-0.03933659
-0.03624723
-0.03316776
-0.03054889
-0.02875734
-0.02816466
-0.02625231
-0.02202536
-0.01636402
-0.01013536
-0.004368365
0.001635679
0.007454843
0.01210825
0.01646741
0.02073944
0.02507249
0.02875677
0.03066453
0.0322846
0.03411045
0.03475225
0.03492688
0.0362096
0.03831398
0.04024956
0.04243309
0.04546377
0.04915735
0.05311096
0.05593901
0.05727136
0.05761533
0.05664702
0.05552898
0.05505435
0.05437724
0.05365262
0.05280231
0.05031828
0.04580329
0.04118469
0.0377504
0.03513262
0.03254393
0.02917777
0.02536021
0.02162137
0.0174837
0.01244393
0.006599906
-0.0001521359
-0.008473252
-0.01764829
-0.02604309
-0.03308885
-0.03870836
-0.04288326
-0.04573979
-0.04748523
-0.04788487
-0.04659573
-0.0440594
-0.04006068
-0.03456481
-0.02929091
-0.02480521
-0.02032888
-0.01588367
-0.01085801
-0.004139682
0.003524987
0.01000943
0.01383564
0.01471224
0.01302274
0.01027644
0.008073853
0.006365849
0.005193406
0.00449588
0.003077637
0.001060554
-0.0005988013
-0.001666979
-0.002095515
-0.002092432
-0.002063401
-0.002495403
-0.003234372
-0.003998307
-0.00548285
-0.007872632
-0.01020757
-0.01189185
-0.0133086
-0.01449233
-0.01511867
-0.01509712
-0.01441101
-0.0134775
-0.01228702
-0.01090691
-0.009760417
-0.008852225
-0.008505168
-0.009107583
-0.01036106
-0.01119414
-0.01140573
-0.01127335
-0.01003951
-0.007991862
-0.00605144
-0.004309535
-0.003030376
-0.002353368
-0.001884236
-0.0009290826
0.0014912
0.005234226
0.009072724
0.01265805
0.01570575
0.01720439
0.01661995
0.01435779
0.01133964
0.008326922
0.005464826
0.003129377
0.002255719
0.002187921
0.001878166
0.002673252
0.005585843
0.009238647
0.01252093
0.01566005
0.01817242
0.01911723
0.01870357
0.01773329
0.01708864
0.01733947
0.01833123
0.01960054
0.02021413
0.0193197
0.01741276
0.01543056
0.01390879
0.0136159
0.01468883
0.01591672
0.01643071
0.01671932
0.01732255
0.01841597
0.02042451
0.02290495
0.02462628
0.02526925
0.02503794
0.02449036
0.02442304
0.02427991
0.02344173
0.02222978
0.01994465
0.01643015
0.01256593
0.007830195
0.002410571
-0.002055862
-0.004782981
-0.005848972
-0.005752377
-0.004925895
-0.004008596
-0.003938719
-0.004695111
-0.005616613
-0.006478902
-0.007148218
-0.007694474
-0.008708003
-0.009886918
-0.01070676
-0.01166077
-0.01284172
-0.01397648
-0.01488082
-0.01547489
-0.01584778
-0.01577944
-0.01546084
-0.0157134
-0.01714733
-0.01924304
-0.02113578
-0.0231661
-0.0253088
-0.02704525
-0.02892045
-0.0310379
-0.03246094
-0.03285792
-0.03279146
-0.03297202
-0.03356234
-0.03399615
-0.03395633
-0.0335887
-0.03256711
-0.03022721
-0.02690433
-0.02367226
-0.02069345
-0.01802931
-0.01628927
-0.01556953
-0.01593461
-0.01729414
-0.01919265
-0.02159851
-0.02387428
-0.02512206
-0.02573718
-0.02615783
-0.02665257
-0.02778605
-0.02924445
-0.03077685
-0.03259616
-0.03393027
-0.03399457
-0.03314479
-0.0317254
-0.02966255
-0.02734432
-0.02493194
-0.02176775
-0.01773271
-0.01323381
-0.008311451
-0.003519893
0.0008463011
0.005483812
0.009868168
0.01317739
0.01553511
0.01670007
0.0168769
0.01720773
0.01850018
0.02034823
0.02229074
0.02474644
0.0277243
0.03081093
0.03367959
0.03644249
0.03938405
0.0415925
0.04233613
0.04229577
0.04206464
0.04130027
0.03956256
0.03784136
0.03685769
0.03585638
0.03465702
0.03275677
0.02978672
0.02697457
0.02490589
0.0234687
0.02324622
0.02450519
0.02557809
0.02472563
0.02232628
0.01858327
0.01382746
0.009621553
0.006209574
0.003148987
0.0004464341
-0.002245082
-0.005044328
-0.008090364
-0.01106922
-0.01287274
-0.01376655
-0.01458082
-0.01507501
-0.01508544
-0.01462086
-0.01393441
-0.0133137
-0.01261842
-0.01196672
-0.01114576
-0.01034075
-0.01022611
-0.01046437
-0.01106345
-0.01229802
-0.01333119
-0.01349538
-0.01313268
-0.01232197
-0.01104082
-0.01019219
-0.01036845
-0.01139157
-0.0129403
-0.01449085
-0.01543046
-0.01564064
-0.01554508
-0.01531024
-0.01523403
-0.01549808
-0.01533748
-0.01412469
-0.01227432
-0.01069065
-0.009650259
-0.008907861
-0.008121261
-0.006790827
-0.004717147
-0.00196583
0.001011672
0.00348675
0.005165537
0.006170167
0.006727399
0.006960851
0.007241395
0.008205773
0.009817176
0.01136506
0.01234067
0.01270956
0.01274223
0.01278676
0.0126427
0.01165695
0.0101404
0.009206325
0.009309324
0.01024783
0.0117848
0.01368558
0.01527863
0.01566846
0.01463827
0.01262735
0.009940181
0.006498612
0.002698387
-0.0004928188
-0.002265737
-0.002253848
-0.00103881
0.0002156039
0.0007197108
0.0005284453
0.000603106
0.001718547
0.003679003
0.005689699
0.006705574
0.006080595
0.004524953
0.003399052
0.002772075
0.001857823
0.0006996539
-0.0004380349
-0.001988072
-0.004408954
-0.007205635
-0.009052421
-0.009632685
-0.009767263
-0.009481927
-0.00889571
-0.008952178
-0.009859204
-0.01136765
-0.01325357
-0.01501307
-0.01598744
-0.0155383
-0.01372547
-0.01144076
-0.009544361
-0.007616181
-0.005436027
-0.004296011
-0.003943726
-0.003406964
-0.002974155
-0.002775141
-0.002780932
-0.002110637
-0.0004095653
0.0009935351
0.001660152
0.001951272
0.002140991
0.002345978
0.002333933
0.002015799
0.001701332
0.001595931
0.0008519513
-0.0008007044
-0.002108802
-0.002718545
-0.003251282
-0.003746088
-0.003945521
-0.004055695
-0.004435826
-0.004816206
-0.004741157
-0.00433173
-0.003783669
-0.00323985
-0.002980441
-0.002793153
-0.002470167
-0.002160629
-0.001700278
-0.001303089
-0.00152116
-0.002382893
-0.00374139
-0.005164729
-0.00615598
-0.006801793
-0.007167186
-0.007253534
-0.007370153
-0.007613411
-0.007809186
-0.008170115
-0.008911416
-0.009484021
-0.009491507
-0.009115263
-0.008347569
-0.006932241
-0.004886403
-0.002749937
-0.0009460388
0.0004382564
0.001481983
0.002477145
0.003367591
0.004117318
0.004878303
0.005042812
0.004652068
0.004634602
0.004887929
0.005518693
0.006994656
0.008912742
0.01067535
0.01150986
0.01118276
0.01064744
0.01072909
0.01131422
0.01202874
0.01236788
0.01153212
0.009265674
0.005816905
0.001891136
-0.001407808
-0.003870262
-0.005927615
-0.007502453
-0.008236302
-0.007939041
-0.006985439
-0.005882668
-0.004602437
-0.003383054
-0.002347454
-0.00137037
-0.0006056743
0.0002084084
0.0008556342
0.0007233233
0.0001391304
-0.0002054498
-0.0001204002
0.0002482608
0.001320658
0.003216854
0.004905115
0.005918878
0.006995197
0.008639502
0.01049452
0.01205038
0.01319401
0.01417748
0.01495972
0.01500571
0.01428387
0.01321741
0.0116667
0.009471604
0.007262506
0.005652107
0.004678455
0.004033632
0.003331151
0.002559542
0.002067211
0.001994325
0.002154541
0.002282089
0.001880666
0.0004340774
-0.001925063
-0.004567032
-0.007025119
-0.008650075
-0.008885908
-0.008405625
-0.008092998
-0.008142132
-0.008491974
-0.008845234
-0.008948333
-0.008555249
-0.007644693
-0.006962183
-0.006824002
-0.006429535
-0.005526476
-0.004549528
-0.003609402
-0.003113917
-0.003478684
-0.004504965
-0.005764178
-0.00658991
-0.006636788
-0.006245942
-0.00558892
-0.004590244
-0.003495845
-0.002520401
-0.001784327
-0.001549481
-0.001508207
-0.001047433
0.0002100128
0.002347003
0.00453359
0.006013121
0.006772195
0.006759021
0.006194402
0.005444352
0.004551288
0.003487162
0.002430998
0.001755013
0.001652907
0.002110381
0.003111389
0.004603686
0.006269546
0.007927955
0.009626523
0.01100683
0.01185779
0.01236238
0.01245043
0.01195416
0.01103773
0.01001483
0.008989819
0.008067851
0.007320068
0.006552695
0.005513202
0.004193842
0.00290558
0.001996131
0.001725914
0.002134386
0.003106272
0.004596817
0.006328579
0.008037204
0.009657492
0.01089838
0.011729
0.01237502
0.01281016
0.01338388
0.01446418
0.01565479
0.0168032
0.01805284
0.0188493
0.01887071
0.01888151
0.01956693
0.02075721
0.0221878
0.02385684
0.02539991
0.02624437
0.02624446
0.02561664
0.02450681
0.02275713
0.02040219
0.01766296
0.01456361
0.01164981
0.009663027
0.008418596
0.007437925
0.006446823
0.005181436
0.003761252
0.00242851
0.001071392
-0.0007674409
-0.003302597
-0.006129741
-0.008896625
-0.01119727
-0.01268719
-0.01362341
-0.01426383
-0.01480049
-0.01531777
-0.01564937
-0.01588868
-0.01625406
-0.01663908
-0.01679851
-0.01671724
-0.01628397
-0.01550455
-0.01495302
-0.01523398
-0.01627621
-0.01725227
-0.01787742
-0.01843504
-0.01865112
-0.01811016
-0.01669827
-0.01508552
-0.01412945
-0.01372819
-0.01361781
-0.01373298
-0.01378903
-0.01372227
-0.0136829
-0.01369194
-0.01390926
-0.01421236
-0.01443662
-0.01506869
-0.01617673
-0.01740012
-0.01873204
-0.02018722
-0.02177056
-0.02368424
-0.02597866
-0.02823965
-0.02999909
-0.03085241
-0.03058959
-0.02950363
-0.02797078
-0.02623922
-0.0242996
-0.02205368
-0.0196707
-0.01725876
-0.01506949
-0.01361711
-0.01285564
-0.01236224
-0.01191229
-0.01107223
-0.009700198
-0.008047857
-0.005773473
-0.002857526
-3.242153e-05
0.002286809
0.003879749
0.00474328
0.00525294
0.005549217
0.005486068
0.005277733
0.005410121
0.005876205
0.006456074
0.006945046
0.006943264
0.006577177
0.006168305
0.005448584
0.004484094
0.003830676
0.003530731
0.003316667
0.003094139
0.002933856
0.003125198
0.003504979
0.003550165
0.003479785
0.003886046
0.005062021
0.006999016
0.009296614
0.01132895
0.01274552
0.01366637
0.014029
0.01382943
0.01350702
0.01306173
0.01241733
0.01177226
0.01093701
0.009902338
0.009075163
0.008708576
0.008665205
0.008417361
0.007910377
0.007583624
0.007486272
0.007371443
0.007222195
0.007493001
0.007936688
0.007647652
0.006557971
0.004930755
0.002982392
0.001131988
5.017802e-05
-0.0001216298
9.635564e-05
0.0007956583
0.00174027
0.002501029
0.003528197
0.004854353
0.005856351
0.00611209
0.005916545
0.005652477
0.005302961
0.005212499
0.005496437
0.005783524
0.006063629
0.006393931
0.006705374
0.00693234
0.006708229
0.005982685
0.005544034
0.005718919
0.006186447
0.006997088
0.007928501
0.008581783
0.009330133
0.01053047
0.01210817
0.01413305
0.01643708
0.01821423
0.01889497
0.01872955
0.0179041
0.01651766
0.01525491
0.01463549
0.01457316
0.01460835
0.01440993
0.01406299
0.01346794
0.01268604
0.01207235
0.01171204
0.01154289
0.01144498
0.01123038
0.01057112
0.009445612
0.008113988
0.006673251
0.0055727
0.005329484
0.006054841
0.00750767
0.008988653
0.009983243
0.01048906
0.01044325
0.009710395
0.008420063
0.006990796
0.005784333
0.004775165
0.00395605
0.003288611
0.002353511
0.001131964
8.971887e-05
-0.0007158296
-0.001436138
-0.002144467
-0.00329706
-0.005060285
-0.006693336
-0.007695014
-0.007997636
-0.007647205
-0.00731877
-0.00740018
-0.00748056
-0.007388958
-0.007324252
-0.007370072
-0.007297297
-0.007258124
-0.007844781
-0.008818867
-0.009670532
-0.01064172
-0.0119903
-0.01347875
-0.01480277
-0.01587294
-0.01655293
-0.01678401
-0.01689904
-0.01721746
-0.0177668
-0.01843957
-0.01911128
-0.01973478
-0.0203716
-0.02120031
-0.02227762
-0.02333548
-0.02443642
-0.02606877
-0.0281791
-0.0302458
-0.03175162
-0.03223478
-0.03179003
-0.03076504
-0.02923698
-0.0275225
-0.02613549
-0.02526456
-0.02484583
-0.02481161
-0.02494289
-0.02490695
-0.02474675
-0.02464355
-0.02447468
-0.0241136
-0.02362758
-0.02319938
-0.02303497
-0.02329016
-0.02395124
-0.02466298
-0.02489717
-0.02431531
-0.02296576
-0.0212005
-0.01938026
-0.01767612
-0.01599542
-0.01420991
-0.01245459
-0.0107916
-0.009121725
-0.007448277
-0.005699294
-0.003882902
-0.002145236
-0.0006097077
0.0004951825
0.001176017
0.001739763
0.002377987
0.003137382
0.003851238
0.004293719
0.0046112
0.005185122
0.006146508
0.007240972
0.008294469
0.00939691
0.01053916
0.01165877
0.01285146
0.01424186
0.01564871
0.01676909
0.01759278
0.01798526
0.01775291
0.01722401
0.01676356
0.016511
0.01662161
0.01708657
0.01769697
0.01826447
0.01886657
0.01947349
0.01976488
0.01983216
0.01996882
0.02016519
0.02022842
0.01986171
0.01924082
0.01888395
0.01867241
0.0184493
0.0186358
0.01936118
0.02009828
0.02032687
0.02004046
0.01921975
0.01784262
0.01629258
0.014453
0.01213165
0.009918176
0.007943869
0.006069434
0.004764264
0.004066097
0.003563608
0.003164097
0.002860542
0.002642287
0.002544933
0.002612689
0.002899406
0.003432642
0.00417881
0.005142852
0.006232724
0.007141255
0.007713955
0.007868403
0.007840771
0.008049672
0.008013869
0.007413191
0.007020802
0.007037561
0.006748443
0.005962024
0.004861006
0.003366522
0.001878035
0.0008442238
0.0001711049
0.0001402259
0.0008898572
0.002147796
0.003909023
0.005956651
0.007788676
0.008928636
0.009259186
0.009080485
0.008740437
0.00856986
0.00852372
0.008287174
0.00777154
0.007145773
0.006457363
0.005439682
0.004061754
0.00233282
0.0004933785
-0.0007546214
-0.001593264
-0.002425401
-0.003018021
-0.003576909
-0.004348513
-0.005128603
-0.005600165
-0.005294806
-0.003918833
-0.001727976
0.0006700764
0.002741173
0.004302068
0.005329051
0.005528347
0.005020145
0.004709999
0.004825632
0.004897764
0.004768114
0.004415115
0.00395368
0.003499694
0.002968821
0.002359832
0.001620161
0.0005340317
-0.000790365
-0.001949927
-0.002846883
-0.003673013
-0.004546703
-0.005216165
-0.005341825
-0.004899632
-0.003860797
-0.002386357
-0.0009733923
0.0001566378
0.001128485
0.001841706
0.002197172
0.002579239
0.002973598
0.003223782
0.003833126
0.004803506
0.005563333
0.005563927
0.004405057
0.002311743
-0.0002999202
-0.002990871
-0.005157045
-0.006529696
-0.007260894
-0.007684366
-0.007939529
-0.007834393
-0.007316467
-0.006695056
-0.006143138
-0.005610189
-0.005299006
-0.005183059
-0.004908593
-0.004565006
-0.00438204
-0.00425714
-0.004125952
-0.004119073
-0.004265196
-0.004490578
-0.00462016
-0.004267011
-0.003231142
-0.001903482
-0.0009423073
-0.0004711729
-0.0001519635
0.0001597665
0.0004856876
0.001093757
0.002301365
0.004002902
0.00590987
0.007712194
0.009104204
0.01001378
0.01040113
0.01038298
0.01020351
0.009837331
0.009223662
0.008418993
0.007392738
0.006237672
0.005126726
0.004184792
0.003512205
0.002826418
0.002121248
0.00176265
0.001688643
0.001791611
0.002019756
0.002312094
0.002479054
0.002309637
0.002149438
0.002214553
0.002149944
0.00164274
0.0007120268
-0.0004399852
-0.001773589
-0.003245414
-0.004449269
-0.005238311
-0.005916704
-0.006567421
-0.007126783
-0.007515071
-0.007719858
-0.007786156
-0.007682438
-0.007683935
-0.007942598
-0.008229868
-0.008483317
-0.008627873
-0.008527932
-0.008198173
-0.007740846
-0.007369531
-0.007208612
-0.007124106
-0.007161196
-0.007573673
-0.00823347
-0.008949541
-0.00991087
-0.0112067
-0.01267458
-0.01425319
-0.01592262
-0.0176213
-0.01952975
-0.02164006
-0.02339539
-0.02423167
-0.02387137
-0.02250252
-0.02077793
-0.019381
-0.01833707
-0.01714912
-0.0159001
-0.01485681
-0.01392214
-0.01315873
-0.01260729
-0.01211467
-0.01151407
-0.0108014
-0.01014132
-0.009664558
-0.009164431
-0.008280539
-0.007190504
-0.006210868
-0.005514322
-0.005322368
-0.005575557
-0.006001509
-0.006265099
-0.006295837
-0.006252403
-0.006048486
-0.005655731
-0.005266197
-0.005022506
-0.004791663
-0.004525527
-0.004541045
-0.004690741
-0.004643166
-0.004698514
-0.005024061
-0.00535366
-0.005633347
-0.006013983
-0.006613139
-0.007361506
-0.007973491
-0.008321189
-0.008363358
-0.007932962
-0.007059852
-0.006009821
-0.004899412
-0.003431533
-0.00138786
0.0007767236
0.002450952
0.00355395
0.004305894
0.004944222
0.00577376
0.006858294
0.007924546
0.008621368
0.008697192
0.008233992
0.007456239
0.006615573
0.006130231
0.006187847
0.006655138
0.00748541
0.008587837
0.009619414
0.01033835
0.01081817
0.01127075
0.01187145
0.01264321
0.01320955
0.01300837
0.01204412
0.01082931
0.009750216
0.009037114
0.008841787
0.009130071
0.009966406
0.01133086
0.01281607
0.01426032
0.0155834
0.01645442
0.01686236
0.01699542
0.01692429
0.01659642
0.0160153
0.01535322
0.01462646
0.01372148
0.01264677
0.01157905
0.01091945
0.01088701
0.01118848
0.01154048
0.01178457
0.01173752
0.01149172
0.01121492
0.01112617
0.01148135
0.01208529
0.01264114
0.01293689
0.01274457
0.01210725
0.01124964
0.01043899
0.009749777
0.009060117
0.008490419
0.008265183
0.008432693
0.008675812
0.008340001
0.007314925
0.006272592
0.005657816
0.005402362
0.005554383
0.006233041
0.007144834
0.007918753
0.00837351
0.008320534
0.007811819
0.007076882
0.006389617
0.006029706
0.006022522
0.00632141
0.006781715
0.007136885
0.007210503
0.006949898
0.006519365
0.005966392
0.005169972
0.004268352
0.003317241
0.002070214
0.0005989436
-0.0007631316
-0.001933752
-0.002806059
-0.003177862
-0.003057423
-0.002443932
-0.001280467
0.0002128193
0.00160383
0.002757407
0.003838837
0.004775568
0.005416934
0.005674084
0.005254071
0.004095043
0.002571712
0.001083598
-0.0001258308
-0.0009528955
-0.001332319
-0.001163222
-0.0004988163
0.0003414764
0.001090862
0.001593968
0.001694867
0.001407271
0.0008596783
0.0002822078
-0.0001203253
-0.0006073081
-0.001558342
-0.002946685
-0.004575862
-0.006129801
-0.007273626
-0.007945693
-0.008212605
-0.008201282
-0.00810652
-0.008116962
-0.008284132
-0.008603559
-0.009120691
-0.00964051
-0.009852881
-0.009570166
-0.008776541
-0.007895647
-0.007389618
-0.007294289
-0.007684163
-0.008645942
-0.009827389
-0.01088757
-0.01174988
-0.01239353
-0.01290998
-0.01330873
-0.01355414
-0.01363347
-0.01322471
-0.01204376
-0.01043077
-0.009000191
-0.008094985
-0.007774437
-0.007860472
-0.008146847
-0.008539172
-0.008778587
-0.008769811
-0.008734174
-0.008610271
-0.008324624
-0.008005478
-0.007676751
-0.00737585
-0.007057039
-0.006543872
-0.005755373
-0.004792593
-0.003816671
-0.002804343
-0.001693262
-0.0006554306
2.047108e-05
0.0001172955
-0.0003672076
-0.001268287
-0.00229618
-0.002986582
-0.003128168
-0.002973766
-0.002936675
-0.003273375
-0.003928414
-0.004614895
-0.004795172
-0.004198843
-0.002955282
-0.001106457
0.0009183699
0.002502536
0.003553748
0.004188804
0.004438898
0.00432483
0.003959742
0.003421343
0.002641688
0.001597257
0.0005629456
-0.0001207018
-0.0004071485
-0.0003399935
-1.266475e-05
0.000511808
0.00117641
0.001651305
0.001655451
0.001189427
0.0003765686
-0.0005648306
-0.001270175
-0.001571746
-0.001657574
-0.001572458
-0.001318954
-0.0009372623
-0.000468796
-0.0002407734
-0.0004021307
-0.0008050153
-0.001299036
-0.001566393
-0.001497889
-0.001394529
-0.001392652
-0.001443001
-0.001498844
-0.00142914
-0.001308922
-0.001263475
-0.001115017
-0.0008211054
-0.0005859685
-0.0004425972
-0.000437356
-0.0006494633
-0.0009417594
-0.001242672
-0.001504548
-0.001681579
-0.001798944
-0.001746394
-0.001554146
-0.001442508
-0.00155116
-0.001849172
-0.002249135
-0.002612717
-0.002772119
-0.002791371
-0.002694582
-0.002412249
-0.001996869
-0.001437374
-0.0006455827
0.0002902985
0.001056573
0.001474067
0.001534879
0.001379968
0.001288317
0.001455074
0.001799361
0.001861613
0.001437027
0.000789098
0.0002203719
-7.490348e-05
-0.0001223203
3.560672e-05
0.0003523215
0.0006203545
0.0007753569
0.000950394
0.001158369
0.001475314
0.001986238
0.002467072
0.002915234
0.003447954
0.003930731
0.004259389
0.004362224
0.004205713
0.003777819
0.003224009
0.002806818
0.002442122
0.001918554
0.001175748
0.0001756406
-0.0008973402
-0.001747441
-0.002416588
-0.002965344
-0.003324338
-0.003573583
-0.00372962
-0.003759829
-0.003577025
-0.003023922
-0.002244254
-0.001564471
-0.001158652
-0.0009085914
-0.0005950707
-0.0002939221
-7.621063e-05
0.0002154574
0.0006134182
0.0009506152
0.001087856
0.001109521
0.00108911
0.0008702989
0.0002845701
-0.0006945751
-0.001914746
-0.00315119
-0.004052148
-0.004272009
-0.003811671
-0.002759518
-0.001349666
3.121705e-05
0.00127252
0.002390779
0.003381908
0.004233158
0.004761973
0.004843746
0.004581272
0.004056178
0.003533991
0.003405807
0.003556287
0.003545749
0.003093239
0.002150823
0.0008205131
-0.0006712538
-0.00199723
-0.00301829
-0.003740473
-0.004245709
-0.004671727
-0.004767507
-0.004242167
-0.003376211
-0.002605736
-0.002134704
-0.002015599
-0.002152651
-0.002303391
-0.00233403
-0.002231701
-0.001835602
-0.001006312
0.000192477
0.001613826
0.003052826
0.004190565
0.004733395
0.00477326
0.004673125
0.0046463
0.004807835
0.005101056
0.005355726
0.005620283
0.005828588
0.005795136
0.005637249
0.005551496
0.005606229
0.005785918
0.006049137
0.006403517
0.006781606
0.007011034
0.007026101
0.006864976
0.006572619
0.006242846
0.005811029
0.005093988
0.004175531
0.003380743
0.003009846
0.003151782
0.003620674
0.004012547
0.004033931
0.003680367
0.003109485
0.002519317
0.001912362
0.001381916
0.001183377
0.00123056
0.001414576
0.001736391
0.002090527
0.002354186
0.002327902
0.002006761
0.001633749
0.001217824
0.0006310611
-8.771259e-05
-0.0008803396
-0.001613202
-0.00216542
-0.002653269
-0.003121379
-0.003567537
-0.004003773
-0.004376293
-0.004673939
-0.00486701
-0.004982022
-0.004979879
-0.004785787
-0.004604374
-0.004747628
-0.005333073
-0.006223705
-0.007317321
-0.008455093
-0.009348586
-0.01012289
-0.01095556
-0.01155777
-0.0116444
-0.01120361
-0.0102445
-0.008868503
-0.007309629
-0.005801683
-0.004588645
-0.003690181
-0.003053952
-0.002726909
-0.002556114
-0.002458862
-0.002466112
-0.002306078
-0.001669785
-0.0006606723
0.0004153522
0.001468944
0.00245533
0.00322935
0.003755832
0.003995658
0.003944614
0.003762217
0.003619961
0.003711817
0.0041992
0.005015802
0.005983402
0.007102519
0.00841528
0.009765146
0.01100181
0.0119116
0.01224459
0.01210429
0.01175362
0.01137208
0.01107166
0.01078129
0.01039242
0.009999933
0.009747023
0.009728157
0.0100374
0.01057439
0.01116699
0.01169883
0.01190626
0.01163149
0.01109013
0.01056129
0.01003638
0.009428321
0.008881692
0.008576823
0.008460794
0.008392529
0.008426909
0.008656979
0.008986921
0.009326041
0.009670102
0.009957652
0.01005083
0.009820612
0.009222361
0.008463919
0.00797673
0.007874563
0.008010896
0.008265081
0.008437357
0.008518489
0.008429339
0.007920809
0.007049851
0.005881561
0.004473248
0.003094169
0.002001854
0.001276772
0.0008495798
0.0005911839
0.000281809
-0.0001005898
-0.000448362
-0.0008779843
-0.001275306
-0.001289424
-0.0009168732
-0.0004114976
0.0001330925
0.0007893303
0.001636306
0.002602531
0.003372982
0.003869211
0.004262137
0.004436907
0.004270955
0.003727845
0.002705566
0.001227187
-0.000515688
-0.002139673
-0.003325891
-0.004197635
-0.004982908
-0.005665989
-0.006377113
-0.007376166
-0.008567557
-0.009683392
-0.01050661
-0.01098451
-0.01118258
-0.01095054
-0.01029132
-0.009410776
-0.008341664
-0.007256291
-0.006470715
-0.006188919
-0.006426952
-0.007008966
-0.007852608
-0.008885203
-0.009848043
-0.01052878
-0.01088206
-0.01099782
-0.01110511
-0.01139975
-0.01182086
-0.01218912
-0.0124635
-0.01270973
-0.01298147
-0.01333704
-0.01377565
-0.01408884
-0.0140852
-0.01389839
-0.01368709
-0.01348837
-0.0134782
-0.01372915
-0.01407606
-0.01429064
-0.01413203
-0.0135595
-0.01270116
-0.0117284
-0.01077651
-0.009868866
-0.009060776
-0.008388502
-0.00787817
-0.007634174
-0.007712604
-0.008130328
-0.008756567
-0.009324594
-0.009807471
-0.01014521
-0.01021227
-0.01027025
-0.01045708
-0.0106637
-0.01091183
-0.01113748
-0.01123851
-0.01119157
-0.01100918
-0.01073334
-0.01036452
-0.009767906
-0.008838688
-0.007731476
-0.006598487
-0.005509599
-0.004487328
-0.003579373
-0.002969771
-0.002561775
-0.002211096
-0.002087517
-0.002232549
-0.002529445
-0.002884634
-0.003243873
-0.003568571
-0.003735248
-0.003641624
-0.003342403
-0.00294966
-0.002582825
-0.002382406
-0.002360999
-0.002351108
-0.002129232
-0.001690094
-0.001322561
-0.001170557
-0.00121143
-0.001367339
-0.001486146
-0.001561452
-0.001663512
-0.001773256
-0.001752662
-0.001465604
-0.000913376
-0.0002532032
0.0002388643
0.0005141263
0.0007146722
0.0009406252
0.001328446
0.001857715
0.002395723
0.002876059
0.003162474
0.003228665
0.00321587
0.003208525
0.003309191
0.003699271
0.004554969
0.00580567
0.007111286
0.008180789
0.008896142
0.009407037
0.009875002
0.01010006
0.00997745
0.009527977
0.008728802
0.00788515
0.007215697
0.006592516
0.005960938
0.005271301
0.004581285
0.004228708
0.004459435
0.005132174
0.005977197
0.006941119
0.007911795
0.008752949
0.009499513
0.01015251
0.01076759
0.01136541
0.01190598
0.0124711
0.01301039
0.01331188
0.0132403
0.01280853
0.01216054
0.01144439
0.01075629
0.01020198
0.009854916
0.009821348
0.01020142
0.01089636
0.0117217
0.01239472
0.01269523
0.0126424
0.01234118
0.01196554
0.01161665
0.01135567
0.01118086
0.01097971
0.01072749
0.01032236
0.009694231
0.008978902
0.008280635
0.007601434
0.006879745
0.00612999
0.00547102
0.004958297
0.004717109
0.004968969
0.005705357
0.006674648
0.007545471
0.008168131
0.008636216
0.008924176
0.008933745
0.008614071
0.007877614
0.006732221
0.005339911
0.003930662
0.002624554
0.001459772
0.000544574
-7.899754e-05
-0.0004103601
-0.0003786706
-3.871186e-05
0.0004954614
0.001124103
0.001702975
0.002194035
0.002581227
0.002753661
0.002654734
0.002325297
0.001862639
0.001449932
0.001241716
0.001178621
0.001224985
0.001491937
0.001839878
0.001921632
0.001598946
0.0009470111
0.0001355118
-0.0005539447
-0.0008905373
-0.0008435429
-0.0005645018
-0.0002409581
-1.385271e-06
-4.927793e-05
-0.0004938673
-0.001131009
-0.001726128
-0.002140922
-0.002292812
-0.002160934
-0.001767019
-0.001284898
-0.000900227
-0.0006185761
-0.0003731506
-0.0001587492
-8.929615e-05
-0.0003020321
-0.0008583946
-0.001694269
-0.002722165
-0.00389302
-0.005053996
-0.006085699
-0.006974337
-0.00761634
-0.007846111
-0.007677346
-0.007288956
-0.006752472
-0.006028814
-0.005078994
-0.00400919
-0.003009904
-0.002253734
-0.001982799
-0.00233881
-0.003191951
-0.004170499
-0.004983715
-0.005685689
-0.006390296
-0.007096484
-0.00782573
-0.008646586
-0.009550124
-0.0104292
-0.0111495
-0.01161406
-0.01170579
-0.01129423
-0.01049497
-0.009534855
-0.008610821
-0.007909248
-0.007407617
-0.007036501
-0.006728436
-0.006332674
-0.005855131
-0.005345953
-0.004775244
-0.004257612
-0.004024341
-0.004144161
-0.004378925
-0.004505326
-0.004571114
-0.00460746
-0.004598706
-0.004675845
-0.004852882
-0.00496435
-0.005002323
-0.005024858
-0.004963135
-0.004741657
-0.004334828
-0.003869623
-0.00355628
-0.003449682
-0.003403465
-0.003213301
-0.002928425
-0.002708928
-0.002572194
-0.002627708
-0.002912909
-0.00331782
-0.003965634
-0.004900625
-0.005839117
-0.006612836
-0.00721217
-0.007587976
-0.007804566
-0.008008197
-0.008210744
-0.008367644
-0.008348812
-0.007961664
-0.007280674
-0.006552867
-0.005929057
-0.005493028
-0.005293923
-0.005320236
-0.005514599
-0.005868257
-0.006312424
-0.006666182
-0.006836978
-0.006767077
-0.006411339
-0.005848043
-0.005177605
-0.004400903
-0.003561628
-0.002796153
-0.002127108
-0.001564603
-0.001227451
-0.001161141
-0.00134332
-0.001777243
-0.002402299
-0.003059117
-0.003601589
-0.003976978
-0.004201901
-0.004253864
-0.004065837
-0.003634556
-0.003033569
-0.002345568
-0.001670931
-0.001101296
-0.0005861415
-9.063834e-05
0.0003420669
0.0008202671
0.001449068
0.002185143
0.002930683
0.00356764
0.004077488
0.004542696
0.005087026
0.00580758
0.006666263
0.007591766
0.00848923
0.009247183
0.009842557
0.01024266
0.01042458
0.01051159
0.01061109
0.01063653
0.01056609
0.01047322
0.01033788
0.0102154
0.01023256
0.01043875
0.01074735
0.01098419
0.01105277
0.01093405
0.01065465
0.01022818
0.009637509
0.008859701
0.007872093
0.006801516
0.005883602
0.005238009
0.00486851
0.004716386
0.004626941
0.004483042
0.004264252
0.003977461
0.003734842
0.003578318
0.003414121
0.003202625
0.002946658
0.002753673
0.002737412
0.002848787
0.003001576
0.003126491
0.003174863
0.003140142
0.003043274
0.002885054
0.002638436
0.002294004
0.001906507
0.001633566
0.00152164
0.001451291
0.001408391
0.001334953
0.001140707
0.0009271732
0.0007876619
0.0006818429
0.0005375602
0.000387941
0.0002291891
-4.810404e-05
-0.0004522574
-0.0009506543
-0.001411467
-0.001675318
-0.001783153
-0.001773768
-0.00170708
-0.001702152
-0.001700603
-0.001634245
-0.001556448
-0.001484724
-0.001457875
-0.001568772
-0.001920929
-0.00257913
-0.003390133
-0.004089012
-0.004535006
-0.0046814
-0.004576017
-0.004348564
-0.004102412
-0.003875566
-0.003642623
-0.003342844
-0.00292997
-0.002389046
-0.00171402
-0.0009258682
-7.899079e-05
0.0008003067
0.001744775
0.002715961
0.003445162
0.003729524
0.003721851
0.003596021
0.003376478
0.003152145
0.00299542
0.002831235
0.002585496
0.002286111
0.002002672
0.001786738
0.001682493
0.001725965
0.001899358
0.002204445
0.002548204
0.002683418
0.002522815
0.002234628
0.002011375
0.001883715
0.001775009
0.001711101
0.001753427
0.0018565
0.002057107
0.002396788
0.002718492
0.002870155
0.002800444
0.002477229
0.001983431
0.001450044
0.0009996177
0.0008575546
0.001068418
0.001439053
0.00191518
0.002473099
0.003011777
0.003501616
0.003910397
0.004167417
0.004225486
0.004036189
0.003581485
0.002933281
0.00219362
0.001416843
0.0006321583
-3.194556e-05
-0.0004679026
-0.0007178642
-0.0008262691
-0.0008318559
-0.0007533037
-0.0006077282
-0.0004367834
-0.0002692483
-0.0001680874
-0.0002303583
-0.0004556058
-0.0007169972
-0.001017853
-0.00129469
-0.001382369
-0.001421375
-0.001554281
-0.001734125
-0.001901727
-0.001985991
-0.001943092
-0.001815472
-0.001661641
-0.001491238
-0.001334168
-0.001148387
-0.0008552567
-0.0004126947
0.0002393719
0.001082421
0.002030201
0.002879297
0.003420077
0.003658766
0.003749971
0.003807637
0.003786173
0.003716775
0.00368863
0.003643489
0.003571977
0.003540925
0.003521881
0.003392792
0.003129997
0.002813821
0.002536889
0.002424981
0.002459989
0.002520842
0.002553768
0.002526317
0.0023859
0.002079683
0.00159901
0.001024615
0.0005453679
0.000248129
0.0001262117
0.0002411615
0.0005388318
0.0008528914
0.001104295
0.001294292
0.001403918
0.00139736
0.001213474
0.000812508
0.0002427965
-0.0004589529
-0.001191434
-0.001736604
-0.001966168
-0.001869383
-0.001403203
-0.0005602125
0.0004840752
0.001499622
0.002366161
0.003122223
0.003770686
0.004130706
0.004160697
0.003945909
0.003478117
0.002854621
0.002242469
0.001705827
0.001241003
0.0007997067
0.0003121458
-0.0003209878
-0.001051456
-0.001717952
-0.00235482
-0.002976952
-0.003502057
-0.004004266
-0.004581278
-0.005245855
-0.006005626
-0.006784104
-0.007420058
-0.007822447
-0.007952874
-0.007793326
-0.00747192
-0.007210552
-0.007163945
-0.007411811
-0.007849595
-0.008229274
-0.00838401
-0.008302281
-0.008087069
-0.007785647
-0.007411233
-0.007018971
-0.006608879
-0.006124668
-0.005574364
-0.005124316
-0.004863817
-0.004753312
-0.004782102
-0.004820903
-0.004704329
-0.004419238
-0.004059992
-0.003723329
-0.003472706
-0.003381894
-0.003489548
-0.003764451
-0.004103559
-0.004381338
-0.004586458
-0.004820772
-0.00503287
-0.005039004
-0.004854876
-0.004591254
-0.004321139
-0.004168127
-0.004283242
-0.004658953
-0.005134752
-0.005635778
-0.006078682
-0.006379152
-0.006508408
-0.006481593
-0.00646923
-0.006529629
-0.006611705
-0.006762943
-0.006965542
-0.007110102
-0.00720694
-0.007389905
-0.007603253
-0.007694011
-0.007664329
-0.007493017
-0.007108665
-0.006580647
-0.006078995
-0.005672454
-0.005333156
-0.005042545
-0.004754312
-0.004482352
-0.004381393
-0.00453983
-0.004919457
-0.005448534
-0.005980112
-0.006304542
-0.00631112
-0.006111217
-0.00581625
-0.005478926
-0.005143752
-0.004786519
-0.004422726
-0.004004108
-0.00349212
-0.002947137
-0.002445
-0.002059157
-0.001780217
-0.001515357
-0.001256585
-0.0009923859
-0.0007265822
-0.000461121
-0.0002237643
-3.616668e-05
1.289616e-05
-6.124825e-05
-9.440896e-05
-2.060867e-05
0.0001672306
0.0004550567
0.0007597884
0.001090702
0.001586751
0.002229932
0.002878104
0.0035208
0.004195604
0.004924535
0.005722191
0.006572264
0.007459727
0.008241701
0.008748431
0.009089174
0.009419194
0.009698738
0.009890655
0.01008994
0.01039032
0.01072832
0.01101961
0.01124211
0.01127724
0.01097258
0.01038052
0.009648784
0.008891806
0.008306364
0.007958578
0.007797835
0.007835018
0.007974452
0.008150887
0.00836357
0.008508201
0.00855932
0.008599639
0.008606644
0.008549428
0.008483087
0.008404912
0.008322057
0.008303203
0.008331381
0.008335771
0.00827502
0.008054265
0.007594895
0.006946399
0.00624672
0.00569159
0.00537805
0.005311139
0.005517155
0.005997249
0.006665768
0.007328452
0.007917502
0.008482561
0.008944158
0.00918198
0.00920863
0.009158707
0.009048481
0.008857212
0.008661794
0.008382126
0.007927724
0.007366804
0.006747279
0.006087949
0.00542092
0.004708292
0.003936934
0.00325841
0.002751865
0.002340578
0.002019514
0.001826999
0.001778957
0.001922758
0.002305416
0.002846228
0.003355411
0.003719143
0.003907528
0.003862022
0.003572297
0.003135274
0.002625564
0.002218345
0.00205638
0.002022559
0.002057788
0.002114495
0.0021208
0.002151654
0.002226923
0.002348274
0.002441797
0.002344019
0.002006734
0.001433018
0.0007070504
2.843217e-05
-0.0005374217
-0.001085681
-0.001635908
-0.002151327
-0.002618779
-0.003017491
-0.003318112
-0.00345685
-0.003418717
-0.003312144
-0.003278207
-0.003353778
-0.003532279
-0.003851328
-0.004216558
-0.004548678
-0.004882386
-0.005152921
-0.005302424
-0.005320967
-0.005230393
-0.005117664
-0.00507866
-0.005116859
-0.005132536
-0.005071196
-0.004923554
-0.004762332
-0.004709389
-0.004780787
-0.004917876
-0.005002344
-0.004944423
-0.004714709
-0.004323108
-0.003874125
-0.003463444
-0.003140595
-0.002958321
-0.002926517
-0.002992302
-0.003056019
-0.003020135
-0.002892791
-0.002801094
-0.002788164
-0.002787818
-0.002756175
-0.002650733
-0.002492026
-0.002388465
-0.002431182
-0.002630635
-0.002945322
-0.003292783
-0.003604665
-0.003938464
-0.004290275
-0.00454597
-0.004708307
-0.004836333
-0.004934364
-0.005027836
-0.005168935
-0.005335704
-0.005410717
-0.00531627
-0.005101714
-0.004854374
-0.004624951
-0.004449743
-0.00432185
-0.004169654
-0.003930539
-0.003573089
-0.003133732
-0.002732175
-0.002468714
-0.002395126
-0.002509027
-0.002835068
-0.003421445
-0.004105763
-0.004670756
-0.005084368
-0.005324356
-0.005354404
-0.005237355
-0.005023965
-0.004657865
-0.004136261
-0.003576645
-0.003098365
-0.002817766
-0.002790965
-0.002938999
-0.003125722
-0.003248
-0.003279874
-0.003255395
-0.003214807
-0.003192502
-0.003197454
-0.003214414
-0.003271669
-0.003351948
-0.003384358
-0.003388762
-0.003404443
-0.003437721
-0.003505417
-0.003597506
-0.0036806
-0.003732048
-0.003708995
-0.003575351
-0.003401207
-0.003239277
-0.003029522
-0.002753052
-0.002463645
-0.002153799
-0.00178702
-0.001410981
-0.001047746
-0.0006680372
-0.0002752818
0.0001888977
0.0008095972
0.00154085
0.002238126
0.002799035
0.003162757
0.003297479
0.003249859
0.003056221
0.002776204
0.002520045
0.002322434
0.002178655
0.00208093
0.001994423
0.001915686
0.001841935
0.00170464
0.001474092
0.001201212
0.0009518736
0.0007849439
0.0007354552
0.0008006029
0.0009541979
0.00117703
0.001441284
0.001715407
0.001965813
0.002152458
0.002253876
0.002265988
0.002221726
0.002183498
0.002189067
0.00222975
0.002275506
0.002314232
0.002380684
0.002490916
0.002619701
0.002773619
0.002916359
0.003000055
0.003016162
0.002949927
0.002843205
0.002731936
0.002606494
0.002459156
0.002295761
0.002108984
0.001861824
0.001565449
0.001261517
0.001025973
0.0009198207
0.000929787
0.001061728
0.001273559
0.001464935
0.001589895
0.001651842
0.001684653
0.001704219
0.001707621
0.001686814
0.001611162
0.001492209
0.00138245
0.001297763
0.001229828
0.001184383
0.001139532
0.001056095
0.0009563072
0.0008787413
0.0008181922
0.0007767797
0.0007695742
0.000805647
0.000877869
0.00097146
0.001088963
0.001226579
0.001360886
0.00147414
0.001560706
0.00160271
0.001578862
0.001496556
0.001363921
0.00117568
0.000974666
0.0008356944
0.0007509356
0.0006789814
0.0006081776
0.0005357347
0.0004776611
0.0004474956
0.0004622858
0.0005091583
0.0005595712
0.0006157277
0.0006609835
0.0006897583
0.0006969757
0.0006618239
0.00060745
0.0005537622
0.0005018915
0.0004742522
0.0004873764
0.000544353
0.0006357717
0.0007408792
0.0008371992
0.0009131278
0.0009555947
0.0009399753
0.0008792574
0.0008119987
0.0007466151
0.0006709929
0.0005798405
0.0004833031
0.0003866034
0.0002904151
0.000203483
0.0001408028
0.0001068413
7.948645e-05
4.112283e-05
6.50434e-07
-2.844256e-05
-4.913348e-05
-7.498667e-05
-0.0001193753
-0.0001889848
-0.0002700039
-0.0003389901
-0.0003875367
-0.0004150102
-0.0004144073
-0.0003882642
-0.0003441026
-0.0002881959
-0.000228973
-0.0001734185
-0.0001308501
-0.0001059644
-0.0001033038
-0.0001310802
-0.0001835335
-0.0002428697
-0.0002989374
-0.000352127
-0.0003971167
-0.0004338118
-0.0004739505
-0.0005193862
-0.0005644077
-0.0006138925
-0.0006727632
-0.0007310446
-0.0007713109
-0.000776303
-0.0007419261
-0.0006803671
-0.0005983067
-0.0004986358
-0.0003892292
-0.0002782665
-0.0001753784
-8.658785e-05
-1.395688e-05
3.77176e-05
6.896487e-05
8.385953e-05
8.592662e-05
7.119405e-05
3.146359e-05
-2.66767e-05
-9.172126e-05
-0.0001526077
-0.000195213
-0.0002118149
-0.0002039914
-0.0001821416
-0.0001568036
-0.0001311277
-0.0001033905
-7.499796e-05
-5.404897e-05
-3.783416e-05
-1.81354e-05
6.533983e-06
3.569333e-05
5.992076e-05
6.838439e-05
6.065484e-05
4.409082e-05
2.853433e-05
1.556037e-05
1.702751e-06
-1.319661e-05
-2.73685e-05
-4.051609e-05
-5.017399e-05
-5.255163e-05
-5.089166e-05
-5.11785e-05
-5.44803e-05
-5.642909e-05
-5.395717e-05
-4.791588e-05
-3.516619e-05
-9.575406e-06
2.991929e-05
7.766878e-05
0.0001250962
0.0001635848
0.0001902758
0.0002071125
0.0002146537
0.0002149996
0.0002118194
0.0002054745
0.0001953034
0.0001831723
0.0001696373
0.0001527329
0.0001310156
0.0001045082
7.716235e-05
5.30058e-05
3.336062e-05
1.838281e-05
6.966137e-06
-1.952822e-06
-9.298885e-06
-1.471146e-05
-1.764226e-05
-2.058408e-05
-2.381622e-05
-2.55435e-05
-2.616778e-05
-2.561929e-05
-2.460583e-05
-2.419329e-05
-2.410366e-05
-2.491331e-05
-2.644547e-05
-2.843524e-05
-3.143475e-05
-3.506641e-05
-3.906177e-05
-4.372559e-05
-4.904817e-05
-5.423971e-05
-5.849753e-05
-6.138133e-05
-6.277266e-05
-6.357853e-05
-6.415607e-05
-6.461144e-05
-6.582374e-05
-6.751785e-05
-6.875876e-05
-6.995633e-05
-7.149683e-05
-7.295975e-05
-7.436879e-05
-7.559703e-05
-7.62282e-05
-7.622523e-05
-7.595327e-05
-7.580403e-05
-7.584742e-05
-7.61134e-05
-7.652255e-05
-7.70043e-05
-7.755327e-05
-7.785036e-05
-7.759465e-05
-7.682057e-05
-7.565197e-05
-7.402592e-05
-7.20431e-05
-6.974616e-05
-6.707442e-05
-6.42786e-05
-6.153215e-05
-5.891978e-05
-5.63805e-05
-5.37735e-05
-5.12053e-05
-4.874271e-05
-4.645615e-05
-4.447045e-05
-4.275954e-05
-4.1211e-05
-3.966263e-05
-3.797204e-05
-3.616915e-05
-3.436488e-05
-3.260351e-05
-3.091835e-05
-2.930986e-05
-2.772683e-05
-2.614054e-05
-2.456666e-05
-2.301052e-05
-2.144173e-05
-1.982749e-05
-1.815842e-05
-1.645392e-05
-1.472404e-05
-1.297785e-05
-1.123875e-05
-9.519842e-06
-7.838412e-06
-6.200979e-06
-4.611756e-06
-3.075437e-06
-1.576366e-06
-1.131047e-07
1.31107e-06
2.703929e-06
4.067107e-06
5.401562e-06
6.707572e-06
7.986879e-06
9.244159e-06
1.04822e-05
1.170578e-05
1.291997e-05
1.412681e-05
1.532684e-05
1.651987e-05
1.77059e-05
1.88855e-05
2.00591e-05
2.122681e-05
2.238864e-05
2.354452e-05
2.469439e-05
2.583833e-05
2.697648e-05
2.810887e-05
2.923544e-05
3.03561e-05
3.147079e-05
