-0.0004486975
-0.0004515424
-0.0004542831
-0.0004565326
-0.0004567085
-0.0004541641
-0.0004647196
-0.0005025776
-0.0005533363
-0.0004654674
-0.0003401229
-0.0002216223
-0.0004609686
-0.001015545
-0.001162528
-5.893648e-05
0.0009308621
0.0009930247
-0.0003691773
-0.003571971
-0.002747505
0.001192632
0.005353868
0.005367364
-0.004023569
-0.00762649
-0.001413641
0.003515852
0.004181836
0.004273393
0.001300719
-0.006968522
-0.01246105
-0.007451287
-0.00532653
0.003438106
0.005562962
0.002415084
-0.001114068
-0.007632827
-0.006205228
-0.001405315
0.008782532
0.005238521
-0.008593177
-0.02456543
-0.03155223
-0.01720575
0.01468611
0.04237928
0.0407835
-0.007635048
-0.03082616
-0.0461979
-0.06214233
-0.05120277
-0.03040323
-0.01723798
-0.001845292
-0.002672726
0.01678935
0.04821113
0.04863853
0.02292915
0.02309028
0.02459964
-0.01011383
-0.03883572
-0.03674001
-0.0352087
-0.009529144
-0.001307087
-0.007346841
-0.01167307
-0.004523185
0.02072292
0.022325
0.003509362
-0.004819708
-0.006169252
-0.020992
-0.04206184
-0.05100598
-0.02829779
0.02974007
0.08714503
0.09562338
0.0234309
-0.02297939
-0.03464742
0.007972834
0.03628732
-0.04246613
-0.1006954
-0.09818904
-0.108416
-0.07669013
0.02790738
0.07069587
0.104148
0.08645148
0.03399472
0.004483279
-0.003235683
-0.006690636
0.005690433
-0.03214351
-0.06355628
-0.08580416
-0.03287785
0.03008209
0.0005586073
-0.04195104
-0.04416313
-0.04469464
-0.0418169
-0.03355721
-0.0531961
-0.05250804
0.01631812
0.07475389
0.05692872
0.03316904
0.04511835
0.02489369
-0.00676412
-0.01177721
-0.02792125
-0.05714253
-0.06256693
-0.04884226
-0.01550001
0.018777
0.02936107
-0.00804177
-0.02422641
-0.01954973
-0.01200736
-0.02917555
-0.03828367
-0.02012771
-0.003384258
0.001436827
-0.03519745
-0.06185951
-0.08298394
-0.03997826
-0.0127056
-0.003882608
0.0007154007
-0.01945819
-0.02531696
-0.007540685
0.001208482
-0.007100555
-0.02087615
-0.04213773
-0.04223945
-0.03328373
-0.02585942
0.008402197
0.03113384
0.02600388
0.04050218
0.06289464
0.02817615
-0.02078629
-0.06741001
-0.1382139
-0.1356635
-0.1028943
-0.09572702
-0.1118022
-0.09289481
-0.0278097
-0.006736543
0.002381383
-0.005177596
-0.03338829
0.01085636
0.04060043
0.04565661
0.07285396
0.0942064
0.1119737
0.09844209
0.04380739
0.02208571
0.01114893
-0.01826054
-0.0571781
-0.08694917
-0.08914677
0.083936
0.1879885
0.1609671
0.1637108
0.1219403
0.08643836
0.06828767
0.05452967
0.04228549
-0.01065985
-0.07802865
-0.1180094
-0.11465
0.03170662
0.08291506
0.00699216
-0.07618203
-0.0835459
-0.1299989
-0.1803713
-0.1924636
-0.1808614
-0.1759109
-0.1875274
-0.177047
-0.1576815
-0.1493573
-0.1261704
-0.0745702
-0.02949238
-0.01477428
-0.05004035
-0.06577829
-0.05997868
-0.07459882
-0.02659382
0.00840309
0.03196113
0.0548961
-0.0383619
-0.1382471
-0.1590489
-0.2138434
-0.2336746
-0.1736287
-0.1478357
-0.111286
-0.06415979
-0.01970086
0.05888028
0.1419475
0.2216015
0.2741928
0.2980449
0.2657534
0.1838397
0.1613731
0.1853326
0.23638
0.2592369
0.3009162
0.3281058
0.3266426
0.3208113
0.2863215
0.2688294
0.2598059
0.2236351
0.1937801
0.1717587
0.1702318
0.1491868
0.1237199
0.1609939
0.1620772
0.1342496
0.1121554
0.121143
0.2613116
0.3706794
0.4447671
0.4334152
0.4678538
0.5523893
0.5698898
0.5487311
0.4658279
0.4408826
0.4613776
0.3251064
0.1557928
0.09887275
-0.02136049
-0.1001746
-0.2028019
-0.194228
0.1527848
0.3667643
0.413383
0.3161762
0.2689326
0.3756713
0.5270258
0.4711268
0.4055415
0.3817997
0.326182
0.2349422
0.172535
0.1657984
0.1121525
0.03597533
0.006891268
-0.04748127
-0.1257608
-0.147524
-0.212631
-0.2223218
-0.2058274
-0.3146361
-0.395083
-0.4569307
-0.3902831
-0.2140854
-0.3418658
-0.3952065
-0.3082677
-0.2718299
-0.2465682
-0.2194087
-0.2551137
-0.2928305
-0.2398014
-0.259541
-0.3701921
-0.4168141
-0.5182717
-0.6206598
-0.4961601
-0.4234835
-0.4742845
-0.6284826
-0.696859
-0.672052
-0.5162042
-0.312516
-0.3398429
-0.3118633
-0.2197016
-0.1691808
-0.1582733
-0.2189571
-0.2245166
-0.2188943
-0.2309091
-0.1732126
-0.1198951
-0.08168622
0.0160467
0.03903073
-0.1051526
-0.1864969
-0.1816597
-0.09748597
0.01270717
0.09422898
0.1136619
0.1192397
0.04049628
0.03266849
0.07170558
0.03250249
-0.08312602
-0.1932679
-0.1815226
-0.1267982
-0.14457
-0.1979061
-0.1737792
-0.09353092
-0.04043997
0.106646
0.1705427
0.1675981
0.2209974
0.2268293
0.227567
0.2562987
0.2706411
0.253612
0.2287573
0.2268888
0.2217288
0.2224638
0.2228474
0.2005626
0.1863294
0.1791839
0.1600889
0.1537874
0.1832288
0.2053107
0.2330004
0.2590251
0.2666076
0.244926
0.2401608
0.2178441
0.1788648
0.1686323
0.1343442
0.1096083
0.106923
0.09246075
0.07036122
0.0576621
0.05574062
0.0545121
0.05902623
0.08112994
0.06949789
0.06329938
0.0846639
0.06152081
-0.03694215
-0.1098319
-0.1532127
-0.2195334
-0.2167499
-0.1867925
-0.1706518
-0.1966752
-0.2410209
-0.250888
-0.2859269
-0.1921162
-0.1327307
-0.04215769
0.1295921
0.2796108
0.4084919
0.447911
0.4604295
0.3607481
0.263643
0.2042212
0.07295113
-0.01722723
-0.05431261
-0.10843
-0.1497345
-0.1594176
-0.1625216
-0.1897571
-0.256276
-0.3215865
-0.1893805
-0.1497555
-0.1816865
-0.1781934
-0.2170265
-0.2791436
-0.3088918
-0.2808854
-0.2301685
-0.2110609
-0.2191757
-0.1258363
0.08879895
0.3239367
0.3717928
0.4253192
0.5246694
0.429823
0.1548878
0.1542777
0.07364037
-0.004026429
0.0565261
0.06128349
0.02554525
0.0852748
0.09993232
0.03613728
0.002431456
-0.09011307
-0.2087858
-0.2101876
-0.174482
-0.1914049
-0.1651611
-0.2065928
-0.2080111
-0.1228131
-0.1069996
-0.1801289
-0.1451395
-0.1276126
-0.1990247
-0.2266212
-0.2533211
-0.2643543
-0.2059548
-0.2161267
-0.2029927
-0.1273824
-0.06809282
-0.01642741
0.01826583
-0.06093775
-0.1284707
-0.08258243
0.02418287
0.1129835
0.2165816
0.2676662
0.09181554
0.1009491
0.1120269
0.04742576
-0.09711967
-0.2322925
-0.2486406
-0.3116712
-0.3243339
-0.1975894
-0.210849
-0.2564618
-0.1295116
-0.004195618
-0.0261604
0.08208815
0.2025447
-0.004146964
-0.1435534
-0.1642157
-0.2494361
-0.1513431
-0.04386577
-0.08751392
-0.09236317
-0.0953925
-0.1048399
-0.1237694
-0.03970902
0.03969634
-0.06698422
-0.1267524
-0.1434009
-0.2966744
-0.2405845
-0.1101986
-0.03997769
-0.03069825
-0.0464451
-0.06736236
-0.04707057
0.02249946
0.05242869
0.003920934
-0.01606739
0.05217062
0.1026942
0.1539774
0.2117216
0.2185876
0.1622821
0.1195462
0.1311401
0.104954
0.08413857
0.09530256
0.1194845
0.1629592
0.2029678
0.2541294
0.303654
0.312167
0.3192969
0.3227869
0.3132121
0.2962498
0.2618424
0.1966941
0.1404617
0.07088308
0.0364722
0.04161428
0.02313754
-0.01657998
-0.01756078
0.05139043
0.05317424
0.04217414
0.08197071
0.1136144
0.1086086
0.04224759
0.0255897
0.07378853
0.06666783
-0.0493965
-0.2777734
-0.3927422
-0.1917968
0.2706013
0.05091671
-0.1547969
-0.04347053
0.001199347
-0.02312137
-0.06646252
-0.1861077
-0.3223179
-0.4739407
-0.483023
-0.4112478
-0.4459739
-0.3883347
-0.1801843
-0.1237637
-0.2300125
-0.3304143
-0.2348236
-0.1391723
-0.06799748
0.07305715
0.2277675
0.4108958
0.6542651
0.7952342
0.6074426
0.4117544
0.4233366
0.3058022
0.1679667
0.04708303
-0.1071589
-0.1630779
-0.07992448
0.04435858
0.1791398
-0.2183369
-0.4201358
-0.4339681
-0.3106646
-0.350289
-0.4545853
-0.376614
-0.2158081
-0.2290802
-0.1832004
0.01926393
0.02490975
0.06643232
0.000106328
0.03378579
0.1276819
0.05205066
-0.01512551
-0.02953414
-0.08742511
-0.1138197
-0.1202555
-0.1304158
0.1210379
0.3921526
0.3692566
0.3089743
0.1276155
0.03912087
-0.01157385
-0.09010224
-0.1321597
-0.1672393
-0.2143768
-0.2467483
-0.2562357
-0.256854
-0.216861
-0.1344862
-0.07033463
-0.05942889
-0.1029502
-0.189322
-0.3119246
-0.4401815
-0.1400413
0.05597921
-0.07124494
-0.04152921
0.07824605
0.08656336
0.1026184
0.2053107
0.1588224
-0.01797178
-0.002156247
0.103349
0.05524984
-0.157672
-0.2028294
-0.3265814
-0.4170374
-0.1354737
0.4110759
0.1910331
-0.0217184
0.1285205
0.1117405
0.09417023
0.1417086
0.1656749
0.190146
0.2559449
0.3322529
0.3346098
0.3031311
0.255739
0.1125865
0.09945163
0.07816059
0.0008178482
-0.1237078
-0.1498588
-0.1175827
-0.1207859
-0.2116407
-0.2730011
-0.2641221
-0.2794826
-0.3268742
-0.3481768
-0.3236175
-0.1976788
0.01049388
0.02838061
0.0854174
0.3415861
0.7324183
0.9361908
0.7787389
0.6934146
0.6382412
0.4444358
0.3360837
0.3128601
0.2180909
0.09110038
0.03580286
-0.01056305
-0.0389832
-0.02327498
0.01655143
-0.03193282
0.01382752
0.09348059
0.1125051
0.03870296
-0.1357112
-0.2961868
-0.3251054
-0.2943039
-0.3267591
-0.2277624
-0.202989
-0.3618568
-0.4673631
-0.492104
-0.3930152
-0.2617094
-0.2819269
-0.3157195
-0.3362486
-0.4201448
-0.4154439
-0.2098584
-0.2062958
-0.1821521
0.01394471
0.3377764
1.058157
1.219037
1.020706
0.8976721
0.6053174
0.4392076
0.4708675
0.5540157
0.461223
0.1090124
-0.1740622
-0.03542367
0.2418797
0.2412648
0.1343535
0.1157171
0.0836795
-0.06055796
-0.06612046
0.03856115
0.02468928
-0.1167989
-0.2322615
-0.3545048
-0.5049506
-0.5556645
-0.6170828
-0.4754091
-0.2343994
-0.3015117
-0.369595
-0.2000302
0.03014337
0.1658976
0.2126499
0.1689931
0.01699279
0.1188582
0.3006387
0.3052754
0.2931174
0.3004992
0.4702682
0.6413839
0.8483617
0.8350775
0.5981592
0.4466209
0.1909314
0.1864031
0.2093208
0.1856715
0.153481
0.1277577
0.08460234
0.009563658
-0.0287201
-0.1438103
-0.2238243
-0.06619251
0.0234487
-0.0591698
-0.135785
0.08780736
0.3304528
0.4437185
0.5902143
0.4886173
0.2399954
-0.1572574
-0.3533128
-0.5190433
-0.5380763
-0.2502103
-0.2112876
-0.5020281
-0.6599654
-0.7449869
-0.9512118
-0.946579
-0.3189173
-0.0859331
0.1589078
0.4980723
0.1840217
0.1096866
0.2025275
0.1048108
0.02405029
-0.02039334
-0.04179603
-0.06397443
-0.06420552
-0.09373702
-0.1142326
-0.03361342
0.1046151
0.07674321
-0.01760229
-0.06641662
-0.03276487
0.2605393
0.2955921
0.3181671
0.3985669
0.3340419
0.1939551
0.06874302
-0.0969383
-0.305343
-0.2806408
-0.0309708
-0.001204401
-0.1079219
-0.04586564
-0.01654098
0.06085945
0.1271451
0.1271811
0.05689102
0.05730534
0.04382837
-0.05031982
-0.09394147
0.04427061
0.2907182
0.4591739
0.2406539
-0.07615943
-0.01098529
-0.03615954
-0.1194134
-0.07229188
-0.09240942
-0.1364598
-0.1416359
-0.1950513
-0.2101641
-0.2169922
-0.2512723
-0.2248367
-0.1309011
0.06746533
0.168392
0.374697
0.4340909
0.4396556
0.4731656
0.4511631
0.2797136
0.1010713
-0.05501576
-0.2635754
-0.3041184
-0.3056877
-0.3286086
-0.3734455
-0.3869654
-0.3360225
-0.3140343
-0.3241883
-0.2939286
-0.2914868
-0.2966475
-0.1975012
-0.07421032
0.01231612
0.05377609
0.1331643
0.1792073
0.2007742
0.2017482
0.1487445
0.04149345
-0.03757785
-0.09353056
-0.0983901
-0.07337629
-0.08071036
-0.1022052
-0.1368604
-0.1645763
-0.1261444
-0.03020508
0.01184257
0.0456494
0.1115016
0.1575886
0.1665349
0.1689694
0.1711281
0.1698154
0.1647435
0.1349166
0.08375341
0.03154548
-0.007038593
-0.06084237
-0.08406422
-0.1085799
-0.1322346
-0.1492617
-0.1653342
-0.167168
-0.1662125
-0.1926241
-0.2063453
-0.159951
-0.06546882
0.01575256
0.07376432
0.1521238
0.2706421
0.3507504
0.2854555
0.2029941
0.1547715
0.09022268
0.05611957
0.02244219
-0.02732742
-0.1211616
-0.1804682
-0.1900909
-0.1920358
-0.1731901
-0.165375
-0.09908083
-0.03965578
-0.04173159
-0.03913938
-0.01303474
0.02144619
0.04892703
0.05357246
0.05309764
0.07487287
0.07183903
0.01203165
0.005515493
-0.01988139
-0.1200453
-0.123126
-0.0955153
-0.09741642
-0.1308544
-0.1616239
-0.1665753
-0.13437
-0.0958549
-0.001441479
0.01262387
0.06912483
0.1642032
0.1768895
0.1978963
0.202946
0.1833302
0.1663639
0.1384782
0.1107136
0.07501528
0.03020295
0.02422044
0.02163378
0.003554872
-0.01356546
-0.05540484
-0.08391509
-0.08751307
-0.1327965
-0.1496018
-0.1600629
-0.1650391
-0.1468251
-0.1416223
-0.1386128
-0.1101219
-0.08416612
-0.07187374
-0.09456554
-0.1455889
-0.1332074
-0.04231321
0.00085664
0.02313685
-0.02832467
-0.09981928
-0.08276871
-0.06975356
0.002394576
0.05594283
0.07102319
0.1124112
0.1043847
0.03470817
0.04760065
0.06599124
0.04906984
0.009396238
-0.002175126
-0.02434471
-0.06694153
-0.07791826
-0.09134343
-0.1199485
-0.1128805
-0.1040636
-0.1101877
-0.1382364
-0.1150857
0.01467603
0.1025421
0.1577118
0.1391519
0.09116397
0.1008246
0.1334238
0.1087107
0.0809374
0.08777476
0.1066488
0.1314827
0.1422322
0.1197177
0.07368803
0.04050849
0.04053988
0.06354677
0.05985923
0.08292183
0.09650655
0.07436337
0.05659396
0.05430376
0.05434225
0.04458411
0.01483196
-0.01895468
-0.04294887
-0.06316886
-0.0869661
-0.1121627
-0.1240865
-0.1244969
-0.1207984
-0.09719694
-0.05222573
-0.03212113
-0.01774004
0.00412702
0.006897548
0.01450133
0.03419535
0.05512564
0.0731083
0.08449403
0.09166017
0.08135486
0.07177716
0.07054542
0.05837702
0.04697655
0.03345541
0.006820713
-0.01193621
-0.02301773
-0.03793488
-0.04050892
-0.03456253
-0.0426977
-0.05597669
-0.08427796
-0.1127098
-0.1058674
-0.09653211
-0.1132449
-0.1034701
-0.05535971
0.01488117
0.03937573
0.05608676
0.08678335
0.06512984
0.04281868
0.03280272
0.02581404
0.01884665
0.003044521
-0.02879184
-0.04131115
-0.04545301
-0.02753097
-0.0056066
-0.0001380171
0.01580752
0.02995811
0.02112649
0.02234332
0.02030307
-0.003200123
-0.01636162
-0.01403514
-0.003316476
-0.01068489
-0.0325894
-0.06430438
-0.0907296
-0.1009726
-0.04209739
-0.01326543
-0.0137746
0.00814045
0.03021514
0.04115539
0.02399242
0.02065414
0.02937909
0.0170933
0.005033808
0.003793879
0.01973878
0.02922977
0.02434823
0.02364762
0.02431037
0.01651522
0.003307863
-0.005734273
-0.02137028
-0.02985757
-0.02235869
-0.01526991
-0.02514159
-0.01663098
0.006760053
0.01281279
0.007545683
0.004314257
0.01152416
0.01347515
0.0002902712
-0.005798174
-0.01147262
-0.01498513
-0.00741676
-0.009213007
-0.01146684
-0.005492553
-0.008095344
-0.01413298
-0.01567821
-0.01941038
-0.02395379
-0.02782905
-0.0320359
-0.03433676
-0.02515209
-0.02396567
-0.01767505
-0.009568406
-0.0195366
-0.0222691
-0.01604906
-0.01172495
-5.407009e-05
0.01758298
0.0290213
0.03200719
0.03703066
0.04752849
0.05532065
0.0579156
0.04199272
0.01147859
-0.00435926
0.0002873728
0.007997953
0.01043519
0.01019538
0.01648882
0.0241002
0.03292787
0.02582954
0.01930243
0.0220407
0.01756444
0.004459938
-0.01017573
-0.03082042
-0.03532439
-0.03495355
-0.03098835
-0.02407936
-0.02417871
-0.02664741
-0.03315176
-0.03628545
-0.03299359
-0.03513948
-0.02617495
0.000101078
0.03260508
0.04281888
0.03231363
0.02927815
0.02901451
0.03931981
0.05093772
0.04455711
0.01969763
0.01236278
0.0142952
0.009192204
0.01191308
0.01406694
0.008589732
0.006482344
0.004888615
0.001813692
0.004566817
0.006472544
0.005039055
0.002023439
0.0003987104
0.003887996
0.01638517
0.030014
0.04234666
0.004737671
-0.01240605
-0.01001909
-0.03276958
-0.03822501
-0.02475989
-0.03140545
-0.03134581
-0.01941406
-0.01251679
-0.001689274
0.001445767
2.637298e-05
0.01134364
0.02335286
0.04402434
0.0581691
0.05439601
0.04794229
0.03838258
0.02785261
0.02521351
0.02830409
0.02645891
0.01971192
0.01591586
0.01229292
0.00668429
0.0066166
0.01105914
0.01007586
0.0007740441
-0.001596164
0.008016719
-0.000111589
0.001330205
0.01142566
0.003209857
-0.003138011
6.828428e-05
0.005149035
0.006067585
0.011214
0.02061568
0.02228392
0.02432389
0.02480467
0.01978855
0.01630269
0.01232412
0.006926
0.00537305
0.007562314
0.01612257
0.02845848
0.02467291
0.01932928
0.007561393
0.0008516568
-0.009729539
-0.01216258
-0.006890998
-0.01522638
-0.01500583
-0.009251924
-0.008925008
0.0001897931
0.0121258
0.006818616
-0.004574969
-0.008160668
-0.01543063
-0.01711005
-0.01835066
-0.02618314
-0.03456451
-0.03327658
-0.02979492
-0.01903165
-0.007926793
-0.00951455
0.004470614
0.02676649
0.03406947
0.0253743
0.01423964
0.01260424
0.0136452
0.008727815
-0.005898874
-0.01856254
-0.01456675
-0.0121159
0.004358824
0.001068898
-0.006910626
-0.01359126
-0.02328867
-0.03257803
-0.03412262
-0.03176857
-0.04185762
-0.04914544
-0.04414528
-0.0448048
-0.04794718
-0.04627031
-0.04042953
-0.0275764
-0.006898301
-0.004160349
-0.01357526
-0.0003339794
0.0125984
0.01450608
0.01665778
0.007056754
-0.02105632
-0.02772275
-0.02397829
-0.02267621
-0.01541976
-0.02195638
-0.02766624
-0.03025073
-0.03812021
-0.03869322
-0.01505613
-0.01068156
-0.03206239
-0.04216451
-0.04852423
-0.04583286
-0.03200883
-0.01536647
-0.009585351
-0.002492015
0.008319127
0.007150999
-7.734518e-05
-0.001327933
-0.001374721
0.0002717295
-0.008709779
-0.02206301
-0.02811271
-0.02752301
-0.01279222
0.0003801264
-0.0003855003
-0.007106118
-0.004359244
0.0009788338
0.002208443
-0.001271983
-0.000847234
0.00385124
0.005396437
0.003312297
0.0001592681
-0.001256839
-0.00295444
-0.009766418
-0.01359446
-0.006875872
-0.00737299
-0.01100265
0.0002876669
0.004056251
0.002340328
-0.006382256
-0.02458367
-0.02032713
-0.01643236
-0.01490501
-0.004977829
-0.005849765
-0.009206991
-0.002787148
0.0016076
0.004299472
0.009916063
0.003252488
-0.004377012
-0.006478667
-0.003321147
-0.002435674
0.003415591
0.001813094
-0.01412976
-0.002746807
-0.003763694
-0.00376768
0.0003090783
-0.009728797
-0.0154942
-0.01829414
-0.01884602
-0.01284684
-0.01072004
-0.01138138
-0.01097617
-0.01158222
0.001798223
0.008660601
-0.004214697
-0.001331889
0.002329381
-0.0003323137
0.0008420859
0.001832995
0.001105127
-0.00139312
-0.003896484
-0.005912573
-0.008021554
-0.004413409
6.357302e-05
0.0007995979
-0.002201873
-0.001209624
0.003702504
0.004924509
0.003537355
0.002648928
0.006052392
0.008216127
0.009396216
0.01023746
0.007814202
0.007760019
0.008721127
0.007334335
0.006200035
0.005810295
0.00562086
0.007087941
-0.004288569
-0.01763839
-0.02155386
-0.01970719
-0.01536678
-0.006531483
0.002939901
0.008919141
0.01712896
0.02156965
0.03309236
0.04090363
0.04074034
0.02498857
0.01892186
0.01593771
0.01488451
0.01693
0.01693962
0.01855898
0.01710879
0.009269961
0.008320245
0.01316988
0.01307943
0.01073556
0.004077303
-0.0001402792
0.001662488
-0.000474705
-0.004725
0.00802328
0.01591381
0.02179147
0.03544615
0.04645667
0.05235586
0.05089766
0.03978768
0.02590335
0.007081265
0.003392284
-0.004904369
-0.004311365
-0.003333858
-0.004043973
-0.002420694
-0.001152195
0.006969246
0.01116507
0.01584382
0.01630102
0.008520248
0.007262734
0.006764798
0.002852153
0.0007023632
0.0001779833
0.007245064
0.01288286
0.01694553
0.02200644
0.01145835
-0.001429753
-0.003296124
-0.004161513
-0.006416645
-0.002394068
-0.004560191
-0.009772201
-0.006697094
-0.001990083
-0.001241519
0.001950391
0.00617307
0.008996603
0.007733277
0.00418323
-0.0007081827
-0.005253397
-0.0122488
-0.01876247
-0.02283925
-0.02708362
-0.02791539
-0.02879125
-0.03059493
-0.03127271
-0.0292151
-0.02476515
-0.01845079
-0.001727878
0.0106072
0.02179892
0.03172813
0.03025405
0.02727405
0.023681
0.02105672
0.0131197
0.002755942
-0.004677109
-0.01240295
-0.003991059
0.007152869
0.003808773
0.009131343
0.01522732
0.01066032
0.001793039
-0.01222149
-0.02892109
-0.02861015
-0.02512644
-0.01971969
-0.0266713
-0.0259562
-0.02320957
-0.01141943
-0.001532995
-0.001490793
-0.001547186
-0.004885414
-0.01086545
-0.01375534
-0.01083818
-0.01110328
-0.01483483
-0.01088821
-0.004410714
-0.003106731
-0.00607186
-0.007041588
-0.005725932
-0.006106722
-0.0117817
-0.01487925
-0.01537339
-0.008863112
-0.004869949
-0.006906172
-0.006240597
-0.004390015
-0.001377443
0.001579722
0.004682492
0.01168948
0.01481499
0.01609739
0.02009311
0.01946732
0.01436222
0.01534874
0.01775774
0.01686172
0.01776917
0.01893071
0.01682672
0.0141779
0.01351933
0.01739704
0.02086923
0.02185813
0.01203444
-0.002951159
-0.0157176
-0.02497436
-0.02137781
-0.01485146
-0.01288674
-0.01207089
-0.009611785
0.0003230523
0.01014873
0.01541244
0.009541879
0.005062202
-0.007537531
-0.02747394
-0.02694204
-0.02193149
-0.0162003
-0.01567664
-0.01649634
-0.007258346
-0.003343751
-8.53076e-05
0.001285426
-0.002656981
0.0003371895
-0.002675175
-0.009501357
-0.003685394
0.002537246
0.001906097
-0.003695058
-0.005995326
-0.001964124
0.0001401291
-0.005415483
-0.008953352
-0.005735634
-0.004433937
-0.006449775
-0.007852027
-0.006055259
-0.004354909
-0.00342722
-0.001691061
-0.0009693688
-0.004352185
-0.005617588
0.004826105
0.0177852
0.01362725
0.002853716
0.01115551
0.01925444
0.01463216
0.006961865
0.005832463
0.01390382
0.01807424
0.01663632
0.009616556
0.001846857
-0.001925066
0.007243598
0.01629696
0.01257469
0.001323869
-0.004293214
-0.01095841
-0.002834749
0.009199065
0.0006208462
0.0009537707
0.008364639
0.01336703
0.01771025
0.02467453
0.02995783
0.02062599
-0.000292433
-0.006767052
0.009883442
0.007697539
-0.006076883
-0.006184582
0.003662283
0.01159046
0.02074662
0.01964475
0.005646029
0.006205868
0.002375326
0.00298905
0.002423228
-0.01361909
-0.02306782
-0.02063672
-0.004171562
0.009956872
-0.003040369
-0.01254762
-0.008804606
-0.00526707
-0.006455496
-0.004806118
-0.00821327
-0.01260298
-0.01485312
-0.01509323
-0.006123556
-0.0005969389
-0.0004978359
0.001870285
0.009693058
0.01443512
0.02216307
0.02216591
0.009339918
0.0006684774
-0.006028435
-0.008853378
-0.01270624
-0.01711033
-0.01976683
-0.01990666
-0.01305844
-0.008768928
-0.009355456
-0.01191098
-0.009703819
-0.001873399
0.00320039
0.01021859
0.02404886
0.0317144
0.03150932
0.0347471
0.03822715
0.03658646
0.03079211
0.02172176
0.01120418
0.001879199
-0.008683101
-0.01179861
-0.001648355
-0.002763735
-0.01045234
-0.01054971
-0.01013876
-0.00455797
0.006066907
0.01161096
0.003440128
-0.002729061
-0.004703258
-0.002470561
0.001193725
-0.0004929694
0.0006142117
0.005023082
0.01037325
0.01088777
0.01167443
0.01337925
0.01387209
0.01685555
0.02075428
0.02342631
0.02721773
0.03108846
0.02988092
0.02239658
0.01529524
0.01182484
0.006922459
-0.002611278
-0.01515857
-0.02132167
-0.01500875
-0.01360813
-0.01312311
-0.008825495
-0.006281298
-0.003911262
-0.0009471745
0.001656048
0.000138823
-0.008252001
-0.01498803
-0.03247519
-0.03234203
-0.03219649
-0.03503425
-0.02790293
-0.02727686
-0.02562512
-0.02334431
-0.02244863
-0.01067679
-0.0001693019
0.01440245
0.03070058
0.04118034
0.03962152
0.0426219
0.05220766
0.04943784
0.02876908
0.002328535
-0.02029458
-0.03671336
-0.04677532
-0.04294574
-0.04551407
-0.04405299
-0.02724646
-0.02035738
-0.02094307
-0.008046754
0.004496153
0.009872735
0.01746535
0.01769991
0.008490909
0.007547644
0.01297478
0.008033123
-0.002086965
-0.00630641
-0.01108689
-0.007492869
-0.0004015875
-0.002148882
-0.009735118
-0.02150289
-0.02090221
-0.01894135
-0.01620862
-0.009944722
-0.003258871
0.0006324139
0.005608759
0.009630686
0.009520289
0.01536689
0.02441242
0.03269531
0.03361291
0.02446058
0.0155013
0.008337848
0.0009143799
-0.003669946
-0.005857478
-0.01012319
-0.0167977
-0.02299823
-0.02477232
-0.02743298
-0.02907555
-0.02186925
-0.01184226
-0.0062108
0.001933282
0.01087146
0.01459823
0.01379428
0.01644034
0.01765475
0.01282119
0.006045419
0.003659463
0.01118911
0.01448078
0.00811071
0.0007990287
-0.003233559
-0.003683578
-0.002659274
-0.009170803
-0.01894378
-0.0227146
-0.0176532
-0.007872215
-0.0001708932
0.003145188
-0.009526071
-0.01280558
-0.01394772
-0.01473423
-0.0040275
-0.001132991
0.001910071
0.009188442
0.01502052
0.01963346
0.01737051
0.01399507
0.008645068
-0.006579106
-0.01123516
-0.01348603
-0.02159783
-0.02475482
-0.02145559
-0.02118553
-0.02057567
-0.01434778
-0.009111871
-0.004890536
0.004192038
0.01496977
0.02335105
0.02256408
0.01582415
0.01652706
0.01695996
0.02608245
0.0228476
0.01113979
-0.020386
-0.02608015
-0.01675373
-0.01632438
-0.02024343
-0.02286359
-0.02393878
-0.02244886
-0.009439572
-0.0005362932
-0.007897146
-0.01395017
-0.01513168
-0.008108587
0.01167696
0.01418525
0.007299402
0.01029321
0.0125744
0.01427915
0.01615942
0.01859222
0.02113191
0.02251629
0.01724635
0.01338404
0.01081462
0.01053328
0.01543542
0.009353751
0.00306363
0.001161521
-0.004413401
-0.009968549
-0.01472628
-0.02061889
-0.02689707
-0.03463767
-0.04010672
-0.03068549
-0.02164187
-0.01066689
0.00746557
0.02405007
0.03028008
0.03128551
0.0324964
0.03221081
0.02427483
0.007613213
0.008299317
0.007451875
0.0003583628
-0.002068209
-0.01032289
-0.01753655
-0.01235805
-0.009619564
-0.01159053
-0.01305855
-0.00879824
0.002384196
0.009843482
0.01536035
0.008209361
0.0002104634
-0.005628093
-0.009327294
-0.006792981
-0.009994871
-0.01764111
-0.02115422
-0.01756917
-0.01078587
-0.008439289
-0.006386433
-0.00944465
-0.005525738
0.004212959
0.007670283
0.01182274
0.0106413
0.01001078
0.01228577
0.01297061
0.006532359
0.0002109701
-0.003365644
0.0008453796
0.01114889
0.01520137
0.01693713
0.01937767
0.02217195
0.02212603
0.02280852
0.02501172
0.021316
0.01383673
0.009498324
0.002341703
-0.002592005
-0.002527444
-0.005181911
-0.007496728
-0.008465462
-0.009938519
-0.008547675
-0.006296662
-0.008778195
-0.01068739
-0.007338004
-0.001968375
2.949951e-05
0.002004211
0.00535037
0.01096367
0.01650774
0.01925871
0.02220743
0.02577602
0.02537441
0.02111402
0.01733249
0.01308161
0.006741577
0.001367803
-0.001706611
0.003721517
0.00603953
0.001375156
0.003182114
0.01160705
0.01385962
0.0133664
0.009138714
0.005636117
0.001767243
-0.005989669
-0.01154605
-0.006620752
-0.001448345
0.0005028926
0.007383687
0.01241414
0.01398745
0.01802943
0.02153711
0.01942098
0.0135215
0.01168154
0.0157016
0.0233424
0.02660602
0.01863906
0.003500765
-0.001659383
0.006505472
0.009354356
0.0103918
0.01074729
0.007559148
0.004635373
-0.002567752
-0.00650067
-0.006127533
-0.008835831
-0.01089051
-0.007943694
0.003343753
0.00979338
0.01294554
0.01994405
0.02597277
0.02528435
0.0159966
0.01144974
0.003207986
-0.01012667
-0.01984579
-0.02805398
-0.01787777
-0.01076293
-0.01983644
-0.0188914
-0.01029084
-0.005693881
-0.002747578
0.0008416115
0.004672587
0.004611183
0.000177872
-0.0005977916
0.002946009
0.005065892
0.003614028
0.001111418
0.0005536777
0.0006262076
0.003522296
-0.0004278808
-0.00945832
-0.01117503
-0.01410711
-0.01902013
-0.01720841
-0.01688912
-0.0204132
-0.01747371
-0.01418308
-0.01137861
-0.004412165
0.003184853
0.01137877
0.01155925
0.0103612
0.007270371
0.001198417
-0.004551687
-0.01036732
-0.008245895
0.001693096
0.001665267
-0.003551896
-0.003451693
-0.000718959
0.001429934
0.002588817
0.002703962
0.002486626
0.004088551
0.006272946
0.006710186
0.002316336
-0.001602873
-0.004187061
-0.006366607
-0.007078291
-0.008724939
-0.010554
-0.01260538
-0.01446375
-0.0164635
-0.0152504
-0.01098647
-0.01382648
-0.02104684
-0.02383811
-0.02531461
-0.01638384
-0.009733852
-0.005210936
-0.001424331
0.0009176505
0.004750505
0.01089734
0.01221592
0.003725692
-0.0003835673
-0.006151327
-0.01125192
-0.006788006
-0.005836351
-0.009569435
-0.01424016
-0.01674528
-0.02047899
-0.01504924
-0.003306288
-0.002576632
-0.006764677
-0.005049
-0.002991845
-0.002870822
-0.004852014
-0.01100254
-0.01507725
-0.01943711
-0.02505693
-0.02847497
-0.01966237
-0.01172833
-0.009820711
-0.008577834
-0.005403137
-0.002915326
0.004355181
0.01287152
0.013615
0.009170996
0.009711454
0.0127457
0.0169251
0.01943416
0.02182304
0.0221308
0.01965105
0.01595813
0.00523207
-0.001252701
-0.007602632
-0.01972889
-0.02911457
-0.03322458
-0.0397958
-0.04540154
-0.04587717
-0.04328971
-0.03527488
-0.0192598
-0.01030021
-0.004152093
0.004440196
0.01061218
0.0168516
0.02219561
0.01952355
0.01964802
0.02315258
0.02069993
0.01676622
0.0155303
0.01116238
0.0064721
0.002888602
-0.0007931641
8.568371e-05
0.0002562591
-0.0006040007
-0.0003609701
-0.0008981527
-0.001398807
-0.00157423
-0.0003791517
0.001056038
0.002614168
0.006270746
0.009315922
0.01158201
0.008956671
0.005198459
0.003320728
0.0001511766
-0.001000742
-0.001897921
-0.003748069
-0.00479685
-0.005392466
-0.001087783
0.00499115
0.008259754
0.01066437
0.01408129
0.01574771
0.0133526
0.007554057
0.00416256
0.001070913
-0.00267313
0.0006546202
0.002399678
-0.0004030242
0.000542757
0.002892445
0.003623919
0.004622215
0.004457554
0.003541652
0.004799516
0.005501003
0.004695718
0.002914156
0.001855892
0.002099483
0.003893569
0.004624512
0.005732285
0.007282775
0.008521505
0.009431238
0.007925566
0.006879605
0.006376398
0.006147898
0.006735321
0.006797521
0.007851661
0.01093574
0.01313682
0.01530221
0.01655623
0.01394517
0.01271924
0.01220068
0.01379244
0.01464815
0.01166869
0.01023406
0.009282218
0.008367112
0.009423845
0.009569014
0.00743641
3.178721e-05
-0.00408289
-0.001404655
0.0004562745
0.0008685173
0.0005152684
-0.004833775
-0.008005692
-0.009135603
-0.009131262
-0.002608389
0.002662185
0.004453412
0.003977981
0.005525171
0.008830383
0.01077429
0.01210715
0.008932295
0.005721247
0.005248576
0.01206505
0.01569465
0.01443651
0.01718743
0.01834247
0.007734388
-0.002467803
-0.003354844
-0.00903929
-0.01860283
-0.02884587
-0.03615062
-0.02906334
-0.02317801
-0.02715866
-0.02379657
-0.01455675
-0.000602208
0.007260094
0.01196569
0.01663226
0.01941365
0.02253945
0.02285068
0.01653311
0.01216454
0.0086721
0.005390719
0.002251984
-0.001065726
-0.003974154
-0.006802645
-0.009754213
-0.01265835
-0.01553262
-0.01845611
-0.02167812
-0.0249945
-0.0263749
-0.02120328
-0.01799303
-0.01530466
-0.007259968
0.001250807
0.006253163
0.008162214
0.005982118
0.002750086
0.0009647264
0.0009551416
0.001977212
0.0001517198
-0.002393029
-0.0031826
-0.0007015159
0.004041302
0.005887411
0.004573834
0.00335795
-0.0008856244
-0.005153481
-0.008909625
-0.01346712
-0.01290397
-0.007685651
-0.007945089
-0.008185689
-0.006168236
-0.002775956
0.003863322
0.007579943
0.002609375
-0.004137382
-0.007706752
-0.00866547
-0.01042996
-0.01271927
-0.01323544
-0.009286511
-0.004961779
0.003118411
0.01070858
0.0050975
0.006538731
0.00813653
0.008123334
0.009015439
0.00513312
-0.001709342
-0.00887571
-0.009379768
-0.00298238
-0.003216941
-0.006682196
-0.006734585
-0.005352614
8.570555e-05
0.004196978
0.007842227
0.007654448
0.004215211
0.008651668
0.01306572
0.01365556
0.0161237
0.01417404
0.01149385
0.01004275
0.005869904
0.002184509
-0.001012446
-0.004840687
-0.008498919
-0.006644511
-1.981339e-05
0.001780734
0.005121574
0.009226534
0.00706256
0.006139997
0.00646235
0.004944844
0.003855342
0.003087606
0.00200191
0.002545682
0.00685819
0.008264085
0.004409704
0.003185547
0.003404295
0.004063231
0.004301354
0.004821723
0.005659641
0.005207491
0.00376166
0.003432657
0.004169437
0.004592316
0.004844096
0.005515784
0.005935005
0.004182409
0.001788198
0.0004029935
-0.0001116334
0.001188896
-0.0003094356
-0.003686172
-0.005109407
-0.00661022
-0.004071726
-0.002003275
-0.0009395482
0.001407698
0.002553158
0.003608726
0.005159166
0.005704077
0.001629216
-0.002083425
-0.004581128
-0.008588426
-0.009679401
-0.007076722
-0.006897534
-0.00485283
-0.001488182
0.0006610582
0.003319072
0.005989843
0.004272749
0.0025049
-0.000332737
-0.003760081
-0.006381016
-0.005160694
-0.003411109
-0.003164007
-0.002639734
-0.00269038
-0.002491686
-0.0008153415
0.003444735
0.006077879
0.001440729
-0.006876631
-0.01091773
-0.01364703
-0.01118159
-0.008263123
-0.006454801
-0.003064182
0.0001499693
0.001714707
0.003376067
0.00548012
0.007103175
0.007468027
0.004830854
0.003340699
0.001967733
-0.001129233
-0.004600318
-0.006947826
-0.004435006
-0.0002383238
0.000443891
-0.001300091
-0.001503335
-0.001863904
-0.003349972
-0.005785083
-0.008634895
-0.0109751
-0.0136951
-0.0151921
-0.01306256
-0.009814115
-0.006979868
-0.005089965
-0.002728132
-0.0001918862
-0.0007903885
-0.001474044
0.002842373
0.003138448
0.001524664
0.002218162
0.002311966
0.001877364
0.0006132942
-0.0002008118
0.0003193386
-0.0001730254
-0.002716338
-0.004749538
-0.006398794
-0.008732646
-0.01000318
-0.008926563
-0.008871565
-0.00960039
-0.01008
-0.01038177
-0.008618964
-0.004693525
-0.0025752
-0.00105145
-0.002311168
-0.00268595
-0.001149941
-0.0004666979
-0.002804747
-0.003572611
-0.004191086
-0.004739139
-0.002557199
-0.00123859
-0.0002388068
0.001400519
0.002837265
0.004178339
0.004916053
0.003027769
0.001955856
0.002849071
0.003891148
0.004158485
0.003414971
-8.265488e-05
-0.002240968
-0.002215693
-0.00162868
-0.002168503
-0.002682796
-0.003123248
-0.002432235
-0.0008344493
-0.001501678
-0.003428203
-0.003994902
-0.005145907
-0.006169655
-0.002033922
0.001685967
0.002393717
0.005156592
0.004799584
0.003796892
0.004027487
0.002641119
0.001146574
0.0002044529
-0.0002956875
0.0001755595
-0.0007422658
-0.002004867
-0.0004787264
0.003968406
0.0008180874
-0.007128107
-0.009621367
-0.009754799
-0.005134413
-0.003180922
-0.003527638
-0.005330719
-0.003527617
0.00384574
0.01309302
0.01670231
0.01876157
0.0204891
0.01804426
0.01514791
0.009748589
0.005344145
0.0009284337
-0.002245542
-0.005176148
-0.008060836
-0.006663815
-0.006137561
-0.008379231
-0.008885324
-0.00590351
-0.005635563
-0.008481744
-0.006092849
-0.0003550892
0.001243955
0.00358162
0.007036771
0.009678762
0.01229718
0.01157093
0.007481109
0.006222749
0.003771638
0.0005289987
-0.001962503
-0.003582955
-0.003602425
-0.004759925
-0.005871651
-0.007543998
-0.009709858
-0.01144157
-0.01182959
-0.008403755
-0.006490993
-0.005564102
-0.003437033
-0.001531819
-0.0004741955
-0.002432848
-0.003573602
-0.00300719
-0.003688454
-0.004971404
-0.006478733
-0.007729409
-0.007945712
-0.0001478323
0.00604947
0.007488471
0.003934376
0.002768932
0.001746972
0.002100906
0.003420893
0.0007694537
-0.002104969
-0.003393625
-0.00595397
-0.004173166
0.00201504
0.004490176
0.005681144
0.001123645
-0.001735439
-0.003151279
-0.005241502
-0.007499377
-0.009518472
-0.01303078
-0.01577619
-0.01094991
-0.004324625
-0.003169494
-0.000194369
0.004445378
0.009302584
0.01065072
0.006209125
0.005290741
0.005405052
0.003516294
0.00151288
-0.001213618
-0.003706302
-0.005440068
-0.002295025
-0.0001082972
0.001088878
0.001592845
-0.001122149
-0.001824764
-0.001410222
-0.002235577
-0.001778206
-4.432015e-06
0.0007181236
0.001804992
0.002195105
-2.264267e-05
0.0002618357
0.003301373
0.005751231
0.006265703
0.003502657
0.003082196
0.002314607
6.42931e-05
-0.003049645
-0.003357918
-0.003487662
-0.004863098
-0.004652777
-0.003162131
-0.002599636
-0.001505278
0.0006560453
0.001582927
-0.0001712899
-0.0003521008
0.001782535
0.003996984
0.006035832
0.006797438
0.006880284
0.006071397
0.003209451
0.0007737844
5.63538e-05
-0.001378546
-0.005922226
-0.008380521
-0.01032868
-0.01206284
-0.008263201
-0.003140463
-0.001034181
-0.0001497964
-0.004558781
-0.005951135
0.001286284
0.009734922
0.02108758
0.01341012
-0.003953667
-0.01331378
-0.01104133
-0.0057776
-0.002068856
-0.003710338
-0.002080717
-0.0003652099
-0.000645486
-0.001744505
-0.003331472
-0.0007210211
0.005188447
-0.001256421
-0.008352244
-0.009168829
-0.004801999
0.003071636
0.008843025
0.01341825
0.007196588
0.003705631
0.01063188
0.01355921
0.008736115
0.00159091
-0.006950316
-0.008541017
-0.00508691
-0.002120837
-0.0002803731
-0.003348376
-0.002589709
0.000611963
-0.0001468796
-0.001906313
-0.004005956
-0.006060979
-0.007588679
-0.006729652
-0.002929941
-6.406018e-05
0.001149376
0.0008891829
0.001524845
0.004803273
0.008222922
0.01001038
0.009669304
0.004921237
0.001829541
0.003795794
0.004724716
0.001460523
0.0007577146
0.001804626
0.003461784
0.006066123
0.007895186
0.002707355
0.002471328
0.001508754
-0.00166456
-0.002601698
-0.001482367
-0.002210208
-0.002777376
-0.002603771
-0.002880963
-0.001361294
0.003855407
0.007850564
0.007877735
0.006496118
0.00577009
0.003481657
-0.0003424456
-0.003725489
-0.006308876
-0.003960739
-0.001137696
0.0001184824
0.003108016
0.006073925
0.006610264
0.005435439
0.003867369
0.001558928
-0.0006794223
-0.0005086714
0.00192354
0.003285201
0.007035025
0.01053396
0.01047402
0.005769358
0.00568727
0.006206029
0.002985359
0.001072076
0.0002509768
0.001797886
0.003205628
0.001939017
0.001504937
0.003150154
0.004111272
0.003340156
0.001586081
0.0005950259
-0.002460324
-0.005640206
-0.007688438
-0.009862649
-0.008041166
-0.005586421
-0.003873375
0.0008965093
0.00606404
0.01015795
0.0135147
0.01098317
0.006652002
0.001800286
-0.001095025
-0.002410953
-0.002530561
-0.003817072
-0.01058368
-0.01387649
-0.008480506
-0.001320401
0.0004379022
0.001033816
0.000822659
-0.002067097
-0.004946404
-0.006472236
-0.0005710877
0.0007416124
-0.006678266
-0.008361521
-0.009268803
-0.004089843
0.006015838
0.01424473
0.01257805
0.007737615
0.0003697943
-0.0007836075
-0.0002617004
-0.002699843
-0.005981576
-0.01335412
-0.01863146
-0.01641186
-0.004390073
0.0001609536
0.005917716
0.01265121
0.01374199
0.008879323
0.006163088
0.009409352
0.006067561
-0.000745739
-0.002980244
-0.008528533
-0.01347462
-0.003574906
0.00774246
0.006181341
0.0004214412
-0.006246486
-0.01169891
-0.01062957
-0.00446028
-0.001265833
-0.004726924
-0.006410196
-0.00425929
0.00435936
0.006583233
0.008119835
0.01723781
0.0194759
0.006237908
-0.008785147
-0.006639707
0.0001709941
0.002248651
-0.003806757
-0.01095886
-0.01601705
-0.01804039
-0.002479173
0.01558667
0.001863878
-0.01031802
-0.02182256
-0.01691584
-0.005846073
0.006658821
0.03201586
0.03362098
0.00982157
-0.002176884
0.006613725
0.01369201
-0.0006759288
-0.0140983
-0.01220445
-0.01727273
-0.02347222
-0.01702352
0.002999287
0.00532591
-0.002041758
-0.002788997
-0.009578812
-0.01083175
-0.0004349678
0.009572102
0.01276674
0.004866725
0.008409402
0.009118665
-0.0006914126
-0.007121399
-0.004376853
0.007695365
0.006645508
-0.003452926
-0.02467514
-0.02827111
-0.009473079
0.002936774
0.009315431
0.006165228
0.001770919
-3.510334e-05
-0.004958143
-0.00159977
0.02379469
0.03876527
0.01267974
-0.0238577
-0.03076478
-0.0103676
0.02052682
0.01742931
-0.01657624
-0.03326331
-0.03637734
-0.001557618
0.03608857
0.0482308
0.007455764
-0.03461106
-0.03298665
-0.01023933
0.03285049
0.06184342
0.02293786
-0.02243661
-0.0320571
-0.03955616
-0.01865181
0.05053097
0.06554186
0.02256238
-0.0112385
-0.03661889
-0.05626226
-0.02424935
0.04199444
0.04793046
-0.01127841
-0.02998188
-0.04399368
-0.03910895
0.0002837052
0.05207743
0.05825428
0.01822366
-0.01069331
0.01785936
0.06477505
0.07909078
0.09512139
0.05792543
-0.0001690534
-0.01747995
-0.04079677
-0.03842374
-0.02053064
-0.05498866
-0.07327877
-0.04397909
-0.01578332
-0.04046203
-0.04018255
-0.0274598
-0.01809632
0.03315169
0.04562383
0.01532977
0.01792998
0.002601211
-0.03126893
-0.037587
-0.0220289
-0.007951138
0.003135156
-0.005697581
0.001751444
0.02963876
0.04168025
0.02129592
0.007337132
0.001273535
-0.01176955
-0.009333821
0.01358629
0.01831244
0.002606989
-0.01012607
-0.01506065
-0.02036958
-0.02132033
-0.02104576
-0.001477746
0.03294357
-0.002203652
-0.01409438
0.01585505
0.03237507
0.01627744
-0.01500609
-0.02961252
-0.02905427
-0.007778238
0.01027859
-0.01153715
-0.01175634
0.003991659
0.006980769
0.01492587
0.02837195
0.03111571
0.02285687
0.01474246
0.01629379
0.02372172
0.02992146
0.02329605
0.02627418
0.03687138
0.03934285
0.03917783
0.02524242
0.00252615
-0.007520031
-0.01226734
-0.02451205
-0.05237005
-0.08964216
-0.09105431
-0.03102521
0.01381521
0.0137334
0.008658211
0.01443088
0.03967001
0.0539385
0.0624455
0.07621745
0.05441971
0.003639071
-0.03442558
-0.06483248
-0.07608343
-0.07684531
-0.0737246
-0.07114469
-0.05019516
-0.02022808
0.01420599
0.03474157
0.05316821
0.07047399
0.05617612
0.03031844
0.03075288
0.02272182
0.007116417
-0.008381703
-0.02602889
-0.02291239
-0.009876649
-0.005203921
-0.003738831
-0.006498145
-0.01179781
-0.004568652
0.01058312
0.007670819
-0.01243733
-0.01138645
-0.02274889
-0.03688645
-0.04219184
-0.04425507
-0.03906485
-0.03542591
-0.03647099
5.307584e-06
0.04422183
0.03986123
0.02818572
0.05354578
0.08282847
0.09241083
0.04463059
0.002701955
0.01714533
0.006896846
-0.01459402
-0.01694191
-0.01413396
-0.002966176
-0.00158919
-0.02250239
-0.03788433
-0.0509633
-0.06332777
-0.07202418
-0.04655874
-0.03046112
-0.0151997
0.04810477
0.09046428
0.1130469
0.1051485
0.08744308
0.06922184
0.06550599
0.03874132
-0.01668289
-0.04137582
-0.07114134
-0.1039698
-0.115561
-0.08710495
-0.05737633
-0.03154757
-0.03631386
-0.04555927
-0.03019871
0.007839006
0.03044468
0.02609255
0.03705628
0.0418558
0.008890559
-0.01689958
-0.01773427
-0.02145202
-0.006311262
0.008282205
0.0182806
0.03221176
0.0318692
0.0246611
0.03364269
0.03646259
0.03495759
0.03373212
0.02056287
5.738006e-05
-0.005701723
-0.01474844
-0.03400656
-0.04130336
-0.02912678
-0.02425551
-0.0270021
-0.0334221
-0.03615699
-0.02423176
-0.01647871
-0.01892632
-0.0152085
-0.006980783
0.00937906
0.01847378
0.02138523
0.03207806
0.04096469
0.04913263
0.05946065
0.06009524
0.04954266
0.03028188
0.01328197
0.008370656
-0.005408421
-0.01407339
-0.01587665
-0.01413283
-0.02076339
-0.02951819
-0.0354077
-0.03164341
-0.01315906
-0.008869967
-0.008112208
-0.004168938
0.0002367984
0.0130777
0.02082636
0.007511494
-0.001041906
-0.001289961
-0.003196965
-0.004323772
-0.005044674
-0.01006173
-0.01477265
-0.01521174
-0.01079504
-0.00972854
-0.008379288
-0.003560184
0.00235955
0.006094706
0.009921934
0.0136324
0.01285591
0.01405586
0.01590295
0.01361925
0.007695689
0.001284918
-0.004555968
-0.004120681
-0.005103388
-0.0054908
-0.005514292
-0.007601511
-0.008623904
-0.01002291
-0.01220339
-0.01376458
-0.01158768
-0.009269847
-0.01018844
-0.01034874
-0.005545943
0.004387194
0.01336065
0.01858164
0.02297199
0.02816752
0.03241336
0.03487961
0.03268059
0.02027612
0.01093919
0.01384752
0.01338419
0.01021325
0.002843045
-0.005638995
-0.009542569
-0.006530679
-0.004269691
-0.008470172
-0.01284203
-0.01323143
-0.00515796
0.003056543
-0.00117336
-0.002350098
0.0006212901
0.001176444
0.001319902
0.002247455
0.001115484
-8.786236e-05
-0.0006181989
-0.0009016633
0.0004610855
0.001726848
0.001127481
-0.0001464206
-3.46182e-05
-0.0005401221
0.0006509026
0.004826187
0.008368103
0.009777598
0.007305824
0.0067558
0.005726371
0.0007295541
-0.004668336
-0.00720808
-0.005490454
-0.007066782
-0.0104194
-0.01074688
-0.01142956
-0.01509553
-0.01766686
-0.01162016
-0.006845595
-0.002201801
0.002602081
0.006895313
0.01013001
0.007645809
0.005470508
0.009028219
0.01383977
0.01606183
0.01191241
0.006633863
0.003826706
-0.0006855214
-0.002128233
-0.0008810577
-0.001992459
-0.00296666
-0.005910587
-0.01108049
-0.009125348
-0.003886562
-0.001736622
-0.002097748
-0.003771156
-0.002482319
0.001123406
0.0008184522
-0.001617005
-0.00120593
-0.002155952
-0.004714322
-0.006555722
-0.0079399
-0.006188013
-0.003834104
-0.002898815
-0.00248501
-0.002217007
-0.001205214
-0.0008251394
-0.001931403
-0.004652834
-0.005709536
-0.006213036
-0.007645511
-0.00869175
-0.008137687
-0.006101762
-0.005146321
-0.002696215
0.004291562
0.009637289
0.01276302
0.01620157
0.01651026
0.0162609
0.01705082
0.01545733
0.01253901
0.007249788
0.00275038
0.00135091
-0.001536606
-0.001485003
0.001389172
0.001930033
0.001909847
-0.0002684981
-0.003822872
-0.003656992
3.712911e-05
0.0007535906
-0.0003619709
-0.004393228
-0.008012798
-0.008902638
-0.009190153
-0.0108885
-0.01200264
-0.01583003
-0.01943716
-0.02160451
-0.0178018
-0.01284405
-0.01082497
-0.01017964
-0.008666611
-0.007153527
-0.004749012
0.0006907189
0.003917614
0.006935665
0.009662435
0.009798461
0.0111276
0.01163187
0.006877624
0.0002982589
-0.007690298
-0.006980977
-0.0007129273
-0.0001868659
-0.003393192
-0.004795489
-0.008383161
-0.01362574
-0.01137388
-0.002660444
-0.002867027
-0.003265708
-0.00369934
-0.004490149
-0.004569992
-0.0001754135
0.003015508
0.004747341
0.002173278
0.0003774499
0.001297217
0.00223458
0.002103588
0.002883248
0.003702194
0.004133363
0.004762318
0.005423608
0.006372055
0.006119259
0.0009341236
-0.002746581
-0.005823927
-0.009638034
-0.01027957
-0.009987518
-0.008786503
-0.006931619
-0.002481298
0.002646503
0.006479304
0.009460254
0.01200304
0.01227887
0.007736314
0.006137235
0.004269372
0.002960952
0.003182962
0.002304996
0.0004407073
-0.003122126
-0.00993642
-0.01236034
-0.00661534
-0.005737142
-0.007435228
-0.00584358
-0.005004256
-0.00394008
-0.001491034
0.0001120016
0.0004745785
-0.00247889
-0.004235246
-0.003829958
-0.002004362
-0.00148768
-0.00148968
-0.001685553
-0.0003646607
0.002112322
0.003530963
0.005261779
0.004804965
0.002545186
0.001875892
0.000420421
-0.001416406
-0.0009713898
0.001634688
0.00182373
0.001369153
0.004752592
0.008465994
0.01016183
0.008730968
0.007650095
0.00827041
0.006813413
0.003263869
0.0006774944
-0.001574579
-0.004272378
-0.006887523
-0.00808251
-0.007735425
-0.008458251
-0.008836516
-0.00853251
-0.004972313
0.0001718364
0.004073453
0.007555512
0.009712247
0.01034946
0.009213749
0.00751574
0.005371237
0.001306635
-0.002857453
-0.005081018
0.0009609975
0.001844418
0.0002289959
-0.0002582015
-0.00197482
-0.00527073
-0.009342658
-0.008144716
-0.008417423
-0.01329694
-0.01399753
-0.01015441
0.0005175131
0.01000422
0.005692147
0.005543055
0.006998004
0.003880366
0.0009406594
-0.003024405
-0.007249452
-0.01069029
-0.008875869
-0.0005328031
0.007977706
0.007278404
0.001199223
0.004521434
0.00736999
0.004885617
-0.0002604845
-0.00365808
0.0007269015
0.0103689
0.008068758
0.004382935
0.001164525
-0.002718216
-0.003287039
3.564996e-05
-0.001614118
-0.004112636
-0.004207171
-0.003050998
4.755798e-05
0.001918788
0.002499334
0.001379088
0.001928049
0.004028957
0.004593143
0.003312813
0.004190865
0.007353543
0.009194881
0.01051356
0.008942126
0.007798558
0.007324401
0.00439721
-0.001675104
-0.004683822
-0.005198322
-0.007986052
-0.01014118
-0.01111252
-0.008766984
-0.005876974
-0.004433348
-0.002985538
-0.001632663
-0.000223882
0.0009841504
0.0007270947
-0.001915577
-0.003305525
-0.004565729
-0.004499969
-0.004493875
-0.00518086
-0.006486125
-0.007525797
-0.006332776
-0.003424324
-0.002343014
-0.0007628408
0.0007345339
0.001186142
0.002176667
0.003046249
0.003196023
0.0001303653
-0.002229782
-0.003948488
-0.005730379
-0.00362414
-0.002410894
-0.001968463
-0.001652157
-0.001817944
-0.001684478
-0.001903866
-0.002273264
-0.002455322
-0.002712813
-0.002992523
-0.001923072
0.001686115
0.00658422
0.01057875
0.008140447
0.00409513
0.005313612
0.00565353
0.004241338
0.004408649
0.004510575
0.002447636
-0.0009152689
-0.00209251
-0.002952388
-0.004599772
-0.00431707
-0.003956027
-0.002483296
0.0009656878
0.00268651
0.004912236
0.00582378
0.001987392
-8.051745e-05
-0.001541988
-0.001156277
3.55663e-05
-0.001039182
-0.001689971
-0.00162368
-0.002162182
-0.001753783
-0.001132663
-0.001774509
-0.002372405
-0.001381073
0.003476171
0.00649956
0.004111234
0.002490235
0.002551211
0.0003086301
-0.002486902
-0.004371331
-0.006418045
-0.004598946
-0.0004498269
-0.001438536
-0.001945424
-0.0001995724
0.003606569
0.00727811
0.01042917
0.00873014
0.004805745
0.003043614
-0.0002463069
-0.000331196
0.003275954
0.002730691
0.0006643336
0.0005171868
-2.694541e-05
0.002264815
0.005956335
0.004150342
0.0005754006
-0.0009475232
-0.003509464
-0.004325098
-0.003885254
-0.005680989
-0.006287578
-0.006217174
-0.003845422
-0.00188464
-0.001303096
-0.002965841
-0.003522493
-0.001328986
0.001472072
0.004477471
0.003195424
0.000564235
0.002149892
0.003655835
0.004196601
0.003169442
0.0001329418
-0.002350536
-0.003023403
-0.002110255
-0.002559319
-0.003178588
-0.003400827
-0.0035712
-0.002036825
5.96555e-05
0.0007673531
-2.455577e-05
-0.00190204
-0.002734273
-0.003482539
-0.002995847
-0.00370143
-0.004481603
-0.004403656
-0.003563495
-0.003008657
-0.002626694
-0.002325609
-0.001446823
-0.0006678377
-0.0001523876
-4.950191e-05
0.001912254
0.004200453
0.005140208
0.003406064
0.001363626
0.0003772732
-0.0002828496
0.00057051
0.0006660314
0.0006960474
-0.000338999
-0.001204066
-0.0004394888
0.000674762
0.0008415864
-0.0006858939
-0.002787994
-0.003186338
-0.001404734
-0.0006458263
-0.0002581878
0.0007820332
0.001624063
0.002256133
0.002938406
0.003585043
0.003519421
0.002376015
0.001840314
0.001235001
0.0002702282
-0.0003832578
2.033007e-05
0.0002901184
-0.0003715137
-0.0004843947
-3.66674e-05
0.0004059801
0.0001901216
-0.0002330132
-0.0001665457
0.0004938694
0.00100966
0.001010017
0.0007967408
0.001040482
0.001598437
0.001869521
0.002127965
0.00189329
0.001085132
0.0002108924
-0.000512443
-0.0008722361
-0.0001709373
0.0003860042
0.0008062091
0.001191392
0.002560028
0.003495622
0.003160789
0.002031022
0.001064952
9.618592e-05
6.835336e-05
0.00152818
0.002682456
0.003047658
0.002250839
0.001428709
0.0001487167
-0.001003035
-0.00106502
-0.001779243
-0.002875735
-0.003178552
-0.002415492
-0.001118995
0.0004263092
0.002331832
0.002390175
0.002077412
0.002514038
0.00256088
0.002392807
0.002301178
0.0021502
0.00191612
0.001334098
0.000852888
0.000563016
0.0006495377
0.0008746744
0.0004766769
0.000114917
6.569702e-05
0.0002673798
0.0003031364
8.714657e-05
0.000111067
0.0003507455
0.0004798482
0.0005056865
0.0005141705
0.0004293389
0.0003711652
0.0003970655
0.0004490762
0.0003884618
0.0003982657
0.0004771017
0.0005005139
0.0004925113
0.0004554989
0.0004345119
0.0003976059
0.0003455131
0.000314785
0.0003599789
0.0003784571
0.0003467029
0.0002850549
0.0002582438
0.000277538
0.0002878244
0.0002806369
0.0002616721
0.0002398717
0.000227092
0.0002232862
0.0002128926
0.0001816588
0.0001220709
7.591081e-05
0.00010168
0.0001093468
0.0001003912
0.0001093775
0.0001127361
0.0001104613
0.0001052965
0.0001043975
0.0001051055
9.900188e-05
8.406017e-05
6.667385e-05
5.302454e-05
3.915945e-05
3.264375e-05
2.82734e-05
2.025963e-05
1.43686e-05
6.958672e-06
-7.734755e-06
-2.327565e-05
-3.622847e-05
-4.811872e-05
-5.422157e-05
-5.989257e-05
-6.921727e-05
-7.840002e-05
-8.582789e-05
-9.209355e-05
-9.827546e-05
-0.0001052835
-0.0001129873
-0.0001215772
-0.0001291715
-0.0001361025
-0.0001423417
-0.0001494578
-0.0001565375
-0.0001632099
-0.0001701137
-0.0001769629
-0.0001836078
-0.0001901844
-0.0001965808
-0.0002028918
-0.0002091259
-0.0002152506
-0.0002213526
-0.0002274119
-0.0002332364
-0.0002388449
-0.0002443562
-0.000249823
-0.000255147
-0.0002603168
-0.0002653645
-0.0002702774
-0.0002750668
-0.00027973
-0.0002842617
-0.0002886602
-0.0002929264
-0.0002970619
-0.0003010647
-0.0003049321
-0.0003086645
-0.0003122623
-0.0003157248
-0.0003190513
-0.0003222415
-0.0003252948
-0.000328211
-0.0003309898
-0.0003336307
-0.0003361335
-0.0003384978
-0.0003407235
-0.0003428101
NaN
NaN
NaN
