3.922735e-05
3.899892e-05
3.852282e-05
3.782208e-05
3.707038e-05
3.655989e-05
3.653711e-05
3.713103e-05
3.85137e-05
4.060991e-05
4.285249e-05
4.480327e-05
4.661822e-05
4.826569e-05
4.883276e-05
4.728169e-05
4.312213e-05
3.697018e-05
3.12391e-05
2.813846e-05
2.80734e-05
3.071142e-05
3.506416e-05
4.03917e-05
4.614732e-05
5.068122e-05
5.255354e-05
4.864671e-05
3.523705e-05
1.616696e-05
1.075417e-06
-2.323917e-06
7.026249e-06
2.110117e-05
3.300464e-05
4.100649e-05
4.210123e-05
3.838434e-05
3.566818e-05
3.51202e-05
3.496097e-05
3.230321e-05
2.761277e-05
2.171788e-05
1.466301e-05
8.378857e-06
-1.243402e-06
-1.449615e-05
-2.686667e-05
-3.733804e-05
-4.194718e-05
-4.695313e-05
-6.098274e-05
-7.884364e-05
-9.623759e-05
-0.0001126325
-0.0001300485
-0.0001473318
-0.000152549
-0.0001375025
-0.0001136244
-9.924436e-05
-9.795383e-05
-9.669877e-05
-7.456865e-05
-1.986107e-05
6.884251e-05
0.0001847972
0.0003114725
0.000432394
0.0005193081
0.0005545434
0.0005627293
0.0005730901
0.0006021767
0.0006449763
0.0006653746
0.0006470982
0.0005814271
0.0004470252
0.0002677277
9.247738e-05
-5.51377e-05
-0.0001671053
-0.0002342638
-0.0002546482
-0.0002398723
-0.000206867
-0.0001859231
-0.0002045517
-0.0002661438
-0.0003495047
-0.0004077597
-0.0003882326
-0.0002668412
-7.814221e-05
0.0001128584
0.0002842793
0.0004586748
0.000642366
0.000804889
0.0009193415
0.0009810952
0.0009776785
0.00090937
0.0007923318
0.0006340884
0.000473196
0.0003488017
0.0002694264
0.0002314263
0.0001946096
0.0001585943
0.0001661062
0.0001751463
0.0001109275
-7.525535e-05
-0.0003988056
-0.0007669679
-0.001057236
-0.001223493
-0.001262926
-0.001216921
-0.001126629
-0.0009672296
-0.0007513806
-0.0005464413
-0.0003522176
-0.0001513919
2.324007e-06
5.598151e-05
1.559282e-05
-5.794809e-05
-7.552358e-05
-4.032376e-05
-3.482254e-05
-8.383991e-05
-0.0001576285
-0.0002013671
-0.0002049219
-0.0002095766
-0.0002508421
-0.0003682298
-0.0005197532
-0.0006135544
-0.0006523353
-0.0007048101
-0.0008249189
-0.001023758
-0.001229151
-0.00132418
-0.001262439
-0.001079933
-0.0008695283
-0.0007323762
-0.0007142495
-0.0007743609
-0.0008242528
-0.0008470371
-0.0008432244
-0.0007427463
-0.0005377706
-0.0003386237
-0.000220683
-0.0001777463
-0.0001653061
-9.632086e-05
4.406175e-05
0.0002227549
0.0004770313
0.0007606992
0.0009483989
0.0009882077
0.0008670872
0.0006822098
0.0006028364
0.0006029229
0.0006271684
0.0007607515
0.0009420415
0.000986757
0.0008201209
0.0005259033
0.000264535
0.0001207735
0.0001172035
0.0002524668
0.0005211116
0.0008744056
0.001195384
0.001412356
0.001561097
0.00176111
0.001984452
0.002105321
0.002127712
0.002003901
0.001663111
0.001170049
0.0007032367
0.0004092278
0.0001856492
-0.0001090677
-0.0004849327
-0.0009549653
-0.001449202
-0.001840336
-0.002071742
-0.002116007
-0.002077032
-0.002119739
-0.002248183
-0.002393697
-0.002472696
-0.002456089
-0.002392176
-0.002245096
-0.001983934
-0.001660678
-0.00132771
-0.001042917
-0.0008368557
-0.0006732177
-0.0004900591
-0.0003242186
-0.0003052903
-0.0004229564
-0.0005726544
-0.0006894344
-0.0006310794
-0.0002702612
0.0002667444
0.0006672025
0.0007979057
0.0008128101
0.0009121039
0.001133796
0.001286905
0.001190607
0.0008567186
0.00036462
-0.0001885192
-0.0006388275
-0.0008309116
-0.0007575843
-0.0005514132
-0.0003561666
-0.0002333359
-0.0001908217
-0.0001962167
-0.0002416689
-0.0004068001
-0.0006569391
-0.0008632319
-0.0008864333
-0.000551998
0.0001051854
0.0008769967
0.001547072
0.001926984
0.002016199
0.001999315
0.002084726
0.002295224
0.002527988
0.002742883
0.002912844
0.00301559
0.002980034
0.002771634
0.002458379
0.002007274
0.001447688
0.000978892
0.0006696603
0.0004156509
0.0001563677
-4.340439e-05
-7.492852e-05
0.0001375418
0.0005360994
0.0009370864
0.001186399
0.001187535
0.0008878313
0.0003632214
-0.0001969839
-0.0005887117
-0.000694069
-0.0006994942
-0.000874152
-0.001154638
-0.001367192
-0.001440121
-0.001409355
-0.001324982
-0.001080049
-0.0006665045
-0.0002521578
2.913741e-05
3.988468e-05
-0.0002206842
-0.0006031399
-0.001006921
-0.001331476
-0.001537752
-0.001717158
-0.001921502
-0.00200426
-0.0018067
-0.001400735
-0.0009643024
-0.0006260201
-0.0004124934
-0.0003237146
-0.0002815309
-0.0001383119
7.713934e-05
0.0002754068
0.000306423
4.015955e-06
-0.0004981896
-0.0009312781
-0.00112116
-0.00107367
-0.00094463
-0.0008230771
-0.00066704
-0.0004007295
-0.0001261374
-2.325628e-05
-4.060974e-05
-5.022227e-05
-3.858392e-05
-8.494894e-05
-0.0003550837
-0.0008505869
-0.001268932
-0.001374787
-0.001222392
-0.0009654103
-0.0007319184
-0.0005736211
-0.0003692553
1.243919e-05
0.0004839451
0.0008514777
0.001008193
0.0009890697
0.0008730734
0.0007685235
0.0008764373
0.001188426
0.001431002
0.001485128
0.001407137
0.001223001
0.000929481
0.0005269663
8.752685e-05
-0.000231611
-0.0003778866
-0.0004861018
-0.000682172
-0.000929096
-0.001102127
-0.001134405
-0.001007564
-0.0007637851
-0.0005995537
-0.000644948
-0.0008000948
-0.0009372586
-0.00100691
-0.001022301
-0.0009768451
-0.0007901861
-0.0004537801
-0.0001181582
4.870303e-05
7.128193e-05
0.0001388485
0.0003703423
0.0007187319
0.00107936
0.001362637
0.001532361
0.001690609
0.001977463
0.002438781
0.002981652
0.003366384
0.003449997
0.003318932
0.003079481
0.00273281
0.002271328
0.001738148
0.001241203
0.000932471
0.0007313865
0.0003718665
-0.0001856986
-0.0007208714
-0.001021435
-0.001133604
-0.001217066
-0.001335373
-0.001516346
-0.001680894
-0.001697767
-0.001609824
-0.001566919
-0.001633091
-0.001761971
-0.001805598
-0.00164911
-0.001359444
-0.001051391
-0.0008510175
-0.0008845505
-0.001085186
-0.001269948
-0.00137067
-0.001368183
-0.00121935
-0.0009131532
-0.000496002
-0.0001190918
0.0001691552
0.0004983036
0.0008422889
0.001055539
0.001171066
0.001242394
0.001118308
0.0008463113
0.0006839044
0.0006777273
0.0008613635
0.001148799
0.001270974
0.001174465
0.0009740037
0.0008147957
0.0007672764
0.0008034923
0.0008531335
0.0007833083
0.0005085821
9.893305e-05
-0.0002812222
-0.0005656646
-0.0007706887
-0.0009228467
-0.001042604
-0.001035747
-0.0008026132
-0.0004033756
1.552848e-07
0.0003228655
0.0006113444
0.0009461692
0.001379887
0.001844296
0.002130093
0.002069869
0.001699315
0.001223141
0.0008211278
0.0005427508
0.0003826346
0.0003114465
0.0002492012
3.622788e-05
-0.0003779683
-0.0007700823
-0.0009615503
-0.000934635
-0.0007544877
-0.0005988591
-0.0005687146
-0.0005837399
-0.0005266891
-0.0004179832
-0.0003192814
-0.0003226284
-0.0005534171
-0.0008580237
-0.001037809
-0.001031316
-0.0007881409
-0.0004284259
-5.391621e-05
0.0003360682
0.0006971766
0.000935079
0.0008846352
0.0005535361
0.0001103349
-0.0003612097
-0.0007593874
-0.0009746264
-0.001041084
-0.001047655
-0.001022332
-0.001047323
-0.001194217
-0.001341653
-0.001341066
-0.001193481
-0.0009793675
-0.0007084618
-0.0003602377
-8.389583e-06
0.0002222336
0.000320441
0.0004494682
0.0007013835
0.001027541
0.001388465
0.001716842
0.001855334
0.001649377
0.001199394
0.0008425577
0.0007763923
0.0008731509
0.0008443537
0.0005563179
0.0001135655
-0.0002849922
-0.0004800464
-0.0004894681
-0.0004117523
-0.000313009
-0.0003144893
-0.0004971912
-0.0008090688
-0.001139985
-0.001319241
-0.001218407
-0.0009404947
-0.0006551975
-0.0004243344
-0.0002618366
-0.000135975
-4.068788e-05
6.66138e-05
0.0003189197
0.0007033356
0.00100327
0.001067077
0.001033431
0.001114294
0.001297836
0.001390844
0.001279329
0.001081469
0.000920999
0.0008244749
0.0007211128
0.0004355436
-1.474219e-05
-0.0005244805
-0.001097031
-0.001626577
-0.00204577
-0.002339222
-0.002426053
-0.002373087
-0.002206095
-0.001874915
-0.001511399
-0.00124859
-0.001076066
-0.0008628737
-0.000448287
0.0001211174
0.0006008838
0.0008628448
0.001013952
0.001184077
0.001383101
0.001612877
0.001843654
0.001935074
0.001851369
0.001674501
0.001509807
0.001462135
0.001527794
0.001696045
0.001874308
0.001849038
0.00155857
0.001084089
0.0005781142
0.0002020774
-9.099808e-05
-0.0004439225
-0.0007693164
-0.0008759581
-0.0007616666
-0.0005835495
-0.0004787145
-0.0004209451
-0.0003330587
-0.0001774352
6.614498e-05
0.0002855288
0.0003682433
0.0002555559
-6.95276e-05
-0.0003770597
-0.0004765624
-0.0004310969
-0.0002582339
-2.072684e-05
9.998667e-05
0.0001216792
0.0001327702
0.0001065221
2.329956e-05
-0.0001594363
-0.0004282131
-0.000666406
-0.0008037156
-0.0007798683
-0.0005613165
-0.0002560435
3.766735e-05
0.0002953809
0.0004720751
0.0005449284
0.0005405078
0.000448631
0.0001767633
-0.0001800901
-0.0003453062
-0.0003146151
-0.0003287101
-0.000493497
-0.0007339528
-0.0009693188
-0.001109141
-0.001138564
-0.001178459
-0.00125026
-0.001268803
-0.001206876
-0.001142705
-0.001112433
-0.001039004
-0.0009610606
-0.000967794
-0.0009490266
-0.0007811037
-0.0005199948
-0.0001943088
0.0001609982
0.0003261336
0.0001903446
-0.000151662
-0.0005898196
-0.0009298626
-0.0009718487
-0.0007160606
-0.00031511
2.635982e-05
0.0001725313
0.0002025827
0.0003066255
0.0005857756
0.001019853
0.001476233
0.00169581
0.001501509
0.001079528
0.000693147
0.0003807759
0.0001228848
-0.0001567593
-0.0004991232
-0.0007636928
-0.0008543855
-0.0008333467
-0.000752441
-0.0005916724
-0.0004336631
-0.0003991861
-0.0003790203
-0.0002611673
-0.0001369697
1.555609e-05
0.0002428556
0.0004190001
0.0004854914
0.0004223384
0.000237603
5.433536e-05
2.317539e-05
0.0002468505
0.0006171782
0.0009210835
0.00107593
0.001169172
0.00133975
0.001533555
0.001647356
0.001672152
0.001585424
0.001366645
0.0009716613
0.0004735734
9.090709e-05
-4.180166e-05
8.3638e-05
0.00035433
0.000629896
0.0008548379
0.000952937
0.0008351956
0.0005419755
0.0001507223
-0.0002358856
-0.0004834279
-0.0006065699
-0.0006493475
-0.0006758359
-0.0008282952
-0.001063741
-0.001203397
-0.001137817
-0.0009204801
-0.0007484267
-0.0007346407
-0.0008695798
-0.001070621
-0.001232024
-0.001315082
-0.001320818
-0.001266694
-0.001117845
-0.0008400097
-0.0004901502
-0.0001656447
4.612064e-06
9.001205e-06
-2.602382e-05
2.965129e-06
0.0001850016
0.0004703607
0.0006993928
0.0008232106
0.0007828039
0.0006027082
0.0005026503
0.0005533062
0.0006428377
0.0006791702
0.000697994
0.0007320135
0.0005901248
0.0002878278
0.0002026465
0.0004783592
0.0008505393
0.0009612296
0.0007300152
0.0003106991
-0.0002090631
-0.0006909169
-0.0009404427
-0.0008958678
-0.0005877319
-0.0001821534
8.211225e-05
0.0001331928
0.0001051846
0.0002321967
0.0005577093
0.000880777
0.001072506
0.001113678
0.001052406
0.0009026082
0.0005925792
0.0002564187
0.0001041233
0.0001415545
0.0003346036
0.0006288274
0.0008683564
0.0009338875
0.0008489575
0.0007837862
0.0008353619
0.0007936855
0.0005094713
0.0001199311
-0.0002916136
-0.0006694683
-0.0009165758
-0.001090059
-0.001268479
-0.001432175
-0.001518033
-0.001456861
-0.001310481
-0.001209565
-0.001261334
-0.001498775
-0.001765666
-0.001949298
-0.002039994
-0.00196671
-0.001708089
-0.001309701
-0.0008539491
-0.0004543582
-0.0001864659
-6.670746e-05
-2.886353e-05
-1.843472e-05
-5.473761e-06
3.701011e-05
-1.519535e-05
-0.0001484032
-0.0001207546
0.0001481352
0.0006075971
0.001051554
0.001174199
0.0008753258
0.0003152072
-0.0001829869
-0.0004148312
-0.0004174448
-0.0003719972
-0.000388291
-0.0003704884
-0.0002095062
0.0001444617
0.0005838834
0.0008555408
0.0008546179
0.0006613595
0.0004476368
0.0003915542
0.0005539258
0.0007344133
0.0006224359
0.0002855859
1.166379e-05
-9.095596e-05
-5.339303e-05
-2.796426e-05
-5.14581e-05
2.225531e-05
0.0002280977
0.0004319255
0.0005053814
0.0005155928
0.0005017391
0.0003829461
0.0002055749
0.0001364011
0.0002766604
0.000507458
0.000685306
0.0006955786
0.0004335972
0.0001079323
2.367571e-05
0.0002321554
0.0005743862
0.0008103123
0.0008579512
0.0007967235
0.0006987358
0.0005753514
0.0003285127
-5.267659e-05
-0.0004142333
-0.000724035
-0.001024936
-0.001296091
-0.001473918
-0.001397181
-0.001099487
-0.0008274836
-0.0006335961
-0.0005200144
-0.0004718346
-0.0004060844
-0.0003387239
-0.0002498717
-0.0001938726
-0.0003196709
-0.0006108858
-0.0009477758
-0.001180639
-0.001156787
-0.0008308975
-0.0003714501
-5.220889e-05
3.044519e-05
-4.912226e-05
-0.0001536624
-0.0001262509
-6.187638e-05
-0.0001453284
-0.0002802792
-0.0003235364
-0.0001574165
0.000149043
0.0002473109
4.689123e-05
-0.0002741341
-0.0005306672
-0.0005607363
-0.0002840541
0.0002673972
0.0009669467
0.001636333
0.002016297
0.002006573
0.001731132
0.001310478
0.000873261
0.0005641195
0.0004785477
0.000526865
0.0005178817
0.0003409949
3.963223e-05
-0.0002538455
-0.0005697865
-0.0008844405
-0.00107934
-0.001207179
-0.001269858
-0.001197978
-0.0009862631
-0.000696214
-0.0004352695
-0.0001630051
0.0001531998
0.000351268
0.0004035434
0.0004598835
0.0005417032
0.0005438433
0.000429011
0.0003070048
0.0002917779
0.0003274803
0.0002795703
0.000143418
3.271053e-05
8.923429e-06
0.0001275003
0.0004341054
0.0007804328
0.001006094
0.001069199
0.0009539866
0.0006956776
0.0002854551
-0.0002276745
-0.0006271486
-0.0008210352
-0.0009089572
-0.001006372
-0.001210707
-0.001511229
-0.001755651
-0.00177305
-0.001468512
-0.0009966753
-0.0006547305
-0.0005474743
-0.0006116716
-0.0007487646
-0.0008410064
-0.0008126494
-0.000736335
-0.0007345186
-0.0007715233
-0.0006990494
-0.0004084285
2.805635e-05
0.0002979355
0.0002871709
0.0003001438
0.000486286
0.0007281457
0.0009529627
0.001134147
0.001276028
0.001384559
0.001480187
0.001511602
0.001340851
0.0009744629
0.000510359
5.450581e-05
-0.0002275424
-0.0002223947
4.189338e-05
0.0003675
0.000545575
0.0005800316
0.0005681917
0.0005426389
0.0004272282
0.0001987569
9.691595e-06
-5.580632e-05
1.117733e-05
0.0002033883
0.0004657326
0.0007748661
0.001066977
0.001268482
0.00135585
0.00129277
0.001110028
0.0009119763
0.0007326146
0.0006311886
0.0007032363
0.0008444384
0.0009481472
0.001017094
0.001031838
0.001138577
0.001397447
0.001544248
0.00141099
0.00110345
0.000891969
0.0009084464
0.0009286897
0.0007552385
0.0004325248
6.60706e-05
-0.0002165267
-0.000309794
-0.0002369435
-0.0001220796
-6.987822e-05
-7.075751e-05
-1.130164e-05
0.0001784434
0.0003844125
0.0004021295
0.0001809121
-0.0001233624
-0.0003382865
-0.0003742816
-0.0002159222
1.541138e-05
0.0001424999
0.0001481396
0.0001628029
0.0002255366
0.0002885459
0.0003816197
0.0005138381
0.0006522856
0.0007814149
0.0008750355
0.000932583
0.0009626552
0.001034215
0.001232082
0.001419045
0.001350526
0.001013305
0.0006149037
0.0003196804
0.0001376242
2.669985e-05
-4.129515e-05
-8.710301e-05
-4.99699e-05
0.0001389183
0.0003496169
0.0003599848
0.0001558905
-7.142458e-05
-0.000183653
-0.000170456
-4.653319e-05
0.0001085142
0.0001564684
9.94195e-05
-1.605553e-05
-0.000201424
-0.0003764613
-0.0005110671
-0.0005932737
-0.0005084058
-0.0002553275
6.826098e-05
0.0003251832
0.0004246952
0.0004112952
0.0002768816
2.030361e-06
-0.0003426277
-0.0007002273
-0.001035316
-0.001268606
-0.001361272
-0.001415749
-0.001513419
-0.001624933
-0.001662648
-0.00153287
-0.001217678
-0.0008309564
-0.0005375905
-0.0003396968
-0.0002333067
-0.0002567487
-0.0003800734
-0.0006298262
-0.0008493323
-0.0007774909
-0.0003430555
0.0004044963
0.001175012
0.001600656
0.001636305
0.001474405
0.001212206
0.0008909423
0.0006430061
0.0005352354
0.0005145923
0.0005611835
0.000744226
0.0009326696
0.000846242
0.0005308312
0.0002474629
0.0001657303
0.0003134239
0.0006683313
0.001205115
0.001792055
0.002224116
0.00231378
0.002016523
0.001424247
0.0007079213
0.0001161047
-0.0002224612
-0.0003423358
-0.0003124208
-0.0001681178
6.685194e-05
0.0003163007
0.0004560656
0.0004077451
0.0002591749
0.0001147957
-1.755553e-05
-9.415553e-05
-8.536174e-05
4.992757e-05
0.0003861372
0.0008107281
0.001124039
0.001167259
0.0008351723
0.0002820524
-0.0002139561
-0.0005334929
-0.000725532
-0.0008878899
-0.001054124
-0.001269482
-0.001513869
-0.001631093
-0.001636823
-0.001665503
-0.001674402
-0.00160802
-0.001552413
-0.001591812
-0.00167592
-0.001701466
-0.001642374
-0.001524334
-0.001445774
-0.001539575
-0.00178593
-0.001967606
-0.001941901
-0.001827551
-0.001735591
-0.00163587
-0.001471052
-0.001214371
-0.000914141
-0.0006504511
-0.0004658099
-0.0003066193
-0.0001091173
0.0001677979
0.000508773
0.0006778048
0.0005320952
0.0003217512
0.0003829613
0.0007031425
0.0009719179
0.0009939112
0.0007932642
0.0005462985
0.0003950757
0.0003389082
0.0004318403
0.0007156994
0.001045132
0.001222452
0.001243944
0.00124765
0.001344745
0.001581465
0.001790394
0.001814893
0.001736294
0.001601129
0.001487514
0.001488511
0.001512187
0.001476052
0.001339244
0.001140391
0.001033397
0.001049896
0.00113472
0.001233907
0.001326019
0.001362424
0.001125511
0.0006084254
8.32688e-05
-0.0002803886
-0.0004529727
-0.0005828506
-0.0008009312
-0.0009766423
-0.0009226869
-0.0006696884
-0.0003908807
-0.0001445754
-1.958893e-05
-0.000133295
-0.0003272842
-0.0003622122
-0.0002131039
5.464216e-06
0.0001659436
0.0001949272
0.0001038872
-7.173416e-05
-0.0002439024
-0.00030308
-0.0002972725
-0.0003253574
-0.0003922549
-0.0004396653
-0.0004018814
-0.0003202334
-0.000280439
-0.0003441508
-0.0005580295
-0.0008445475
-0.001040054
-0.001046838
-0.0009015159
-0.0007188935
-0.0005980412
-0.000581543
-0.0006402258
-0.0007670665
-0.0009755156
-0.001184888
-0.001284797
-0.001213413
-0.0009682866
-0.0006406038
-0.0003345038
-6.101576e-05
0.0002285869
0.0005383692
0.0008357188
0.001134215
0.001411723
0.001648327
0.001876936
0.002025067
0.001948325
0.001600779
0.00118726
0.0009061889
0.0006249116
0.0002228048
-0.0002335526
-0.000627817
-0.0008016677
-0.0006452924
-0.0002274213
0.0001629244
0.0003401483
0.0004001958
0.0003538731
0.0001100634
-0.0002720773
-0.000616238
-0.000727644
-0.0005618286
-0.0002482447
7.92019e-05
0.0003296324
0.0005533012
0.0008488797
0.001124429
0.001248997
0.001275984
0.001309445
0.001334246
0.00140074
0.001586121
0.001786506
0.001826043
0.001616775
0.001370384
0.001333625
0.001447469
0.001563653
0.001552046
0.001346499
0.000957379
0.0005163149
0.000250895
0.0002407743
0.000383175
0.0005340362
0.0006750004
0.0007798414
0.0007185155
0.00045985
8.770322e-05
-0.0002450545
-0.0003835069
-0.0002665389
6.838404e-06
0.0002173069
0.0002350853
0.0001661545
0.0001945675
0.0002895759
0.0003094918
0.0001804519
-9.138805e-05
-0.0003543896
-0.0004675876
-0.0004145832
-0.0002329212
-6.08174e-05
-3.282077e-05
-0.0001432081
-0.0003261563
-0.0004695655
-0.000514841
-0.0005360525
-0.0005834757
-0.0006328315
-0.0006172229
-0.0005570898
-0.0005597013
-0.0006533898
-0.0008438755
-0.001139544
-0.001480214
-0.001697778
-0.001699907
-0.001575184
-0.001392593
-0.001231061
-0.001121431
-0.00100396
-0.0008482439
-0.00058518
-0.0002114796
0.0001566271
0.0003843321
0.0004668282
0.0005192377
0.0004702782
0.0002923834
0.0002089624
0.0003346014
0.0005649435
0.0007096059
0.0007012887
0.0006374637
0.0005966689
0.0006154473
0.0007432678
0.001008253
0.001274021
0.001328291
0.001201388
0.001119438
0.001146381
0.00110768
0.0009555898
0.0007827506
0.0005169929
0.0001917908
1.611442e-05
-4.756622e-05
-0.0001311437
-0.000201619
-0.0002552202
-0.0003203824
-0.0003178587
-0.000223874
-0.0001609422
-0.0001648027
-0.0001287557
1.144299e-05
0.0002290909
0.0004491153
0.0006008644
0.0006771339
0.0007170572
0.0006801889
0.0005074924
0.0003164808
0.0001439262
-0.00012652
-0.0004218326
-0.0006315899
-0.0007825892
-0.0009577634
-0.00123631
-0.001460997
-0.00141395
-0.001177604
-0.0009092727
-0.0006615596
-0.0004618415
-0.0003328495
-0.0003049102
-0.0003747151
-0.0005109345
-0.0006431103
-0.0007053823
-0.0007430698
-0.0007092389
-0.0004912594
-0.0001755389
0.0001074374
0.0002487601
0.0001501824
-0.000113813
-0.000390909
-0.0005946918
-0.0006725593
-0.0006351976
-0.0005891344
-0.0006106673
-0.0007019423
-0.0008404243
-0.0009686906
-0.001069606
-0.00113952
-0.001084227
-0.0008494463
-0.0005162514
-0.000215998
7.32177e-06
0.0002769147
0.0006604238
0.001038637
0.001253078
0.001204548
0.0009852269
0.0007059338
0.0003187533
-0.0001219491
-0.000448112
-0.0005449218
-0.0004462687
-0.0002685169
-6.390841e-06
0.000303868
0.0006300507
0.001081907
0.001589408
0.001949603
0.001987899
0.001636977
0.001135896
0.0007269093
0.0004294973
0.0001447874
-0.0002383019
-0.0006146828
-0.0008209758
-0.0008862051
-0.0009037424
-0.0009203005
-0.0008865999
-0.0007238895
-0.000437658
-0.0001018571
0.0001467695
0.0002457318
0.0002565081
0.0002199492
0.0002398008
0.000385695
0.0004970278
0.0004158539
0.0002152578
7.34267e-05
1.485373e-05
-1.63163e-05
-5.508432e-05
-0.0002018481
-0.0004633842
-0.0007210884
-0.0009079948
-0.0009968485
-0.0009963853
-0.0009211201
-0.0006669626
-0.0002153435
0.0002261653
0.0005198276
0.0006470724
0.0005843484
0.0003362706
-3.108871e-05
-0.00035734
-0.0005385982
-0.0006009213
-0.0005751494
-0.0005797682
-0.0007095877
-0.000835105
-0.0008493314
-0.0007997938
-0.000752665
-0.0007149226
-0.0006449804
-0.0005486117
-0.000439667
-0.0004189361
-0.0006427021
-0.0009621961
-0.001118313
-0.0009664544
-0.0004725216
8.359522e-05
0.0003394932
0.0002609321
0.0001698232
0.0002494135
0.0002877233
0.0001361574
-0.0001319322
-0.0003278258
-0.0002916923
-7.350245e-05
0.0001642261
0.000261525
0.0001291998
-0.0002472398
-0.0007240125
-0.0010122
-0.001033612
-0.0008982112
-0.0007010205
-0.0005117366
-0.0003758854
-0.0003750497
-0.0004942119
-0.0006045298
-0.0005004974
2.778032e-05
0.0007791921
0.001277776
0.001287976
0.0009291387
0.0005020548
0.0001763231
2.120021e-05
0.0001499227
0.0004909964
0.0007940963
0.0008998146
0.000824527
0.0007462799
0.0007484572
0.0007166922
0.0006447908
0.0006472572
0.0007675164
0.0009121348
0.0008952918
0.0006685715
0.0003833311
0.0001186209
-0.000131131
-0.000251572
-0.0001361457
0.0001225497
0.000268857
0.0001848542
8.616349e-05
0.0001821963
0.0003481889
0.000352733
0.0001964482
1.617184e-05
-7.136371e-05
-3.300602e-05
-3.044205e-05
-0.0002186122
-0.0004763643
-0.0005712302
-0.0004470034
-0.0002129615
9.389191e-06
0.0002133415
0.0004743156
0.0008037735
0.001125438
0.001354044
0.001504318
0.001552318
0.001418582
0.001152681
0.0008828359
0.0007960551
0.0008862166
0.0009400592
0.0008724265
0.0006411123
0.0002941848
-6.695608e-05
-0.0004211684
-0.0006779856
-0.0008034334
-0.0008303714
-0.0007450399
-0.0006127096
-0.0005753378
-0.0006808756
-0.0007423097
-0.0005745891
-0.0002669394
5.290946e-05
0.0003345672
0.0004472452
0.000381573
0.0003029513
0.0002000105
-7.626233e-06
-0.0002383932
-0.0003682123
-0.0003830989
-0.0004191206
-0.0005040647
-0.0004741429
-0.0002987932
-0.0001146279
-3.629228e-05
-0.0001306139
-0.0003335215
-0.0004808015
-0.0005226526
-0.0005393561
-0.0005848117
-0.0006387767
-0.0007749398
-0.001032071
-0.001252462
-0.001385949
-0.001470026
-0.001438854
-0.001237477
-0.0009395536
-0.0007199719
-0.0006720636
-0.0008180342
-0.001110615
-0.001335245
-0.001373562
-0.001306622
-0.001182979
-0.001065612
-0.001097757
-0.001276132
-0.001436299
-0.001510764
-0.001596379
-0.001809326
-0.002140154
-0.002464751
-0.002644069
-0.002552254
-0.002175396
-0.001693214
-0.001344869
-0.00120614
-0.001132551
-0.00106206
-0.001055337
-0.0009985446
-0.0007767986
-0.0004695399
-0.0001451553
0.0002170732
0.0005545179
0.0006733795
0.000444427
-3.106336e-05
-0.0004630404
-0.0006205482
-0.0005188274
-0.0003289593
-0.0002161634
-0.0002659866
-0.0004322606
-0.0005976262
-0.0007172262
-0.0008751209
-0.001136366
-0.001345549
-0.001350839
-0.001197916
-0.0009978741
-0.000908971
-0.00104162
-0.00137392
-0.001781635
-0.002084141
-0.002202792
-0.002216752
-0.002318549
-0.002646336
-0.003072524
-0.003384302
-0.003480741
-0.003389932
-0.003309788
-0.003355839
-0.003434317
-0.003443617
-0.003326942
-0.003076331
-0.002757894
-0.002488681
-0.002357747
-0.002359303
-0.002394359
-0.00237918
-0.002278447
-0.002029044
-0.001743014
-0.001615899
-0.001627887
-0.001735046
-0.00188321
-0.001940883
-0.001863495
-0.001736061
-0.001723587
-0.001861669
-0.001999663
-0.001967849
-0.001685151
-0.001279419
-0.0009536366
-0.0007435217
-0.0005922176
-0.0004762462
-0.0004069039
-0.0004498164
-0.000712214
-0.001221174
-0.001804383
-0.0021744
-0.002235627
-0.002151337
-0.002101367
-0.002195231
-0.00242587
-0.002647332
-0.00277037
-0.00278375
-0.002688006
-0.002562885
-0.002455715
-0.002281136
-0.00197842
-0.001657379
-0.00142993
-0.001291808
-0.001225823
-0.001196076
-0.001251127
-0.001406738
-0.00150727
-0.001526131
-0.001547544
-0.00162553
-0.001790997
-0.002020772
-0.002317223
-0.002713341
-0.003173214
-0.003570139
-0.003814785
-0.003881792
-0.003817312
-0.003725821
-0.003562015
-0.003248568
-0.002868188
-0.002642655
-0.00267677
-0.00271358
-0.00266085
-0.002723135
-0.002904882
-0.00312594
-0.003342966
-0.003528153
-0.003732002
-0.003969148
-0.004158954
-0.004165176
-0.00392775
-0.00346861
-0.00286189
-0.002319764
-0.001965324
-0.001688865
-0.001341732
-0.0008570335
-0.0002777916
0.0003028375
0.0008239224
0.001295713
0.00172075
0.002020589
0.002146991
0.002207347
0.002370232
0.002658703
0.003011499
0.003358897
0.00365142
0.003906222
0.004097483
0.004176199
0.004113985
0.004001857
0.003972757
0.003934414
0.003796646
0.003590365
0.003378096
0.003227631
0.003058516
0.00283142
0.002643151
0.002503906
0.002322881
0.002105668
0.002037124
0.00218363
0.002408289
0.002622472
0.002845308
0.003064072
0.003168215
0.003151857
0.003109166
0.003073947
0.003105075
0.003216055
0.003390273
0.00369387
0.004015601
0.004146103
0.004091364
0.003963262
0.003815967
0.003540398
0.003002831
0.002212388
0.001247864
0.0002850062
-0.0005264461
-0.001183451
-0.001714602
-0.002163315
-0.002635207
-0.003226316
-0.003919926
-0.004650845
-0.005363124
-0.006033823
-0.006628522
-0.007044027
-0.007355942
-0.007770446
-0.008200808
-0.008319764
-0.007965011
-0.007269149
-0.006441395
-0.005561169
-0.004695038
-0.004065088
-0.0037699
-0.003606124
-0.003352207
-0.002891984
-0.002244751
-0.001610968
-0.001191806
-0.001047568
-0.001060063
-0.001014532
-0.0008292492
-0.0005482456
-0.0002804777
-0.000160792
-0.0001587072
-0.0001266872
7.597168e-05
0.0005134794
0.001109035
0.001781432
0.002530875
0.003386804
0.004339068
0.005377555
0.006492569
0.0076
0.008630048
0.009541403
0.01036071
0.01115978
0.01186089
0.0123746
0.01267425
0.0126784
0.01237201
0.01187308
0.01130351
0.01064211
0.009820539
0.008919946
0.008042928
0.007131705
0.006041891
0.004766133
0.003434076
0.002106527
0.0008540806
-0.0001791587
-0.0008953666
-0.001295302
-0.001483417
-0.001586581
-0.001686286
-0.001741023
-0.001682852
-0.001602378
-0.001571455
-0.00153333
-0.001409141
-0.001152225
-0.0008159041
-0.0005144434
-0.0002779355
-3.282896e-05
0.0002490981
0.0005089161
0.0006941684
0.0007483422
0.0007179344
0.0007087365
0.0006285993
0.0003814109
-8.996053e-05
-0.0008053531
-0.001535466
-0.002138542
-0.002606197
-0.00289418
-0.003021051
-0.002990463
-0.002957724
-0.003068644
-0.00310941
-0.002881785
-0.002381651
-0.001653229
-0.000886527
-0.0003369902
-8.505946e-05
-1.973405e-05
-6.404035e-05
-0.0003039142
-0.0007738063
-0.00133489
-0.00187963
-0.002465038
-0.003211404
-0.004050691
-0.004693123
-0.004981359
-0.004911617
-0.004508922
-0.003873757
-0.003020071
-0.001977617
-0.0008527898
0.0003363222
0.001560787
0.002735418
0.003779025
0.00462623
0.005204457
0.00555273
0.005813613
0.006099967
0.006610853
0.007426528
0.008254032
0.008774475
0.008930349
0.008754869
0.008248112
0.007465727
0.006585621
0.005722122
0.004712593
0.003326759
0.001530627
-0.0004739253
-0.002454532
-0.00435686
-0.006101074
-0.007560608
-0.008803881
-0.009923615
-0.01086263
-0.01156833
-0.01200246
-0.01208788
-0.01182348
-0.01126982
-0.01040919
-0.009201121
-0.007778974
-0.006428558
-0.005327381
-0.004400547
-0.003474212
-0.002521045
-0.001643062
-0.0009043799
-0.0003154921
5.749581e-05
6.971681e-05
-0.0003179711
-0.001012331
-0.001886395
-0.002787675
-0.003549315
-0.004005816
-0.004142814
-0.004037641
-0.003751596
-0.003319931
-0.002679644
-0.001885447
-0.001017866
-2.343838e-05
0.001033457
0.002015424
0.00282347
0.003479792
0.00414034
0.00487593
0.005713139
0.006698335
0.007819813
0.009009992
0.01013076
0.0111017
0.01200882
0.01293058
0.01378006
0.01439917
0.01464588
0.01439455
0.01376266
0.01312505
0.01268809
0.01240014
0.01222608
0.01217479
0.01212748
0.01197637
0.01179191
0.01165075
0.01160913
0.01175204
0.0121399
0.01271446
0.01324483
0.01362453
0.01393238
0.01412436
0.01405519
0.01370401
0.0132041
0.01255725
0.01160897
0.01043511
0.009333283
0.008480524
0.007834104
0.007293575
0.006824162
0.006440337
0.006131688
0.005887111
0.005757553
0.005676227
0.005501905
0.005148723
0.004507786
0.003678824
0.002865483
0.002048836
0.001208278
0.0003991194
-0.000390335
-0.001174969
-0.001852859
-0.00235386
-0.002794048
-0.003269185
-0.003797797
-0.00442526
-0.005175542
-0.00601508
-0.006877789
-0.007729966
-0.0085047
-0.009086596
-0.009426354
-0.009497105
-0.009309482
-0.008997847
-0.008723867
-0.008558029
-0.008463771
-0.008420752
-0.008500247
-0.00861329
-0.008535551
-0.008234621
-0.007862282
-0.00770037
-0.007898702
-0.008325485
-0.008838858
-0.009299131
-0.009648649
-0.009877724
-0.009812357
-0.00931675
-0.008490688
-0.007608364
-0.006872736
-0.006312663
-0.005886978
-0.005497283
-0.005071852
-0.004683496
-0.004483444
-0.00444751
-0.004391761
-0.004244589
-0.003981916
-0.003547726
-0.002970006
-0.002354138
-0.001819343
-0.001435418
-0.001256463
-0.001330197
-0.001490055
-0.001469377
-0.001174177
-0.0005792985
0.0002553564
0.001175326
0.002091964
0.002954911
0.003776101
0.004702805
0.005785789
0.006721895
0.007257321
0.007483377
0.007508961
0.007478011
0.007555805
0.007806862
0.008290022
0.008910993
0.009483848
0.009873009
0.00990944
0.009594929
0.009151712
0.008690207
0.008172324
0.007663083
0.007340403
0.007209639
0.00710977
0.006980272
0.006834443
0.006685484
0.006545295
0.006350036
0.005860506
0.004776423
0.003092998
0.001054838
-0.00105343
-0.002916125
-0.004347059
-0.00539591
-0.006186753
-0.006776167
-0.007222879
-0.007668336
-0.008287133
-0.009175004
-0.0102638
-0.01143894
-0.0126077
-0.01357827
-0.01421077
-0.01453067
-0.01466915
-0.0148605
-0.01512774
-0.01537372
-0.01562593
-0.01572847
-0.01541148
-0.01455007
-0.01320432
-0.01156806
-0.009947228
-0.008679741
-0.007826135
-0.007251515
-0.006776829
-0.006149621
-0.005285839
-0.004403307
-0.003852276
-0.003854543
-0.004374819
-0.005217861
-0.006194425
-0.007151425
-0.007946074
-0.008469295
-0.008620013
-0.008474997
-0.008330434
-0.008293755
-0.008290945
-0.008411337
-0.008732566
-0.009081374
-0.009177598
-0.008828106
-0.008082422
-0.00712186
-0.006041907
-0.004883949
-0.003642291
-0.002322586
-0.001019394
0.0001499052
0.00115233
0.002127864
0.003223873
0.004454933
0.005758375
0.007043794
0.008252677
0.00931311
0.01014069
0.01074898
0.01120853
0.01157686
0.01198022
0.01254589
0.01312931
0.0134569
0.01350846
0.01338914
0.01313611
0.0128819
0.01273756
0.01255099
0.01213362
0.01154706
0.01096067
0.01039877
0.009805212
0.009182954
0.008674426
0.008450319
0.008443701
0.008508522
0.008591879
0.00867967
0.008787894
0.008847299
0.008786085
0.008630961
0.008392967
0.008061411
0.007685358
0.007392887
0.007270122
0.007255237
0.007069971
0.006392367
0.005226684
0.003834348
0.002467173
0.001301235
0.0004118775
-0.0003241385
-0.001120041
-0.00201967
-0.002940565
-0.003798294
-0.004589507
-0.005435612
-0.006447179
-0.00771729
-0.009302655
-0.01102506
-0.01260034
-0.01380303
-0.01440166
-0.01442116
-0.01421123
-0.01392791
-0.01342457
-0.0126297
-0.0115083
-0.009975951
-0.008169379
-0.006463954
-0.005209539
-0.004416104
-0.003743528
-0.002967639
-0.002177121
-0.001507773
-0.00100108
-0.0006742933
-0.0005474505
-0.000546278
-0.0004868247
-0.0003575715
-0.0003291229
-0.0004902966
-0.0009029323
-0.001495392
-0.002121925
-0.002913476
-0.0040175
-0.005347429
-0.00675387
-0.008154082
-0.009420033
-0.01021723
-0.01036837
-0.01011016
-0.009757415
-0.009404311
-0.008970099
-0.008340878
-0.007277619
-0.005640412
-0.003562207
-0.001202879
0.001169151
0.003286457
0.005081483
0.006582558
0.007874296
0.008985828
0.009877968
0.01052678
0.01098736
0.01141422
0.01189512
0.01236816
0.01269824
0.01281238
0.01273538
0.01246554
0.01194137
0.01106202
0.009780511
0.008268045
0.006781268
0.005343005
0.003743278
0.001833372
-0.0003118218
-0.002473353
-0.004418179
-0.005913754
-0.006819416
-0.007336294
-0.007858236
-0.008540366
-0.009230084
-0.009676651
-0.009775276
-0.009601334
-0.009257084
-0.008974636
-0.009041315
-0.009441569
-0.01001716
-0.01069319
-0.01140438
-0.01212849
-0.0128173
-0.01335792
-0.01367968
-0.01377317
-0.01362996
-0.01316814
-0.01233917
-0.01116815
-0.009663042
-0.007868856
-0.005906781
-0.003872093
-0.001701776
0.0006660891
0.003074435
0.005345088
0.007482615
0.009499798
0.01126403
0.01272968
0.01398459
0.01503114
0.01591243
0.01673313
0.01751242
0.01821183
0.01864934
0.01857398
0.01779618
0.01629301
0.01438716
0.01245599
0.01065571
0.008971424
0.00735327
0.005924556
0.004765233
0.003772475
0.002912928
0.002166831
0.001433999
0.0007608574
0.0003810517
0.0003234265
0.0004432648
0.0006746384
0.0008854344
0.001056671
0.001362636
0.001876144
0.002454037
0.00273522
0.002468969
0.001815652
0.001071717
0.000351129
-0.0002672168
-0.0005947162
-0.0004972293
-3.844975e-05
0.0005488215
0.00107818
0.001509496
0.001860665
0.002108809
0.002164779
0.002027137
0.00172621
0.00118496
0.0003349224
-0.0008683764
-0.002396071
-0.004010243
-0.005460114
-0.006691469
-0.007784893
-0.008877163
-0.009909466
-0.01055922
-0.01066427
-0.01028586
-0.009570246
-0.008715576
-0.00779554
-0.006860116
-0.006040702
-0.005418847
-0.005005817
-0.004789791
-0.004710695
-0.004658712
-0.004622095
-0.0046356
-0.004698469
-0.00483375
-0.005003575
-0.005136929
-0.005153854
-0.004979279
-0.004619461
-0.0041645
-0.003746605
-0.003333062
-0.002783249
-0.002086233
-0.001339171
-0.00061239
5.641876e-05
0.000505448
0.0006454356
0.0005455949
0.0002459882
-5.665142e-05
-0.0001185554
-4.672959e-05
-0.0001504795
-0.0005178956
-0.00100437
-0.001424102
-0.001571088
-0.001406417
-0.001124536
-0.0009441533
-0.001040067
-0.001408752
-0.00179429
-0.001991493
-0.002056972
-0.002135023
-0.0023428
-0.002739424
-0.003179106
-0.003481871
-0.003669598
-0.003822168
-0.003984332
-0.004137008
-0.004178651
-0.004071312
-0.003817195
-0.003247878
-0.002241029
-0.001029447
0.0001568095
0.001208865
0.001985534
0.002524587
0.003000748
0.003611913
0.004407564
0.005136159
0.005546432
0.005558387
0.005195643
0.004492495
0.003509696
0.002452109
0.001564017
0.0008839312
0.0002198612
-0.0005572071
-0.00145233
-0.002468648
-0.003440828
-0.004151801
-0.004592838
-0.004736737
-0.004476626
-0.00383932
-0.002927062
-0.001848463
-0.0008020643
2.834201e-05
0.000664815
0.001204675
0.001772625
0.002520418
0.003329616
0.003923994
0.004188272
0.004149151
0.003861388
0.003420001
0.003019717
0.002673965
0.002131473
0.001181711
-0.0001977924
-0.00182374
-0.003582373
-0.005461264
-0.007225339
-0.008651746
-0.009697355
-0.01027919
-0.01036423
-0.01002418
-0.009334817
-0.008370197
-0.007154566
-0.005717874
-0.004124242
-0.002463083
-0.0008351873
0.0007563187
0.002243436
0.003505002
0.004500295
0.005179434
0.005609944
0.005889179
0.006084944
0.006320165
0.006591088
0.006848493
0.00708607
0.0072481
0.007321657
0.007480746
0.007977062
0.008873889
0.01010617
0.01152486
0.0128576
0.01392533
0.01459509
0.0146471
0.01405711
0.01310439
0.01204936
0.01094813
0.009702162
0.008189059
0.006408775
0.004555881
0.002928143
0.001631957
0.0006750883
0.0001571776
-1.879111e-05
-0.0002025215
-0.0007179538
-0.001638929
-0.002807601
-0.003969535
-0.004910243
-0.005583663
-0.00593446
-0.005923787
-0.005719414
-0.005430488
-0.005010784
-0.004362734
-0.003344964
-0.00203052
-0.0006400326
0.0007946807
0.002250902
0.003534086
0.004516112
0.005280006
0.005886252
0.0062873
0.006463005
0.006399914
0.006183188
0.006040629
0.006111469
0.006336064
0.006554484
0.006550989
0.006195248
0.005624233
0.004966988
0.004210384
0.003428192
0.002706245
0.002100779
0.001602211
0.00109924
0.000605827
0.0001694116
-0.0002515597
-0.0006581406
-0.001070364
-0.001508806
-0.001805597
-0.001800634
-0.00157943
-0.001261396
-0.0009491814
-0.000723407
-0.0005537856
-0.0004212826
-0.0003589396
-0.0004661794
-0.0008445384
-0.001535117
-0.002511405
-0.003603895
-0.004565152
-0.005191362
-0.005457632
-0.005463683
-0.005281251
-0.004951977
-0.004474598
-0.003913544
-0.003375108
-0.002864044
-0.002336715
-0.001674774
-0.0007933164
0.0002468568
0.001393823
0.002650002
0.004069328
0.005667804
0.007358377
0.008983683
0.01026799
0.01100993
0.01126926
0.01126039
0.01112563
0.01080244
0.0102395
0.009529353
0.008720987
0.007861233
0.007133478
0.006697803
0.006621073
0.006819704
0.00703581
0.007121721
0.007163801
0.007383741
0.007899644
0.008638599
0.009484201
0.01024426
0.01076806
0.01110761
0.01141797
0.01176309
0.01201774
0.01198816
0.01155535
0.01084085
0.01016964
0.009746848
0.009496885
0.009160888
0.008633621
0.008098223
0.007771541
0.007712989
0.007744646
0.007649722
0.007341506
0.00674388
0.005904599
0.004994943
0.00407337
0.003067744
0.001960251
0.0009216996
0.0001552472
-0.0002482831
-0.0003420909
-0.0002857782
-0.0002147676
-0.0002387277
-0.0003747084
-0.0006059743
-0.001042312
-0.00173605
-0.002545838
-0.003291557
-0.003920953
-0.00442808
-0.004824905
-0.005146164
-0.005296811
-0.005311745
-0.005353992
-0.005403759
-0.005432026
-0.005387779
-0.005185168
-0.004840459
-0.004449869
-0.004225042
-0.004332015
-0.00485251
-0.00575044
-0.006661867
-0.007217949
-0.007396799
-0.007334554
-0.007087257
-0.0066011
-0.005731274
-0.004385355
-0.002744803
-0.001124604
0.0003118238
0.001521272
0.002415483
0.002882526
0.002881942
0.002464592
0.00181526
0.001206075
0.0008674384
0.0008657188
0.001135697
0.001698243
0.002557369
0.003529862
0.004416237
0.005088269
0.00548414
0.005575129
0.005371251
0.004989383
0.004493636
0.003899304
0.003242402
0.002506817
0.001703348
0.0008946681
0.000222864
-0.0002712375
-0.0006560975
-0.0008838787
-0.001018486
-0.001178898
-0.00147556
-0.001989728
-0.002507184
-0.00282298
-0.002943408
-0.003004244
-0.003252279
-0.00375165
-0.004296481
-0.004762135
-0.005199909
-0.005525061
-0.005555902
-0.005281123
-0.004882219
-0.004550209
-0.004292776
-0.004105151
-0.004067853
-0.004141245
-0.00413865
-0.003968601
-0.003770378
-0.003689188
-0.003727635
-0.003751461
-0.003622302
-0.003366633
-0.003085175
-0.002850439
-0.002530569
-0.001933633
-0.001180015
-0.0004294361
0.0002870535
0.0008708803
0.001212399
0.001256825
0.001092441
0.0009755289
0.001044478
0.001163706
0.001112812
0.0008635791
0.0005773885
0.0002796794
-0.0001228706
-0.0005572123
-0.0009502386
-0.001325384
-0.001619486
-0.001832296
-0.001974021
-0.001934007
-0.00167202
-0.001132798
-0.0003357447
0.0005272014
0.001236508
0.001542582
0.001399872
0.0009433671
0.0002967626
-0.0004720611
-0.00138108
-0.002309044
-0.003123361
-0.003804027
-0.004357296
-0.00489929
-0.005410326
-0.005733821
-0.005818747
-0.005661722
-0.0054071
-0.005261542
-0.005299658
-0.005539866
-0.005866207
-0.006126195
-0.006279039
-0.006218201
-0.005847219
-0.005220647
-0.004421987
-0.003554627
-0.002713916
-0.001825932
-0.0007679129
0.0003992038
0.001418647
0.002099524
0.002609112
0.003152204
0.003690603
0.004139536
0.004419599
0.004580206
0.004773941
0.005030031
0.005281719
0.00544367
0.005496625
0.00546961
0.005374798
0.005230398
0.00506486
0.004929458
0.004815648
0.004680152
0.004533121
0.004305291
0.003893349
0.003383798
0.00297961
0.002788913
0.002806499
0.00289943
0.002922759
0.002876225
0.002724662
0.002445013
0.002040883
0.001326007
0.0002140397
-0.001096854
-0.002396974
-0.003579279
-0.004585789
-0.005378569
-0.00598806
-0.006538708
-0.007144508
-0.007755671
-0.008132408
-0.008125766
-0.007827461
-0.007260022
-0.006338833
-0.005149652
-0.003799425
-0.002232466
-0.0004465726
0.0013606
0.002862078
0.0038821
0.004478268
0.004666217
0.004546012
0.004238928
0.003660863
0.00286471
0.001915317
0.0007830696
-0.0003766244
-0.001430275
-0.002211275
-0.002536227
-0.002575595
-0.002644038
-0.00289146
-0.00327031
-0.003638569
-0.003850016
-0.003754208
-0.003388593
-0.003005326
-0.002872064
-0.003128702
-0.003622993
-0.004093023
-0.004510536
-0.004962055
-0.00550601
-0.006206659
-0.006972618
-0.007643055
-0.008327202
-0.00922888
-0.01019513
-0.01086789
-0.01114633
-0.01103131
-0.01048251
-0.00963984
-0.008651099
-0.007663268
-0.006858576
-0.006131309
-0.005311839
-0.004397975
-0.003428109
-0.002488183
-0.001614391
-0.0008775768
-0.0003098066
0.0003402929
0.001235299
0.002255257
0.003250121
0.00410403
0.004709152
0.004962267
0.004779498
0.004177216
0.003307422
0.002327034
0.001303279
0.0002634891
-0.0006777886
-0.001356664
-0.001742928
-0.001881865
-0.001853861
-0.001750181
-0.001621537
-0.001610239
-0.001780337
-0.002049034
-0.002376093
-0.00258188
-0.002515967
-0.002313284
-0.002157777
-0.002136297
-0.002195701
-0.00233531
-0.002628799
-0.003039273
-0.003564319
-0.004254115
-0.005082749
-0.005862124
-0.006402757
-0.006742122
-0.006996184
-0.007177391
-0.007182307
-0.006965422
-0.006500914
-0.00568592
-0.004566677
-0.003228693
-0.00173241
-0.0003043414
0.0007930992
0.001441894
0.001734964
0.001828969
0.001755021
0.001455604
0.0008672849
7.10928e-05
-0.0007148129
-0.001407987
-0.002088354
-0.002722403
-0.003148951
-0.003335221
-0.003413825
-0.003495329
-0.00354083
-0.003432231
-0.003116043
-0.002601612
-0.00193518
-0.001211994
-0.0005614443
-0.0001773684
-0.0001831093
-0.0004897222
-0.0009589792
-0.001508663
-0.002078982
-0.002671073
-0.003334777
-0.004102865
-0.004982795
-0.005892787
-0.006706836
-0.007381901
-0.007876726
-0.008154896
-0.008186675
-0.007912059
-0.007387379
-0.006671211
-0.005750897
-0.004702348
-0.003611031
-0.00258681
-0.001668617
-0.0006666529
0.0005473586
0.001951718
0.003355839
0.004398871
0.004990168
0.00535258
0.005662281
0.006006314
0.006409369
0.006749422
0.006924923
0.007005033
0.006996542
0.006794881
0.006398277
0.005935582
0.005520332
0.005182655
0.004858974
0.004449093
0.003934358
0.003275947
0.002414012
0.001397306
0.0003996879
-0.0003939655
-0.001009849
-0.001553092
-0.00196121
-0.002157568
-0.002220068
-0.002202922
-0.002117364
-0.00205936
-0.002028607
-0.001892904
-0.001494354
-0.0007909923
-6.700747e-06
0.0005993178
0.0009451296
0.001122912
0.001296125
0.001504689
0.001760258
0.002096681
0.002386715
0.002529819
0.002615964
0.002709062
0.002839534
0.003070671
0.003334073
0.003546762
0.00376732
0.00392914
0.003877545
0.003648291
0.003272661
0.002648519
0.001754202
0.0006623448
-0.000500558
-0.001519193
-0.002211389
-0.002543836
-0.002642168
-0.00264044
-0.002553568
-0.002358961
-0.00193519
-0.001107269
2.68268e-05
0.001103952
0.001823115
0.002034731
0.001710613
0.001065027
0.0004042989
-0.0001844354
-0.0007765078
-0.001344882
-0.00178102
-0.00218367
-0.002741895
-0.003479107
-0.004346699
-0.00524845
-0.006065278
-0.00676892
-0.007361863
-0.007847274
-0.008244648
-0.008555125
-0.00881248
-0.009046885
-0.009239023
-0.009362648
-0.009397651
-0.009373009
-0.009298595
-0.009093259
-0.008676003
-0.008134261
-0.007672181
-0.007352004
-0.007157283
-0.006960355
-0.006509373
-0.005860949
-0.005249046
-0.004722732
-0.004234271
-0.003636247
-0.002830443
-0.001959959
-0.001209484
-0.0006298105
-0.0001763075
0.000197957
0.0004852887
0.0006206811
0.0005835793
0.0004630113
0.0002831481
2.129058e-06
-0.0002493179
-0.0002075343
0.0002584332
0.0009868833
0.001691823
0.002213435
0.002508747
0.002630639
0.002654555
0.0026092
0.002588709
0.002680822
0.002832779
0.002929715
0.00290533
0.002792644
0.002631149
0.002481509
0.002464111
0.002534177
0.002623968
0.002782915
0.002944206
0.00303562
0.003067935
0.003101474
0.003300587
0.003804957
0.004532596
0.005230301
0.005811024
0.006323462
0.006793124
0.007307293
0.00789876
0.008529505
0.00917744
0.009849952
0.01056889
0.01125522
0.01176203
0.0120032
0.01201289
0.01196211
0.01201376
0.01210461
0.01205878
0.01180299
0.01137352
0.01093398
0.01063162
0.01051725
0.01062477
0.01081091
0.01083006
0.01063702
0.01030107
0.009900017
0.009628043
0.009610907
0.009632355
0.009342202
0.008704094
0.007923049
0.007047416
0.006099262
0.005225443
0.004543264
0.004147147
0.004033817
0.00404639
0.004031139
0.003881276
0.003498256
0.002917879
0.002345751
0.001896316
0.001527909
0.001212317
0.0009666629
0.0008439439
0.0007579433
0.0004796179
2.758657e-05
-0.0004099078
-0.0007598633
-0.0009896244
-0.001032485
-0.0008611873
-0.0005584517
-0.0002595202
-5.301931e-05
0.0001855548
0.0006940323
0.001486211
0.002352179
0.003005592
0.003254236
0.003185749
0.003060503
0.003013918
0.002974759
0.002808669
0.002514804
0.002228559
0.002000078
0.001844385
0.001777671
0.001701183
0.00151577
0.001235027
0.0009725769
0.000764006
0.0004916527
-5.679975e-05
-0.0009934965
-0.00211292
-0.003232106
-0.004255273
-0.005155268
-0.006158157
-0.007318376
-0.008441611
-0.009332835
-0.009816475
-0.009920225
-0.00990561
-0.009970067
-0.01007338
-0.01012352
-0.01003533
-0.009677968
-0.008996292
-0.008097349
-0.007188633
-0.00643565
-0.005830363
-0.0052222
-0.004643987
-0.004233889
-0.003938127
-0.003658556
-0.003291144
-0.002815895
-0.002388549
-0.002177029
-0.002201949
-0.00227561
-0.002261009
-0.002158665
-0.002014684
-0.001949866
-0.001977802
-0.002071827
-0.002365376
-0.002893174
-0.003475278
-0.003930463
-0.004202763
-0.00436197
-0.004458842
-0.004501095
-0.004509864
-0.004501522
-0.00456259
-0.004767431
-0.005050806
-0.005255207
-0.005218893
-0.004915734
-0.004453974
-0.003889181
-0.003234324
-0.002615302
-0.002154934
-0.001851041
-0.001664394
-0.00153464
-0.001423815
-0.001295632
-0.001083727
-0.0007969554
-0.0004868652
-0.000227541
-7.902934e-05
-7.172029e-05
-0.0001816085
-0.0002105209
-0.0001044306
5.146909e-05
0.0003855642
0.0009443612
0.001641623
0.002455572
0.003264037
0.003924213
0.004422374
0.004801052
0.00509526
0.005330724
0.005539171
0.005698084
0.005767667
0.005723328
0.005540086
0.005229067
0.004832537
0.004489256
0.004234452
0.003919112
0.003505777
0.003014092
0.002470437
0.002005142
0.001776182
0.001831148
0.002028956
0.00221138
0.002337344
0.002412453
0.002503102
0.002676933
0.002903728
0.003141867
0.003361196
0.003551321
0.003754097
0.00396649
0.004137831
0.004275051
0.004367451
0.004348434
0.004270057
0.004246252
0.004298647
0.004363603
0.004311234
0.004062564
0.003725565
0.003541618
0.00364483
0.003944546
0.004262516
0.004604172
0.005117997
0.005759637
0.006395028
0.006913034
0.007255234
0.007543531
0.007859039
0.008126808
0.008290111
0.008361805
0.00832967
0.00826064
0.008278956
0.008338554
0.0082936
0.008019937
0.007541932
0.007069836
0.006852322
0.006917209
0.007060236
0.007114642
0.00694055
0.00655347
0.00612787
0.005736013
0.005359675
0.00495267
0.004546013
0.004219276
0.00407623
0.004226849
0.004601683
0.004978904
0.005165537
0.005128083
0.004949572
0.004774513
0.004706688
0.004759042
0.005001665
0.00541461
0.005787683
0.005925813
0.005866915
0.005792702
0.005741681
0.005763445
0.005915041
0.006064454
0.006112578
0.006079665
0.006022567
0.005962053
0.005859319
0.005765705
0.005727133
0.005619175
0.005388547
0.005134548
0.004835798
0.004434124
0.004013296
0.003621345
0.003230396
0.002815646
0.002393007
0.001984048
0.001475784
0.0008507155
0.0003103806
-6.478492e-05
-0.0003816366
-0.000783519
-0.001306615
-0.00190876
-0.002587761
-0.003314303
-0.004054701
-0.004682834
-0.005047003
-0.005202209
-0.005224638
-0.00522748
-0.005371186
-0.005597846
-0.005772198
-0.00582903
-0.005752208
-0.005662878
-0.005713377
-0.005902612
-0.00608628
-0.00613599
-0.006070354
-0.005931948
-0.005709091
-0.005512496
-0.005521832
-0.00576652
-0.006125351
-0.006477477
-0.006783306
-0.006963013
-0.006940282
-0.006774798
-0.006563462
-0.006373017
-0.006181604
-0.005922812
-0.005662984
-0.005572216
-0.005714381
-0.005984241
-0.006292081
-0.006582242
-0.006740777
-0.006724255
-0.006590075
-0.006445861
-0.006425809
-0.006524118
-0.006632764
-0.006738379
-0.006849781
-0.006915755
-0.006893174
-0.006740299
-0.006479634
-0.006287633
-0.006265191
-0.006256635
-0.006119945
-0.005984779
-0.006016269
-0.006145218
-0.006239414
-0.006293634
-0.006371393
-0.006469971
-0.006545293
-0.006585079
-0.006552414
-0.006380418
-0.005999895
-0.00544398
-0.004897489
-0.0045631
-0.004481241
-0.004450962
-0.004223699
-0.00370441
-0.002975915
-0.002186421
-0.001475032
-0.0009331547
-0.0005335473
-0.0002306837
5.008455e-05
0.0004378699
0.0009093583
0.001197738
0.001105661
0.0007734855
0.0003888305
7.862398e-05
-9.500073e-05
-0.0002540375
-0.0004462751
-0.0006353227
-0.0008776864
-0.001244407
-0.001729915
-0.002255816
-0.002719646
-0.002974484
-0.002952833
-0.002751057
-0.00244966
-0.002166568
-0.002104622
-0.002258586
-0.002445171
-0.002511156
-0.002373882
-0.002097647
-0.001784857
-0.001514819
-0.001334554
-0.001202586
-0.001119336
-0.001120364
-0.001254169
-0.001556551
-0.0019071
-0.00213726
-0.002211584
-0.00221152
-0.002216044
-0.002188704
-0.002016024
-0.001762418
-0.001669585
-0.001788698
-0.001946805
-0.002023939
-0.002006627
-0.001863055
-0.001626698
-0.001480069
-0.001477313
-0.001467261
-0.001411864
-0.001497007
-0.001905403
-0.00260769
-0.003375506
-0.003934456
-0.004184722
-0.004232776
-0.004161846
-0.004021009
-0.003879114
-0.003746221
-0.00361446
-0.003441035
-0.003208264
-0.002903196
-0.00243026
-0.001912027
-0.001550326
-0.001227251
-0.0007363017
-9.297038e-05
0.0004989536
0.0008913873
0.001026374
0.0009070415
0.0007170795
0.0006410801
0.0007743969
0.001149041
0.001595204
0.001966902
0.002263328
0.002492125
0.00269037
0.002792229
0.002736717
0.002616912
0.002477062
0.002356556
0.002274556
0.002151219
0.001998443
0.001898372
0.00189733
0.002045407
0.002349116
0.00273485
0.003120291
0.00342605
0.003614483
0.003828061
0.00419972
0.004583282
0.004757352
0.004638959
0.00430688
0.003990447
0.003851856
0.003813498
0.003661185
0.00330901
0.002917741
0.002603558
0.002289247
0.001859713
0.001283291
0.0007440192
0.0003985931
0.0001783404
4.062571e-05
-9.379988e-05
-0.0002908073
-0.0004567162
-0.0005510297
-0.0005928404
-0.0006317413
-0.0007163726
-0.0008560122
-0.001029022
-0.001142579
-0.001167125
-0.001143852
-0.001179213
-0.001392009
-0.001747973
-0.002159498
-0.002566765
-0.002979434
-0.003396692
-0.003734304
-0.004005618
-0.004220925
-0.00426601
-0.004111766
-0.003898701
-0.003807574
-0.003878286
-0.003924069
-0.003784874
-0.003537123
-0.003284678
-0.003107694
-0.003086278
-0.003133772
-0.003084802
-0.002869449
-0.002578556
-0.002401095
-0.002480083
-0.002793141
-0.003130408
-0.003360667
-0.00350392
-0.003626431
-0.003754236
-0.003806542
-0.003827525
-0.003914337
-0.004008763
-0.003976888
-0.003712716
-0.003266839
-0.002746129
-0.002283507
-0.002115527
-0.002336034
-0.002686911
-0.002790148
-0.002513428
-0.00196933
-0.001378176
-0.0009095724
-0.0004997584
1.312293e-05
0.000625201
0.001170126
0.00152712
0.001697448
0.001747176
0.001746553
0.001767729
0.001887158
0.002095763
0.002329581
0.0025166
0.002566974
0.002430517
0.002154274
0.001926707
0.001854255
0.001823784
0.001753075
0.001602108
0.00131369
0.0009273123
0.0005463329
0.0002313504
2.218354e-05
-4.48456e-05
-8.86736e-05
-0.0001925215
-0.0002214426
-0.0001154929
6.546839e-05
0.0002088481
0.0003271283
0.0006166969
0.001079202
0.001579352
0.00202326
0.002382579
0.002703621
0.002978923
0.003261364
0.003671909
0.00427252
0.004979332
0.005534904
0.005745949
0.005580629
0.005210027
0.004891018
0.004686727
0.004563534
0.004501179
0.004501995
0.004529484
0.004442641
0.004185075
0.003770585
0.003174388
0.002457579
0.001840367
0.001544445
0.001496124
0.001528049
0.001654828
0.001740183
0.001603753
0.001354641
0.001209796
0.001293546
0.001510047
0.001608089
0.001366552
0.0007839123
0.0001226922
-0.0004720905
-0.001052785
-0.001578546
-0.002008368
-0.002310076
-0.002417202
-0.00243775
-0.00245526
-0.002490804
-0.002555687
-0.00244853
-0.002098324
-0.00165762
-0.001350042
-0.00139172
-0.001616613
-0.001780823
-0.001953099
-0.002224135
-0.002551332
-0.002818285
-0.002952619
-0.003031197
-0.003151995
-0.003346915
-0.003650543
-0.003935317
-0.003961078
-0.00369665
-0.003308259
-0.002968041
-0.002694048
-0.002464118
-0.002322855
-0.002273149
-0.002286694
-0.00232181
-0.002333276
-0.002355106
-0.002436823
-0.002475101
-0.002441481
-0.0025365
-0.002902331
-0.003501406
-0.004135055
-0.004619687
-0.004923307
-0.005062695
-0.005046978
-0.004904059
-0.004745341
-0.004617983
-0.004486763
-0.004405893
-0.004442434
-0.004612865
-0.004806651
-0.00489439
-0.004936465
-0.004955018
-0.004895694
-0.004817851
-0.004706268
-0.004450912
-0.004115582
-0.003874871
-0.003832619
-0.0040243
-0.004406808
-0.004791789
-0.004952132
-0.004876449
-0.004675301
-0.004462115
-0.004426162
-0.004603121
-0.004862691
-0.005120114
-0.0052749
-0.005234382
-0.005009365
-0.004704031
-0.004470666
-0.004426477
-0.004533343
-0.004574353
-0.00435963
-0.003878556
-0.003237647
-0.002571949
-0.001971503
-0.001506924
-0.001202894
-0.0009695278
-0.0007527323
-0.0006083668
-0.0005669137
-0.0005434971
-0.0004605525
-0.0003022161
1.851829e-05
0.0005923624
0.001360139
0.002129433
0.002767974
0.003321373
0.003883263
0.004421054
0.004831805
0.005163836
0.005569525
0.006104777
0.006689125
0.007127297
0.007221363
0.006936957
0.006442122
0.006082211
0.006125721
0.006375486
0.006385326
0.006016515
0.005524746
0.005214506
0.005195963
0.005399414
0.005625684
0.005741394
0.005731285
0.005545704
0.005178445
0.004735457
0.004315361
0.003907109
0.003445712
0.002909927
0.002420549
0.002154204
0.002067953
0.001983064
0.001817111
0.001644936
0.00164208
0.001843289
0.002107986
0.002325721
0.002441062
0.00249714
0.002591897
0.002701632
0.002770836
0.002768118
0.002658193
0.002427539
0.002091046
0.001668325
0.001188832
0.0008195541
0.0007617347
0.001030957
0.001427151
0.001747688
0.001994877
0.002202434
0.002381964
0.002562298
0.002665522
0.002638635
0.002554292
0.002468023
0.002399842
0.002363538
0.002360452
0.002393158
0.00244526
0.002472839
0.002449649
0.002461785
0.00255493
0.00260005
0.002524064
0.002324401
0.002048221
0.001836199
0.00166128
0.001400859
0.001205004
0.001278606
0.001469657
0.001506648
0.001395119
0.001283304
0.001201278
0.001244845
0.001543163
0.001939568
0.002269177
0.002441598
0.002412808
0.002386672
0.002372786
0.002181452
0.001862949
0.001548935
0.001298855
0.001127741
0.001132131
0.00140025
0.001803281
0.002161655
0.002314643
0.002225352
0.002068967
0.001956024
0.001875075
0.001793643
0.0016759
0.001525853
0.001390401
0.001339682
0.001414773
0.001553305
0.001664969
0.001767167
0.001879414
0.002022468
0.002255299
0.002489897
0.002553958
0.00239451
0.002157148
0.002028261
0.001978965
0.001909371
0.001841467
0.001737578
0.001454894
0.0009599804
0.0003678618
-0.0001402755
-0.0004623664
-0.000628755
-0.0006365055
-0.0005306456
-0.000494739
-0.0005885123
-0.0007263906
-0.0008030732
-0.0006889548
-0.0004053447
-0.0001278946
7.175292e-06
-3.504515e-05
-0.0001534645
-0.0002600847
-0.0004035195
-0.0006482142
-0.0009258466
-0.001020263
-0.0008744911
-0.0007248348
-0.0007520204
-0.0008817677
-0.000941812
-0.0008626547
-0.0006903273
-0.000508935
-0.0004209929
-0.0004807887
-0.0006200943
-0.0006916619
-0.0006279332
-0.0005255899
-0.0005079686
-0.0006021074
-0.0007521167
-0.0008868563
-0.0009840446
-0.001052832
-0.001091533
-0.001101675
-0.001153035
-0.001286126
-0.00140304
-0.001400828
-0.0012294
-0.0009535512
-0.0007298439
-0.0005742948
-0.0004866083
-0.0005355131
-0.0006468712
-0.0006697268
-0.0004832836
-6.773975e-05
0.000572898
0.00146281
0.002331504
0.002862644
0.003005346
0.002827096
0.002575301
0.002483605
0.002604987
0.002879047
0.003153393
0.003299734
0.003300735
0.003295867
0.00339382
0.003533808
0.003566557
0.003367764
0.003015228
0.002665275
0.002378867
0.002150773
0.001941996
0.00176755
0.001653306
0.001543365
0.001278166
0.0006838941
-0.0001301544
-0.0008432157
-0.001287828
-0.001509511
-0.001642637
-0.001724868
-0.001734892
-0.001739116
-0.001792468
-0.001912115
-0.002065189
-0.002118841
-0.001966654
-0.001663171
-0.001409351
-0.001397779
-0.001644122
-0.00195915
-0.002148329
-0.002222091
-0.002304444
-0.002451944
-0.002649697
-0.002828224
-0.002913985
-0.002978764
-0.003118865
-0.003294564
-0.003443692
-0.003483026
-0.003344631
-0.003004701
-0.002486451
-0.002025555
-0.001778218
-0.001630486
-0.001537206
-0.001498622
-0.001447224
-0.001345222
-0.001215151
-0.001141912
-0.001170024
-0.001201621
-0.001135125
-0.001001554
-0.0008179568
-0.0005095977
-8.050588e-05
0.0003063843
0.0005156236
0.0005325493
0.00033924
9.204617e-06
-0.0002488561
-0.0003152824
-0.0002062728
2.542998e-05
0.0002672454
0.0003501047
0.0002246717
2.133593e-05
-5.857544e-05
0.0001218407
0.0004367528
0.0006128638
0.0006203327
0.0005444921
0.0003725242
0.000181059
8.57216e-05
0.0001026626
0.0001331789
0.0001225666
0.0001711413
0.0003200797
0.0005664866
0.0008134768
0.0009213433
0.0009226581
0.0007550106
0.0003836608
4.480372e-05
-6.103232e-05
0.000110616
0.0004398477
0.0006993156
0.000749255
0.0006183877
0.0005060742
0.0005201189
0.0005046985
0.0003827262
0.0003475705
0.0005206635
0.0008000886
0.001094364
0.001350555
0.001581272
0.001888904
0.002220953
0.002371141
0.002262581
0.001995828
0.001689475
0.001501791
0.001511209
0.00154157
0.001438387
0.001259206
0.001134006
0.001010829
0.000789196
0.0006132954
0.0006263852
0.0008488525
0.001225863
0.001620931
0.001911418
0.002098644
0.002337195
0.002615761
0.00275385
0.002711761
0.002600728
0.00265119
0.002969221
0.003413566
0.003762447
0.003758934
0.003412287
0.003050371
0.002859076
0.002860656
0.003098169
0.003524165
0.003882325
0.003845521
0.003332405
0.002610525
0.001983528
0.001509722
0.001169484
0.0009827928
0.0008999101
0.0007848299
0.0005470375
0.0002837361
0.0001265207
9.732272e-05
0.0001647304
0.0001982821
1.765896e-06
-0.0004553122
-0.0009812351
-0.001412261
-0.001741027
-0.001982333
-0.002177699
-0.002403177
-0.002611907
-0.002725727
-0.002746781
-0.002686118
-0.002510158
-0.002219802
-0.001994215
-0.001965099
-0.00204016
-0.002074561
-0.002049709
-0.002023555
-0.001925737
-0.00173539
-0.001570182
-0.001437166
-0.00125637
-0.001046732
-0.0009183576
-0.0009040762
-0.000945644
-0.0009879395
-0.001029876
-0.001141549
-0.001375064
-0.001705553
-0.002003211
-0.002104673
-0.002064808
-0.002054652
-0.002085461
-0.002164668
-0.002352083
-0.002556047
-0.002665412
-0.002722714
-0.002741813
-0.002718492
-0.002754914
-0.0028732
-0.003017146
-0.003169884
-0.003310242
-0.003441246
-0.00356581
-0.003666721
-0.003787404
-0.00397031
-0.004105124
-0.004043014
-0.003853645
-0.003724595
-0.003690548
-0.003659519
-0.003589589
-0.003486345
-0.003313811
-0.003066112
-0.002820761
-0.002635318
-0.002487944
-0.002311419
-0.002079667
-0.001767066
-0.001357123
-0.001057214
-0.00110668
-0.001442324
-0.00178621
-0.00188634
-0.00172872
-0.001467978
-0.001228777
-0.00109759
-0.001089127
-0.001116223
-0.001074977
-0.0009102851
-0.0006106627
-0.0002050618
0.0001576051
0.00025977
0.0001317165
4.820833e-05
0.0001393037
0.0002551147
0.0002035444
2.056141e-05
-0.0001489225
-0.0002298234
-0.0001985489
-0.0001442683
-0.0001917536
-0.0003047428
-0.0002882182
-8.319369e-05
0.0001766479
0.0004664605
0.0007929755
0.001058982
0.001192394
0.001165195
0.0009676057
0.0006886444
0.0005373315
0.0005999533
0.000694673
0.0006266169
0.0004200628
0.0002314346
0.00010178
-5.454788e-05
-0.0002259811
-0.0003402277
-0.0004278786
-0.000571126
-0.0007755186
-0.0009650995
-0.001075954
-0.001074894
-0.001011741
-0.0009416865
-0.0008526586
-0.0008558695
-0.001047341
-0.001357258
-0.001638078
-0.001715406
-0.001613895
-0.001497837
-0.001490892
-0.001614256
-0.001689339
-0.001591588
-0.001365305
-0.00111284
-0.0009173883
-0.0007006217
-0.0004465676
-0.0002727376
-0.0001161163
0.0001589064
0.0005180156
0.0008635223
0.001204647
0.001591315
0.001926739
0.002084045
0.002163448
0.002299236
0.002396145
0.002373925
0.002290999
0.002185243
0.002085885
0.002029239
0.002015385
0.001908026
0.001641335
0.001411997
0.00126903
0.001132414
0.001002662
0.0008180257
0.000603816
0.0004062067
0.0002157458
0.0001366263
0.000179567
0.000202466
5.723976e-05
-0.0002606333
-0.0005328008
-0.0006656092
-0.0007463373
-0.0008218717
-0.0009319525
-0.001053537
-0.00117322
-0.00133981
-0.001496458
-0.001556548
-0.001490595
-0.001341598
-0.001227675
-0.001202804
-0.001247566
-0.001387341
-0.001664402
-0.001917011
-0.001855488
-0.001491336
-0.001147601
-0.001068764
-0.001213911
-0.001398945
-0.001531807
-0.001703128
-0.001949539
-0.002024142
-0.001764872
-0.001283522
-0.0007690766
-0.0004579068
-0.0003998906
-0.0004375853
-0.0004541073
-0.0003532603
-0.0001114963
0.0001976312
0.0004404731
0.0005188501
0.0005389813
0.0005785924
0.000573575
0.0005635355
0.0005883646
0.0005938884
0.0006420986
0.0008057863
0.0009882756
0.001123189
0.001257606
0.001430273
0.001615066
0.001746115
0.001762508
0.001698457
0.001683285
0.001707653
0.001718637
0.001760296
0.00179265
0.001717531
0.00151549
0.001284193
0.001140489
0.001171949
0.001349159
0.001513347
0.001638822
0.001787459
0.002005615
0.002293905
0.002638358
0.003069071
0.00341035
0.003445207
0.003178524
0.002723446
0.002258909
0.00192404
0.001772102
0.001679097
0.001392273
0.0009703066
0.0006889718
0.0006271412
0.0006885782
0.0007012979
0.0005927775
0.0004188436
0.0002226945
0.0001305668
0.0002392268
0.0004419405
0.0005485477
0.0005007699
0.0004188783
0.0004122118
0.0004931123
0.0005715037
0.0005641306
0.0005018346
0.0004970143
0.0006909884
0.001057524
0.001389075
0.001515027
0.001420717
0.001197364
0.0009003337
0.0006144312
0.0004940041
0.0006081622
0.0008695433
0.001094577
0.001215938
0.001307949
0.001442737
0.001646232
0.001797252
0.001786626
0.001709301
0.001648443
0.001526081
0.001282975
0.001006401
0.0007922243
0.0007117748
0.0007318271
0.0007415757
0.0007456521
0.0006510287
0.0004305377
0.000333778
0.0004509896
0.0006941998
0.0009828075
0.001188092
0.001227665
0.001192647
0.001315029
0.001705037
0.002184782
0.002533865
0.002710431
0.002831303
0.003024156
0.003251093
0.00348338
0.00382288
0.004317232
0.004915974
0.005503162
0.006023458
0.006462891
0.006782679
0.007009657
0.007170937
0.007316597
0.007539881
0.00787993
0.008225259
0.008415204
0.008525198
0.008652622
0.008677246
0.008483687
0.008048015
0.007434997
0.006860025
0.006465486
0.006193159
0.006006722
0.005836612
0.00556582
0.005187842
0.004755056
0.004365406
0.004071002
0.003847123
0.003670545
0.003558575
0.003543532
0.003478838
0.003254297
0.003005188
0.002848796
0.002773441
0.002681401
0.002567622
0.00250353
0.002460345
0.002422411
0.002395941
0.002327774
0.002143804
0.001877256
0.001602477
0.001334607
0.001172481
0.001177017
0.001297908
0.001449518
0.00150242
0.001447823
0.001366735
0.001264943
0.001165823
0.001161477
0.001243165
0.001310929
0.00133069
0.001340256
0.00143761
0.001642126
0.00179151
0.001716712
0.001412236
0.001005341
0.0005866001
0.000250803
9.676754e-05
3.031466e-05
-0.0001037149
-0.0003167588
-0.0005523254
-0.00083937
-0.001203301
-0.001548207
-0.001866067
-0.002240048
-0.002697882
-0.003179306
-0.003550682
-0.003831579
-0.004121023
-0.004399346
-0.004633676
-0.004759796
-0.004741029
-0.004594555
-0.004307825
-0.004004693
-0.003843073
-0.003821897
-0.003871665
-0.003904863
-0.003933014
-0.004039208
-0.004216417
-0.004353302
-0.004370179
-0.00437858
-0.004407805
-0.00428294
-0.003918831
-0.003357591
-0.002827505
-0.002664123
-0.002946031
-0.003453144
-0.003863906
-0.00400286
-0.004010707
-0.004058048
-0.00408948
-0.004045655
-0.003913507
-0.003709152
-0.003527221
-0.003414061
-0.003420112
-0.003518514
-0.003649429
-0.003876952
-0.004076691
-0.004118128
-0.004148396
-0.004303304
-0.004589853
-0.004865226
-0.00498692
-0.004960645
-0.004807974
-0.004548415
-0.004215689
-0.003805782
-0.003302301
-0.002768236
-0.002286729
-0.00190635
-0.001674499
-0.0015665
-0.001543596
-0.001594679
-0.001637789
-0.001603958
-0.001509507
-0.001396814
-0.00132855
-0.001338913
-0.001484238
-0.001763573
-0.001937983
-0.001847629
-0.001575102
-0.001273412
-0.001078436
-0.001032725
-0.001150874
-0.001368632
-0.001554598
-0.00164396
-0.001601559
-0.001485727
-0.001366363
-0.001255158
-0.001208964
-0.001199781
-0.001174449
-0.001196305
-0.001297496
-0.001384388
-0.00132917
-0.001112074
-0.0007889166
-0.0004726474
-0.0003508212
-0.0004797517
-0.0006705707
-0.0006469412
-0.0002986266
0.0001703677
0.000516539
0.0007930185
0.001124538
0.001480363
0.001767786
0.001828476
0.001551715
0.001070508
0.0006369309
0.0003942033
0.0002991386
0.0002276611
0.0001132809
-7.896073e-05
-0.0003033733
-0.0004575449
-0.0005673256
-0.0006731481
-0.0007670691
-0.0007870789
-0.0007643759
-0.0007101778
-0.000664495
-0.00072025
-0.0009410738
-0.001166854
-0.00117442
-0.0009518932
-0.0005959085
-0.0002110363
-8.939507e-06
-0.0001410036
-0.0004930338
-0.000844195
-0.001009513
-0.0009137434
-0.0006491006
-0.0003295127
5.075279e-05
0.000484656
0.0008844402
0.001193226
0.001331845
0.001294083
0.001197059
0.001080049
0.0009786786
0.0009483661
0.0009550924
0.0009472915
0.000903237
0.0008569893
0.0008443773
0.0008071324
0.0006993439
0.0005961708
0.0006537537
0.0009048977
0.001146835
0.001214759
0.001091628
0.0008729462
0.0008232787
0.001028379
0.001293326
0.00149791
0.001635191
0.001698486
0.001644191
0.001529637
0.001508035
0.001619785
0.00178269
0.00184676
0.001789967
0.00175273
0.001811788
0.001904101
0.001886747
0.001702509
0.001436699
0.00120183
0.001034697
0.0009456069
0.0009844826
0.001086526
0.0009804422
0.0004429357
-0.00035606
-0.0009988757
-0.001282579
-0.001258797
-0.00108716
-0.0009948216
-0.001000871
-0.0008926445
-0.0006702108
-0.0004912931
-0.0004046112
-0.0004434486
-0.000654792
-0.001038915
-0.001416425
-0.001553805
-0.001483212
-0.001373718
-0.001335403
-0.001423951
-0.001567088
-0.001601292
-0.001499257
-0.001352552
-0.00122507
-0.001172486
-0.00122853
-0.00135954
-0.001489755
-0.001581688
-0.001633911
-0.001664077
-0.001716851
-0.001817369
-0.001960483
-0.002070843
-0.002124201
-0.002228618
-0.002364856
-0.002387895
-0.002298665
-0.002217561
-0.002206523
-0.002241873
-0.002272508
-0.00233055
-0.002517381
-0.002799498
-0.003080162
-0.003341183
-0.003553265
-0.003694159
-0.003739452
-0.003635728
-0.003426037
-0.003260034
-0.003158768
-0.00297149
-0.002714171
-0.002524773
-0.002405118
-0.002328813
-0.002299572
-0.002239908
-0.00202295
-0.0016903
-0.001390897
-0.001154844
-0.0009362046
-0.0007031384
-0.0004710678
-0.0003344488
-0.00038898
-0.0005435896
-0.0006226287
-0.0005539087
-0.0003102029
6.972203e-05
0.0004471925
0.0006726134
0.0006756497
0.0004541464
0.0001202187
-0.0001575688
-0.00033206
-0.0003726111
-0.0002792667
-0.0001426797
-1.726483e-08
0.0001772607
0.0003868984
0.0005237574
0.0005436489
0.0005810112
0.0007687517
0.001124556
0.00156611
0.001974655
0.002253387
0.002332693
0.002216164
0.002055655
0.001987992
0.002008106
0.002109242
0.002188809
0.002099002
0.001888091
0.001675136
0.001566198
0.001614713
0.001750509
0.001883172
0.001941982
0.001909273
0.001862783
0.001891809
0.002061867
0.002333587
0.002501199
0.002443611
0.002207922
0.001853717
0.001511926
0.001331268
0.001344985
0.001493875
0.001625402
0.001566523
0.00125886
0.0008895212
0.0007136172
0.0006841709
0.0006191099
0.0004650508
0.0002567181
6.197076e-05
-9.415077e-05
-0.0001967797
-0.0002298716
-0.0002782771
-0.0004578656
-0.0007494173
-0.001035472
-0.001245288
-0.001343849
-0.001317711
-0.001217016
-0.001122732
-0.001066065
-0.001012561
-0.0009602783
-0.0009443173
-0.0009395571
-0.0009094578
-0.0008975993
-0.0009192659
-0.0009238538
-0.0008821577
-0.000780794
-0.000684141
-0.0006682885
-0.0006568834
-0.0005279338
-0.0002890892
-3.925631e-05
0.0001518375
0.0002817527
0.0003930415
0.0004406915
0.0003351441
0.0001021416
-0.0001727455
-0.0003640352
-0.0003976084
-0.0003066868
-0.0001180679
0.0001174991
0.0003345241
0.0004796378
0.0005132032
0.0004842793
0.0004526317
0.0004136893
0.0003550669
0.0003010282
0.0003211488
0.0004784516
0.0007672284
0.001068859
0.001256931
0.001362852
0.001463986
0.001545463
0.001547486
0.001445866
0.001307745
0.001215993
0.001199699
0.001265573
0.001369557
0.001421694
0.001390747
0.001324371
0.001231367
0.001087545
0.0009085147
0.000688272
0.0004563142
0.0003216441
0.0003471491
0.0005032136
0.0006901158
0.0007989749
0.0007869942
0.0007020534
0.0006282309
0.0006169779
0.0006791588
0.0007715371
0.0008328217
0.0008080995
0.0006825816
0.0005492039
0.0004926694
0.0005006837
0.0005139214
0.0004913456
0.000466221
0.0004527291
0.0004013845
0.0002916653
0.0001819171
0.0001370714
9.253059e-05
-4.388228e-05
-0.0002498547
-0.0004543083
-0.0006175393
-0.0007317076
-0.0007885946
-0.0008039285
-0.0007612189
-0.0006235933
-0.0004354557
-0.0002625297
-0.0001794155
-0.0002133601
-0.0003093815
-0.0004300162
-0.0005170816
-0.0004878063
-0.0003624756
-0.0002563815
-0.000201708
-0.0001762988
-0.0002282614
-0.0003613877
-0.000520042
-0.0006751808
-0.0007973254
-0.0008626895
-0.0008904718
-0.0009001032
-0.0008742775
-0.0008239467
-0.0007910823
-0.0007928718
-0.0008225327
-0.0008378723
-0.0008015974
-0.0007278831
-0.0006455371
-0.0005846052
-0.0005585829
-0.0005469737
-0.0005296104
-0.0005161861
-0.0005305526
-0.0005639257
-0.0005872648
-0.0005850015
-0.0005553152
-0.0005089897
-0.0004549641
-0.000407087
-0.000380459
-0.000362019
-0.000335894
-0.0003003845
-0.0002645256
-0.0002568695
-0.0002920346
-0.0003484724
-0.0003819974
-0.0003739049
-0.000350431
-0.0003250805
-0.0002871228
-0.0002441965
-0.0002351411
-0.000270777
-0.00031665
-0.0003502835
-0.0003752081
-0.0004077613
-0.0004454776
-0.0004641208
-0.0004502947
-0.000420724
-0.0004052093
-0.0004066435
-0.0004140741
-0.0004204148
-0.0004135979
-0.0003895746
-0.0003691029
-0.00036285
-0.0003542311
-0.0003373086
-0.0003147226
-0.0002962821
-0.0002891417
-0.0002837965
-0.0002715864
-0.0002423048
-0.0002037333
-0.0001727674
-0.000149131
-0.0001377233
-0.0001363053
-0.0001296783
-0.0001122851
-8.489689e-05
-6.093547e-05
-5.742052e-05
-6.662957e-05
-6.755807e-05
-5.103591e-05
-2.741931e-05
-1.329849e-05
-1.642854e-05
-3.497365e-05
-5.210384e-05
-4.989359e-05
-3.351616e-05
-2.120988e-05
-2.062492e-05
-2.473234e-05
-2.337273e-05
-1.475484e-05
-5.804364e-06
1.164912e-06
1.141507e-05
2.349924e-05
3.015166e-05
2.811755e-05
1.912166e-05
1.283397e-05
1.702162e-05
2.927929e-05
4.474149e-05
5.291696e-05
4.707797e-05
3.815474e-05
3.685046e-05
4.069913e-05
4.457516e-05
4.93277e-05
5.639598e-05
6.241559e-05
6.565052e-05
6.869064e-05
7.450917e-05
8.084862e-05
8.21342e-05
8.146347e-05
8.461134e-05
8.810686e-05
8.739062e-05
8.38334e-05
8.096028e-05
8.080656e-05
8.461775e-05
9.290976e-05
0.0001014806
0.0001050701
0.0001036774
0.0001002113
9.782566e-05
9.761173e-05
9.779031e-05
9.6772e-05
9.492659e-05
9.367459e-05
9.429308e-05
9.836711e-05
0.0001055039
0.00011287
0.0001182248
0.0001200469
0.0001196368
0.0001196603
0.0001203033
0.000121809
0.0001239627
0.0001257325
0.0001269678
0.0001267724
0.0001252966
0.0001245262
0.0001247995
0.00012529
0.0001264536
0.0001285901
0.0001309401
0.0001331462
0.0001350834
0.000136695
0.0001380159
0.0001388929
0.0001395156
0.0001403048
0.0001415552
0.00014325
0.0001451282
0.0001470895
0.0001491423
0.0001511945
0.0001530045
0.0001545289
0.0001560157
0.0001575184
0.0001589526
0.0001603735
0.0001618966
0.0001635317
0.0001651896
0.0001668774
0.0001685604
0.0001701086
0.0001715927
0.0001731312
0.0001746737
0.0001761598
0.0001775792
0.0001789083
0.0001801557
0.0001813752
0.0001825479
0.0001836228
0.0001846253
0.0001856297
0.0001866732
0.0001877018
0.0001886521
0.0001895265
0.0001903613
0.0001911787
0.0001919719
0.0001927301
0.0001934487
0.0001941297
0.0001947784
0.0001953967
0.0001959844
0.0001965409
0.0001970692
0.0001975742
0.0001980574
0.0001985195
0.0001989611
0.000199382
0.0001997814
0.0002001589
0.0002005145
0.0002008479
0.0002011594
0.0002014493
0.0002017174
0.0002019637
0.0002021879
0.0002023901
0.0002025702
0.0002027282
0.0002028641
