0.001652922
0.001650175
0.001647428
0.001644684
0.001641932
0.001639195
0.001636452
0.001633719
0.001630982
0.001628245
0.001625496
0.001622745
0.001619985
0.001617228
0.001614498
0.001611809
0.001609121
0.001606432
0.001603655
0.001600772
0.001597768
0.001594693
0.001591645
0.001588818
0.001586283
0.001583928
0.001581352
0.001578229
0.001574638
0.00157113
0.001568329
0.001566492
0.001565246
0.001563827
0.001561563
0.00155843
0.001555064
0.001552176
0.001550006
0.001548549
0.001547913
0.001548053
0.001548403
0.001547988
0.001545753
0.001540955
0.00153373
0.001525726
0.001519432
0.001515893
0.001513525
0.001510048
0.001505581
0.00150229
0.001500299
0.00149578
0.001484728
0.001468033
0.001451557
0.001441405
0.00144021
0.001446848
0.00145724
0.00146557
0.001467535
0.00146485
0.001465461
0.001475853
0.001493909
0.001512022
0.001525138
0.001532616
0.001533258
0.001524345
0.001507537
0.001489295
0.001473885
0.001458017
0.001437604
0.001416212
0.001406347
0.001422499
0.001469049
0.001533228
0.001584916
0.001590468
0.001536563
0.001444405
0.001359317
0.001318909
0.00133106
0.001382514
0.001460116
0.001548697
0.001617181
0.001626395
0.001561405
0.00144765
0.001332177
0.001247712
0.001209912
0.001223781
0.001274665
0.001315623
0.001291131
0.001182286
0.001028185
0.000901198
0.0008662775
0.0009466022
0.001100739
0.00123715
0.00127769
0.001212895
0.001103772
0.001034748
0.001064476
0.00120879
0.001441926
0.001685335
0.001816327
0.001727874
0.001412118
0.000989969
0.0006374458
0.0004770115
0.0005415829
0.0007915884
0.001118542
0.001353329
0.001355488
0.001120087
0.0007950527
0.0005732129
0.0005932705
0.0009143675
0.001504846
0.002220055
0.002836868
0.003169349
0.003176013
0.002968648
0.002730333
0.002574201
0.00245997
0.00221609
0.001708211
0.0009816229
0.0002913243
-6.604533e-05
3.065473e-05
0.0005102729
0.001245542
0.002086619
0.002743666
0.002854528
0.00227377
0.001260475
0.0003139344
-0.000189898
-0.0001725297
0.0002300709
0.0007702003
0.001133417
0.001052127
0.0004658202
-0.0003935545
-0.001137699
-0.001496135
-0.001418214
-0.001018757
-0.0005224231
-0.0001531037
4.163191e-05
0.0001383537
0.0001261974
-3.080966e-05
-0.0001227396
0.0002263873
0.001052807
0.00185368
0.001998585
0.001267858
-1.300328e-05
-0.00128117
-0.002092892
-0.002231024
-0.001772905
-0.001076083
-0.000549665
-0.0003450682
-0.0003895621
-0.0006125718
-0.0009910423
-0.001270794
-0.0008233135
0.0009133168
0.003758918
0.00671412
0.008670915
0.009122153
0.008312289
0.006909375
0.005597991
0.00478846
0.004503268
0.004459339
0.004353787
0.004018512
0.003358936
0.002303394
0.001004296
8.570288e-05
0.0002969785
0.001580394
0.002875707
0.003120137
0.002256119
0.001020087
0.0001247788
-0.0001516223
0.0001067488
0.0004702636
8.57797e-05
-0.001696525
-0.004472109
-0.006831122
-0.007453306
-0.006176451
-0.004087742
-0.0025796
-0.00241348
-0.003401314
-0.004620245
-0.004908488
-0.003474515
-0.0003422193
0.00374851
0.007787034
0.01089745
0.01238413
0.01183645
0.009462148
0.006284416
0.003646231
0.002343923
0.002204087
0.002501422
0.002729058
0.00290614
0.003300264
0.004145591
0.005322602
0.006197905
0.005780211
0.00335805
-0.0006998912
-0.004835978
-0.006996492
-0.005829426
-0.001729102
0.002972992
0.005159784
0.002846855
-0.003393364
-0.01071415
-0.01582646
-0.01689074
-0.0139403
-0.008275452
-0.001878316
0.003223374
0.005818603
0.005975827
0.004519438
0.002386405
0.0006842855
0.0007687812
0.003268849
0.00688175
0.009080469
0.008296345
0.005178379
0.001766555
-0.0001543561
0.0002427756
0.002740677
0.005981953
0.007779801
0.006401975
0.001760386
-0.004695645
-0.01115957
-0.01621255
-0.01887293
-0.01878071
-0.01668946
-0.01364577
-0.009438028
-0.003554581
0.002278821
0.004918928
0.003853713
0.002232879
0.003488712
0.008015947
0.01319556
0.0158556
0.01462761
0.0106497
0.006540795
0.004412348
0.004193796
0.004016925
0.002511596
0.0003117898
-0.001162195
-0.001678159
-0.002481313
-0.004687866
-0.007756915
-0.009989532
-0.01023499
-0.008830516
-0.007077198
-0.006179188
-0.006704916
-0.008249035
-0.009453676
-0.008854476
-0.005867674
-0.001035601
0.004260991
0.00821595
0.009586022
0.008682424
0.007211366
0.006916878
0.008272199
0.01036335
0.01201451
0.01272086
0.01270862
0.01258558
0.0131687
0.01457713
0.01530111
0.01295181
0.006646611
-0.001685733
-0.0085598
-0.01137195
-0.009548576
-0.004218765
0.002095476
0.005841399
0.003844447
-0.0041742
-0.01453071
-0.02171577
-0.02238565
-0.01765664
-0.01202237
-0.009754239
-0.01182695
-0.01582731
-0.01814935
-0.01638109
-0.01046224
-0.002552909
0.004268201
0.007898322
0.008448562
0.007834293
0.008248154
0.01069564
0.01459523
0.01817444
0.01955718
0.01759465
0.01241894
0.005391147
-0.001271249
-0.005504633
-0.006882464
-0.007232919
-0.009034115
-0.01311562
-0.01791927
-0.02088528
-0.02069595
-0.01840864
-0.01640026
-0.01611761
-0.01681287
-0.01641872
-0.01339547
-0.007835279
-0.001257594
0.004433162
0.008099958
0.01008581
0.01168198
0.01399922
0.0169528
0.01896191
0.01822022
0.01435056
0.008966111
0.004614455
0.002845496
0.003117923
0.00368729
0.003315305
0.002032745
0.0002600453
-0.002359981
-0.006501966
-0.01153369
-0.01502866
-0.01442629
-0.009723938
-0.004163003
-0.001623146
-0.003194198
-0.006356742
-0.007651833
-0.006141599
-0.004142654
-0.004573535
-0.008048028
-0.0123819
-0.01478252
-0.01390828
-0.01044941
-0.006216477
-0.002846438
-0.0007211268
0.000704475
0.00184068
0.002625695
0.003100876
0.003988639
0.006524372
0.01157403
0.01846082
0.02464794
0.02699484
0.02417344
0.01790265
0.01176403
0.008476599
0.007710318
0.006173932
0.0009070196
-0.007513794
-0.01580111
-0.02156353
-0.0251982
-0.02809099
-0.03002091
-0.02934751
-0.02569058
-0.02109175
-0.0180398
-0.01671241
-0.01500355
-0.01114811
-0.005375855
0.001042148
0.007400197
0.01365077
0.01956859
0.02428996
0.02685948
0.0269597
0.02503125
0.02183654
0.0179494
0.01344193
0.007975034
0.00162209
-0.004722515
-0.009636681
-0.0125853
-0.0144781
-0.01650814
-0.01878271
-0.02050241
-0.0212991
-0.02153579
-0.02155414
-0.02126067
-0.02062106
-0.02020357
-0.02056526
-0.0211653
-0.02057257
-0.01766256
-0.01238245
-0.005607454
0.001096019
0.006087962
0.008905457
0.01094668
0.01418442
0.01905412
0.02405394
0.0271261
0.02762284
0.02672686
0.02609531
0.02639249
0.0271247
0.02715118
0.02525952
0.02056134
0.01343652
0.005821851
0.0002843793
-0.001778232
-0.001569802
-0.00235648
-0.006801609
-0.01463678
-0.02276596
-0.02710428
-0.02526843
-0.01847485
-0.01099085
-0.007018187
-0.007724174
-0.01088476
-0.01304528
-0.01173925
-0.006523531
0.0008205029
0.007284826
0.01017389
0.008666073
0.003925138
-0.001510134
-0.004922595
-0.004754129
-0.001251296
0.004116536
0.009651554
0.01405507
0.01658134
0.01691344
0.01509818
0.01157919
0.006916224
0.001349483
-0.004765085
-0.01002116
-0.0119836
-0.009234257
-0.003741527
-5.83809e-05
-0.001523606
-0.007399393
-0.01394893
-0.01793171
-0.01866609
-0.01732106
-0.01532877
-0.01394255
-0.01392103
-0.01472433
-0.01421255
-0.01040347
-0.004171632
0.0005023465
-0.0002071025
-0.006119632
-0.0127773
-0.01495961
-0.01056605
-0.0016242
0.007649256
0.01373929
0.01546083
0.01369087
0.01017035
0.006534264
0.003950968
0.00319597
0.004348664
0.006428492
0.007904998
0.008003418
0.007598152
0.00837482
0.01080393
0.01343189
0.01440271
0.01350163
0.01203832
0.01074808
0.00865893
0.004510027
-0.001117749
-0.005911401
-0.008469314
-0.0100855
-0.013261
-0.01865835
-0.02377827
-0.02482377
-0.02043496
-0.01343854
-0.008763223
-0.009634562
-0.01542253
-0.02263219
-0.02734062
-0.02681584
-0.02025209
-0.00924667
0.002676283
0.01182112
0.01659245
0.01803816
0.01819335
0.01809025
0.01739412
0.01545606
0.01248204
0.00952213
0.00747503
0.006741794
0.007592568
0.009778381
0.01187409
0.01198957
0.009499273
0.005546854
0.001784637
-0.001077471
-0.003531381
-0.006595572
-0.01098309
-0.0162336
-0.02051921
-0.02154588
-0.01881307
-0.01474718
-0.01273
-0.01382932
-0.01556651
-0.01388993
-0.006428457
0.005729942
0.01867096
0.0280436
0.03162296
0.03019685
0.02635716
0.02265287
0.02040865
0.01962004
0.01939854
0.01887771
0.01782262
0.01674449
0.01630084
0.01649958
0.01638114
0.01446995
0.009834389
0.003145625
-0.003701816
-0.008927922
-0.01192526
-0.01337649
-0.01484728
-0.01785322
-0.02251288
-0.02695891
-0.02830919
-0.02492191
-0.01802083
-0.01059138
-0.005137266
-0.002549502
-0.002133553
-0.002314271
-0.001551936
0.0008765028
0.004854981
0.009662377
0.01391744
0.01608224
0.01577472
0.01422789
0.0132088
0.01345103
0.01460125
0.01621027
0.01759541
0.01706425
0.01268283
0.004333686
-0.005223473
-0.01215224
-0.0143913
-0.01280446
-0.00983459
-0.00744842
-0.006044735
-0.004827819
-0.002728054
0.0005155934
0.003569616
0.003991533
0.0002292656
-0.006313328
-0.01137159
-0.01116056
-0.006288798
-0.001445498
-0.0008537175
-0.004409833
-0.008205936
-0.007806071
-0.001415866
0.008807403
0.01810215
0.02226801
0.02009888
0.0134574
0.00514442
-0.002904674
-0.009964113
-0.01598439
-0.02109587
-0.025215
-0.02802273
-0.02918275
-0.02848932
-0.02585194
-0.02140038
-0.01531434
-0.007684436
0.001214307
0.01056924
0.01886461
0.02448534
0.02657098
0.02555016
0.02294923
0.02052405
0.01909027
0.01786472
0.0153515
0.01090345
0.005384989
-7.969583e-06
-0.004986658
-0.009906522
-0.01452751
-0.01784478
-0.0191962
-0.01880071
-0.01704972
-0.01450643
-0.01235368
-0.011953
-0.01329388
-0.01431931
-0.01289193
-0.009191521
-0.005407559
-0.003072969
-0.001708751
-0.0002173931
0.001642979
0.003543281
0.005072886
0.005597797
0.004169591
0.0006169817
-0.003639801
-0.006373202
-0.006258688
-0.003657156
-7.103687e-06
0.003327661
0.005729489
0.007499117
0.009108252
0.01014832
0.009525146
0.006630551
0.001967434
-0.003271942
-0.008077443
-0.01223664
-0.01602168
-0.01939177
-0.02175024
-0.02248927
-0.02155257
-0.0195829
-0.01793394
-0.01798593
-0.01984161
-0.02216304
-0.02345715
-0.02317021
-0.0214418
-0.01838293
-0.01419898
-0.009630422
-0.005619586
-0.002214514
0.001891166
0.008009636
0.01560701
0.02217855
0.02523349
0.02421779
0.02049834
0.01603487
0.01240848
0.01047286
0.01041333
0.01167757
0.01324295
0.01437818
0.0148772
0.01467275
0.01355006
0.01139403
0.008697064
0.00629177
0.004042264
0.0005218217
-0.005395602
-0.01272643
-0.01881041
-0.0217539
-0.02200449
-0.02155863
-0.02244131
-0.02533302
-0.02896393
-0.03114746
-0.03055847
-0.02761
-0.02365419
-0.0196633
-0.01602193
-0.0133027
-0.01239243
-0.01347854
-0.01528958
-0.01559096
-0.01259115
-0.006100804
0.002133392
0.00911245
0.01237444
0.01136143
0.00762733
0.00354493
0.0009415992
0.0004154372
0.001359262
0.002516806
0.003188575
0.004413751
0.008220862
0.01502424
0.02197887
0.02504106
0.02270159
0.01702636
0.01126677
0.007063971
0.003964425
0.0009699735
-0.00226526
-0.005305627
-0.007688506
-0.009368267
-0.01045842
-0.01074175
-0.009462211
-0.006007198
-0.001038716
0.003265491
0.004587822
0.002618488
-0.0005329945
-0.002087326
-0.0008358521
0.002229578
0.005080212
0.006221716
0.005713161
0.005088058
0.006044322
0.008862531
0.01212096
0.01417619
0.01490633
0.01560307
0.01726661
0.0191937
0.01981888
0.01844155
0.01609554
0.01488325
0.01631591
0.02022403
0.02475483
0.02751767
0.02709252
0.02376629
0.0190472
0.01477347
0.01231524
0.01188791
0.01215375
0.01067071
0.005862885
-0.001106892
-0.007109975
-0.009610916
-0.008521219
-0.005721382
-0.003427063
-0.002975607
-0.00466257
-0.00795385
-0.01166269
-0.01464086
-0.0169809
-0.02005786
-0.02484011
-0.03037672
-0.03444695
-0.03575816
-0.03518296
-0.03467589
-0.03511472
-0.035375
-0.03362969
-0.02948515
-0.02427469
-0.01926456
-0.01418941
-0.007855994
0.0002923586
0.009318306
0.01767959
0.02444524
0.02952755
0.03291211
0.0341935
0.03313142
0.03044963
0.02757213
0.02546685
0.02385384
0.02158196
0.01772492
0.01226153
0.005942197
-0.0001142911
-0.004763397
-0.007069815
-0.006653942
-0.004134445
-0.0006906277
0.002938539
0.00656671
0.009751013
0.01141241
0.01109791
0.009965932
0.009490104
0.00936723
0.007202699
0.0006361047
-0.01001137
-0.02139207
-0.02978999
-0.03400742
-0.03535935
-0.03521691
-0.03360007
-0.03048001
-0.02706571
-0.02470509
-0.02317273
-0.02106481
-0.01768507
-0.01386616
-0.01075627
-0.008375506
-0.005499947
-0.001076224
0.004368093
0.009119194
0.01168985
0.01167278
0.00983205
0.007493944
0.005438427
0.003263522
4.293763e-05
-0.004311789
-0.008390976
-0.01035739
-0.009275925
-0.005460822
-0.0001622716
0.004741136
0.007479217
0.007545664
0.006211633
0.005593695
0.006918436
0.009654712
0.01225819
0.01391276
0.01496527
0.01597061
0.01653778
0.01529132
0.01103553
0.004025126
-0.003576765
-0.008711187
-0.009201902
-0.005260693
0.0001215832
0.002805012
0.0003348805
-0.006261346
-0.01358752
-0.01820032
-0.01859905
-0.01589418
-0.01271858
-0.01119937
-0.01144469
-0.01158872
-0.00938666
-0.004449402
0.001014402
0.003815162
0.0025535
-0.001237902
-0.004221881
-0.003922298
-0.0002278387
0.005131162
0.009989638
0.01282653
0.01306795
0.01086125
0.006587504
0.0009684353
-0.004810952
-0.009396377
-0.01139629
-0.009653488
-0.004344228
0.001697285
0.004091458
0.0001939627
-0.008571929
-0.01770582
-0.02254409
-0.020674
-0.01289232
-0.00247825
0.006849191
0.01277614
0.01494813
0.01396982
0.01055682
0.005580492
0.0004023111
-0.003272734
-0.004315897
-0.002962817
-0.0006174086
0.00124224
0.001852882
0.001130107
-0.0003385839
-0.001287988
-0.0004785225
0.002427373
0.006703176
0.01115766
0.01463553
0.01598383
0.01413389
0.008603598
0.0002308417
-0.0090745
-0.01732786
-0.02331962
-0.02697422
-0.02910705
-0.03048788
-0.03067688
-0.02833026
-0.02314033
-0.01689335
-0.01216913
-0.009874254
-0.008569937
-0.005926542
-0.0006360106
0.007163512
0.0160686
0.02377841
0.02800507
0.02810086
0.02551379
0.02252199
0.02038205
0.01903882
0.01816185
0.01777588
0.01773284
0.01714835
0.01499166
0.01107496
0.006108622
0.0009786249
-0.003290351
-0.005697959
-0.006129021
-0.005886333
-0.006892593
-0.01012526
-0.01491815
-0.01933342
-0.02165423
-0.02184832
-0.02119707
-0.02019497
-0.01735163
-0.01089386
-0.001437692
0.007410265
0.01156861
0.009858537
0.004793733
0.0002864081
-0.001277075
4.206902e-06
0.002852379
0.006189508
0.00922566
0.01121323
0.01198097
0.01240736
0.01378097
0.01650894
0.01979765
0.02254045
0.02409599
0.02416684
0.02247778
0.01926954
0.01565258
0.01288312
0.01110427
0.009402763
0.00699573
0.003773374
-0.0002935036
-0.005750414
-0.01295612
-0.02098604
-0.02728078
-0.02923276
-0.02609029
-0.01957816
-0.01292819
-0.008906944
-0.008375887
-0.01004166
-0.01158537
-0.01124847
-0.008849916
-0.005195342
-0.0008861883
0.003684098
0.007595063
0.009597441
0.009213322
0.007497139
0.006458347
0.007413744
0.009977711
0.01264564
0.01419605
0.01446157
0.01372881
0.01198418
0.009361748
0.00683704
0.005669594
0.005933494
0.006178456
0.004968488
0.002501107
0.0004707976
0.0002245034
0.001486573
0.002676415
0.002382125
0.0001664857
-0.004071502
-0.01070617
-0.01997807
-0.03063273
-0.03949263
-0.04308825
-0.04053336
-0.03454039
-0.02917105
-0.02656969
-0.02602267
-0.0257526
-0.02474671
-0.02248486
-0.01795381
-0.01023588
-0.0001702363
0.009456599
0.01609113
0.01944304
0.02111155
0.02248038
0.02347452
0.02309473
0.02097602
0.01776515
0.01438982
0.01164624
0.01029574
0.0109239
0.01339147
0.01649922
0.01884101
0.01953375
0.01841465
0.01596469
0.01313588
0.01076695
0.008849541
0.006519793
0.003323938
0.0002221855
-0.001266413
-0.00106755
-0.001143493
-0.003753466
-0.00916162
-0.01480815
-0.01708698
-0.01437587
-0.008432298
-0.002852108
-0.0001010868
9.353677e-06
-0.0005757312
1.904437e-05
0.002546754
0.006621093
0.01088524
0.01333725
0.01241911
0.008384508
0.003493127
0.0005395528
0.001113492
0.004905038
0.01025802
0.01511115
0.01776463
0.01739365
0.01441533
0.01024799
0.006379732
0.003510144
0.001434204
-6.525695e-05
-0.0006564137
8.788657e-05
0.001815975
0.00343558
0.004005586
0.003671135
0.003573046
0.004677273
0.006805747
0.008584477
0.008696513
0.007269834
0.005792527
0.005776307
0.007642709
0.01083228
0.01427746
0.01657954
0.01649406
0.01361579
0.008672709
0.003010131
-0.002178406
-0.005790496
-0.006831354
-0.005380768
-0.003141666
-0.0025315
-0.004328039
-0.006883715
-0.008039341
-0.007310032
-0.006028731
-0.005402171
-0.005194009
-0.004609922
-0.003972109
-0.004742275
-0.007887158
-0.0125963
-0.01674199
-0.01844461
-0.01699036
-0.01266292
-0.006382261
0.000302907
0.005500508
0.00770977
0.006836563
0.004632151
0.003770513
0.00583153
0.01019721
0.01483276
0.01810829
0.01953302
0.01914271
0.01745283
0.01573405
0.01498324
0.01483225
0.01417747
0.01264396
0.01066457
0.008562208
0.006029617
0.003083585
0.00100312
0.001240421
0.003336599
0.004699082
0.00290762
-0.001937983
-0.007606425
-0.01190015
-0.01421881
-0.01562837
-0.01766917
-0.0207482
-0.02330326
-0.02328064
-0.02071414
-0.01832082
-0.01890602
-0.02220678
-0.02507281
-0.02469425
-0.02129103
-0.01746853
-0.0152645
-0.0143465
-0.0129053
-0.009548482
-0.004329583
0.001473067
0.006419939
0.01008518
0.01339347
0.01786006
0.02389406
0.02987084
0.03334861
0.03308261
0.02984311
0.02552855
0.02167978
0.01859228
0.01531906
0.01041904
0.003136069
-0.005514396
-0.01326722
-0.0181931
-0.01970954
-0.01865295
-0.01692106
-0.01667187
-0.01890883
-0.02271781
-0.02614072
-0.02765148
-0.0268099
-0.02358299
-0.0177672
-0.009780209
-0.001641964
0.004259151
0.007423474
0.009446812
0.01185394
0.01453818
0.01672774
0.01815423
0.01875671
0.01817232
0.01599922
0.01228415
0.007402015
0.001796713
-0.003723107
-0.008136203
-0.01083881
-0.0118573
-0.01129821
-0.009361634
-0.007301597
-0.007442332
-0.0112601
-0.01774562
-0.02404342
-0.02786346
-0.02857415
-0.02620519
-0.0202246
-0.01043218
0.001272183
0.0113196
0.01719362
0.01926528
0.01966584
0.01984383
0.01967876
0.01856605
0.0166927
0.01514459
0.01483764
0.0156387
0.01642779
0.01622344
0.01514119
0.01406289
0.01344663
0.01262129
0.01044975
0.006458321
0.001275565
-0.003962812
-0.008441408
-0.01185878
-0.01404242
-0.01482814
-0.01450305
-0.01388205
-0.01354617
-0.013166
-0.011702
-0.008268064
-0.002824465
0.00363388
0.009445678
0.0127852
0.01267041
0.009979523
0.006871142
0.004636657
0.002500517
-0.0009644387
-0.00563299
-0.009575733
-0.01084752
-0.009120839
-0.00567644
-0.002114551
0.0008854334
0.003658128
0.006647206
0.009640429
0.0119674
0.01325503
0.01349007
0.012324
0.009160553
0.004635007
0.00101207
-8.657096e-05
-8.826897e-05
-0.00231831
-0.008413707
-0.01644477
-0.02264753
-0.02440746
-0.02169437
-0.01631112
-0.01038544
-0.005636553
-0.003092288
-0.002566557
-0.002304919
1.623846e-05
0.005507427
0.01286676
0.0191039
0.02205961
0.02212728
0.02145272
0.02168335
0.02275653
0.02325883
0.0218396
0.01860871
0.01518729
0.01283068
0.01058895
0.006308216
-0.0008011988
-0.008840586
-0.014569
-0.0158025
-0.01228639
-0.005376208
0.002437574
0.008566175
0.01169205
0.01239153
0.01245222
0.01362496
0.01650678
0.02016419
0.02289362
0.02355095
0.02188914
0.01811823
0.01268092
0.006407218
0.0005439425
-0.003661417
-0.005549854
-0.005809862
-0.006122228
-0.008067662
-0.01247695
-0.01939818
-0.02799505
-0.03637852
-0.04236788
-0.04499847
-0.0447679
-0.04241422
-0.03777916
-0.03012226
-0.01961637
-0.008098682
0.002414768
0.01159461
0.02059018
0.03008036
0.03861775
0.04346588
0.0430139
0.03799828
0.03023559
0.02091873
0.01050808
-0.0003556464
-0.01065264
-0.01982444
-0.02773096
-0.03366425
-0.03663146
-0.03645256
-0.03407285
-0.03095954
-0.02868045
-0.02788599
-0.02748431
-0.02567235
-0.02232526
-0.01978287
-0.02056795
-0.02456334
-0.02857473
-0.02903157
-0.02537103
-0.02083772
-0.01971487
-0.02337647
-0.02892987
-0.03121712
-0.02634821
-0.01464607
-0.0006170157
0.01070313
0.017624
0.02238904
0.0280841
0.03517976
0.04149571
0.04469658
0.0444045
0.04207508
0.03938234
0.03711223
0.03500352
0.03196184
0.02628631
0.01655833
0.003121032
-0.01150181
-0.02367466
-0.03091507
-0.03344862
-0.03375729
-0.03428455
-0.03591593
-0.03802063
-0.03920399
-0.03848655
-0.03620774
-0.0335397
-0.03090202
-0.02720724
-0.02109637
-0.01265692
-0.003895572
0.0027332
0.006161225
0.007275371
0.00816923
0.01082538
0.0160175
0.02295578
0.03019284
0.03667439
0.04167992
0.04411452
0.04271365
0.03731
0.02952844
0.02172763
0.01526077
0.009807329
0.004059724
-0.00302258
-0.01163544
-0.02103792
-0.02978141
-0.03609759
-0.03906851
-0.03925161
-0.03782722
-0.03536319
-0.03167678
-0.02638093
-0.01917779
-0.0100862
5.652221e-05
0.009595107
0.01700019
0.02211809
0.02628474
0.03093264
0.03607771
0.04038486
0.04228555
0.04084736
0.03572429
0.02723186
0.01703662
0.007960643
0.001761378
-0.002579552
-0.007457755
-0.01361588
-0.01949692
-0.02325502
-0.02376332
-0.02008023
-0.01206962
-0.002104159
0.005507463
0.007590742
0.004479726
-0.0007999731
-0.004789291
-0.005221157
-0.001918187
0.003166384
0.007028452
0.007625449
0.00544388
0.002442617
1.049777e-05
-0.001700955
-0.002865085
-0.003410576
-0.00342007
-0.003528972
-0.00473328
-0.007739675
-0.01236545
-0.01743856
-0.02130871
-0.02274617
-0.02232535
-0.02247143
-0.02510062
-0.02935572
-0.03244681
-0.0325077
-0.02995142
-0.02636428
-0.02284622
-0.01949668
-0.01622267
-0.01331687
-0.01093515
-0.008563707
-0.005048983
0.00097924
0.009972306
0.02060712
0.03042441
0.03735633
0.04052285
0.04033379
0.03798701
0.03424334
0.02904168
0.02240439
0.01504921
0.007922902
0.001849007
-0.002277013
-0.003870022
-0.003413296
-0.002320154
-0.001566673
-0.001086179
-0.0005924451
-0.0002250935
-0.0001318961
0.0001534879
0.001792904
0.005724751
0.01153147
0.01764568
0.02243153
0.02481149
0.02427203
0.02111396
0.01668029
0.01254855
0.009464576
0.006668933
0.002356437
-0.004565441
-0.01299995
-0.01991544
-0.02264381
-0.02148708
-0.01961249
-0.01987955
-0.02189314
-0.02285702
-0.02107521
-0.01803903
-0.01680133
-0.01865189
-0.02178728
-0.02283591
-0.0200775
-0.01543338
-0.01288035
-0.01457616
-0.0186198
-0.02078445
-0.01844256
-0.0123665
-0.004911339
0.002165546
0.007883018
0.01140811
0.01240828
0.01197311
0.01215126
0.01427133
0.0180384
0.02214329
0.0256127
0.02830525
0.03024729
0.03130566
0.03167119
0.03177709
0.03129279
0.02893545
0.02366656
0.01578606
0.006512806
-0.002925465
-0.01156262
-0.01820427
-0.02154063
-0.02117739
-0.01834449
-0.0154924
-0.0149677
-0.01750941
-0.02146787
-0.02395382
-0.02306768
-0.01937274
-0.01501194
-0.01176733
-0.0100534
-0.009423719
-0.009286234
-0.008992739
-0.007617763
-0.004206826
0.001248574
0.007437756
0.01255797
0.01539871
0.01583515
0.01487775
0.01451591
0.01664733
0.02125275
0.02548654
0.02510494
0.01788218
0.006028689
-0.004694976
-0.009411801
-0.007703949
-0.00329277
-0.0003910428
-0.0006805966
-0.003153079
-0.005884848
-0.007785697
-0.008742324
-0.008650958
-0.006927368
-0.003157502
0.001754784
0.005907044
0.007752716
0.007091689
0.00494503
0.002894596
0.002158206
0.002574839
0.002530624
-0.0001183273
-0.006503984
-0.01565226
-0.02490628
-0.03148139
-0.03408016
-0.03318719
-0.03019195
-0.02649517
-0.02311926
-0.0207178
-0.01978835
-0.02049297
-0.02198824
-0.02242482
-0.02012505
-0.01555343
-0.01170203
-0.01149759
-0.01478718
-0.01838886
-0.01940136
-0.01772878
-0.01539446
-0.01398602
-0.01304129
-0.0108171
-0.005940058
0.001537176
0.01012597
0.01787037
0.02353896
0.02696104
0.02859457
0.02896388
0.02876564
0.02894037
0.03006484
0.03174282
0.03325679
0.03481175
0.03762906
0.04229752
0.04710417
0.04855949
0.04379166
0.03249068
0.01708097
0.001510978
-0.0104282
-0.01724081
-0.02068793
-0.0241916
-0.02975246
-0.0359937
-0.03935597
-0.03723017
-0.02967264
-0.01901262
-0.00825399
0.0002792939
0.005241337
0.006054559
0.003219124
-0.001091697
-0.0036894
-0.002435736
0.002132992
0.007443667
0.01121915
0.0128534
0.01277658
0.01112996
0.00769546
0.002957772
-0.001295804
-0.002810544
-0.000414494
0.005110366
0.01103041
0.0138333
0.01174082
0.006339521
0.001355209
-0.0009288067
-0.001362781
-0.001970038
-0.003353471
-0.004683427
-0.005174777
-0.004615772
-0.003004304
-0.0007397333
0.001180465
0.001771289
0.0009978987
-0.0003952199
-0.001777606
-0.002802285
-0.003218389
-0.003034531
-0.002909184
-0.003600654
-0.005032885
-0.006325385
-0.006791738
-0.006139142
-0.004036838
-0.0001250484
0.005275554
0.01075711
0.01457996
0.01619386
0.01655676
0.01661771
0.01602114
0.01363361
0.009019834
0.003289719
-0.001839008
-0.005380231
-0.007442896
-0.008744729
-0.01010347
-0.01159528
-0.01218423
-0.0103749
-0.005400031
0.002155342
0.0108589
0.01908364
0.02516223
0.0278767
0.02746907
0.02590741
0.02564385
0.02760341
0.03074233
0.03336686
0.03435984
0.03347805
0.03100562
0.02759744
0.0241468
0.02116023
0.01813847
0.01412301
0.008922807
0.003495806
-0.0008225486
-0.00316689
-0.003677101
-0.003898075
-0.006102775
-0.01126013
-0.01756888
-0.02186411
-0.02283809
-0.02194548
-0.02105011
-0.0207482
-0.02123851
-0.02316415
-0.02669496
-0.03067515
-0.03378409
-0.03592424
-0.03760018
-0.03841
-0.03706697
-0.03310322
-0.0277817
-0.02275385
-0.01817453
-0.01275282
-0.005664337
0.002078329
0.008492283
0.01245012
0.01428234
0.01502695
0.01547233
0.01585648
0.01577295
0.01467192
0.01286789
0.01181996
0.01302442
0.01635246
0.02011733
0.02261572
0.02355101
0.02356907
0.02224588
0.01744607
0.007533409
-0.005645686
-0.016869
-0.02104197
-0.0169751
-0.008122031
0.0003907267
0.005319494
0.006259609
0.004578225
0.002200428
0.0008157402
0.001301486
0.003724707
0.007544258
0.0116116
0.01433452
0.01454074
0.01229208
0.00877448
0.005318267
0.002505179
0.0002297508
-0.001897993
-0.004321326
-0.007170651
-0.01010799
-0.01277257
-0.01535824
-0.01845728
-0.02227275
-0.02617792
-0.02881116
-0.02918948
-0.02804316
-0.02709699
-0.02662313
-0.02448805
-0.01844877
-0.008796433
0.001917274
0.01127011
0.01855022
0.02422269
0.02862434
0.03095685
0.02952078
0.02323282
0.01311433
0.002176931
-0.006354105
-0.01074517
-0.01131998
-0.01003575
-0.009357522
-0.01077788
-0.01404705
-0.01754907
-0.01927257
-0.0178279
-0.01308055
-0.006212625
0.0009015596
0.006641952
0.01034344
0.01220194
0.01292594
0.01328349
0.01367972
0.01366242
0.01209152
0.008117517
0.002499285
-0.002284855
-0.004278104
-0.004205293
-0.004567969
-0.006858182
-0.01065827
-0.0149731
-0.01897061
-0.02124928
-0.02041209
-0.01685373
-0.01292459
-0.01093775
-0.01128573
-0.01257006
-0.01338414
-0.01376471
-0.01490414
-0.01733289
-0.01996438
-0.02096743
-0.0193074
-0.01555946
-0.01149353
-0.008758612
-0.00710431
-0.004128576
0.002555224
0.01293366
0.02448728
0.03407507
0.03974953
0.04111489
0.0388268
0.03397314
0.02794681
0.02247049
0.01937226
0.01979392
0.02282436
0.02517378
0.0233817
0.01663101
0.007241285
-0.001360529
-0.006582953
-0.007373129
-0.004123763
0.00151789
0.007202276
0.01115252
0.01303825
0.01373336
0.01427735
0.01486298
0.01485446
0.01352407
0.01076034
0.007329874
0.004389246
0.002661934
0.0019456
0.001345829
1.506572e-05
-0.002170301
-0.00434408
-0.005014195
-0.0031373
0.001209738
0.00724785
0.01411549
0.02091133
0.02654274
0.03002494
0.03102879
0.03017689
0.02854973
0.02699523
0.0255435
0.02357362
0.02063055
0.01723888
0.01481944
0.01469296
0.01719031
0.02165244
0.02659459
0.0299671
0.03044439
0.02856818
0.02625644
0.02487677
0.02357703
0.01979258
0.01185418
0.0009097287
-0.009515693
-0.01600563
-0.01721165
-0.01416828
-0.009607153
-0.006317669
-0.005457681
-0.006402036
-0.008115797
-0.01048061
-0.01441889
-0.02078437
-0.02881012
-0.03544951
-0.03679101
-0.03063674
-0.01824608
-0.003795769
0.008119998
0.01509246
0.01771719
0.01834336
0.01880932
0.01940553
0.01945005
0.01818891
0.0149644
0.009105233
0.0002412697
-0.01053942
-0.01979041
-0.02353011
-0.02075446
-0.01486899
-0.01121191
-0.01271315
-0.01791767
-0.02274504
-0.0239341
-0.02105311
-0.01601059
-0.01146341
-0.009485483
-0.01038694
-0.01219563
-0.01227429
-0.009707886
-0.005864719
-0.002775046
-0.001231997
-0.0006504176
0.0002669172
0.002711396
0.006937526
0.01178328
0.01523409
0.01594728
0.01429612
0.01180714
0.009963256
0.009412282
0.009829815
0.01018822
0.00936587
0.006908575
0.003516169
0.0006072316
-0.0008873089
-0.001222606
-0.00135687
-0.001488703
-0.000381949
0.003518247
0.01046569
0.01887124
0.02633508
0.03096271
0.03196838
0.02925802
0.02302763
0.01404512
0.003965749
-0.005151323
-0.01160811
-0.0151856
-0.01715422
-0.01885884
-0.02032135
-0.0206111
-0.01918691
-0.01642921
-0.01305412
-0.009523988
-0.006336134
-0.004456649
-0.004758184
-0.006851914
-0.009359724
-0.01112718
-0.01152187
-0.01019781
-0.007761578
-0.006136414
-0.007130564
-0.01035804
-0.01336521
-0.01406266
-0.01275539
-0.01157355
-0.01236847
-0.01509352
-0.01761649
-0.01683152
-0.01090277
-0.0011542
0.008684673
0.01548375
0.0187078
0.01966942
0.01964662
0.01912777
0.01825695
0.01749079
0.01751309
0.01874453
0.02094232
0.02354886
0.02637725
0.02993854
0.03486052
0.04043503
0.04417193
0.04351164
0.03826901
0.03110316
0.02533549
0.02249196
0.02178477
0.02119881
0.01880656
0.01389493
0.007621055
0.002601095
0.00151353
0.005476109
0.01310631
0.02130964
0.02701074
0.0283813
0.02515661
0.01857028
0.01098085
0.004863659
0.00141764
-0.0002719993
-0.00252523
-0.006826744
-0.01219702
-0.01557041
-0.01416383
-0.007956032
0.0002041025
0.007211704
0.01244393
0.01714683
0.02143709
0.02317504
0.01993239
0.01116708
-0.001118999
-0.01338517
-0.02242122
-0.02683361
-0.02723573
-0.02562384
-0.02473377
-0.02687962
-0.03240744
-0.0393621
-0.04465979
-0.04586578
-0.04269441
-0.03742389
-0.03360354
-0.03385149
-0.03858077
-0.04615925
-0.05375881
-0.05822309
-0.0570966
-0.04961105
-0.03701559
-0.02209831
-0.008130658
0.002675863
0.01029077
0.01640846
0.02289873
0.03056213
0.03841487
0.04404609
0.04564683
0.04370594
0.04061026
0.03894387
0.04042854
0.04593249
0.05521921
0.06605711
0.0743935
0.0766542
0.07245751
0.06447753
0.05565783
0.04722888
0.03965777
0.03400263
0.03132176
0.03114969
0.03125112
0.02931228
0.02487269
0.01949505
0.01507887
0.0122263
0.01009205
0.007599365
0.004624474
0.002057621
0.0008734962
0.001031601
0.001228175
0.0003133933
-0.001327851
-0.002285173
-0.002094074
-0.002086744
-0.004085947
-0.008543744
-0.01424868
-0.01935666
-0.02231762
-0.0224731
-0.02052568
-0.01830657
-0.01739511
-0.01809664
-0.01961353
-0.02107541
-0.02207756
-0.02225555
-0.02127948
-0.01937063
-0.01767734
-0.01764591
-0.02000218
-0.02480785
-0.0318397
-0.04046788
-0.04940852
-0.05732159
-0.06378816
-0.06943845
-0.07470756
-0.07863892
-0.07930225
-0.07504596
-0.06531308
-0.05098945
-0.03479924
-0.02067151
-0.01113231
-0.005669759
-0.001884141
0.002099758
0.006346756
0.009689276
0.01114151
0.01094001
0.01051359
0.0115905
0.01502694
0.02039761
0.02649621
0.03206244
0.03554594
0.03522213
0.03051749
0.02307632
0.01580012
0.01078903
0.008254907
0.006947064
0.005218106
0.002208553
-0.001642324
-0.00576025
-0.01075574
-0.01758935
-0.02551911
-0.03157688
-0.03246371
-0.0269777
-0.01641533
-0.003372145
0.00986565
0.02204216
0.03247681
0.04049651
0.04562201
0.04842003
0.05006851
0.05093584
0.05043376
0.04830549
0.04517728
0.04159551
0.03743884
0.0328989
0.0290323
0.02670364
0.02534526
0.02363974
0.02127485
0.01949417
0.01982252
0.02197952
0.02329865
0.02048689
0.01255829
0.002138308
-0.006427894
-0.01051226
-0.01074583
-0.009897219
-0.01034047
-0.01260231
-0.01587653
-0.01907751
-0.02146761
-0.02310243
-0.02512008
-0.02884855
-0.03412759
-0.03851735
-0.03881452
-0.03345148
-0.02383819
-0.01324813
-0.004355707
0.002076607
0.006582931
0.009762656
0.01149246
0.01088114
0.007153102
0.001090227
-0.004774896
-0.008060624
-0.008497679
-0.00778767
-0.007319712
-0.00645208
-0.003228103
0.003018852
0.01047793
0.01641562
0.01964261
0.02084321
0.02056354
0.01798148
0.01229773
0.004540623
-0.002734471
-0.007503001
-0.009677766
-0.0108901
-0.01328236
-0.01797536
-0.02449013
-0.03152636
-0.03794323
-0.04294292
-0.04592467
-0.04656783
-0.04528312
-0.04370277
-0.04402561
-0.0471504
-0.05173427
-0.05503731
-0.0549325
-0.0513416
-0.04621219
-0.04158868
-0.03786704
-0.03425578
-0.0304894
-0.02744293
-0.02595274
-0.02543103
-0.02397281
-0.01973286
-0.0122342
-0.002561231
0.007435959
0.01579787
0.02099338
0.02219383
0.0196086
0.01416675
0.007188669
0.0003437599
-0.004308226
-0.005019208
-0.0017011
0.003024319
0.004812291
0.0006100239
-0.008902355
-0.01974142
-0.02776757
-0.0314937
-0.03196376
-0.03106417
-0.03018388
-0.02957344
-0.02877208
-0.02765088
-0.02656641
-0.02535757
-0.02291173
-0.01844432
-0.01289197
-0.008524808
-0.006726382
-0.006163666
-0.00340497
0.004307358
0.01654829
0.03004378
0.04183515
0.05156895
0.06117929
0.07272368
0.08626475
0.09950774
0.1090953
0.1128038
0.1107507
0.1046278
0.09663593
0.08897427
0.08308905
0.07855898
0.07375022
0.06820216
0.06338245
0.06070718
0.05980585
0.05927184
0.05825822
0.05683374
0.0552905
0.05362054
0.05147656
0.04804161
0.04229549
0.03382351
0.02341022
0.01231985
0.001416329
-0.008609632
-0.01648383
-0.02074022
-0.02106105
-0.01860923
-0.0149694
-0.01117567
-0.007624249
-0.004601959
-0.002626545
-0.002467167
-0.004652407
-0.008633273
-0.01234297
-0.0130948
-0.009259123
-0.001345009
0.008472435
0.01763551
0.02428562
0.02766702
0.02761102
0.02386847
0.01594802
0.003719761
-0.01150359
-0.02691968
-0.03987715
-0.04959197
-0.05740879
-0.06498966
-0.07254787
-0.07962438
-0.08709843
-0.09669424
-0.108255
-0.1184914
-0.1234859
-0.1221024
-0.1164876
-0.1098343
-0.1039779
-0.09896539
-0.09418934
-0.08940248
-0.08472665
-0.07983698
-0.07343578
-0.06352831
-0.04910906
-0.03163551
-0.01457618
-0.001357818
0.006755588
0.01136782
0.01602228
0.02392934
0.0358901
0.05000195
0.06306096
0.07260077
0.07836987
0.0822995
0.08692234
0.09353806
0.1013711
0.1082634
0.1124684
0.1137805
0.1127261
0.1091186
0.1022005
0.09202362
0.07971502
0.06643355
0.05292235
0.04002426
0.02867192
0.01925845
0.01160127
0.00576627
0.002611245
0.002894376
0.006266008
0.01146792
0.0171744
0.02246122
0.02669372
0.02914321
0.02916032
0.02679473
0.02300574
0.01882078
0.01453581
0.009752261
0.00435215
-0.000994441
-0.005410876
-0.008796581
-0.01198456
-0.01587087
-0.02081741
-0.02698683
-0.03430711
-0.04206872
-0.04850343
-0.05171858
-0.05136851
-0.04888582
-0.04573625
-0.04213985
-0.03767362
-0.03250033
-0.0274153
-0.02268287
-0.01765135
-0.01144357
-0.004315718
0.001619701
0.003416218
-0.0001844714
-0.006967752
-0.01229329
-0.01224849
-0.006056861
0.003875567
0.01408301
0.0222701
0.02761237
0.02991368
0.02904764
0.02530647
0.01943377
0.01181416
0.002015719
-0.01042253
-0.02433923
-0.03681852
-0.04556766
-0.0511147
-0.05572627
-0.06071982
-0.06536102
-0.06809472
-0.0685709
-0.06833119
-0.06964509
-0.07361559
-0.07946308
-0.08541426
-0.08998895
-0.09244973
-0.0917964
-0.08648646
-0.0754317
-0.05923371
-0.04018668
-0.02137243
-0.005555031
0.005929046
0.01326572
0.01706585
0.01729602
0.01329614
0.00517092
-0.005248749
-0.01502442
-0.02157327
-0.02415961
-0.02394315
-0.02274754
-0.02198974
-0.02210958
-0.02283243
-0.02397041
-0.02582487
-0.02828148
-0.03020385
-0.03057147
-0.0300741
-0.03085001
-0.0344971
-0.04061642
-0.04747216
-0.05310096
-0.05568588
-0.05368212
-0.04640859
-0.03437749
-0.0193779
-0.004129393
0.008548333
0.01702406
0.02200183
0.02631065
0.03281427
0.0416062
0.04942385
0.05241515
0.04966367
0.04405955
0.04008276
0.04054324
0.04490724
0.05043122
0.05492952
0.05863758
0.06342115
0.07028852
0.07808056
0.0847775
0.08950052
0.09255734
0.0941217
0.09388045
0.092129
0.09026268
0.08960169
0.09016314
0.09106125
0.09162031
0.09142779
0.08956379
0.08493739
0.07749411
0.06803864
0.05697877
0.04442516
0.03125184
0.01861454
0.006816812
-0.004633265
-0.01570699
-0.02490003
-0.03019265
-0.03066959
-0.02744678
-0.0233162
-0.02146723
-0.02379027
-0.02950421
-0.03563516
-0.03921766
-0.03902153
-0.03525602
-0.02877185
-0.02083874
-0.01286087
-0.005399614
0.002127398
0.01071496
0.02010792
0.02815709
0.03257055
0.03327577
0.03321424
0.03635873
0.04452935
0.05558856
0.06515793
0.07040223
0.07164475
0.07056098
0.06799546
0.06408702
0.05955575
0.0561894
0.05578776
0.05867696
0.0626036
0.06410699
0.06162455
0.05713653
0.05415704
0.05462993
0.05791553
0.06187112
0.06445428
0.06459859
0.06258251
0.05979511
0.05771866
0.05649356
0.05477065
0.05129884
0.04636254
0.04151877
0.0379754
0.03569914
0.03375436
0.03131745
0.02816017
0.02440329
0.01971636
0.01304587
0.00322215
-0.009739651
-0.02370443
-0.0354007
-0.04289551
-0.04690275
-0.04960768
-0.05277188
-0.05708574
-0.06260037
-0.06912576
-0.07615823
-0.08252849
-0.08627334
-0.08550996
-0.07978611
-0.07057846
-0.06014358
-0.04962943
-0.0386965
-0.02730083
-0.01744944
-0.01229095
-0.01366384
-0.02063865
-0.03054601
-0.04125111
-0.05204452
-0.062716
-0.07252566
-0.08077643
-0.0874688
-0.09311017
-0.09781137
-0.1008518
-0.1010603
-0.0979485
-0.09252697
-0.08702636
-0.08373858
-0.08373103
-0.0861972
-0.08908535
-0.08994306
-0.08656046
-0.07803984
-0.06588833
-0.05334493
-0.04291427
-0.03485558
-0.02788778
-0.02081103
-0.01307681
-0.004628311
0.00428111
0.01253741
0.01811488
0.01925657
0.0163684
0.01228372
0.01057587
0.01330441
0.01975898
0.02707284
0.03204925
0.03296784
0.03041779
0.02674669
0.02406684
0.02267938
0.02167384
0.0209188
0.02137084
0.02305479
0.0240409
0.02222158
0.01755824
0.01206221
0.00759572
0.004693886
0.002976637
0.002020127
0.001534833
0.001340947
0.001561914
0.00279304
0.00573153
0.01060891
0.01720207
0.02506701
0.03349905
0.04144043
0.04787513
0.05240816
0.05494968
0.05453028
0.0489894
0.03660661
0.01843273
-0.00151178
-0.01876489
-0.03077651
-0.03760414
-0.04090975
-0.04225847
-0.04194237
-0.03962954
-0.03613689
-0.03374318
-0.03416956
-0.03677698
-0.03933843
-0.04022869
-0.03955452
-0.03820893
-0.03672963
-0.03534978
-0.03426255
-0.03312392
-0.03080099
-0.0263464
-0.02005553
-0.01307996
-0.006288023
-4.90916e-06
0.005355243
0.009204474
0.01138449
0.01259307
0.01390047
0.01580012
0.01787491
0.01943646
0.02019974
0.02038224
0.02039471
0.02071018
0.02131222
0.02089513
0.01723785
0.00849921
-0.005859956
-0.02480705
-0.04586297
-0.06617305
-0.08386388
-0.09855316
-0.110841
-0.1213587
-0.1305003
-0.1389149
-0.1473465
-0.1557951
-0.1630385
-0.1671518
-0.1665912
-0.1605901
-0.1490596
-0.1327643
-0.1135799
-0.09354646
-0.07363052
-0.05382258
-0.03419577
-0.01519476
0.003509471
0.02348721
0.04577439
0.06860232
0.08818195
0.1019328
0.1105956
0.1169697
0.1229798
0.1285189
0.1329556
0.1368748
0.1415059
0.1468351
0.151558
0.1549956
0.1579975
0.1616312
0.1658214
0.1694916
0.1713575
0.1707671
0.1681489
0.164618
0.1608602
0.1565863
0.151147
0.1445633
0.1377045
0.1315615
0.1267549
0.1235999
0.1221962
0.122249
0.1229823
0.1237002
0.1242044
0.1247806
0.1256596
0.1265918
0.1268365
0.1257614
0.1233904
0.120301
0.1170537
0.1138704
0.1107013
0.1068798
0.1009325
0.09130965
0.07761035
0.0609844
0.04351615
0.02723697
0.0132028
0.00138346
-0.00897098
-0.01878141
-0.02870826
-0.03824797
-0.04538277
-0.0475945
-0.04403578
-0.03713673
-0.031218
-0.02880976
-0.02886697
-0.02867165
-0.02652466
-0.02284265
-0.01955328
-0.01840245
-0.01913966
-0.01957196
-0.01800608
-0.01544342
-0.01462766
-0.01680543
-0.02005766
-0.02144868
-0.02063355
-0.02057057
-0.02408084
-0.03064926
-0.0372479
-0.04202043
-0.04650598
-0.05375772
-0.06496571
-0.07831543
-0.09089638
-0.1010425
-0.1086923
-0.1141987
-0.1176503
-0.1190686
-0.1186643
-0.1167054
-0.1131826
-0.1078179
-0.1009647
-0.09413064
-0.08914914
-0.08636766
-0.08428163
-0.08125942
-0.07776901
-0.07573953
-0.07600431
-0.07755385
-0.07898263
-0.08000127
-0.081273
-0.08323421
-0.08530037
-0.08582119
-0.08320862
-0.07734737
-0.06998206
-0.06343979
-0.05866449
-0.05479112
-0.05072953
-0.04677709
-0.04422435
-0.04354107
-0.04351213
-0.04181826
-0.03648716
-0.02676733
-0.01335008
0.001849942
0.01653832
0.02912733
0.03931392
0.04798344
0.05658668
0.06663735
0.0786884
0.09134722
0.102112
0.1093448
0.11344
0.1160317
0.1184293
0.120833
0.1225243
0.1228171
0.1214736
0.1180782
0.111412
0.1002707
0.08464786
0.06601127
0.04689004
0.02938845
0.01392932
-0.0006255869
-0.01533654
-0.02937039
-0.04061172
-0.04765736
-0.05094798
-0.05185816
-0.05112648
-0.04840621
-0.04311998
-0.03533479
-0.02583554
-0.01610704
-0.00792725
-0.002407287
0.0006908448
0.002407941
0.003850254
0.005851338
0.008470315
0.01030748
0.009103896
0.003979723
-0.002811289
-0.00705149
-0.006168005
-0.0009165737
0.006176282
0.01314606
0.01893471
0.02286089
0.02489766
0.02622629
0.02879267
0.03357211
0.03972036
0.04562829
0.05064565
0.05550219
0.06133347
0.06854449
0.07668981
0.08469749
0.09112233
0.09509829
0.09728062
0.0993792
0.1025982
0.1067182
0.1107302
0.113907
0.1160966
0.1172118
0.1171233
0.1160065
0.1142042
0.1120105
0.1090861
0.1037538
0.09330428
0.07572283
0.0509534
0.02095934
-0.01155627
-0.04562633
-0.08184742
-0.1197227
-0.1560509
-0.1867103
-0.2099659
-0.2270706
-0.240074
-0.2501504
-0.2577553
-0.2634982
-0.2680897
-0.2720565
-0.2756544
-0.2788907
-0.2815058
-0.2831505
-0.2836816
-0.2831556
-0.2816993
-0.27928
-0.2756927
-0.2707554
-0.2642603
-0.2560202
-0.246154
-0.2351642
-0.2235859
-0.2112741
-0.1973733
-0.1813785
-0.1641152
-0.1472378
-0.1315727
-0.1161508
-0.09863465
-0.07700981
-0.05152414
-0.02525124
-0.001962099
0.01681645
0.0325999
0.04767873
0.06273334
0.07681259
0.08901766
0.1001086
0.11231
0.12745
0.1452387
0.1634388
0.1792011
0.1909642
0.1993603
0.2065524
0.2143679
0.2228442
0.2311654
0.239238
0.247694
0.2565734
0.2645883
0.2703955
0.2738138
0.2752427
0.2745298
0.2707901
0.2634516
0.2528938
0.2404743
0.227644
0.2147445
0.2008836
0.1850506
0.1670387
0.1473968
0.1270123
0.1064227
0.08562266
0.06474258
0.04454541
0.02576808
0.008059635
-0.009475786
-0.02699442
-0.04354048
-0.05823463
-0.07138973
-0.08415007
-0.09693218
-0.1090209
-0.1196827
-0.1289481
-0.136968
-0.1434391
-0.1479399
-0.1505182
-0.151827
-0.1528065
-0.1542422
-0.1565567
-0.1599525
-0.1642152
-0.1684622
-0.1714574
-0.1723943
-0.171126
-0.1674722
-0.1604644
-0.1484871
-0.1307815
-0.1086503
-0.08520465
-0.0634907
-0.04452443
-0.02675812
-0.007344585
0.0155238
0.04131272
0.06788591
0.09267585
0.1136913
0.130519
0.1443181
0.1565763
0.1674971
0.1756002
0.1792668
0.1782702
0.1735522
0.1658874
0.1555913
0.1431679
0.1295298
0.1156156
0.1025169
0.09166953
0.08405302
0.07935891
0.07656848
0.07496172
0.07418024
0.0737123
0.07303308
0.07197862
0.07068786
0.06900083
0.06643233
0.06278549
0.05861148
0.05483751
0.05186023
0.04935936
0.04690745
0.04425618
0.04122218
0.03781566
0.03472423
0.03317816
0.03388323
0.03582399
0.0365004
0.03387667
0.02818525
0.02159712
0.01623053
0.01270994
0.01033658
0.007857854
0.004415393
4.525916e-05
-0.005222956
-0.01204613
-0.02121607
-0.0329044
-0.04666283
-0.06178195
-0.07734722
-0.09201765
-0.1045434
-0.1146417
-0.1231441
-0.1312808
-0.1390556
-0.1451311
-0.1486966
-0.1510326
-0.1549231
-0.1622849
-0.1722568
-0.1817123
-0.1879389
-0.1908894
-0.1927624
-0.1958283
-0.2008258
-0.2073028
-0.2146015
-0.2220459
-0.2284616
-0.2325656
-0.2339101
-0.2332275
-0.2314568
-0.2285487
-0.2230907
-0.2128775
-0.1957509
-0.1699917
-0.1352284
-0.09390697
-0.05050975
-0.00916764
0.02812941
0.06127323
0.08962953
0.1112927
0.124643
0.1304774
0.1317407
0.1314267
0.1310718
0.1306497
0.1293686
0.1267492
0.1229463
0.1178792
0.1102699
0.09873586
0.08428584
0.07036241
0.06000602
0.05359366
0.04949816
0.04636089
0.04398431
0.04208473
0.03953023
0.03562108
0.03167312
0.02994754
0.03108833
0.03302075
0.03220787
0.02639108
0.01659211
0.006654005
0.0008136254
0.0009739697
0.005839468
0.01285768
0.02110441
0.03181502
0.04604242
0.06231288
0.07710945
0.08774363
0.09481412
0.1019016
0.1124668
0.1267483
0.1418436
0.1544617
0.163159
0.1683825
0.1712634
0.1728385
0.1739709
0.1751292
0.1759958
0.1754645
0.1722869
0.1658576
0.156488
0.1451517
0.1325511
0.1181966
0.1007295
0.0792827
0.0550025
0.03055149
0.007788336
-0.01350733
-0.03431101
-0.05428179
-0.07203017
-0.08740225
-0.1022725
-0.1184387
-0.1352104
-0.1498502
-0.1605325
-0.1681454
-0.1754137
-0.1845184
-0.1955327
-0.2067742
-0.2166076
-0.2250438
-0.2333669
-0.2426783
-0.2528919
-0.2629881
-0.2717038
-0.277802
-0.2800625
-0.2768446
-0.2656576
-0.2434568
-0.2082015
-0.1609812
-0.1074009
-0.05630502
-0.01569678
0.01101023
0.02616733
0.03564822
0.04517381
0.05737785
0.07145393
0.0851111
0.096996
0.1074884
0.117753
0.1281162
0.1376129
0.1451281
0.1503114
0.1529886
0.1517388
0.1437962
0.1272467
0.103172
0.07537513
0.04789469
0.02260969
-0.000385529
-0.0208684
-0.03792503
-0.05118604
-0.06177286
-0.07165408
-0.08195999
-0.0920023
-0.09965982
-0.1027311
-0.1001398
-0.09243739
-0.08145782
-0.06932308
-0.05753077
-0.04675932
-0.03708524
-0.02871446
-0.02241309
-0.01899247
-0.01840203
-0.01973369
-0.02170722
-0.02283197
-0.02174184
-0.01829354
-0.01436588
-0.0127376
-0.01459606
-0.01844271
-0.02144968
-0.02209277
-0.02142705
-0.02175115
-0.02455846
-0.02980611
-0.03671445
-0.04442459
-0.0521109
-0.05922646
-0.06591784
-0.07241484
-0.07819265
-0.08218129
-0.08358672
-0.08209207
-0.0778713
-0.07174765
-0.06493757
-0.05839083
-0.05234368
-0.04625076
-0.0391467
-0.03016126
-0.01906863
-0.00655933
0.006617015
0.02091328
0.03735041
0.05575164
0.07426117
0.09095705
0.1049355
0.1160659
0.1250335
0.1335848
0.1435171
0.1547689
0.1647059
0.1699264
0.1687271
0.1617355
0.1503596
0.1351705
0.1156124
0.09110238
0.06210425
0.02991714
-0.003380725
-0.03451188
-0.05941184
-0.07521351
-0.08244055
-0.08465557
-0.08585756
-0.08815652
-0.09153569
-0.095054
-0.09807836
-0.1006852
-0.1032238
-0.1057999
-0.1083128
-0.1108823
-0.1139337
-0.117615
-0.121393
-0.124341
-0.1257204
-0.1250966
-0.122485
-0.1184931
-0.1136753
-0.1076718
-0.09944765
-0.08847968
-0.07577665
-0.06370259
-0.05461154
-0.04934776
-0.04679878
-0.04501331
-0.04270089
-0.03947273
-0.03526781
-0.03014119
-0.02437757
-0.01808032
-0.01114147
-0.004006289
0.001880544
0.005549187
0.007884091
0.01084343
0.01539689
0.02110577
0.02739935
0.03439362
0.04234582
0.05106109
0.05992862
0.06814794
0.07509613
0.08068611
0.08578924
0.09168215
0.09853165
0.1052034
0.1106634
0.1151633
0.1197443
0.1248241
0.1297752
0.1337705
0.1367433
0.1393375
0.1423216
0.1463323
0.1517967
0.1585503
0.165593
0.1717493
0.1763148
0.1790672
0.1802084
0.180028
0.1786725
0.175819
0.1704355
0.1616566
0.1500488
0.1378239
0.1276346
0.1205445
0.1155145
0.1108645
0.105648
0.09948793
0.09195037
0.08296063
0.07369656
0.06609773
0.06107145
0.05730159
0.05216525
0.04398597
0.03322606
0.02191166
0.01241338
0.006487784
0.004562917
0.005294052
0.00606895
0.004744341
0.001075232
-0.003285049
-0.006158856
-0.006396101
-0.004492347
-0.001765121
0.001161645
0.004737515
0.009275216
0.01383475
0.01707324
0.01843163
0.01793556
0.01506231
0.008690499
-0.001450921
-0.01385229
-0.02652636
-0.03879505
-0.05114019
-0.06359009
-0.07535395
-0.08559909
-0.09416683
-0.1014353
-0.1078336
-0.1132647
-0.1167939
-0.1170169
-0.1132173
-0.1063331
-0.09802262
-0.08879199
-0.07785117
-0.06536521
-0.05448429
-0.04973158
-0.05355569
-0.06448596
-0.07798289
-0.08913931
-0.09524645
-0.09711118
-0.09827995
-0.1019841
-0.1086832
-0.1162185
-0.1222159
-0.1261039
-0.129003
-0.1321544
-0.1356265
-0.1382709
-0.1389345
-0.1373993
-0.1347882
-0.1333661
-0.1353643
-0.1411835
-0.1485367
-0.1538018
-0.1544436
-0.1502779
-0.1427929
-0.1337979
-0.1246246
-0.1161904
-0.1091933
-0.1038463
-0.09987523
-0.09718778
-0.09602676
-0.09651133
-0.0979891
-0.0990532
-0.09841226
-0.09597505
-0.09286515
-0.09034893
-0.08854427
-0.08631215
-0.08249099
-0.07691304
-0.07017563
-0.06290155
-0.05588113
-0.05062373
-0.04890592
-0.05110589
-0.05542919
-0.05894114
-0.05951267
-0.05714148
-0.05353377
-0.0504047
-0.04818905
-0.04634178
-0.04450519
-0.04264993
-0.04053668
-0.03769938
-0.03398012
-0.03002751
-0.02703829
-0.02551489
-0.02403542
-0.01987552
-0.01133931
0.0006612885
0.01363987
0.02567136
0.03575604
0.0430746
0.04727324
0.04934852
0.05094359
0.05272207
0.05439279
0.05599446
0.05842229
0.06268058
0.06926841
0.07789003
0.08732603
0.09614442
0.1040071
0.1118735
0.1203123
0.1281968
0.1338738
0.1371812
0.1395492
0.1423492
0.1459521
0.1501508
0.1549575
0.1603308
0.1653837
0.1683036
0.1678084
0.1645311
0.160456
0.1575904
0.156913
0.1576474
0.1567923
0.1500281
0.1341634
0.1093039
0.07905458
0.04890643
0.02340516
0.003675465
-0.01263214
-0.02837034
-0.04387904
-0.05711842
-0.06617041
-0.07127659
-0.0740024
-0.07486327
-0.07327491
-0.06965397
-0.06572011
-0.0619917
-0.05626767
-0.04643761
-0.03373033
-0.02189789
-0.01375388
-0.009495761
-0.007629834
-0.006480742
-0.005351727
-0.005113879
-0.007758186
-0.01483779
-0.02587485
-0.03856139
-0.05060786
-0.06122351
-0.07095754
-0.08065016
-0.09065045
-0.1004762
-0.1090704
-0.115484
-0.1197029
-0.1226218
-0.1252573
-0.1275565
-0.1281075
-0.1252723
-0.1184899
-0.1086309
-0.09709378
-0.08457689
-0.07096454
-0.05600273
-0.03992105
-0.02335618
-0.007273643
0.007027124
0.01816733
0.0252332
0.02852812
0.02986241
0.03158943
0.03500079
0.03961876
0.04426346
0.04812098
0.05036374
0.04956423
0.04435357
0.03472795
0.02219449
0.008816987
-0.003836341
-0.01516759
-0.02522624
-0.03409591
-0.04164105
-0.04732914
-0.0504584
-0.05108716
-0.05052155
-0.05033477
-0.05046204
-0.04901878
-0.0445064
-0.03762746
-0.0304596
-0.0240066
-0.01734972
-0.00912578
0.0009175193
0.01205896
0.02335893
0.03360466
0.04163248
0.04725129
0.05145448
0.05511459
0.0579294
0.05931082
0.05961401
0.05985654
0.06077102
0.06214047
0.06246657
0.05961817
0.05275771
0.04396308
0.03753939
0.0369703
0.04227816
0.05015768
0.05671088
0.05994458
0.05957885
0.05537999
0.04721627
0.03654332
0.02636937
0.01940888
0.01637081
0.01607406
0.01673204
0.01671327
0.01455081
0.009133054
0.0005318299
-0.009402838
-0.01779764
-0.02235476
-0.02255122
-0.01960325
-0.01537137
-0.01099673
-0.006338679
-0.0008868119
0.004940275
0.009920937
0.01384193
0.01843472
0.02556578
0.03458862
0.0427199
0.04797393
0.05072122
0.05280856
0.05590362
0.0603581
0.06502159
0.06793077
0.067233
0.06217362
0.05329986
0.04170556
0.02816339
0.01320991
-0.001866921
-0.014733
-0.02364818
-0.0289703
-0.03250064
-0.03576676
-0.03911359
-0.04224636
-0.04493979
-0.04731102
-0.04949571
-0.05152976
-0.05344564
-0.05495389
-0.05565565
-0.05626821
-0.05863288
-0.06348809
-0.06921724
-0.07350826
-0.07557616
-0.07662951
-0.07836485
-0.08125425
-0.08417748
-0.08528506
-0.08385112
-0.08108333
-0.07886588
-0.07803171
-0.07822825
-0.07893055
-0.08004756
-0.08157391
-0.08324373
-0.08476098
-0.08615292
-0.08790327
-0.09061913
-0.09422432
-0.09777223
-0.1000196
-0.1001912
-0.09850688
-0.096302
-0.09500863
-0.09535865
-0.09760084
-0.1014954
-0.1060488
-0.1097019
-0.1112648
-0.1105868
-0.1088829
-0.1083191
-0.1103293
-0.1141852
-0.117591
-0.1184484
-0.1162099
-0.1120543
-0.1077344
-0.1034931
-0.0969097
-0.08496782
-0.06722958
-0.04680471
-0.02827404
-0.01452202
-0.005259301
0.001750083
0.008723806
0.01683086
0.02644642
0.03771901
0.05014246
0.0624775
0.07369202
0.08376544
0.09338744
0.1031985
0.1131694
0.1225731
0.1303725
0.1357225
0.1384647
0.1393576
0.1398344
0.1408848
0.1419712
0.1413335
0.1376859
0.1313613
0.1238079
0.1164605
0.1098783
0.1038713
0.09851136
0.09472433
0.09359884
0.0950079
0.09752996
0.09981319
0.1014807
0.1028194
0.1042362
0.1063136
0.1096472
0.1142282
0.1192037
0.1237047
0.1274769
0.1308465
0.1342708
0.1376982
0.1405774
0.1423363
0.1426936
0.1416854
0.1392878
0.1348049
0.1268123
0.1139803
0.09643389
0.07609021
0.05579069
0.03806371
0.02413068
0.01301314
0.002308058
-0.009344667
-0.02061168
-0.02913223
-0.03500351
-0.04135534
-0.05076421
-0.06222455
-0.07226376
-0.0784388
-0.08131653
-0.08316491
-0.08536302
-0.08738534
-0.08788353
-0.08578595
-0.08043305
-0.07195907
-0.06169741
-0.05126314
-0.04151564
-0.03244593
-0.02375067
-0.01484079
-0.004874188
0.006459699
0.01833632
0.02923413
0.03799687
0.04427142
0.04828507
0.05045139
0.05126863
0.05140227
0.05142605
0.05175171
0.05266338
0.05401531
0.05462876
0.05225631
0.04499917
0.03320785
0.01976708
0.007970772
-0.0007684391
-0.007458577
-0.01384872
-0.02086603
-0.02841439
-0.03615332
-0.04386862
-0.05141535
-0.05872335
-0.06548078
-0.07082106
-0.07376172
-0.07397472
-0.07216735
-0.06955386
-0.06696565
-0.0642963
-0.06080407
-0.05579566
-0.04899587
-0.040237
-0.0294296
-0.0171062
-0.00455843
0.007099477
0.0171437
0.02486977
0.02990675
0.03301643
0.03575434
0.03931551
0.04379868
0.04851717
0.05270689
0.05629342
0.0600682
0.0648621
0.07040633
0.07493966
0.07672721
0.07615341
0.07549265
0.07639781
0.07848909
0.08070703
0.08303928
0.08630628
0.09048234
0.09404916
0.09507931
0.09261324
0.08708599
0.07932465
0.06924629
0.05556395
0.03723523
0.01536847
-0.006674766
-0.02546906
-0.03988479
-0.0515053
-0.0628257
-0.0747329
-0.08573911
-0.09371031
-0.09832454
-0.1012334
-0.1043498
-0.108785
-0.114757
-0.1213739
-0.1268915
-0.1298243
-0.1297978
-0.1275864
-0.1245956
-0.1221551
-0.1205908
-0.1188759
-0.1156551
-0.1106816
-0.1045152
-0.09709776
-0.08757039
-0.07547361
-0.0617215
-0.04835416
-0.03744625
-0.02998554
-0.02551051
-0.02276798
-0.02071494
-0.01880441
-0.01672566
-0.01397042
-0.01023035
-0.00600281
-0.00207508
0.001643284
0.006415989
0.01360131
0.02333465
0.03414852
0.04361008
0.04998895
0.05350986
0.05585869
0.05891878
0.0634404
0.0684845
0.07196505
0.07233696
0.07021836
0.06817386
0.06858287
0.07112164
0.07224241
0.06772564
0.05624489
0.0407124
0.02618493
0.01649757
0.01227444
0.01145781
0.01151625
0.0112597
0.01096839
0.01131295
0.01236811
0.01358121
0.0139535
0.01270618
0.01036478
0.0088023
0.009988089
0.01451338
0.02101347
0.02703085
0.03091927
0.03295607
0.03437035
0.03576585
0.03667579
0.03656765
0.0361063
0.0366565
0.03852085
0.04009455
0.03935429
0.03617828
0.03273165
0.03099838
0.03037393
0.02891001
0.02671246
0.02688192
0.03229741
0.04221728
0.05241176
0.05830214
0.05802656
0.05312284
0.04703785
0.043136
0.04283235
0.04494141
0.04717784
0.04811512
0.04757218
0.04606298
0.04441299
0.04337593
0.04301176
0.04286314
0.04284484
0.04340187
0.04489501
0.04759591
0.05206631
0.0587843
0.06751423
0.07715682
0.08593009
0.09194805
0.0939253
0.09150364
0.08497628
0.07510029
0.06327079
0.05160807
0.04221258
0.03598526
0.03201968
0.02842395
0.02372251
0.01732987
0.009485404
0.001329751
-0.005323389
-0.009078572
-0.009921163
-0.008990354
-0.007338877
-0.005171916
-0.002258766
0.001146387
0.004260039
0.006402282
0.007651019
0.008504667
0.009093725
0.009245598
0.008919048
0.008530678
0.008760366
0.01021005
0.01309425
0.01712462
0.02158213
0.02532906
0.02702528
0.02600686
0.0231658
0.02055522
0.02000487
0.02164697
0.02376082
0.02434611
0.02309178
0.02175315
0.02265266
0.02673969
0.03274528
0.03816081
0.04155096
0.04374797
0.04626635
0.049087
0.05068277
0.04996801
0.04720147
0.04304622
0.03736071
0.02950553
0.01924813
0.006837959
-0.006865118
-0.01992925
-0.03020247
-0.03731185
-0.04327475
-0.05034143
-0.05895168
-0.06770126
-0.07462587
-0.07866662
-0.07994354
-0.0795681
-0.07894807
-0.07885443
-0.07913534
-0.07962896
-0.08023706
-0.08065503
-0.08075031
-0.08105438
-0.08221901
-0.08370043
-0.08383691
-0.08100552
-0.07447007
-0.06465708
-0.05325972
-0.04278586
-0.0353684
-0.03167554
-0.03066241
-0.03042094
-0.02954946
-0.02789324
-0.02617301
-0.02514294
-0.0249182
-0.0246719
-0.02294679
-0.01856446
-0.01164328
-0.003921678
0.002014846
0.004706404
0.005445403
0.007161516
0.01170599
0.01892923
0.02801578
0.03846995
0.04957937
0.05968011
0.06719282
0.07219138
0.07625136
0.08059984
0.08499042
0.08806444
0.088628
0.08670724
0.08311628
0.07841618
0.07270673
0.06624423
0.05994423
0.05507495
0.05235403
0.05149974
0.05143937
0.05073115
0.04818447
0.04342749
0.03724035
0.03118144
0.02616735
0.02165945
0.01652863
0.01048843
0.004465996
-0.0001069371
-0.00249871
-0.003454693
-0.004831335
-0.008080393
-0.01313616
-0.01833795
-0.021648
-0.0219534
-0.01956652
-0.01585741
-0.01240435
-0.01027173
-0.009516707
-0.008917885
-0.006507902
-0.001096814
0.00628808
0.01260435
0.01504149
0.01339816
0.01037753
0.009205118
0.01104533
0.01499436
0.01981569
0.02510172
0.03100368
0.03786512
0.04617394
0.05597482
0.06621842
0.07517279
0.08164063
0.08578899
0.08829758
0.08923411
0.08855897
0.0873098
0.08692703
0.08750335
0.08744828
0.08556299
0.08268934
0.08040824
0.07902198
0.07773815
0.07641128
0.07569108
0.07529081
0.07373382
0.0705316
0.06786551
0.06879209
0.07399098
0.08122355
0.08752029
0.09145067
0.09356341
0.09538507
0.09803241
0.1011266
0.1032503
0.1035608
0.1028654
0.1026232
0.1033508
0.1044795
0.105305
0.1054009
0.1040729
0.1005422
0.09512683
0.08944007
0.08474846
0.08068608
0.0763313
0.07192153
0.0685685
0.06657081
0.06492714
0.06257068
0.05929134
0.05530513
0.05054248
0.0449088
0.03890654
0.03344568
0.02911628
0.0258244
0.02259917
0.01781326
0.01031256
0.0009587129
-0.007220941
-0.01123518
-0.01072057
-0.008093522
-0.00625614
-0.006228969
-0.00689524
-0.006309182
-0.003116591
0.002296693
0.007568092
0.009714887
0.00721764
0.001185377
-0.005431426
-0.00953759
-0.009190042
-0.004480006
0.001650451
0.004089823
-0.001132265
-0.01319564
-0.02646526
-0.03518634
-0.03818313
-0.03878165
-0.04104853
-0.04632545
-0.05294417
-0.05848736
-0.06223552
-0.06534469
-0.06904761
-0.07290554
-0.07484956
-0.07372099
-0.07149814
-0.0714772
-0.07454073
-0.07863302
-0.0814364
-0.08243458
-0.0824647
-0.08227686
-0.08186613
-0.08094432
-0.0796119
-0.07866101
-0.07928046
-0.08221129
-0.08683093
-0.09118611
-0.09324825
-0.092682
-0.09098643
-0.08950028
-0.08798441
-0.08561874
-0.08256317
-0.07963015
-0.07693145
-0.07343573
-0.06800795
-0.06040777
-0.05108695
-0.04051307
-0.02922425
-0.0183575
-0.009164156
-0.001932698
0.004334124
0.01065698
0.01649223
0.02005928
0.01984795
0.01610493
0.01100585
0.007305543
0.006166615
0.006180005
0.004695313
0.0005586657
-0.004681064
-0.00817878
-0.008245957
-0.005296285
-0.001113526
0.002197811
0.002700019
-0.0008096648
-0.007760071
-0.01575396
-0.02215539
-0.02562903
-0.02641465
-0.02546494
-0.02363855
-0.02143535
-0.01870101
-0.01458837
-0.008361194
-0.0001190429
0.0095376
0.01976425
0.02909287
0.03579922
0.03906245
0.0397754
0.03971343
0.04005994
0.04114143
0.04306704
0.04581214
0.04867345
0.05015665
0.04906606
0.04564867
0.0413267
0.03742269
0.03449003
0.03294699
0.03355744
0.03665588
0.04087594
0.04347028
0.04254435
0.03892447
0.03546437
0.03442619
0.0359929
0.03922954
0.04361207
0.04930879
0.05628108
0.0637846
0.07104306
0.07797104
0.08481965
0.09126748
0.09635464
0.09947853
0.1013169
0.1029438
0.1041112
0.1028945
0.09726567
0.08707465
0.07417212
0.06054642
0.04704661
0.03419123
0.02314538
0.01540163
0.01152149
0.01058108
0.01099182
0.01164008
0.01218096
0.01271749
0.01348959
0.01463286
0.01608905
0.01778203
0.0196624
0.02155746
0.02293504
0.0232439
0.02266676
0.02211065
0.02206305
0.02195162
0.02082973
0.01856314
0.01630909
0.01587586
0.01845016
0.02361639
0.02968016
0.03512101
0.03949725
0.04302029
0.04566623
0.04710642
0.04725134
0.04645868
0.0451624
0.04362802
0.04226517
0.04178922
0.04287721
0.04520549
0.04711679
0.04721712
0.04593528
0.04486364
0.04485921
0.04569707
0.0470681
0.04890823
0.05098474
0.05286484
0.05418166
0.05467533
0.05412836
0.0524968
0.05008054
0.04720885
0.04370923
0.0388174
0.03211078
0.02426348
0.01657458
0.009799691
0.003544159
-0.003094146
-0.01009314
-0.01642259
-0.02144392
-0.02567911
-0.03016601
-0.03537774
-0.04125817
-0.04770616
-0.0546749
-0.0619528
-0.06916683
-0.07583806
-0.0812137
-0.08453151
-0.0855998
-0.0853752
-0.08557743
-0.08726401
-0.09010537
-0.09292608
-0.09485679
-0.0958125
-0.09635429
-0.09710211
-0.09825335
-0.0996436
-0.1014614
-0.1043669
-0.108863
-0.1146087
-0.1205412
-0.1257635
-0.1299614
-0.1332015
-0.1355463
-0.1368755
-0.1369036
-0.1352596
-0.1315881
-0.1260254
-0.1192892
-0.1121351
-0.1051755
-0.09919691
-0.09510309
-0.09314248
-0.09243042
-0.09219133
-0.09287265
-0.09511284
-0.09812373
-0.100047
-0.09972781
-0.09760149
-0.09502985
-0.09307691
-0.0917763
-0.09066423
-0.08975331
-0.08923011
-0.08824096
-0.08519203
-0.07949306
-0.07253688
-0.0663999
-0.06173182
-0.05739572
-0.05250503
-0.04799598
-0.04562683
-0.04556519
-0.04555312
-0.0429187
-0.03710925
-0.02983422
-0.0230747
-0.01785075
-0.01435781
-0.01228797
-0.01087852
-0.009130209
-0.006494615
-0.003178159
0.0003106299
0.003746189
0.00699228
0.00959105
0.01078489
0.009945948
0.007099915
0.002939032
-0.002023686
-0.008113143
-0.01610838
-0.02596209
-0.035995
-0.04371486
-0.04727256
-0.04692799
-0.04515413
-0.04461108
-0.04549442
-0.04539843
-0.04213963
-0.03631768
-0.0302407
-0.02524306
-0.02046695
-0.01397272
-0.004460966
0.008288894
0.02367052
0.0402645
0.05587904
0.06861925
0.07803589
0.08520983
0.09185134
0.09901076
0.1066652
0.1141812
0.1207578
0.1255854
0.1279151
0.1273028
0.1235504
0.1166293
0.1067849
0.09432671
0.07968139
0.06405769
0.04941142
0.03722569
0.02728781
0.01815094
0.008873485
-0.0001046938
-0.008032593
-0.01515269
-0.0221123
-0.02878539
-0.03460006
-0.03970751
-0.04500383
-0.05079477
-0.05588986
-0.05852668
-0.05812015
-0.05547057
-0.05138455
-0.04621712
-0.04035089
-0.0337167
-0.02481884
-0.01182603
0.004445155
0.01935445
0.02756629
0.02756035
0.02264687
0.01797041
0.01695634
0.02001907
0.02549757
0.03147111
0.03653608
0.03949763
0.03932075
0.03592076
0.03051613
0.02514648
0.02137654
0.01965236
0.01971785
0.02106757
0.02282888
0.02365569
0.02230405
0.01890566
0.01560015
0.01506982
0.01772527
0.02063173
0.0199723
0.01458989
0.007013343
0.001002705
-0.001856408
-0.003095066
-0.005129167
-0.008792498
-0.0132249
-0.0173684
-0.02089356
-0.02392962
-0.02645988
-0.02831056
-0.02928691
-0.02877327
-0.02548783
-0.01849614
-0.008521181
0.001920002
0.00980967
0.01353325
0.01361362
0.01184323
0.009670687
0.007728743
0.006634252
0.007213106
0.009364645
0.01144953
0.0117103
0.009890273
0.007353413
0.005920558
0.006179174
0.00719981
0.007896773
0.008382382
0.009974275
0.01376648
0.0194056
0.025452
0.03066007
0.03461261
0.03723223
0.03825703
0.03799592
0.03804031
0.0404218
0.04586033
0.05311703
0.05998813
0.06471584
0.0666494
0.06611364
0.06364191
0.05941902
0.0532741
0.04532782
0.03633733
0.02734716
0.01913501
0.01194127
0.005871293
0.00121118
-0.002153481
-0.005469158
-0.0104067
-0.01741902
-0.02493311
-0.03042571
-0.03210775
-0.03001493
-0.02587325
-0.0221514
-0.02055491
-0.02085574
-0.0208766
-0.01850951
-0.01423999
-0.01145869
-0.01338384
-0.01988389
-0.02750988
-0.03261383
-0.03425093
-0.03428575
-0.0354661
-0.03940111
-0.04579094
-0.05310172
-0.05980086
-0.06526165
-0.06989078
-0.07437466
-0.07878912
-0.0825324
-0.08469622
-0.08459476
-0.08223882
-0.07848024
-0.07412649
-0.06888878
-0.06128938
-0.0500525
-0.03591003
-0.02195162
-0.01199709
-0.007941531
-0.008399986
-0.009734206
-0.008227186
-0.002233385
0.00671967
0.01504575
0.01982981
0.02084397
0.02004122
0.01920335
0.01837306
0.01665292
0.01380605
0.01074383
0.008750769
0.008731441
0.01107978
0.01525356
0.01950145
0.02158467
0.02031507
0.0164916
0.01223129
0.009384492
0.008503586
0.008868675
0.009416423
0.009938596
0.011509
0.01541242
0.02155084
0.0281404
0.03311316
0.03567064
0.03647323
0.0362971
0.03516156
0.03294183
0.03018991
0.02794578
0.02672302
0.02618031
0.02584995
0.02570806
0.02613495
0.0276603
0.03059817
0.03447312
0.0377626
0.0385705
0.03593935
0.03015106
0.02201287
0.01192975
-1.480273e-05
-0.01313406
-0.02580383
-0.03609907
-0.04268215
-0.04517633
-0.04438875
-0.04240122
-0.04178263
-0.04360182
-0.04601287
-0.04552823
-0.0402334
-0.03117542
-0.02102112
-0.01196142
-0.004602719
0.001617126
0.00709416
0.01087093
0.01110845
0.006724328
-0.001319239
-0.01057929
-0.01891434
-0.02558358
-0.03097637
-0.03524584
-0.03762011
-0.03751503
-0.03625393
-0.03676779
-0.04127517
-0.04915854
-0.05730072
-0.06227991
-0.06286124
-0.0607062
-0.05871821
-0.05846238
-0.05921572
-0.05987814
-0.06100289
-0.06401495
-0.06922151
-0.07518215
-0.07992478
-0.08207479
-0.08113775
-0.07746288
-0.0719631
-0.06558816
-0.05887487
-0.05211183
-0.04591772
-0.04130007
-0.03909135
-0.03933405
-0.04112984
-0.04322564
-0.0447267
-0.04542769
-0.04551566
-0.04530517
-0.04523667
-0.04597029
-0.04818935
-0.05200277
-0.05686929
-0.06226113
-0.06781249
-0.07278802
-0.07591978
-0.07639266
-0.07450597
-0.07130576
-0.0677998
-0.06452683
-0.06206222
-0.06179611
-0.06496477
-0.07065486
-0.07584827
-0.07795901
-0.07699574
-0.07565251
-0.07730045
-0.08336114
-0.09243181
-0.1016008
-0.1082329
-0.1108106
-0.1088709
-0.1025261
-0.09218368
-0.07874899
-0.06354284
-0.04779243
-0.03219613
-0.01722044
-0.003770096
0.006996456
0.01440742
0.0185215
0.01962998
0.01825609
0.0161178
0.01537177
0.01657893
0.01792442
0.01671152
0.01163346
0.003992354
-0.003076115
-0.00700253
-0.007695748
-0.007606284
-0.009814904
-0.01569603
-0.02393324
-0.03166826
-0.03670568
-0.03888881
-0.03964272
-0.04046656
-0.04189213
-0.04358701
-0.04496766
-0.04556687
-0.04501997
-0.0427977
-0.03854925
-0.0327609
-0.02687348
-0.02254378
-0.02032619
-0.01926129
-0.01783907
-0.01498774
-0.01040958
-0.004326753
0.002767061
0.01024598
0.01728222
0.02262343
0.02475286
0.02270121
0.01706786
0.009675249
0.002316782
-0.004136684
-0.009374369
-0.01306882
-0.01495573
-0.01518291
-0.01421482
-0.01272339
-0.01151551
-0.01124315
-0.01183555
-0.01253456
-0.01265432
-0.01208425
-0.01093536
-0.009165924
-0.006747845
-0.004011256
-0.001237249
0.001814924
0.005373278
0.008911691
0.01167847
0.01392513
0.01702589
0.02198068
0.02845239
0.03533813
0.04140743
0.04525867
0.04573779
0.0426517
0.03728566
0.03185073
0.02815825
0.02629542
0.02447226
0.02064704
0.01461684
0.008687242
0.005847282
0.006989839
0.009866574
0.0109839
0.00866171
0.004422558
0.001284917
0.001005992
0.003071627
0.005968639
0.008437293
0.009794665
0.009903534
0.009447982
0.009645529
0.01060251
0.01039667
0.006938421
0.0004601144
-0.006343233
-0.01059861
-0.0111694
-0.008500765
-0.003575011
0.002345817
0.008020897
0.01278279
0.01641278
0.01875665
0.01988682
0.02046215
0.02168206
0.02460287
0.02915763
0.03405685
0.03781285
0.03991485
0.04119931
0.04308395
0.04598086
0.04809938
0.04667084
0.04090504
0.0334012
0.02825246
0.02769289
0.03047617
0.03326883
0.03327615
0.02989948
0.02448609
0.01896715
0.01480612
0.01282271
0.01303815
0.01426723
0.01471227
0.01348479
0.0111655
0.008918484
0.007437916
0.006950305
0.007790909
0.01029356
0.01372859
0.0160292
0.01518602
0.01124835
0.00680352
0.005235267
0.008404952
0.01564164
0.02452743
0.03255038
0.0384201
0.04214586
0.04437711
0.04586896
0.04733705
0.04934936
0.05196598
0.05440564
0.05544961
0.05482371
0.05352259
0.052373
0.05101645
0.04890748
0.04641674
0.04431381
0.04232626
0.03908676
0.0335081
0.02611262
0.01890972
0.01389969
0.01164138
0.0112715
0.01150763
0.01136837
0.01012994
0.006993663
0.001373087
-0.006161787
-0.01349227
-0.01833192
-0.0199995
-0.0197362
-0.0193673
-0.01978462
-0.02049089
-0.02026598
-0.0182048
-0.01434321
-0.009401157
-0.003673057
0.003247785
0.0114203
0.01908415
0.02329242
0.02235483
0.01739787
0.01163347
0.007912294
0.006979047
0.007624821
0.008143581
0.007767681
0.007028317
0.006782104
0.007156597
0.007579124
0.00769312
0.007686468
0.007742872
0.00754175
0.006600028
0.004910857
0.003011477
0.001719849
0.00156459
0.002085021
0.001811312
-0.0005555001
-0.004843035
-0.009407113
-0.01260052
-0.01403708
-0.01427788
-0.01375375
-0.01295044
-0.01343633
-0.01741117
-0.02542327
-0.03470766
-0.04045217
-0.03973965
-0.03408251
-0.02762717
-0.02284959
-0.01849459
-0.01194256
-0.0026176
0.007568215
0.01642188
0.02300152
0.02711812
0.02892109
0.02975225
0.0320847
0.03736866
0.04411062
0.04917753
0.05105616
0.05097568
0.05109237
0.05252435
0.05512724
0.05815211
0.06094611
0.06319937
0.0644326
0.06346867
0.05927919
0.05248839
0.04539158
0.04008075
0.0366307
0.03315887
0.02761895
0.01971654
0.01104411
0.00402219
0.0004415834
0.0003006259
0.001476549
0.00122162
-0.001617228
-0.005590863
-0.008167516
-0.008239685
-0.007035461
-0.006828586
-0.008935146
-0.0127295
-0.0162573
-0.01766965
-0.01631919
-0.01287844
-0.008595554
-0.004492627
-0.001254237
0.0006131339
0.000898509
5.79469e-07
-0.0009395225
-0.0006826582
0.0009682533
0.002900701
0.003848657
0.003793773
0.00369078
0.003854777
0.003535214
0.002160355
0.0005332024
0.0002418243
0.002131074
0.005779874
0.01025879
0.01497568
0.01956385
0.02328984
0.02499513
0.0237938
0.01999147
0.01509485
0.01057484
0.0066065
0.002482225
-0.001874824
-0.005309323
-0.006730997
-0.006593547
-0.006272292
-0.006105084
-0.005155703
-0.003222313
-0.001806175
-0.0025618
-0.005253948
-0.007820563
-0.008116241
-0.005566317
-0.001776036
0.0003370905
-0.001158032
-0.005347696
-0.009167232
-0.01049234
-0.01013096
-0.01053404
-0.01285461
-0.01562452
-0.01636665
-0.0141679
-0.01046945
-0.00797919
-0.008838868
-0.0136179
-0.02130064
-0.02994377
-0.03795176
-0.04506326
-0.05197734
-0.05889523
-0.06453538
-0.06708895
-0.06630856
-0.06418431
-0.0629593
-0.06254552
-0.06063934
-0.0556933
-0.04918875
-0.04440242
-0.04298104
-0.04300748
-0.04116223
-0.03686992
-0.03332336
-0.0340099
-0.03878266
-0.04351129
-0.04367995
-0.03808987
-0.02917588
-0.02047567
-0.01424745
-0.0107493
-0.008861747
-0.007035265
-0.004356082
-0.001282042
0.0008462413
0.001233371
0.0004012791
-0.000604148
-0.00127533
-0.001777755
-0.002339104
-0.003256971
-0.005015317
-0.00764769
-0.01028154
-0.01137957
-0.009940466
-0.00631514
-0.00161659
0.003386578
0.008361482
0.01256649
0.01454018
0.01341015
0.01020787
0.007278291
0.006423645
0.008178363
0.01225255
0.01788847
0.02398071
0.02921527
0.03238156
0.03288413
0.03127923
0.02882853
0.02663131
0.02517079
0.02462882
0.02505048
0.02589503
0.02563896
0.02285732
0.01811772
0.01431782
0.01429954
0.018241
0.02378646
0.02843886
0.03100547
0.03135939
0.02997515
0.02791688
0.02669524
0.0271277
0.02850419
0.02918796
0.02835436
0.02685241
0.02625478
0.02705011
0.02821077
0.02838405
0.02717748
0.02546105
0.02451913
0.02465315
0.02487752
0.02432864
0.02369639
0.02485089
0.0289507
0.03515799
0.04113491
0.04462372
0.04459441
0.04139805
0.03634001
0.030847
0.02570672
0.02099987
0.01671291
0.01313654
0.01046251
0.00849683
0.007299694
0.007607675
0.01021644
0.01509026
0.02108301
0.02646612
0.03013318
0.03196745
0.03246813
0.03234686
0.03216467
0.03213598
0.03202683
0.03133779
0.02966868
0.02713684
0.02454333
0.02289838
0.02292729
0.02474374
0.02788841
0.03156025
0.03532331
0.03931737
0.04381911
0.04845807
0.05206437
0.05391332
0.05499092
0.05709729
0.06079994
0.06485881
0.06765084
0.06864219
0.06838062
0.06753273
0.06590956
0.06253463
0.05653887
0.04794838
0.03742521
0.02558267
0.0130401
0.0009630177
-0.009006827
-0.01562795
-0.01931357
-0.02218633
-0.02630046
-0.03169085
-0.03631563
-0.03815643
-0.0368655
-0.03325303
-0.02810673
-0.02249304
-0.01821844
-0.01688589
-0.01832356
-0.02094526
-0.02341075
-0.02547254
-0.02737962
-0.02914183
-0.03075719
-0.0322265
-0.03285476
-0.03105592
-0.02559181
-0.01705059
-0.007559587
0.0006431419
0.00639716
0.009503194
0.009953521
0.007694848
0.003215869
-0.001883809
-0.005452318
-0.006147583
-0.004487398
-0.002446095
-0.002046762
-0.003911172
-0.007021465
-0.009743054
-0.01101235
-0.01063458
-0.008921232
-0.006476399
-0.00409732
-0.002371562
-0.001553358
-0.001732656
-0.003068378
-0.005561432
-0.008684706
-0.01179104
-0.01472433
-0.01781994
-0.02118572
-0.02381817
-0.02388799
-0.02012217
-0.013344
-0.006854185
-0.004692193
-0.009000114
-0.01826836
-0.02820851
-0.03450396
-0.03501521
-0.02986602
-0.02049926
-0.009356774
0.0003216801
0.006071733
0.008145909
0.009465391
0.01297728
0.01935403
0.02666113
0.03184904
0.03259705
0.02866549
0.02231096
0.0172514
0.01658656
0.02072156
0.02682094
0.03042442
0.02832568
0.02032388
0.008876118
-0.002644448
-0.01172583
-0.01746872
-0.02010372
-0.02057155
-0.0205418
-0.02176398
-0.02468937
-0.02808105
-0.03069386
-0.03276935
-0.03568661
-0.04038749
-0.0462298
-0.0511845
-0.0534408
-0.05314909
-0.05245615
-0.05366607
-0.05712084
-0.06068372
-0.06136878
-0.05830213
-0.05358651
-0.05015915
-0.04922485
-0.04988977
-0.05048712
-0.04999134
-0.0481637
-0.04509737
-0.04143526
-0.03823924
-0.0360728
-0.03419883
-0.03127356
-0.02710984
-0.02343648
-0.02229497
-0.02352959
-0.02470077
-0.02374395
-0.02103373
-0.01870505
-0.01848055
-0.0202196
-0.0220441
-0.02188371
-0.01919373
-0.01567166
-0.01372861
-0.01405699
-0.01485758
-0.0135085
-0.008920102
-0.00199641
0.005349803
0.01133372
0.01482982
0.01566058
0.0145762
0.01279561
0.01128845
0.01035604
0.01004088
0.01040092
0.0109565
0.01017271
0.006164529
-0.001566482
-0.01129652
-0.02040946
-0.02735735
-0.03191348
-0.03436635
-0.03507112
-0.03437769
-0.03265525
-0.03025963
-0.02765784
-0.02518301
-0.0226544
-0.01968725
-0.01657144
-0.01421153
-0.01318738
-0.0131014
-0.01301372
-0.01245584
-0.011569
-0.0107346
-0.01039185
-0.01077532
-0.01137664
-0.01082996
-0.008190044
-0.004561939
-0.002574711
-0.003639957
-0.006025744
-0.006299399
-0.00284147
0.00260524
0.006765854
0.007760802
0.006326669
0.004520608
0.003711995
0.003706726
0.003593526
0.003003489
0.002412536
0.002227484
0.002058481
0.000882313
-0.002098535
-0.006709777
-0.01189852
-0.01656708
-0.01998969
-0.02163809
-0.02116137
-0.01888543
-0.01589099
-0.01319435
-0.0111621
-0.009686156
-0.008358919
-0.006498498
-0.003703721
-0.0005904753
0.001482512
0.001765416
0.0009395351
0.0004160593
0.0009075374
0.002245612
0.003965506
0.005346616
0.005299069
0.003020369
-0.000900945
-0.004195218
-0.004064168
0.0005173873
0.007754243
0.01439864
0.01801877
0.01816363
0.01591923
0.01281123
0.009733029
0.006531811
0.002283326
-0.003667922
-0.0108589
-0.01755102
-0.02170947
-0.02254961
-0.02129904
-0.0202197
-0.02076687
-0.02266161
-0.02463411
-0.02533941
-0.02371522
-0.01932557
-0.01276313
-0.005359534
0.00163599
0.007506027
0.01198989
0.01513427
0.01702603
0.01732368
0.01558541
0.01211155
0.007839235
0.003391357
-0.001379013
-0.00655155
-0.01122545
-0.01387699
-0.01363456
-0.0108151
-0.00657957
-0.002352118
0.0006735829
0.002009353
0.002023972
0.00163594
0.001734042
0.002750954
0.00491206
0.008410714
0.01308538
0.01817375
0.02287632
0.02702323
0.03074747
0.03338387
0.03385496
0.03211478
0.0296158
0.02825399
0.0289047
0.03118507
0.03412644
0.03658223
0.03730378
0.03531998
0.03076497
0.0252059
0.02066058
0.01817476
0.01732565
0.01671736
0.01478163
0.01054546
0.004170667
-0.002952572
-0.008882307
-0.01217602
-0.01242132
-0.01010194
-0.005937593
-0.0005967247
0.00514413
0.0101449
0.01324687
0.01402427
0.01330369
0.01280495
0.01394561
0.01669492
0.01957961
0.02108157
0.02094173
0.0202637
0.02049249
0.02241465
0.02568811
0.02906764
0.03131758
0.03228363
0.03297891
0.03459925
0.03732131
0.04021823
0.04213704
0.04250274
0.04169508
0.040312
0.03793241
0.03291014
0.02412956
0.01280321
0.002040547
-0.005203335
-0.008014892
-0.00768036
-0.006371015
-0.005510995
-0.005299242
-0.005337028
-0.005063064
-0.00345286
0.0004430353
0.00592592
0.01046044
0.01208425
0.01180194
0.01274574
0.01688695
0.02301437
0.02810414
0.03018677
0.02973411
0.02877404
0.02862954
0.02839286
0.02557624
0.01873493
0.00948493
0.0014353
-0.002907494
-0.004292214
-0.005476304
-0.007889866
-0.009834008
-0.008312716
-0.002719725
0.003905785
0.00797749
0.009067536
0.009491208
0.01102747
0.01312476
0.01421227
0.01360106
0.01148754
0.008058808
0.003514577
-0.001231203
-0.004472782
-0.004830112
-0.002458409
0.0009207557
0.003418277
0.004509236
0.004976571
0.005322833
0.00485872
0.002941601
0.0006330079
0.0001895448
0.00278607
0.007090842
0.01051014
0.01139249
0.009933438
0.007570835
0.005444579
0.003982795
0.003352143
0.003774559
0.00526344
0.007465384
0.009929579
0.01242886
0.01465257
0.01602012
0.01615085
0.01536013
0.01440737
0.01369196
0.01289362
0.01111511
0.007536058
0.002215099
-0.003550122
-0.007764774
-0.008783335
-0.006140849
-0.0008039212
0.005313061
0.01016792
0.01236201
0.01142812
0.007667069
0.001886516
-0.00461795
-0.01013064
-0.01329392
-0.01415611
-0.0142033
-0.01476034
-0.01526034
-0.01343522
-0.007662719
0.001015019
0.009410573
0.01468238
0.01638146
0.01662037
0.0182908
0.02270248
0.02854338
0.03297527
0.03386068
0.03128811
0.02710525
0.02340215
0.02123262
0.02034881
0.01962775
0.01773885
0.01376804
0.007761573
0.0007393991
-0.006904719
-0.01505882
-0.02316555
-0.02953694
-0.03220608
-0.03096708
-0.02830673
-0.02718783
-0.02788016
-0.02774081
-0.02453782
-0.01907555
-0.01388306
-0.009942912
-0.005820164
-0.0001871177
0.006001081
0.01040812
0.01199973
0.01240192
0.0142859
0.01868317
0.02392743
0.02711029
0.02639841
0.02203776
0.01579631
0.00974921
0.005251573
0.002559602
0.001296803
0.001218653
0.001970223
0.002570737
0.001768825
-0.0008363066
-0.004506392
-0.008313756
-0.01175812
-0.01432144
-0.01535963
-0.01490516
-0.01412335
-0.01446644
-0.01649973
-0.0196235
-0.02311357
-0.02704844
-0.03194485
-0.03757506
-0.042505
-0.04485447
-0.04326278
-0.03802284
-0.03156741
-0.02727352
-0.02722948
-0.03111834
-0.03740574
-0.04494419
-0.05311885
-0.06044599
-0.06435082
-0.06357875
-0.06005404
-0.05692694
-0.05538423
-0.05463554
-0.05403718
-0.05382707
-0.05421373
-0.05505895
-0.05608977
-0.05672647
-0.05620023
-0.05431756
-0.05200819
-0.0508005
-0.05150499
-0.0529718
-0.05272166
-0.04929979
-0.04383059
-0.03885301
-0.03577352
-0.03382217
-0.03138807
-0.0276895
-0.0228572
-0.01710572
-0.01053518
-0.003454704
0.003659552
0.01056723
0.01764695
0.02564907
0.03478283
0.0440922
0.05152741
0.05500439
0.0539389
0.04994707
0.04545611
0.0414485
0.03708329
0.03152924
0.02513188
0.01854122
0.01184473
0.005381368
0.0004614988
-0.001634832
-0.001258249
-0.0004812717
-0.001531571
-0.005196064
-0.01050197
-0.01556628
-0.01873973
-0.01945898
-0.01838833
-0.01673668
-0.01544034
-0.01491008
-0.01524236
-0.01638335
-0.01781937
-0.01850942
-0.01769738
-0.01561504
-0.01316905
-0.01073415
-0.00785509
-0.004088022
0.000215222
0.004231652
0.007319047
0.009296327
0.01028882
0.01062871
0.01087525
0.01167862
0.01355751
0.01681995
0.02160127
0.02775857
0.03472077
0.04131772
0.04603859
0.04774907
0.04638001
0.04291548
0.03863226
0.03440206
0.03060923
0.02756613
0.02565599
0.02516741
0.02573018
0.02606689
0.02476404
0.0217582
0.01873461
0.01757684
0.0184615
0.01982816
0.02004362
0.01896427
0.01775691
0.01749522
0.01815831
0.01872973
0.01800752
0.01580404
0.01318718
0.01158022
0.01147734
0.01215294
0.01252886
0.01199345
0.01066096
0.0089358
0.007102314
0.005334273
0.003809901
0.002517301
0.001288666
0.0002690912
-9.373763e-05
0.0002837601
0.0005983257
-0.0004313433
-0.003431307
-0.007788331
-0.01210284
-0.01513049
-0.01635584
-0.01588796
-0.0140156
-0.01096555
-0.007234735
-0.003917267
-0.002322862
-0.002881278
-0.004516055
-0.005421156
-0.004882888
-0.004142313
-0.005001689
-0.00767193
-0.01025318
-0.0103706
-0.007350929
-0.002700164
0.001267074
0.0033147
0.004193031
0.005974624
0.01018486
0.01589223
0.0199322
0.01948518
0.0145186
0.007699176
0.002124434
-0.0007551016
-0.001535565
-0.002066506
-0.004202831
-0.008679893
-0.01444159
-0.01941141
-0.02256716
-0.02481938
-0.02755543
-0.0307119
-0.03294933
-0.03351556
-0.03327508
-0.03353495
-0.03424825
-0.03377056
-0.03034682
-0.02382976
-0.01558514
-0.007060864
0.001003689
0.008029637
0.01302486
0.01521627
0.01510999
0.01466428
0.01598694
0.01972235
0.02449565
0.02786187
0.02815079
0.02568074
0.02237385
0.02015428
0.01959393
0.01991704
0.01997771
0.01917894
0.01771466
0.01594353
0.01362076
0.01023886
0.005953767
0.001824364
-0.001023022
-0.00224786
-0.002318037
-0.002063755
-0.002317158
-0.003583784
-0.005533081
-0.006761482
-0.005719646
-0.002187337
0.002434164
0.006376433
0.008808684
0.010053
0.01077509
0.01131021
0.0116493
0.01182476
0.01199373
0.01232457
0.01300438
0.01420805
0.01576054
0.0168302
0.01649365
0.01474561
0.01264416
0.01136079
0.01136238
0.01230426
0.01350168
0.01430829
0.0144927
0.01448375
0.01494735
0.0158875
0.01633109
0.01522902
0.01274582
0.01022738
0.008989943
0.009435412
0.01102462
0.01268732
0.01337002
0.01277515
0.01153153
0.01062999
0.01063814
0.01133043
0.01206695
0.01243408
0.01245342
0.01235411
0.01228587
0.01224351
0.01205978
0.01153123
0.01052708
0.009161956
0.007877277
0.007135519
0.007085995
0.007478275
0.007917141
0.008065749
0.00793949
0.008020649
0.008828859
0.01016533
0.01097902
0.01032191
0.008324055
0.006097066
0.004783818
0.004789532
0.005748419
0.006994419
0.008017812
0.008592935
0.008712128
0.008530472
0.008275474
0.007981863
0.007260758
0.005501107
0.002486714
-0.001154081
-0.004326436
-0.006332133
-0.007322791
-0.007845495
-0.008203913
-0.008369517
-0.008294133
-0.008221824
-0.008618658
-0.009704178
-0.01118667
-0.01243143
-0.01293166
-0.01265126
-0.01211
-0.01215757
-0.01347032
-0.01609547
-0.01923221
-0.02156166
-0.02203343
-0.02066911
-0.01867111
-0.01764591
-0.01851164
-0.02090467
-0.02353033
-0.02497054
-0.02425408
-0.02112332
-0.0162528
-0.01109937
-0.007164326
-0.005156833
-0.004784267
-0.005227464
-0.005718735
-0.005782903
-0.005216062
-0.004062734
-0.002642309
-0.001448058
-0.0008838222
-0.0009553462
-0.001190643
-0.001007641
-0.0001696187
0.001119681
0.00251607
0.00374599
0.004587226
0.004879935
0.004714365
0.004515657
0.00478654
0.005752943
0.007174419
0.008493951
0.009255107
0.009438604
0.009565648
0.01035574
0.01199977
0.01365348
0.01395634
0.01228693
0.009371172
0.006603853
0.004931785
0.004343527
0.004139928
0.00354847
0.002160532
0.0001100237
-0.002097991
-0.003946029
-0.005105252
-0.005421719
-0.004932112
-0.003930535
-0.002912772
-0.0022983
-0.002206749
-0.002475123
-0.002830998
-0.002988926
-0.00268877
-0.001891788
-0.0009928882
-0.0006850009
-0.001415994
-0.002926304
-0.004381413
-0.005000545
-0.004490405
-0.003084781
-0.001354003
0.0001017888
0.0009403859
0.001259736
0.001529408
0.00226042
0.003617827
0.005220991
0.006398937
0.006727484
0.006369207
0.005871141
0.005667809
0.005773642
0.005885815
0.005704794
0.005199283
0.004638434
0.00432928
0.004359143
0.004574165
0.004767362
0.004788392
0.004547015
0.004028142
0.003308887
0.002542295
0.001926757
0.001623912
0.00168176
0.001980297
0.002248833
0.002190699
0.001667694
0.0008062104
-0.0001192211
-0.0008679912
-0.001326224
-0.001486729
-0.001364971
-0.0009553837
-0.0002703608
0.000572097
0.001336851
0.00178868
0.00182251
0.001473714
0.0008393572
3.220469e-05
-0.0008164409
-0.001548427
-0.002019553
-0.002177855
-0.002101208
-0.001928304
-0.001763175
-0.001662313
-0.001668211
-0.00179077
-0.001958444
-0.002054511
-0.002029493
-0.001954613
-0.001935708
-0.002022399
-0.002234395
-0.002591322
-0.003060206
-0.00349765
-0.003723504
-0.003677142
-0.003468649
-0.003245841
-0.003046905
-0.002814797
-0.002502136
-0.002118337
-0.001702386
-0.00131294
-0.001029109
-0.0009165385
-0.000985029
-0.001186267
-0.001440141
-0.001664553
-0.001815016
-0.001900834
-0.001960238
-0.002012588
-0.00205476
-0.002094214
-0.002149976
-0.002216679
-0.002256416
-0.002227187
-0.002118862
-0.00197052
-0.001844718
-0.001772856
-0.00173691
-0.001701458
-0.001652223
-0.001592544
-0.001524796
-0.001448289
-0.001366569
-0.001285334
-0.001204855
-0.001124895
-0.001051821
-0.0009947696
-0.0009492438
-0.0008932682
-0.0008067466
-0.0006949958
-0.0005896267
-0.0005266274
-0.0005218405
-0.0005594427
-0.0006041071
-0.000628874
-0.0006357327
-0.0006470582
-0.0006789067
-0.0007255816
-0.0007666918
-0.0007875294
-0.0007906157
-0.0007883905
-0.0007884882
-0.0007885652
-0.0007808292
-0.0007602262
-0.0007305465
-0.0007048785
-0.0006976594
-0.0007126567
-0.0007387271
-0.0007593574
-0.0007680323
-0.0007711383
-0.0007769792
-0.0007855677
-0.000790221
-0.0007876337
-0.000783875
-0.0007900742
-0.0008125224
-0.0008467156
-0.0008813077
-0.0009070956
-0.0009228791
-0.0009339977
-0.0009468023
-0.000964477
-0.0009862109
-0.001008187
-0.00102541
-0.001034738
-0.001037314
-0.00103799
-0.001041375
-0.001048086
-0.001055312
-0.001060468
-0.001062988
-0.001063728
-0.00106381
-0.001064944
-0.001069398
-0.001078379
-0.001090561
-0.001102805
-0.001112558
-0.001119308
-0.001123949
-0.00112753
-0.001130831
-0.001134518
-0.001139103
-0.0011447
-0.001150936
-0.001157193
-0.001162954
-0.001168109
-0.001172914
-0.001177695
-0.001182577
-0.001187445
-0.001192185
-0.001196834
-0.001201455
-0.001205987
-0.001210274
-0.001214236
-0.001217916
-0.00122143
-0.00122492
-0.001228522
-0.001232311
-0.001236254
-0.001240214
-0.00124406
-0.001247752
-0.001251327
-0.001254844
-0.001258345
-0.001261849
-0.001265349
-0.001268807
-0.001272176
-0.00127543
-0.001278582
-0.001281672
-0.001284737
-0.001287782
-0.00129079
-0.001293725
-0.001296557
-0.001299281
-0.001301923
-0.001304516
-0.001307077
-0.001309602
-0.00131208
-0.001314509
-0.001316895
-0.001319242
-0.001321544
-0.001323796
-0.001325993
-0.001328133
-0.001330219
-0.001332255
-0.001334243
-0.001336181
-0.001338067
-0.001339898
-0.001341676
-0.0013434
-0.001345071
-0.001346688
-0.001348251
-0.001349759
-0.001351213
-0.001352611
-0.001353955
-0.001355244
-0.001356478
-0.001357656
-0.001358779
-0.001359846
-0.001360858
-0.001361814
-0.001362714
-0.001363558
-0.001364346
-0.001365078
-0.001365753
-0.001366372
-0.001366935
-0.001367441
