-0.001181935
-0.00117843
-0.001170525
-0.001158356
-0.001143423
-0.001128323
-0.001115304
-0.00110444
-0.001092068
-0.001071908
-0.001036434
-0.0009792433
-0.0008982706
-0.0007981505
-0.0006882109
-0.000581803
-0.000493325
-0.0004321496
-0.0003963168
-0.0003732796
-0.0003453488
-0.0002942288
-0.0002081965
-8.934118e-05
4.506883e-05
0.0001730155
0.0002706859
0.0003155979
0.0002938456
0.000199805
2.064412e-05
-0.0002579467
-0.0006406654
-0.001123896
-0.001706604
-0.002380787
-0.003124132
-0.003909792
-0.004703604
-0.005458296
-0.0060994
-0.006532415
-0.006681023
-0.00653753
-0.006183677
-0.005719936
-0.005211881
-0.004694053
-0.004170453
-0.003619004
-0.003009943
-0.002319913
-0.001541512
-0.0006930659
0.0001783046
0.001008114
0.001751592
0.002392633
0.002919248
0.0033171
0.00359186
0.003775617
0.003914758
0.004075103
0.00432465
0.004718499
0.00528669
0.006027504
0.006938991
0.008025958
0.009269381
0.01060459
0.0119323
0.0131125
0.01397387
0.01434647
0.01412091
0.01333971
0.01219773
0.01083996
0.009375137
0.007910544
0.006524408
0.005267352
0.004185116
0.003352258
0.002834434
0.002630677
0.00265037
0.002794147
0.00300055
0.003220481
0.003397098
0.003457374
0.003311855
0.002866083
0.002056588
0.0008933414
-0.0005616858
-0.002275694
-0.004205141
-0.00624133
-0.008201084
-0.009885741
-0.0111484
-0.01193905
-0.01227937
-0.01207793
-0.01119308
-0.009564414
-0.007308423
-0.004678757
-0.001869163
0.0009504854
0.003588084
0.005837675
0.007508827
0.008487789
0.008737333
0.008144875
0.006628624
0.004237132
0.001079224
-0.002654213
-0.006856572
-0.01143658
-0.01621087
-0.02091355
-0.02534214
-0.02939387
-0.03308573
-0.03650742
-0.03958695
-0.0421164
-0.04385853
-0.0446693
-0.04461919
-0.04392566
-0.04270125
-0.04101409
-0.03894599
-0.03650304
-0.0336037
-0.03016977
-0.02622608
-0.02191624
-0.01734045
-0.01254044
-0.007566192
-0.002527274
0.002370699
0.006842037
0.01058507
0.01337335
0.01510989
0.01573193
0.01531222
0.01418601
0.01280268
0.01150788
0.0105547
0.01010159
0.01015891
0.01057737
0.01115014
0.01167528
0.01193797
0.0117249
0.01087263
0.009345468
0.007258113
0.004746239
0.001977376
-0.0007881837
-0.003255721
-0.005247235
-0.006760521
-0.007959007
-0.009029174
-0.01007771
-0.01113868
-0.01217731
-0.01310223
-0.01378938
-0.01410604
-0.0139088
-0.01310392
-0.01173614
-0.01000631
-0.008104822
-0.006108083
-0.004007693
-0.001747397
0.0007325663
0.003442789
0.00631288
0.009234675
0.01212863
0.0149434
0.01764721
0.02020085
0.02251175
0.02444458
0.02585823
0.02661624
0.02652873
0.02546741
0.02346004
0.02058173
0.01695725
0.01289411
0.008864541
0.005312315
0.002603115
0.0009456319
0.000263921
0.0002368948
0.0006734835
0.001486691
0.002635982
0.004214947
0.006381483
0.009217458
0.01260199
0.01622466
0.01974087
0.02277463
0.02494489
0.02597085
0.02571815
0.02409032
0.02120104
0.01743334
0.01307342
0.008296858
0.003319541
-0.00153766
-0.00590785
-0.009466262
-0.01201288
-0.01354663
-0.01417399
-0.0140013
-0.01323513
-0.01214095
-0.01083463
-0.009351126
-0.007751441
-0.006192167
-0.004973065
-0.004517706
-0.005271175
-0.007510837
-0.01115076
-0.0157954
-0.02105337
-0.02642386
-0.03120414
-0.03464016
-0.03623894
-0.03597441
-0.03424384
-0.03156707
-0.02847671
-0.02526044
-0.02199921
-0.01868559
-0.01529856
-0.01189588
-0.008656259
-0.005864352
-0.0038352
-0.002791609
-0.002775967
-0.003724747
-0.005355576
-0.007203676
-0.008759863
-0.009481902
-0.008886041
-0.00673219
-0.003241724
0.0009276708
0.005224733
0.009203175
0.01246685
0.01472065
0.01578317
0.01571123
0.01488049
0.01379101
0.01279662
0.01212099
0.01186957
0.01200478
0.01236628
0.0127974
0.01322621
0.01365651
0.01414614
0.01477323
0.01558807
0.01657495
0.01764993
0.01862863
0.01921584
0.01905129
0.01780985
0.01535205
0.01176681
0.007118427
0.001514877
-0.004665139
-0.01068628
-0.01567176
-0.01896569
-0.02021999
-0.0192653
-0.01630042
-0.01195534
-0.00671694
-0.0008748821
0.005274206
0.01137691
0.01720202
0.02270988
0.02784167
0.03242001
0.03621901
0.03907835
0.04096509
0.04184536
0.0416759
0.0405781
0.03888279
0.03685296
0.03452114
0.03177223
0.02844846
0.02447721
0.01995736
0.01509191
0.01015649
0.005541936
0.001723441
-0.0008594276
-0.001997558
-0.001932931
-0.001353092
-0.0009011801
-0.00112965
-0.002462256
-0.005031879
-0.008559475
-0.01244952
-0.01612993
-0.01908173
-0.02087612
-0.02127787
-0.02039409
-0.01870441
-0.01669753
-0.01464613
-0.01265809
-0.01072882
-0.008791203
-0.006785353
-0.004740435
-0.002805525
-0.001233173
-0.0003120202
-0.0002474774
-0.001018953
-0.002310682
-0.003699876
-0.004920483
-0.005892678
-0.006705747
-0.00753624
-0.00855617
-0.009872539
-0.01145848
-0.01311922
-0.01451513
-0.0152012
-0.01473757
-0.01287168
-0.009748526
-0.005898266
-0.001754571
0.002322627
0.005968218
0.00884897
0.01071677
0.0115268
0.01153847
0.01121299
0.01088836
0.01078791
0.0110473
0.011687
0.01261663
0.01371097
0.01484146
0.01583341
0.01643933
0.01634632
0.01523331
0.01281851
0.008795135
0.002932177
-0.004614401
-0.01322433
-0.02225624
-0.03101795
-0.03886547
-0.04546808
-0.05076159
-0.05458712
-0.05657547
-0.05642102
-0.05421071
-0.05046022
-0.04544587
-0.03917974
-0.03173193
-0.0234745
-0.01512773
-0.007349468
-0.0005518418
0.005180082
0.01015984
0.0148742
0.01948387
0.02377252
0.02721811
0.02912517
0.02890114
0.0264038
0.02209918
0.01659951
0.01041354
0.004067616
-0.001944801
-0.007298853
-0.01184812
-0.01561957
-0.01866807
-0.02080899
-0.02173614
-0.02125131
-0.01948994
-0.01689932
-0.01366925
-0.009809581
-0.005347199
-0.0004414302
0.004536223
0.009146293
0.01309974
0.01634498
0.01906703
0.02148415
0.02371225
0.02579625
0.02773214
0.02947966
0.03092984
0.03184764
0.0319272
0.03089753
0.02856513
0.02466381
0.01889878
0.01126343
0.002253373
-0.007375583
-0.01696902
-0.02591146
-0.03362761
-0.03973931
-0.04412648
-0.04671123
-0.04727831
-0.04577952
-0.04262756
-0.03850606
-0.03376084
-0.02852618
-0.02294889
-0.01729689
-0.01199868
-0.007459944
-0.003935839
-0.001457474
6.460314e-05
0.000727276
0.0007714348
0.0006089895
0.0005587151
0.0008321966
0.001525906
0.002562051
0.003670414
0.004471067
0.004576879
0.003693515
0.001761885
-0.0009719539
-0.004144298
-0.007376801
-0.01022604
-0.01219607
-0.01284721
-0.01197991
-0.009839346
-0.007063461
-0.004109696
-0.001250018
0.00134824
0.003637195
0.005672188
0.007584525
0.009469904
0.01136536
0.01326296
0.01513581
0.01696078
0.0187423
0.02051787
0.02235079
0.0242879
0.02629129
0.02818197
0.029624
0.03016444
0.02935088
0.02691694
0.0228323
0.01700703
0.00955274
0.001121141
-0.007172031
-0.01446227
-0.02021607
-0.02411494
-0.02621152
-0.0268506
-0.0260554
-0.0236702
-0.01959313
-0.01371728
-0.00629457
0.001870617
0.009821843
0.01677156
0.02216953
0.02572771
0.0272055
0.02656814
0.02432045
0.02145484
0.0186887
0.01641789
0.01476028
0.0134836
0.01203998
0.009749891
0.006105489
0.001007695
-0.005005287
-0.01080965
-0.01532313
-0.01784582
-0.01811652
-0.01630217
-0.01305089
-0.009030195
-0.004634016
-0.0001333
0.004199625
0.008006001
0.01083955
0.01226619
0.01206906
0.01049469
0.008233429
0.005805158
0.003567197
0.001788284
0.0006078319
1.169952e-05
-0.0001759699
-0.0001462402
0.0001605035
0.001040871
0.002916452
0.006174688
0.01101881
0.01748722
0.02526879
0.0336401
0.04192098
0.04960936
0.0563678
0.06202755
0.06641953
0.06924999
0.07030837
0.0697494
0.06810978
0.06575039
0.06278539
0.05928069
0.05538615
0.05138221
0.04751388
0.04399314
0.04097904
0.03850738
0.03645093
0.03462159
0.0328973
0.03119018
0.02939974
0.02739074
0.02496451
0.02184806
0.01775679
0.01252586
0.006163034
-0.001351314
-0.01009958
-0.01999013
-0.03064092
-0.04153695
-0.0519789
-0.06122182
-0.06903586
-0.07568189
-0.08136842
-0.08631017
-0.0907952
-0.09494169
-0.09847126
-0.1007915
-0.1012071
-0.09919776
-0.09459451
-0.08728207
-0.07722769
-0.0649726
-0.05180853
-0.0391209
-0.02789636
-0.01874411
-0.01207302
-0.00801895
-0.006265418
-0.0062838
-0.00729213
-0.008394101
-0.008892919
-0.008293283
-0.00636004
-0.003256433
0.0004919742
0.00443587
0.008316241
0.0120007
0.01546113
0.01872227
0.0217825
0.02458522
0.02704332
0.02907445
0.03059157
0.03135547
0.03102727
0.02935083
0.02635515
0.02240868
0.01785065
0.01278838
0.007221607
0.001179041
-0.005161188
-0.01140867
-0.01710401
-0.0220537
-0.02643201
-0.03066774
-0.03515454
-0.04017161
-0.04580237
-0.05182139
-0.05771806
-0.06285748
-0.06656395
-0.06818003
-0.06706853
-0.06296447
-0.05631657
-0.0479708
-0.03828766
-0.02735805
-0.01539433
-0.002979364
0.008940606
0.01965263
0.02881398
0.03638417
0.04222902
0.04618321
0.04838389
0.049417
0.04997816
0.0504015
0.05070601
0.05067729
0.04993366
0.04805921
0.0447843
0.04018019
0.03458097
0.027986
0.02015915
0.01092057
0.0004025761
-0.01076533
-0.02172374
-0.03178238
-0.04043132
-0.04719615
-0.05160133
-0.05336809
-0.05242947
-0.04892264
-0.04337987
-0.03627626
-0.02748544
-0.01662352
-0.003541272
0.01128731
0.02680801
0.04193761
0.05556346
0.06661063
0.07425435
0.078231
0.07904649
0.0775332
0.07481327
0.07160182
0.06801844
0.06380947
0.0585313
0.05182089
0.04361508
0.03411297
0.02344644
0.0118405
-0.0002549484
-0.01229808
-0.02385317
-0.03459763
-0.04435488
-0.05312772
-0.06093431
-0.06748431
-0.07232463
-0.07511515
-0.07576663
-0.07423883
-0.07070895
-0.06568291
-0.05942758
-0.05172434
-0.04220502
-0.03077648
-0.01803224
-0.005379225
0.005567451
0.01359935
0.01830492
0.02017978
0.01999752
0.01882908
0.0176359
0.01688723
0.01659264
0.01634537
0.01551137
0.01355592
0.01026213
0.005835389
0.0007119719
-0.0047244
-0.01010466
-0.01505226
-0.01924119
-0.02247879
-0.02480091
-0.02650776
-0.02796129
-0.02933202
-0.03060771
-0.03163706
-0.03217069
-0.03189843
-0.03048802
-0.02778413
-0.02403304
-0.01988984
-0.01600008
-0.01294462
-0.01118104
-0.01089082
-0.0118294
-0.01335629
-0.01493251
-0.01613916
-0.01665228
-0.01631726
-0.01521088
-0.01364539
-0.01194746
-0.01032007
-0.008855352
-0.007550335
-0.006320397
-0.005045041
-0.003655026
-0.00218826
-0.0008074822
0.0002092077
0.0005341246
-8.930944e-05
-0.001692171
-0.004016525
-0.006720447
-0.009497244
-0.0120206
-0.01392807
-0.01485217
-0.0145179
-0.01289562
-0.01024229
-0.006784012
-0.002576927
0.002326398
0.007707236
0.01314509
0.01824719
0.02273122
0.02643941
0.02929474
0.03103266
0.03124884
0.0296461
0.02631199
0.02171605
0.01609734
0.009614833
0.002620073
-0.004296439
-0.01048733
-0.01537549
-0.01856791
-0.01999537
-0.01979791
-0.01819586
-0.01558853
-0.01232956
-0.008422683
-0.003697914
0.001940846
0.008280576
0.01461905
0.01988691
0.02329069
0.02452219
0.02367281
0.02126748
0.01810874
0.01474384
0.01149566
0.008564891
0.006050434
0.003984502
0.00238584
0.001392366
0.001190735
0.00188154
0.003404638
0.005685822
0.008804906
0.01285483
0.01776634
0.02327265
0.02915117
0.03523298
0.04129822
0.04702725
0.05200705
0.0558255
0.05820491
0.0590863
0.05847181
0.0564147
0.05308668
0.04850337
0.04259867
0.03549949
0.02756109
0.0189952
0.00997577
0.000797864
-0.008162964
-0.01658668
-0.02427178
-0.03117624
-0.03738194
-0.04293044
-0.04790135
-0.05243323
-0.05655791
-0.060194
-0.06323476
-0.0655505
-0.0668378
-0.06671196
-0.06496184
-0.06180429
-0.05788359
-0.05372823
-0.04973139
-0.04614909
-0.04289154
-0.03929238
-0.03429298
-0.02706736
-0.01739379
-0.005778457
0.007059422
0.02047002
0.03370515
0.04584108
0.05590768
0.06325349
0.06779797
0.06987868
0.06973998
0.06781886
0.06484376
0.06117477
0.05674407
0.05130933
0.04468704
0.0369904
0.02865364
0.0200088
0.01117542
0.002139562
-0.007182508
-0.01683606
-0.02669835
-0.03635495
-0.0450509
-0.05175106
-0.05544176
-0.05559483
-0.05269053
-0.04810483
-0.04271471
-0.0369241
-0.0309351
-0.02482717
-0.01869559
-0.01265759
-0.006830589
-0.001318961
0.00381464
0.008578418
0.01295311
0.01686532
0.02025031
0.02310562
0.02541839
0.02701332
0.02765612
0.02723584
0.02593018
0.0241909
0.0223211
0.02048337
0.01876277
0.01718003
0.0157521
0.01456641
0.01376843
0.01350117
0.01381894
0.01460979
0.01565279
0.01681022
0.01800409
0.01916673
0.02020946
0.02097695
0.02124535
0.02076662
0.01935229
0.01689587
0.0132067
0.008118991
0.001751431
-0.005419837
-0.01290264
-0.02022265
-0.02683033
-0.03208432
-0.03523986
-0.03568896
-0.03335483
-0.02891543
-0.02330418
-0.01706311
-0.01048659
-0.003814834
0.002679513
0.008683172
0.01396684
0.01844055
0.02219788
0.02536996
0.02780545
0.02917853
0.02921668
0.0279305
0.02573467
0.02317029
0.0207235
0.01884562
0.0178989
0.01803438
0.01905439
0.02044139
0.02173548
0.02256211
0.02263263
0.02182421
0.02024567
0.01817253
0.01567059
0.01253295
0.008425553
0.003084951
-0.003436547
-0.01065046
-0.0178887
-0.02451392
-0.02998393
-0.03399541
-0.03666882
-0.03851215
-0.03989545
-0.04091895
-0.04151521
-0.04154089
-0.04090504
-0.03966395
-0.03793185
-0.03561545
-0.03248326
-0.028319
-0.02308228
-0.01700079
-0.01038062
-0.003515444
0.003234397
0.009426245
0.01466519
0.01890708
0.0224938
0.02583795
0.02922161
0.03278778
0.03652036
0.04021795
0.04350513
0.04590252
0.04697955
0.04656355
0.04492067
0.0426384
0.04020529
0.0380156
0.03638766
0.0354821
0.0352145
0.03516852
0.03465036
0.03299803
0.02976893
0.02494467
0.0190194
0.01263035
0.006324557
0.0005957221
-0.004136263
-0.007583476
-0.009601642
-0.01029266
-0.01011402
-0.009655988
-0.009328953
-0.009377776
-0.00989581
-0.0107943
-0.01184764
-0.01286725
-0.01372738
-0.01436199
-0.01478285
-0.01507905
-0.01539231
-0.0158185
-0.01630291
-0.01662142
-0.01642325
-0.01535741
-0.01323822
-0.01020079
-0.00666357
-0.00290118
0.0009524841
0.004824932
0.008680396
0.01246577
0.01607544
0.01932034
0.02193765
0.02368268
0.02447167
0.02449342
0.02410191
0.02348959
0.02271671
0.0217942
0.02073761
0.01963849
0.01870114
0.01822023
0.01851909
0.01983141
0.02214037
0.02512536
0.02841883
0.0317635
0.03495464
0.03780183
0.04008259
0.04146075
0.04157711
0.04023064
0.03750161
0.03358209
0.02858071
0.02274123
0.0166553
0.01119531
0.007020056
0.004404843
0.003283665
0.003607575
0.00518892
0.007567854
0.01030275
0.01310664
0.01576808
0.01809627
0.01993209
0.02118994
0.02193637
0.0224128
0.02289709
0.02359662
0.02463535
0.02601627
0.02760583
0.02919916
0.03058113
0.03155748
0.03201887
0.0320194
0.03183175
0.03187232
0.03249093
0.0338772
0.03597155
0.03848371
0.04118651
0.04390098
0.0464375
0.04858618
0.05010233
0.05068754
0.05002711
0.0479613
0.04464192
0.04039706
0.03532545
0.02942597
0.02280788
0.01578002
0.008733597
0.001942474
-0.00444389
-0.01038454
-0.01587006
-0.02089801
-0.02553365
-0.02991911
-0.03414957
-0.03819716
-0.04193457
-0.04517144
-0.04765967
-0.04901875
-0.04886367
-0.0470625
-0.04394756
-0.04018811
-0.03631295
-0.03272973
-0.02977438
-0.02767567
-0.02647385
-0.02590251
-0.02540516
-0.02443667
-0.0226153
-0.01980233
-0.01618569
-0.01214838
-0.007940266
-0.003683585
0.0005647743
0.004780206
0.008918484
0.0128817
0.01650894
0.01961089
0.02204014
0.02373695
0.02464388
0.02471408
0.02405284
0.02294865
0.02164717
0.02031239
0.01907779
0.01805686
0.01733888
0.01696365
0.01689012
0.01700131
0.01722051
0.0175793
0.01819233
0.01920915
0.02076096
0.022943
0.02578055
0.02910146
0.03246713
0.03530177
0.03711317
0.03759332
0.03663983
0.03439572
0.03128486
0.02767659
0.02368562
0.01928087
0.01440925
0.009121813
0.003631358
-0.001812307
-0.007024095
-0.01188706
-0.016369
-0.02044687
-0.02385515
-0.02613858
-0.0268412
-0.02573819
-0.02305698
-0.01931159
-0.01477963
-0.009615381
-0.004048199
0.001581284
0.006942447
0.01175813
0.01581144
0.01901409
0.02139428
0.02287079
0.02317481
0.02203971
0.01933875
0.01499893
0.00908314
0.002104901
-0.004941246
-0.01112313
-0.01583064
-0.01878993
-0.01991922
-0.01944528
-0.01799367
-0.01617157
-0.0143254
-0.01260991
-0.01105571
-0.009608253
-0.008190244
-0.006777658
-0.005426694
-0.004246321
-0.003351705
-0.00279231
-0.002487825
-0.002216978
-0.001745794
-0.0009418326
0.0001673916
0.001384649
0.002446058
0.00313048
0.003322168
0.003088695
0.002672351
0.002314395
0.002220856
0.002539817
0.003292332
0.004356012
0.005540964
0.006605737
0.007248182
0.007156131
0.006095864
0.004042188
0.00123582
-0.002012731
-0.005573943
-0.009434958
-0.01360612
-0.01803693
-0.02258017
-0.02706796
-0.0313401
-0.03525469
-0.03873632
-0.04181996
-0.04461981
-0.04711778
-0.04912357
-0.05035042
-0.05053115
-0.04957371
-0.04757462
-0.04450459
-0.04036283
-0.03541183
-0.03020314
-0.02527916
-0.02105412
-0.01778066
-0.01547634
-0.01402055
-0.01339072
-0.01356364
-0.01435796
-0.01546039
-0.01672883
-0.01815633
-0.01976314
-0.02153468
-0.02334174
-0.02490099
-0.02578346
-0.02551474
-0.02375094
-0.02050962
-0.01624108
-0.01144999
-0.006463608
-0.001515439
0.00319875
0.007494062
0.01119915
0.0141628
0.01622556
0.01728459
0.01746695
0.01716275
0.01672931
0.01641801
0.01640682
0.01677679
0.01748506
0.01838708
0.0193809
0.02039766
0.02136622
0.02219629
0.02276811
0.02294611
0.0226171
0.02172248
0.02020232
0.01795556
0.01496117
0.01139536
0.007580183
0.003779211
0.0002044684
-0.002971528
-0.005658303
-0.007886977
-0.00978638
-0.01139025
-0.01261199
-0.01332324
-0.01344528
-0.01304965
-0.01233979
-0.01139388
-0.01018555
-0.0086632
-0.006807847
-0.004702572
-0.002527028
-0.0004791499
0.001233751
0.002419629
0.002968643
0.002865397
0.002079564
0.0006496782
-0.001242803
-0.003392603
-0.005709913
-0.008174492
-0.01076953
-0.01343786
-0.01604559
-0.01840059
-0.02035263
-0.02187443
-0.02310009
-0.02424899
-0.02542941
-0.02661096
-0.02763229
-0.02822736
-0.02810481
-0.02706666
-0.02514864
-0.02265108
-0.01987648
-0.01696147
-0.01391665
-0.01067871
-0.007176233
-0.003413224
0.0004693544
0.004216653
0.007537501
0.01015991
0.01192078
0.0128059
0.01281638
0.01201688
0.0106202
0.008857692
0.006821935
0.004537614
0.002054924
-0.0005008237
-0.002948829
-0.005112331
-0.006836163
-0.007998599
-0.008468842
-0.008131437
-0.006947874
-0.004897992
-0.002066519
0.001275225
0.004823371
0.00833117
0.0115733
0.01434567
0.01650754
0.01801422
0.01887644
0.01917486
0.0191112
0.01890346
0.01863924
0.0182868
0.01772249
0.01675502
0.01514134
0.01260784
0.008992458
0.004417521
-0.0007040799
-0.006014148
-0.01129368
-0.01640441
-0.0212587
-0.02573889
-0.02964782
-0.0327719
-0.03500512
-0.03648411
-0.03756994
-0.03849074
-0.03935385
-0.04021078
-0.04107028
-0.04192657
-0.0427738
-0.0436119
-0.04442837
-0.04517388
-0.04574402
-0.04597698
-0.04564444
-0.04441658
-0.04196541
-0.03816312
-0.03324644
-0.02769648
-0.02183369
-0.0158718
-0.01001635
-0.004489013
0.0004692468
0.004653788
0.007988062
0.01056833
0.01251651
0.01393076
0.01497575
0.01586188
0.01671073
0.01757838
0.01849006
0.0194482
0.0204409
0.02144967
0.02246901
0.0235047
0.02455988
0.02561939
0.02663583
0.02752486
0.02817297
0.02845089
0.02820693
0.02731249
0.02575833
0.02372367
0.0214704
0.01908194
0.01645959
0.01338319
0.009583832
0.00487629
-0.00072096
-0.007020915
-0.01387205
-0.02105751
-0.02819529
-0.03479364
-0.04042884
-0.04481058
-0.04770884
-0.04880851
-0.04796186
-0.04551572
-0.04225953
-0.03869734
-0.03506745
-0.03148402
-0.02795919
-0.02446761
-0.02098016
-0.0175028
-0.01408517
-0.01082129
-0.007814373
-0.005139247
-0.002796389
-0.0007407198
0.0009579151
0.002097936
0.002448159
0.001875075
0.0004985107
-0.001317586
-0.003299234
-0.005254322
-0.007018514
-0.008478092
-0.009585601
-0.01039866
-0.01106153
-0.01169394
-0.0123882
-0.01322451
-0.01425121
-0.01546588
-0.01679112
-0.01808726
-0.01916194
-0.01979322
-0.01978533
-0.01906219
-0.01774536
-0.01608997
-0.01427237
-0.01242324
-0.01068115
-0.009205647
-0.008183049
-0.007815996
-0.008231985
-0.009358988
-0.01090304
-0.01257211
-0.01413067
-0.01538157
-0.01619965
-0.01658124
-0.01668437
-0.01677222
-0.01705836
-0.01767197
-0.01863587
-0.01987366
-0.02127108
-0.02264767
-0.02373758
-0.02421766
-0.02378741
-0.02229889
-0.01990657
-0.0170429
-0.01402693
-0.01106691
-0.008313942
-0.005846251
-0.003665837
-0.001683859
0.0002464824
0.002214263
0.004203394
0.006095438
0.007684264
0.008716669
0.008947201
0.008255458
0.006783462
0.004908928
0.002892151
0.0008701669
-0.001095307
-0.003017119
-0.004956469
-0.006996437
-0.009204167
-0.01160493
-0.01416269
-0.01674638
-0.01911097
-0.02092105
-0.02182565
-0.02158937
-0.02025635
-0.01819562
-0.01579747
-0.01328346
-0.01075179
-0.008220202
-0.005662889
-0.003056508
-0.0004147349
0.002203258
0.004692559
0.006917366
0.008749187
0.01010799
0.01094075
0.0111477
0.01067064
0.009608932
0.008222014
0.006713556
0.005177819
0.003637407
0.002060574
0.0003929022
-0.001406795
-0.003329303
-0.005300746
-0.007158595
-0.008654329
-0.009499103
-0.009455057
-0.008458212
-0.006641165
-0.004095149
-0.0008878607
0.00278465
0.006554732
0.01002299
0.01282437
0.01467766
0.01548482
0.01533935
0.01443783
0.01307518
0.01142237
0.009495431
0.007263111
0.004737735
0.002048504
-0.0005818183
-0.002868497
-0.004507485
-0.005270852
-0.005142379
-0.004363989
-0.003224081
-0.001931965
-0.0006728847
0.0003619352
0.0009769126
0.001010195
0.0004021545
-0.0007174383
-0.002053975
-0.003400406
-0.004642007
-0.005720644
-0.006638656
-0.007416728
-0.008000614
-0.008245542
-0.007976361
-0.007071739
-0.005571899
-0.003703237
-0.001696488
0.0003409294
0.002408368
0.004593114
0.007031045
0.009841472
0.01304
0.01646119
0.01975947
0.02257228
0.02459633
0.0256842
0.02590639
0.02544906
0.02455829
0.02335052
0.0217077
0.019375
0.01610954
0.01186346
0.006903503
0.001670353
-0.003451275
-0.008140575
-0.01217381
-0.01550235
-0.01827923
-0.02071542
-0.02290631
-0.02485799
-0.02654014
-0.02789511
-0.02877576
-0.02899877
-0.02847023
-0.02730228
-0.02579747
-0.02416015
-0.0224976
-0.02086195
-0.01925514
-0.01764936
-0.01600536
-0.0142925
-0.01250332
-0.01065745
-0.008784346
-0.006908897
-0.005049222
-0.003214277
-0.001403362
0.0003905614
0.002168311
0.003917861
0.005609523
0.007196691
0.008618499
0.009809191
0.01068016
0.0110425
0.01064424
0.009294302
0.007006854
0.004049561
0.0006998556
-0.002890689
-0.006621093
-0.01037241
-0.01396229
-0.01714368
-0.01968348
-0.02143689
-0.02239498
-0.02258046
-0.02193961
-0.02046724
-0.01832317
-0.01574223
-0.01278109
-0.009383415
-0.005506848
-0.001217817
0.003275298
0.007766606
0.0120421
0.0158816
0.01911374
0.02166014
0.02350769
0.02477167
0.02572557
0.02662612
0.02759018
0.02859695
0.02949431
0.03002572
0.02989715
0.02888863
0.02698993
0.02446185
0.02164306
0.01870309
0.01566423
0.01246254
0.009011878
0.005298704
0.001471828
-0.002111757
-0.004948
-0.006545838
-0.006625977
-0.005349276
-0.003292852
-0.0008901401
0.001548602
0.003739574
0.005437833
0.006455406
0.006727431
0.006388733
0.005740096
0.004956299
0.004104409
0.003214059
0.0023116
0.001461504
0.0007810508
0.0004210491
0.0005116749
0.001091288
0.002060089
0.003265016
0.004610302
0.006026178
0.007429741
0.008711114
0.009731895
0.01035592
0.01050613
0.01023978
0.009760558
0.00928103
0.008976955
0.008981199
0.00934466
0.01000508
0.01081826
0.01165907
0.01241781
0.01299485
0.01331801
0.01336827
0.01320212
0.01292315
0.01260278
0.01228697
0.01200986
0.01179238
0.01163714
0.01151564
0.0113523
0.01102167
0.01036588
0.009240387
0.007583254
0.005478651
0.003112247
0.0006206023
-0.001882939
-0.004267174
-0.006379135
-0.008055119
-0.009141552
-0.009492732
-0.00905749
-0.007999467
-0.006663001
-0.005240272
-0.003762102
-0.002150127
-0.0002463442
0.002110591
0.004992988
0.008299266
0.01178277
0.01519488
0.01829687
0.02087863
0.02282217
0.02411275
0.0247385
0.02476925
0.02440962
0.02385882
0.0232435
0.0226636
0.02222618
0.02204746
0.02223242
0.0228255
0.02378565
0.02504597
0.02648224
0.02784746
0.02877435
0.02887589
0.02787669
0.02576308
0.02283308
0.01941395
0.01570619
0.01186585
0.008074753
0.004565187
0.001576883
-0.0007369866
-0.002389839
-0.003571785
-0.004449351
-0.005051098
-0.00532454
-0.00520345
-0.004677183
-0.003787796
-0.002472279
-0.0006252325
0.001784594
0.004620003
0.007569264
0.01034875
0.01272504
0.01453641
0.0157339
0.01632644
0.01633124
0.0158615
0.01515848
0.01444752
0.01391014
0.0136976
0.01390693
0.01454134
0.01550893
0.01674473
0.0182619
0.02008289
0.02215922
0.0243255
0.02633207
0.02784767
0.02851077
0.02805363
0.02646076
0.02404423
0.02119466
0.018067
0.01462923
0.01076596
0.00638505
0.001551649
-0.003457917
-0.008288743
-0.01256875
-0.01595973
-0.0182688
-0.01948848
-0.0196042
-0.01854699
-0.01638622
-0.01340021
-0.009842478
-0.005954288
-0.002043882
0.001613923
0.004815393
0.007456636
0.009556912
0.01118662
0.01238419
0.01322168
0.01381369
0.01418774
0.0143239
0.01422633
0.01395168
0.01357975
0.01315497
0.01268413
0.0121675
0.01166603
0.01124817
0.01093845
0.01071412
0.01052933
0.01032819
0.01004258
0.009596159
0.008912631
0.007942903
0.006711882
0.005357184
0.004101879
0.003080748
0.002242942
0.001459602
0.0006583906
-0.0001615083
-0.0009396935
-0.001598566
-0.002078957
-0.002359589
-0.002452878
-0.002400089
-0.002223434
-0.001896435
-0.001355167
-0.0005070585
0.0007606764
0.002516792
0.004763209
0.007525932
0.01077267
0.01431699
0.01777282
0.02068801
0.02293611
0.02454046
0.02558469
0.02614825
0.02626315
0.02598745
0.02542227
0.02461846
0.02355302
0.02210894
0.02008894
0.01731344
0.01371716
0.009473523
0.004940747
0.000298185
-0.004299561
-0.008649793
-0.01255288
-0.01583194
-0.018381
-0.02020191
-0.02137135
-0.0218988
-0.02180717
-0.02115876
-0.01998682
-0.01836744
-0.01642321
-0.01428142
-0.01210117
-0.01001244
-0.008027748
-0.006071907
-0.004097828
-0.002131225
-0.000258476
0.00143402
0.002869154
0.003947901
0.004538327
0.004546438
0.003965396
0.00282365
0.001237389
-0.0005507465
-0.002281576
-0.003708473
-0.004687107
-0.005238155
-0.005555612
-0.005887363
-0.006371736
-0.007023662
-0.007772685
-0.008463795
-0.008863259
-0.008697804
-0.007732043
-0.005881847
-0.003283843
-0.0001658331
0.003318134
0.007030727
0.010808
0.01444039
0.01773151
0.02059206
0.02303843
0.02512665
0.02685949
0.02815586
0.02889837
0.02900507
0.02850786
0.02752734
0.02620374
0.02467483
0.02298774
0.02111573
0.01898804
0.01649161
0.01352408
0.01001437
0.005904084
0.001233062
-0.003808766
-0.008812751
-0.01323339
-0.01674643
-0.01925678
-0.02077751
-0.02145542
-0.02139613
-0.02066057
-0.01931873
-0.01743959
-0.01507069
-0.01230356
-0.009303841
-0.0062399
-0.003292279
-0.0006299481
0.001579532
0.003099895
0.003608042
0.002839213
0.0008029549
-0.002157619
-0.005759471
-0.009742432
-0.01383647
-0.01776637
-0.02133789
-0.02456787
-0.02759083
-0.03048031
-0.03320493
-0.03560838
-0.03742883
-0.0383475
-0.03810487
-0.03666083
-0.03422982
-0.03120506
-0.02797944
-0.02492111
-0.02231692
-0.0202893
-0.01869453
-0.0171436
-0.01524156
-0.01270893
-0.009432515
-0.005452204
-0.000935816
0.00378512
0.008303032
0.01222959
0.015384
0.01785385
0.0197256
0.02103665
0.02182419
0.02217548
0.02225409
0.02216143
0.02186207
0.02123332
0.02012595
0.01843922
0.01619933
0.01354515
0.01068221
0.007885117
0.005438272
0.003597686
0.002530853
0.002257422
0.002703412
0.003689048
0.004900378
0.006049507
0.006912922
0.007293604
0.007033808
0.006083547
0.004551647
0.002608292
0.0003713169
-0.002047483
-0.004527668
-0.006961684
-0.009241444
-0.01128472
-0.01304816
-0.01451788
-0.01567763
-0.01653972
-0.01712753
-0.01740724
-0.01733507
-0.01691881
-0.01621395
-0.01527213
-0.01417038
-0.01300762
-0.01187058
-0.01084403
-0.01000879
-0.009425987
-0.009106847
-0.009005854
-0.009041041
-0.009074646
-0.008935071
-0.008534562
-0.007930045
-0.007306956
-0.00684703
-0.00662569
-0.006614257
-0.006767265
-0.007075582
-0.007557381
-0.00825637
-0.009260362
-0.0106525
-0.01245095
-0.01461081
-0.01708527
-0.01976877
-0.02247119
-0.02499601
-0.02715085
-0.02876269
-0.02970011
-0.02991931
-0.02947228
-0.02844262
-0.02696366
-0.02511732
-0.02297412
-0.02061497
-0.01810776
-0.01551524
-0.01286178
-0.01015716
-0.007418868
-0.004695119
-0.002099435
0.0001413544
0.001722799
0.002384029
0.002097991
0.001164671
8.658939e-06
-0.001026243
-0.001789266
-0.002309813
-0.002683389
-0.003035911
-0.003513679
-0.004251672
-0.005327057
-0.006714645
-0.008270381
-0.00980049
-0.01115869
-0.01225652
-0.01304686
-0.01355212
-0.0138962
-0.0142755
-0.01486724
-0.01579622
-0.01709702
-0.01868622
-0.02041437
-0.02209944
-0.02354475
-0.02461495
-0.02528464
-0.02565277
-0.02586273
-0.02599959
-0.02610148
-0.02617918
-0.02622469
-0.02622897
-0.02620259
-0.02618354
-0.02621862
-0.02634737
-0.02658286
-0.02690517
-0.02728629
-0.02767595
-0.02798409
-0.02808343
-0.02783501
-0.02713505
-0.0259721
-0.02446132
-0.02276677
-0.02105286
-0.0194799
-0.01812765
-0.01692756
-0.01575822
-0.0145646
-0.01337084
-0.0122699
-0.01136635
-0.01065243
-0.01004196
-0.009416683
-0.008624766
-0.007518237
-0.006018236
-0.004176089
-0.002167855
-0.0001527161
0.001735697
0.003388283
0.004744776
0.005814753
0.006692775
0.007508192
0.008392143
0.009478253
0.0108829
0.01266471
0.01477479
0.0170566
0.01936196
0.02158433
0.02364998
0.02551747
0.02717064
0.02864034
0.03000821
0.03135665
0.0327314
0.03413737
0.03552756
0.03678741
0.03774336
0.03819616
0.03796886
0.03698742
0.03533899
0.03316219
0.03051451
0.02743709
0.02399431
0.02028724
0.01649148
0.01278462
0.0092851
0.006042799
0.003047988
0.0002594634
-0.002377059
-0.00485151
-0.007095337
-0.009005393
-0.01043975
-0.01128924
-0.01152385
-0.01111916
-0.01006415
-0.008478222
-0.006703516
-0.005159212
-0.003898304
-0.002922011
-0.002229357
-0.001748039
-0.001367483
-0.0009207206
-0.0002040583
0.0009435537
0.002525689
0.004414563
0.006533587
0.008835108
0.01124245
0.01364422
0.0158627
0.01766221
0.01880476
0.01915188
0.01878176
0.01800173
0.01709014
0.01623525
0.0155682
0.01517287
0.0150958
0.01534777
0.01594589
0.01691129
0.01821545
0.01977727
0.02147231
0.02310684
0.02446669
0.02541032
0.02588917
0.02588667
0.02536696
0.02435316
0.02301256
0.02160815
0.0202436
0.01894574
0.0177282
0.01658465
0.01550816
0.01448898
0.0135122
0.01256111
0.01163711
0.01074617
0.00988069
0.008999379
0.008024173
0.006856477
0.005421801
0.003731096
0.001920621
0.0002064793
-0.001315123
-0.0027216
-0.004140323
-0.005613268
-0.007086301
-0.008465218
-0.009680072
-0.01071739
-0.01162067
-0.01243449
-0.0131853
-0.0138843
-0.0145034
-0.01492504
-0.01495265
-0.01438087
-0.01308983
-0.01113809
-0.008787689
-0.006376677
-0.004199296
-0.002427474
-0.001072657
-3.86897e-05
0.0008101598
0.001648437
0.002635874
0.003837905
0.005206853
0.006607792
0.007920658
0.009067746
0.01001941
0.01078396
0.01141999
0.01202143
0.01263792
0.01326104
0.01382709
0.01422725
0.01433818
0.01405944
0.01332847
0.01211088
0.01047381
0.008617072
0.006759985
0.005061918
0.00362332
0.002478174
0.001587177
0.0008945492
0.0003910806
8.537352e-05
-3.714818e-05
-3.204925e-05
4.268664e-05
0.0001573873
0.000312269
0.0005241169
0.0008101669
0.001170595
0.001572116
0.001937312
0.002154518
0.002123723
0.001808695
0.001276483
0.0006769338
0.0001050511
-0.0004202329
-0.0009506414
-0.00159406
-0.002482226
-0.003732816
-0.005415306
-0.007561496
-0.01011736
-0.01292512
-0.01583349
-0.01867929
-0.02127545
-0.02346766
-0.02519244
-0.02649758
-0.02745855
-0.02808666
-0.02837425
-0.02832239
-0.02788732
-0.02704549
-0.02586045
-0.02444847
-0.02286108
-0.02109894
-0.01912714
-0.01688412
-0.0143392
-0.01154136
-0.008614056
-0.005754812
-0.003214211
-0.001164715
0.0003626373
0.001311663
0.001447892
0.0004861337
-0.001698376
-0.004853989
-0.008238104
-0.01094052
-0.01257309
-0.01325775
-0.01314234
-0.01233505
-0.01097337
-0.00917156
-0.006967916
-0.004399364
-0.001516408
0.001628027
0.004923627
0.008221908
0.01143891
0.01455936
0.01760376
0.02054767
0.02330867
0.02574443
0.02763542
0.02874491
0.02891893
0.02820312
0.02686554
0.02513374
0.02315383
0.02104802
0.01888907
0.01669965
0.01448394
0.0122498
0.01000235
0.00775522
0.005537892
0.003400587
0.001418074
-0.0003219248
-0.001728647
-0.002676914
-0.003000693
-0.002589719
-0.001510258
-2.494483e-05
0.001611235
0.003207393
0.004639121
0.005872946
0.006967779
0.008034758
0.009114003
0.01015462
0.01103178
0.0115927
0.01173368
0.01147131
0.01096819
0.01041328
0.009867788
0.009275584
0.008538006
0.007579734
0.00639992
0.005116019
0.003931399
0.002966915
0.002219703
0.001603838
0.001090973
0.0007210053
0.0005730453
0.00073759
0.001259737
0.002102742
0.003178725
0.004376799
0.00558844
0.006729139
0.007735899
0.008569243
0.009203725
0.009625563
0.009859624
0.009974258
0.01001927
0.01001791
0.009983703
0.009926708
0.009845905
0.009719369
0.009508691
0.009165171
0.008627218
0.007830272
0.006746261
0.005429727
0.004007019
0.002558504
0.001122886
-0.0002699033
-0.001566202
-0.002656121
-0.00339093
-0.003624593
-0.003262138
-0.002302488
-0.0008910225
0.0007728664
0.002566455
0.00441805
0.006284951
0.008158113
0.01003755
0.01190811
0.01372214
0.01539642
0.01682139
0.0178782
0.01847859
0.0185818
0.01817601
0.01735072
0.01630491
0.0151828
0.01403257
0.01283396
0.01151966
0.01001432
0.008275064
0.006334394
0.004294939
0.002233152
0.0001678623
-0.001917367
-0.004030105
-0.006129203
-0.008122132
-0.009895481
-0.0113681
-0.01252659
-0.01340592
-0.01395281
-0.014066
-0.01368303
-0.01285919
-0.01178323
-0.01062507
-0.00949736
-0.008469572
-0.007558623
-0.006722067
-0.005867525
-0.004899044
-0.003743583
-0.002382612
-0.0008870003
0.0005804056
0.001836691
0.002747756
0.003243956
0.003281455
0.002855481
0.00202825
0.0009888781
2.425761e-05
-0.0007069156
-0.001200484
-0.001463514
-0.001526578
-0.00146816
-0.001386866
-0.001342833
-0.001353923
-0.001400446
-0.001427808
-0.001364482
-0.001144686
-0.0007349868
-0.0001523074
0.0005475623
0.001260991
0.001838058
0.002133903
0.002057889
0.001623679
0.0009546945
0.0001734041
-0.0006195355
-0.001322895
-0.001831429
-0.002048149
-0.001921192
-0.001492265
-0.0009001069
-0.0002794628
0.0002320914
0.0004860132
0.0003524201
-0.0002409011
-0.001242723
-0.002469281
-0.003731729
-0.004872927
-0.005763438
-0.006327449
-0.006563113
-0.006555654
-0.006477164
-0.006499077
-0.00671798
-0.007138885
-0.007677342
-0.00822485
-0.008698615
-0.009055318
-0.009303063
-0.009497351
-0.009695614
-0.009934991
-0.01022174
-0.01052292
-0.01077321
-0.01089911
-0.010836
-0.01053114
-0.009915112
-0.008943769
-0.007657492
-0.006186326
-0.004646841
-0.003120772
-0.001676728
-0.0003734583
0.0007446404
0.001650914
0.002334253
0.002826226
0.003196534
0.003509202
0.003832934
0.004240399
0.004770185
0.005400886
0.006036494
0.006511716
0.006649673
0.006367996
0.00574545
0.005020354
0.004437606
0.004123279
0.004052183
0.004072243
0.004045941
0.00388489
0.003570557
0.003182933
0.002881614
0.002810322
0.003008194
0.003403799
0.003907213
0.004426925
0.004852432
0.00504676
0.004829369
0.004022899
0.002548563
0.0005332829
-0.00165824
-0.003633322
-0.005209597
-0.006304613
-0.006809731
-0.006657617
-0.005885826
-0.004604992
-0.002950166
-0.001082114
0.0008721096
0.002784591
0.004504351
0.005904935
0.00693339
0.007608631
0.007928081
0.007874563
0.007465072
0.006772057
0.005868838
0.004833171
0.003750865
0.00269482
0.001736643
0.0009474218
0.0003837395
6.605751e-05
-1.715698e-05
9.336158e-05
0.0003115089
0.0005378288
0.0006676089
0.0005965095
0.0002602282
-0.0003384758
-0.00114912
-0.002135486
-0.003263942
-0.004510608
-0.005859384
-0.007272276
-0.00868228
-0.01003163
-0.01127332
-0.01236316
-0.01324252
-0.01386296
-0.01420671
-0.01426634
-0.0140868
-0.01377415
-0.01340866
-0.01305404
-0.01277123
-0.01260836
-0.01259645
-0.01274747
-0.01305731
-0.01350626
-0.01409866
-0.01485702
-0.01579986
-0.01694459
-0.01826664
-0.01966595
-0.02098737
-0.02206792
-0.02277313
-0.0230547
-0.02294893
-0.02250647
-0.02177354
-0.02079474
-0.01960891
-0.01826508
-0.01683604
-0.01536907
-0.0138985
-0.01245998
-0.01108269
-0.009785654
-0.008576949
-0.007466137
-0.0064576
-0.00553507
-0.004667231
-0.003850747
-0.003108072
-0.002477657
-0.002012982
-0.00175966
-0.001722956
-0.001862035
-0.002150097
-0.002574713
-0.003111464
-0.003720088
-0.004336063
-0.004867222
-0.005224943
-0.005361299
-0.00529608
-0.005106204
-0.004834953
-0.004495901
-0.004091046
-0.003609121
-0.003039489
-0.002395123
-0.001727385
-0.001108306
-0.0006003907
-0.0002430922
-5.171164e-05
-4.573382e-05
-0.0002385318
-0.0006179044
-0.001159793
-0.001801193
-0.002439371
-0.002997895
-0.003436681
-0.003749326
-0.00394954
-0.004064993
-0.004139971
-0.00420954
-0.00428477
-0.004359619
-0.004422534
-0.004474543
-0.004546597
-0.004700972
-0.005018673
-0.005570271
-0.006375555
-0.007370017
-0.008429614
-0.009454276
-0.01037241
-0.01113292
-0.01169603
-0.01204889
-0.01221149
-0.01219466
-0.01200779
-0.0116721
-0.01119485
-0.01058318
-0.0098401
-0.008968596
-0.008001242
-0.007009873
-0.006074032
-0.005251326
-0.004568023
-0.004017239
-0.003591875
-0.003297492
-0.003137735
-0.003109473
-0.003190702
-0.003333977
-0.003502455
-0.003661549
-0.003768443
-0.003774189
-0.003631855
-0.003305367
-0.002766073
-0.002014218
-0.00108884
-1.769887e-05
0.001178774
0.002458141
0.003752049
0.005004942
0.006186931
0.007293247
0.008335721
0.009309765
0.01019281
0.01094492
0.01149373
0.01174565
0.01161448
0.01103261
0.0100012
0.008593747
0.006973409
0.005388818
0.004034312
0.003025099
0.002402428
0.002103569
0.001994357
0.001967822
0.001938573
0.00183416
0.001625192
0.001344847
0.001088008
0.0009792933
0.001136562
0.001634615
0.00248215
0.003615778
0.004863279
0.005975084
0.006740195
0.007030706
0.006819562
0.006147476
0.005134203
0.003904118
0.002566577
0.001203299
-0.0001230245
-0.001345428
-0.002389165
-0.003183947
-0.003685828
-0.00388731
-0.003845234
-0.003650529
-0.003411894
-0.003254808
-0.003262984
-0.003445278
-0.003746828
-0.004117005
-0.004526507
-0.004954743
-0.005383472
-0.005792884
-0.006161799
-0.006466197
-0.006682647
-0.00679185
-0.006794568
-0.00672403
-0.006628867
-0.006547349
-0.006510385
-0.006546582
-0.006691672
-0.00698305
-0.007434528
-0.008009582
-0.008620567
-0.009157684
-0.009493681
-0.009503889
-0.009110046
-0.008298462
-0.007069021
-0.005463203
-0.003597382
-0.001585978
0.0004965285
0.002592958
0.004662657
0.006682146
0.008626662
0.01044418
0.01204967
0.01335068
0.01427995
0.0148184
0.0149591
0.01467122
0.01394788
0.01281732
0.01132415
0.00951563
0.007424216
0.005113027
0.002678302
0.0002283341
-0.002102161
-0.004173837
-0.005881201
-0.007170297
-0.008010262
-0.008388274
-0.00830437
-0.007766409
-0.006817108
-0.005477073
-0.00378191
-0.001775429
0.0004830778
0.002875391
0.005260573
0.007536814
0.009634342
0.01148822
0.01304344
0.01427692
0.01518726
0.01580656
0.0162049
0.01640445
0.01640407
0.01620587
0.01578565
0.01511458
0.01418556
0.01299316
0.01155739
0.009934118
0.008149181
0.006225798
0.004216677
0.002195575
0.0002731059
-0.001410005
-0.002722894
-0.003583582
-0.003982292
-0.003988426
-0.003691101
-0.003187238
-0.002542562
-0.001798502
-0.0009954977
-0.0001581959
0.00068769
0.001508058
0.002277842
0.002989724
0.003650521
0.004258186
0.004776584
0.005142349
0.005278472
0.005107118
0.004586297
0.003713986
0.002494921
0.0009920174
-0.0006547541
-0.002272566
-0.003658208
-0.004646127
-0.005211436
-0.00540013
-0.005294732
-0.005026736
-0.004699761
-0.004398637
-0.00419658
-0.00413172
-0.004198616
-0.004350274
-0.004529075
-0.004665346
-0.004688364
-0.004571209
-0.004356298
-0.004141827
-0.004012076
-0.004016962
-0.004157742
-0.004379268
-0.004608232
-0.004780064
-0.004841163
-0.004746838
-0.004470648
-0.00401205
-0.003376654
-0.002575601
-0.001643057
-0.000616626
0.000464893
0.001538536
0.002507894
0.00325106
0.003646088
0.003610437
0.003130768
0.002284818
0.001205928
4.225936e-05
-0.001094705
-0.002120484
-0.002964334
-0.003576927
-0.0039361
-0.004029065
-0.003857718
-0.003451793
-0.002820979
-0.001965915
-0.0008970417
0.000407221
0.001979779
0.003811423
0.005835042
0.007983417
0.01016869
0.01227816
0.01423177
0.01599182
0.01754711
0.01890307
0.0200885
0.02112413
0.02200871
0.02274178
0.02332107
0.02369153
0.02376524
0.02345161
0.02268387
0.02142996
0.0196681
0.01743021
0.01478405
0.01185986
0.008839752
0.005857923
0.002995069
0.0002538048
-0.002432219
-0.005108274
-0.007706264
-0.01006596
-0.01203744
-0.01356635
-0.0146793
-0.0154033
-0.01579664
-0.01593954
-0.01593586
-0.01588506
-0.01583074
-0.01577187
-0.01567667
-0.01549672
-0.01518398
-0.01470928
-0.0140654
-0.0132347
-0.01219617
-0.01094687
-0.009489067
-0.007819725
-0.005967887
-0.004007896
-0.002003686
-2.061164e-06
0.001952076
0.003811807
0.00552977
0.007060862
0.008349589
0.009328428
0.009960157
0.01025726
0.01022277
0.009868886
0.009247143
0.008438862
0.007571611
0.006774792
0.006152963
0.005758528
0.005550953
0.005410058
0.00523622
0.004962873
0.004557738
0.00402599
0.003382546
0.002658303
0.001896132
0.001113574
0.0002959761
-0.0005909192
-0.001586386
-0.002718688
-0.003980517
-0.005314927
-0.006640424
-0.007872545
-0.008933041
-0.00976657
-0.0103588
-0.01073946
-0.01093107
-0.01096551
-0.01088628
-0.01071469
-0.0104712
-0.01019318
-0.009923647
-0.009691091
-0.009507021
-0.00936245
-0.009230611
-0.009089245
-0.0089301
-0.00876021
-0.008600962
-0.00847789
-0.008413029
-0.008414773
-0.00846765
-0.008534581
-0.008584062
-0.008595527
-0.008562735
-0.008499206
-0.008434124
-0.008391485
-0.008377807
-0.008375923
-0.008343174
-0.008222488
-0.007963245
-0.007541759
-0.006971423
-0.006276406
-0.005481743
-0.004630608
-0.003782875
-0.002977267
-0.002227509
-0.001523037
-0.0008364338
-0.000153559
0.0005218816
0.001170733
0.001762519
0.002266753
0.002667553
0.0029717
0.003191942
0.003351423
0.003491623
0.003658704
0.003882482
0.004169686
0.004502854
0.004854405
0.005195974
0.005498324
0.005732917
0.005874974
0.005915327
0.005874937
0.005802704
0.005738631
0.005701084
0.005690891
0.005700128
0.005718248
0.005730851
0.005719748
0.005663774
0.005542145
0.005336986
0.005028968
0.004596391
0.004033295
0.003361751
0.002613103
0.001804017
0.000948871
6.679764e-05
-0.0008292326
-0.001722692
-0.002581818
-0.003353652
-0.003965851
-0.004337148
-0.00438246
-0.004044553
-0.003332045
-0.002298619
-0.001047072
0.0002600228
0.001486074
0.002550566
0.003417025
0.004060701
0.004474677
0.004677774
0.004677057
0.004496647
0.004189379
0.003781585
0.003291174
0.002744142
0.002155882
0.00153397
0.0008875813
0.0002278486
-0.0004388698
-0.001108677
-0.001777075
-0.002437571
-0.003080712
-0.003694525
-0.004266419
-0.004782874
-0.005221966
-0.005560109
-0.005787585
-0.005913396
-0.005945169
-0.005901644
-0.005817707
-0.005717796
-0.005609987
-0.005490204
-0.005342357
-0.005136885
-0.004838207
-0.00441984
-0.003881138
-0.003247139
-0.002530573
-0.001740807
-0.000898808
-3.282809e-05
0.0008512525
0.001767312
0.002738113
0.003787214
0.004930793
0.006158497
0.007415912
0.008609279
0.009652683
0.01049816
0.01113951
0.01157394
0.01179079
0.01180498
0.01166721
0.01141684
0.01108471
0.0107189
0.01038311
0.0101188
0.009936104
0.009815245
0.009723937
0.009641697
0.009558059
0.009469844
0.009379114
0.009290493
0.009208053
0.009133183
0.009063575
0.008994748
0.008923406
0.008850126
0.008781371
0.00873066
0.008717937
0.00876898
0.00891001
0.009152443
0.009475751
0.009826871
0.01015561
0.01042851
0.01063177
0.0107704
0.01084784
0.01086669
0.01084093
0.0108017
0.01079003
0.01085782
0.01106255
0.01145169
0.01205055
0.0128547
0.01380443
0.01480042
0.01576709
0.0166515
0.01741457
0.01801939
0.01842249
0.01858736
0.01848582
0.01812195
0.01753304
0.01675328
0.01582897
0.01479894
0.01368377
0.01250669
0.01129507
0.01008525
0.00893168
0.007905552
0.007076625
0.006485492
0.006120878
0.00594212
0.005908018
0.005956371
0.006007581
0.00600299
0.005907692
0.00571416
0.005447555
0.005149684
0.004843096
0.004531111
0.00420485
0.003849687
0.003456039
0.0030309
0.002606325
0.002238348
0.001986695
0.001884737
0.001917047
0.002025296
0.002169021
0.002327467
0.002491396
0.002665682
0.002870568
0.003134957
0.003483726
0.003929654
0.004477373
0.005118941
0.005816574
0.006501098
0.007101479
0.007564058
0.007867361
0.008036261
0.008121316
0.008147019
0.008115172
0.008019228
0.00784816
0.007579355
0.007184328
0.006656104
0.006027366
0.005361886
0.004746837
0.004291488
0.004101309
0.004226802
0.004628189
0.005205604
0.005888021
0.006621025
0.007348957
0.008022347
0.008589841
0.008998123
0.009193798
0.009129992
0.00879858
0.008234528
0.007443034
0.006422374
0.005173525
0.003674858
0.001923208
-4.057501e-05
-0.002141692
-0.004241789
-0.006160957
-0.007793091
-0.009137124
-0.01025508
-0.01118395
-0.0119498
-0.01258243
-0.01308133
-0.01343599
-0.01363404
-0.01366614
-0.01354849
-0.01331518
-0.01299889
-0.01264416
-0.012303
-0.01199682
-0.01170936
-0.01138966
-0.01096509
-0.01038009
-0.009624539
-0.008758275
-0.007894769
-0.007106659
-0.006409068
-0.005772856
-0.005167713
-0.004596743
-0.004095965
-0.003725637
-0.003545834
-0.003580946
-0.003779941
-0.004022082
-0.004209749
-0.004278654
-0.004190005
-0.003914618
-0.003414134
-0.002668137
-0.001683519
-0.0004568104
0.0009872748
0.002559808
0.004144258
0.005647716
0.00699539
0.008113456
0.008947874
0.009479964
0.00970173
0.009619444
0.009276743
0.008711257
0.007968588
0.007111943
0.006162018
0.005114231
0.003966364
0.002723148
0.001416607
0.0001219474
-0.001056299
-0.00205008
-0.002854709
-0.003518047
-0.00406425
-0.004502125
-0.004848622
-0.005129201
-0.005351886
-0.005509988
-0.005600849
-0.00563841
-0.005650547
-0.005660517
-0.005688191
-0.005751884
-0.005865525
-0.006041454
-0.006293935
-0.006631389
-0.007051915
-0.007559307
-0.00816486
-0.008870367
-0.009658042
-0.01050776
-0.01140208
-0.01231402
-0.01320124
-0.01401589
-0.01471833
-0.01529198
-0.01575602
-0.01615321
-0.01651069
-0.01684544
-0.01717364
-0.01751053
-0.01786611
-0.01824446
-0.0186415
-0.01904291
-0.01942709
-0.01976777
-0.02003567
-0.02020021
-0.02022474
-0.0200746
-0.01973718
-0.01921968
-0.01852467
-0.01767449
-0.01672177
-0.01570196
-0.01460931
-0.01341417
-0.01208419
-0.01060186
-0.008993143
-0.007339886
-0.0057412
-0.004280069
-0.003017987
-0.002002954
-0.001271175
-0.0008252957
-0.0006526195
-0.000746888
-0.001067565
-0.001537084
-0.002128503
-0.002848027
-0.003704997
-0.00471271
-0.005870757
-0.007137707
-0.008435066
-0.009688041
-0.01082537
-0.01177581
-0.01247259
-0.01287871
-0.01299891
-0.01288171
-0.01260554
-0.0122216
-0.01176779
-0.01127522
-0.01074853
-0.01017972
-0.009563238
-0.008901814
-0.008205218
-0.007498123
-0.006823491
-0.006234328
-0.005776979
-0.005471766
-0.005296964
-0.005203205
-0.005157862
-0.005139044
-0.005124872
-0.00509579
-0.005036623
-0.004933956
-0.004773347
-0.004532426
-0.004171004
-0.003648006
-0.002944381
-0.002066199
-0.001029409
0.0001123198
0.001255228
0.002291104
0.003144964
0.003784145
0.004196673
0.004345386
0.004201203
0.003782803
0.003146185
0.002369392
0.00156997
0.0008705071
0.0003614119
9.064388e-05
7.086107e-05
0.0003052755
0.0007661969
0.00140166
0.002132109
0.00283958
0.00341599
0.003805382
0.003997682
0.003982352
0.003770474
0.00341165
0.002955654
0.002436904
0.0018914
0.001357452
0.0008582231
0.000401245
-1.731734e-05
-0.0004016929
-0.0007570751
-0.001097012
-0.001445803
-0.001832284
-0.002277481
-0.002786528
-0.003339963
-0.00389575
-0.004416495
-0.004892198
-0.005346009
-0.005828226
-0.006384899
-0.007036687
-0.007764013
-0.008509707
-0.009222105
-0.009873031
-0.01046022
-0.01099456
-0.01145146
-0.01177669
-0.01191676
-0.0118547
-0.01163001
-0.01130655
-0.01092963
-0.01053346
-0.01014262
-0.009770035
-0.009421968
-0.009101089
-0.008810959
-0.00856485
-0.00838709
-0.008302791
-0.008327839
-0.008470982
-0.008735257
-0.009100664
-0.009526322
-0.009975476
-0.01040874
-0.01077866
-0.01103691
-0.01114879
-0.01111444
-0.01098091
-0.01081703
-0.0106761
-0.01059365
-0.01058331
-0.0106327
-0.010713
-0.0107785
-0.01076493
-0.010598
-0.01021349
-0.009587321
-0.008761066
-0.007818632
-0.006813205
-0.005776437
-0.004734097
-0.003705144
-0.002707173
-0.001759607
-0.0008825615
-9.3532e-05
0.0006001486
0.001214665
0.001787906
0.002339396
0.002844501
0.00324071
0.003446283
0.003393741
0.003075383
0.002554176
0.001896299
0.001161567
0.0004082017
-0.0003271393
-0.001024964
-0.001676769
-0.002280022
-0.002836544
-0.003354825
-0.00384457
-0.00429161
-0.004645997
-0.004836149
-0.004796148
-0.004499605
-0.003969073
-0.003220142
-0.002266335
-0.00113793
0.0001236541
0.001435143
0.002656279
0.003636735
0.004314098
0.00473677
0.005000384
0.005174843
0.005314804
0.005468796
0.005661634
0.005885343
0.006099754
0.0062411
0.006242425
0.006055519
0.005676365
0.005154169
0.004546629
0.003896012
0.00324303
0.002635857
0.002132185
0.001792925
0.001666169
0.001761266
0.00202905
0.002394909
0.002803762
0.003208243
0.003559874
0.003816829
0.003953624
0.003974793
0.003921678
0.003848669
0.003790987
0.003763913
0.003764209
0.003773959
0.003771713
0.00373675
0.003654335
0.003520064
0.003337361
0.003122694
0.002912789
0.002761812
0.002722398
0.002828374
0.003074121
0.003411832
0.003793006
0.004162479
0.004451216
0.004589309
0.00453395
0.004298481
0.003956588
0.003588046
0.003241842
0.002943244
0.002706738
0.002536403
0.002420461
0.002332836
0.002249573
0.002152614
0.002027539
0.001865016
0.001663228
0.001433727
0.001205421
0.001018742
0.0009137581
0.0009215923
0.001060134
0.001343946
0.001766003
0.002288574
0.002876271
0.003512366
0.004186025
0.004885663
0.00560569
0.006338386
0.007065321
0.00775511
0.008366703
0.008860921
0.009217712
0.009455032
0.009624285
0.009755322
0.009840302
0.009842137
0.009703767
0.009361957
0.008777849
0.007963181
0.006958709
0.005804206
0.004562973
0.003323664
0.002148149
0.001065342
7.097001e-05
-0.0008653029
-0.001759535
-0.002611965
-0.003412741
-0.004142169
-0.004759192
-0.005196955
-0.005393937
-0.005331258
-0.005053167
-0.004676307
-0.004349466
-0.004187115
-0.004245749
-0.004499352
-0.004846581
-0.005197287
-0.005479815
-0.005637376
-0.005632943
-0.00545862
-0.005155317
-0.004803854
-0.004461965
-0.004161372
-0.003915395
-0.003723116
-0.003588757
-0.003519584
-0.003521934
-0.00360606
-0.003787589
-0.004069126
-0.004424933
-0.004811492
-0.005202247
-0.005587135
-0.005967062
-0.006348283
-0.006731139
-0.007104674
-0.007444057
-0.007711088
-0.007859335
-0.007849105
-0.007668904
-0.007336665
-0.006853388
-0.006204425
-0.005386882
-0.004414229
-0.003304586
-0.002100727
-0.0008651228
0.0003612092
0.001552686
0.002685001
0.003722436
0.004624516
0.005357441
0.005909841
0.006306538
0.006602959
0.006855885
0.007067931
0.00722565
0.007335977
0.0074202
0.007506326
0.007626136
0.007799149
0.008019
0.008260545
0.00848128
0.008632347
0.008689566
0.008676252
0.008664599
0.008745437
0.009003098
0.009489515
0.01018916
0.01100653
0.01182327
0.01257542
0.01325901
0.01390902
0.01455976
0.01523458
0.01594145
0.01666518
0.01736585
0.01798247
0.01842696
0.01860328
0.01845726
0.01798413
0.01720375
0.01611121
0.01469661
0.01298445
0.0110545
0.009034531
0.007063051
0.005259691
0.003702185
0.002432364
0.001456699
0.0007266088
0.0001720051
-0.0002759351
-0.0006809104
-0.001101733
-0.001572565
-0.002098963
-0.002673384
-0.003295169
-0.003968122
-0.004695249
-0.005465884
-0.006242972
-0.006956534
-0.007503086
-0.007780324
-0.007779398
-0.007594363
-0.00726188
-0.006766537
-0.006079831
-0.005183112
-0.004111618
-0.00296037
-0.0018158
-0.0007532831
0.0001665037
0.0009250353
0.001547766
0.002065381
0.002492068
0.002833939
0.00308535
0.003239581
0.003286161
0.003207289
0.002996006
0.002666542
0.002258182
0.00181474
0.001334628
0.0007789206
0.000102436
-0.0007105383
-0.001616537
-0.002512638
-0.003297449
-0.003892071
-0.004222905
-0.004232926
-0.003907883
-0.003290367
-0.002490396
-0.00161103
-0.0006997206
0.0002351704
0.001208521
0.002242124
0.003347161
0.004507769
0.005686303
0.006848556
0.007953518
0.008924081
0.00966853
0.01012942
0.01032365
0.01032363
0.010187
0.00996742
0.009712008
0.009442336
0.009163888
0.008870304
0.008536789
0.008124834
0.007595942
0.006927044
0.006129039
0.005258131
0.004390761
0.003586
0.002879653
0.002279432
0.001766796
0.001330174
0.0009818184
0.000745956
0.0006431354
0.0006715851
0.0008116517
0.00105421
0.00138342
0.001756846
0.002111524
0.002406657
0.002643521
0.002859501
0.003096326
0.003374656
0.003692814
0.004041241
0.00441915
0.004827875
0.005255129
0.005660977
0.005981635
0.006154713
0.006147814
0.005982215
0.005723705
0.005407275
0.005037493
0.004604313
0.004086931
0.003454594
0.002683641
0.001780311
0.0007771126
-0.0002757493
-0.00130046
-0.002199638
-0.002890638
-0.003324321
-0.003487883
-0.003422505
-0.00322519
-0.002969742
-0.002689053
-0.002391212
-0.002070185
-0.001715052
-0.00131132
-0.0008557409
-0.000371175
8.778303e-05
0.0004453241
0.0006237325
0.0005647585
0.0002432626
-0.0003164858
-0.001030205
-0.001809907
-0.002574104
-0.003239756
-0.003741156
-0.004064365
-0.004255514
-0.00438059
-0.004478815
-0.004566768
-0.004648123
-0.004719056
-0.004775672
-0.004815748
-0.004831278
-0.004803159
-0.004704104
-0.004501876
-0.004165823
-0.003686363
-0.003086627
-0.002399187
-0.001657222
-0.0009073004
-0.0002066411
0.0003974283
0.0008771657
0.001229235
0.001461378
0.001591221
0.001652337
0.001671848
0.001670499
0.001673555
0.001712938
0.00181917
0.002005353
0.002252707
0.002500868
0.002661526
0.00265845
0.002451092
0.00205293
0.00151298
0.000858124
0.0001075333
-0.0007060021
-0.001540832
-0.002366438
-0.003159149
-0.00389744
-0.004566161
-0.005163131
-0.00569997
-0.006182207
-0.006609352
-0.006982422
-0.00729994
-0.007545558
-0.007698865
-0.007747308
-0.007685162
-0.007520972
-0.007287828
-0.007026405
-0.006760237
-0.006497663
-0.006235419
-0.005961026
-0.005657791
-0.005311448
-0.004918592
-0.004495153
-0.00407758
-0.003706231
-0.00340209
-0.00316521
-0.002991617
-0.002864384
-0.002743007
-0.002568675
-0.002293294
-0.001902619
-0.001404729
-0.0008015118
-0.0001035464
0.0006490275
0.001387545
0.002049123
0.002590194
0.002979279
0.003198223
0.003263093
0.003223058
0.003105455
0.002924275
0.00269276
0.002413048
0.002076608
0.001675838
0.001207355
0.0006663291
6.013047e-05
-0.0005776503
-0.001187168
-0.001708404
-0.002106645
-0.002383263
-0.002563935
-0.002664557
-0.002698336
-0.00268065
-0.002612401
-0.002483079
-0.002281764
-0.001996262
-0.001604042
-0.001090447
-0.0004718987
0.0001975382
0.0008542351
0.001448987
0.001953552
0.002371209
0.002734842
0.003076908
0.003426592
0.003808941
0.004232446
0.004670882
0.00505754
0.005293983
0.00527801
0.004952222
0.00433329
0.003483082
0.002469049
0.001389677
0.0003650777
-0.0005475609
-0.00136051
-0.00211915
-0.002845949
-0.003533457
-0.004153335
-0.004666178
-0.005036598
-0.005233792
-0.005221671
-0.00498754
-0.004555359
-0.003940224
-0.003158555
-0.002262168
-0.001342766
-0.000475553
0.0003201367
0.001065335
0.001769644
0.002416226
0.002970555
0.003397615
0.003683092
0.003837336
0.003861106
0.003762799
0.003572612
0.003318731
0.003017456
0.002683945
0.0023365
0.001983696
0.001617862
0.001220515
0.0007722129
0.0002677565
-0.0002697822
-0.0007853689
-0.001212282
-0.001514983
-0.001695196
-0.00176438
-0.001747406
-0.001688896
-0.001630093
-0.001593987
-0.001588322
-0.001612027
-0.001670619
-0.001782899
-0.001972379
-0.002252153
-0.002606906
-0.002985506
-0.003324526
-0.00356923
-0.003677209
-0.003615154
-0.003376483
-0.003001071
-0.002556017
-0.002080291
-0.001588739
-0.001084415
-0.0005647958
-2.998323e-05
0.0005158559
0.001068868
0.001623927
0.002173416
0.002708199
0.003217612
0.003689516
0.00411556
0.004497601
0.004849444
0.005184316
0.005507504
0.005819053
0.006116827
0.00639951
0.006667965
0.006920999
0.007154487
0.007365591
0.007557824
0.007744162
0.007945376
0.008187907
0.008498602
0.0088945
0.009370518
0.009899659
0.01046122
0.01103653
0.01160059
0.0121216
0.0125647
0.01290271
0.01312818
0.01326558
0.0133569
0.01339903
0.01334192
0.0131084
0.01261911
0.01183379
0.01076454
0.009426211
0.00787265
0.006218508
0.004570281
0.002988535
0.001511328
0.0001878719
-0.0009327457
-0.001823453
-0.002492405
-0.002949446
-0.003173773
-0.003154316
-0.002923619
-0.002547302
-0.002131729
-0.001769193
-0.001497559
-0.001324087
-0.001265552
-0.001337387
-0.00153229
-0.001813865
-0.002139074
-0.002456883
-0.002700338
-0.002799929
-0.00271309
-0.00244886
-0.00206489
-0.001604077
-0.001083627
-0.0005143684
8.66417e-05
0.0006909075
0.001265995
0.001773608
0.002173754
0.002431615
0.002525452
0.002471954
0.002335642
0.002186843
0.002071518
0.002009147
0.00198846
0.001969902
0.001907574
0.00176352
0.001518597
0.001179851
0.000765276
0.0002865792
-0.0002399058
-0.0007811622
-0.001288685
-0.001711514
-0.002002948
-0.002126896
-0.002066361
-0.001848263
-0.001539287
-0.001176074
-0.0007702891
-0.0003268304
0.0001485124
0.0006460791
0.001160055
0.001681904
0.002196011
0.002681078
0.003115357
0.003482476
0.003774125
0.003979854
0.004086628
0.004092491
0.004011139
0.00384965
0.00360025
0.003256019
0.002819938
0.002291634
0.001668409
0.0009670315
0.0002418245
-0.0004217282
-0.0009559339
-0.001320357
-0.001488782
-0.001457688
-0.00126679
-0.0009786537
-0.0006183802
-0.0001849382
0.0003259624
0.000904976
0.001524602
0.00216711
0.002819067
0.003462993
0.004075934
0.004629399
0.005094985
0.00545401
0.005698528
0.005810334
0.00577851
0.005621055
0.005375709
0.005066813
0.004716509
0.004357216
0.004023698
0.003741048
0.003519039
0.003348018
0.003203908
0.003066291
0.002917161
0.002739944
0.00252272
0.002261868
0.001963736
0.001651699
0.001370595
0.001177639
0.001112644
0.001179895
0.001346511
0.001579778
0.001868276
0.002209681
0.002597388
0.003010798
0.003418536
0.003787868
0.004087148
0.004293334
0.004401495
0.004424278
0.00438114
0.004281124
0.004130083
0.00393396
0.003692907
0.00341252
0.003114921
0.00284061
0.002631244
0.002505178
0.002448621
0.002428537
0.002424141
0.002427299
0.002437832
0.002461694
0.00250559
0.002572009
0.002655243
0.00274553
0.0028348
0.00291762
0.002991683
0.003059325
0.003125687
0.003194064
0.003254465
0.00327493
0.003206646
0.00299993
0.002628382
0.002117402
0.001555562
0.001052687
0.0006788022
0.0004469962
0.0003213474
0.0002700917
0.0002638499
0.0002703828
0.0002696688
0.0002552071
0.0002304165
0.0002051272
0.0001919038
0.0002014131
0.0002370571
0.0002895378
0.0003328761
0.0003247751
0.0002126638
-5.238651e-05
-0.0004914207
-0.001070503
-0.00169551
-0.002270056
-0.002768315
-0.00322359
-0.003663596
-0.004088071
-0.004468564
-0.004759133
-0.004930311
-0.004990498
-0.004984539
-0.004945508
-0.004881793
-0.004784791
-0.004634468
-0.004409104
-0.004099407
-0.003723658
-0.003327845
-0.002953379
-0.002610523
-0.002272662
-0.001879522
-0.00135999
-0.0006632373
0.0002102346
0.00118669
0.002147603
0.003008631
0.003729847
0.004298849
0.004720549
0.005027442
0.00526684
0.005461148
0.00561601
0.005735256
0.005826839
0.005896981
0.00595201
0.006002149
0.00605787
0.006117332
0.006157207
0.006132897
0.005987324
0.005669759
0.005162735
0.004503988
0.003766437
0.002996406
0.002216459
0.001435648
0.0006527928
-0.0001379335
-0.0009401432
-0.001749334
-0.002552392
-0.00333022
-0.004060066
-0.004717317
-0.005271616
-0.005700795
-0.006002915
-0.006187665
-0.00627875
-0.006325288
-0.00638503
-0.006497554
-0.006679077
-0.006923681
-0.007216499
-0.007533832
-0.007837143
-0.008078828
-0.008223353
-0.008260286
-0.008208981
-0.008099937
-0.007950479
-0.0077706
-0.007570101
-0.0073575
-0.00712694
-0.006857737
-0.006522815
-0.006100126
-0.00558149
-0.004970401
-0.004298526
-0.00363771
-0.003082884
-0.002708031
-0.002540032
-0.002546741
-0.002671277
-0.00287674
-0.003131999
-0.003395449
-0.003614816
-0.003747786
-0.003770362
-0.003686644
-0.003530789
-0.003335769
-0.003114494
-0.002865164
-0.002576511
-0.002227268
-0.001784015
-0.001220552
-0.0005433578
0.0001940131
0.0009066979
0.001495196
0.001856238
0.001902244
0.001587055
0.0009563001
0.0001432115
-0.0007560372
-0.001674212
-0.002547684
-0.003323507
-0.003982053
-0.004534713
-0.004990376
-0.005343952
-0.005584175
-0.005692163
-0.005657171
-0.005493213
-0.005217278
-0.00482432
-0.004306703
-0.003679295
-0.002986103
-0.00227119
-0.001560606
-0.0008711338
-0.0002185924
0.0003680682
0.0008379316
0.001123012
0.001144632
0.0008491678
0.0002613748
-0.0005054958
-0.001338662
-0.002146043
-0.002844813
-0.00337234
-0.00370618
-0.00388172
-0.003967907
-0.004008401
-0.004026301
-0.004037938
-0.004052883
-0.004072241
-0.004092015
-0.004107598
-0.00411395
-0.004106735
-0.004082111
-0.004038544
-0.003978131
-0.003907474
-0.00383219
-0.003754829
-0.003676176
-0.003597716
-0.003523084
-0.003458906
-0.003412724
-0.003389946
-0.00338913
-0.00340128
-0.003412478
-0.003402972
-0.003347597
-0.00321917
-0.002993799
-0.002668265
-0.002278214
-0.00189857
-0.001607437
-0.001472172
-0.001530886
-0.001765953
-0.002106883
-0.002497443
-0.002911969
-0.00334251
-0.003789293
-0.004248559
-0.004703574
-0.005117698
-0.005435896
-0.005595082
-0.00554108
-0.005260772
-0.00481121
-0.004296365
-0.003792134
-0.003342832
-0.002964397
-0.00264114
-0.002342909
-0.002055843
-0.001785961
-0.00155217
-0.001375563
-0.001266265
-0.001213377
-0.001191379
-0.001184273
-0.001184632
-0.001189794
-0.001200237
-0.001216071
-0.001233999
-0.001245285
-0.001236682
-0.001194839
-0.001114261
-0.001006776
-0.0009084913
-0.0008764708
-0.0009718849
-0.001240929
-0.001690258
-0.002277881
-0.002954922
-0.003688038
-0.004445158
-0.005188482
-0.005882059
-0.006496156
-0.007010541
-0.007416626
-0.007726563
-0.007981796
-0.008232246
-0.008507134
-0.008813192
-0.009137236
-0.009455683
-0.009748624
-0.01000564
-0.01023085
-0.01044304
-0.01066288
-0.0109023
-0.01116058
-0.01142352
-0.01166937
-0.0118789
-0.01204102
-0.01215816
-0.01224295
-0.01229897
-0.01231824
-0.01228142
-0.01214736
-0.01184218
-0.01128607
-0.01043769
-0.009339331
-0.00811405
-0.006858358
-0.005640975
-0.004512001
-0.003493124
-0.002573239
-0.0017015
-0.0008006037
0.0001792316
0.001234364
0.002312073
0.003346836
0.00429167
0.005124032
0.005834584
0.006426784
0.006923697
0.007350598
0.007714516
0.008015015
0.008252397
0.008420408
0.00852016
0.008573352
0.008614283
0.00866465
0.008730955
0.008806517
0.008876735
0.00892845
0.008953955
0.008955394
0.008944234
0.008930667
0.008919634
0.008911062
0.008901048
0.008886528
0.008867564
0.008849004
0.008840301
0.008851551
0.008889207
0.008951562
0.009026553
0.009098388
0.009156671
0.009196886
0.009217368
0.00920943
0.009153626
0.009027242
0.008816419
0.008530403
0.008203001
0.007865357
0.007546107
0.007271819
0.007058567
0.006903422
0.006779856
0.006634151
0.006385296
0.005939608
0.005221742
0.004226604
0.003057966
0.001854501
0.0007461968
-0.0001998031
-0.0009771186
-0.00158763
-0.002046633
-0.002379422
-0.002618312
-0.002770607
-0.002821019
-0.002751832
-0.002548643
-0.002214851
-0.001782927
-0.001287783
-0.0007516082
-0.0001941807
0.0003607869
0.0008886704
0.001370383
0.001793183
0.002147709
0.002431503
0.002656272
0.002840579
0.002988588
0.003094321
0.003150414
0.00314841
0.003067594
0.00288826
0.002612261
0.002272169
0.001917902
0.001613731
0.001430435
0.0014148
0.001563334
0.001822979
0.002146532
0.002503624
0.002868481
0.003216168
0.003525201
0.00378164
0.00398129
0.00413247
0.004247392
0.004323347
0.00434657
0.004297233
0.004146412
0.003872419
0.003481702
0.003008308
0.002471797
0.001885815
0.001274764
0.0006800276
0.0001559192
-0.0002577472
-0.0005525232
-0.0007643298
-0.0009608323
-0.001199706
-0.00152128
-0.001942011
-0.002451779
-0.003035448
-0.003663658
-0.004285201
-0.004840681
-0.005283254
-0.00558486
-0.005729281
-0.005709324
-0.005547947
-0.005295204
-0.004969696
-0.004567417
-0.004083485
-0.003521475
-0.002886714
-0.002176363
-0.001394743
-0.0005649955
0.0002779069
0.001099512
0.001865649
0.002543997
0.003107157
0.003542869
0.003865752
0.004103864
0.004281536
0.004431248
0.004598737
0.004824983
0.005130126
0.005505473
0.00591723
0.006336681
0.006750144
0.007156909
0.007567987
0.007999645
0.008463153
0.008956052
0.009457116
0.009930824
0.01034325
0.01066843
0.01088744
0.01098316
0.0109548
0.01082347
0.01060157
0.01028213
0.009859061
0.009347279
0.008784541
0.008215072
0.007693673
0.007280036
0.00701188
0.006883407
0.006839467
0.006813753
0.006755654
0.006630811
0.006425155
0.006141796
0.005777542
0.00533142
0.00482036
0.004285737
0.003778268
0.003333611
0.002965075
0.002658059
0.002377501
0.002092489
0.001778053
0.001416545
0.001003395
0.0005489094
6.970793e-05
-0.0004155571
-0.0008833419
-0.001306156
-0.00165996
-0.001932268
-0.002126757
-0.002254018
-0.002329385
-0.002379885
-0.002436027
-0.002509018
-0.002588181
-0.002644881
-0.002644088
-0.002561898
-0.002396711
-0.002169705
-0.001897458
-0.001576654
-0.001192568
-0.0007303755
-0.0001832604
0.0004369319
0.001083419
0.001670643
0.002108026
0.002364682
0.002482457
0.00252825
0.002538639
0.002521609
0.002466261
0.002351632
0.002162932
0.001908011
0.001619303
0.001323682
0.0010428
0.00079654
0.0006034823
0.0004836944
0.0004527081
0.0005227882
0.0007220007
0.001076759
0.001584124
0.002207582
0.002916742
0.003673026
0.004415196
0.005077524
0.005614586
0.006001172
0.006206231
0.006192312
0.005946091
0.005492555
0.004850189
0.00402001
0.003025475
0.001948422
0.0009199836
3.02627e-05
-0.000710113
-0.001341499
-0.00186187
-0.002228678
-0.002389282
-0.002308332
-0.002012345
-0.001596382
-0.00114769
-0.0007257724
-0.0003731563
-0.0001186532
4.465086e-06
-3.267559e-05
-0.0002322328
-0.0005498996
-0.0009124625
-0.001270164
-0.001596417
-0.001880111
-0.002121033
-0.002317119
-0.002469042
-0.002586358
-0.002690168
-0.00280162
-0.002934291
-0.003091391
-0.003263684
-0.003429446
-0.003559107
-0.003620741
-0.00359234
-0.003476677
-0.003305667
-0.003117883
-0.002963387
-0.002906194
-0.003013719
-0.003336683
-0.00387993
-0.004596501
-0.005444202
-0.006385933
-0.007363723
-0.008295112
-0.009102367
-0.009733039
-0.01017743
-0.01047796
-0.01069101
-0.01083979
-0.01092181
-0.01091534
-0.01076912
-0.01042989
-0.009881029
-0.009172148
-0.008402132
-0.00765378
-0.006987396
-0.00643612
-0.005990551
-0.00559965
-0.005204276
-0.004764535
-0.004265836
-0.003723945
-0.00317765
-0.002668198
-0.002228425
-0.001871445
-0.001577346
-0.001296219
-0.0009790612
-0.0005876547
-0.0001035203
0.0004632095
0.001085158
0.001721407
0.002311937
0.002779805
0.003047598
0.003065871
0.002848428
0.00248092
0.00205504
0.001625712
0.001219204
0.0008398663
0.0004803593
0.0001363765
-0.0001881401
-0.0004809468
-0.0007221447
-0.000884149
-0.0009425198
-0.0008929878
-0.0007581604
-0.0005631646
-0.0003058887
3.379541e-05
0.000477412
0.001029116
0.001669663
0.002382473
0.003140028
0.003887557
0.004544797
0.00502918
0.005294505
0.005362765
0.005324823
0.005267602
0.005251361
0.005311419
0.005450625
0.005643391
0.005861522
0.006073831
0.006241503
0.006319871
0.006260921
0.006025474
0.005607273
0.005049265
0.004414637
0.003748804
0.003087617
0.002465703
0.00191397
0.001452594
0.001077311
0.0007481128
0.0003902704
-6.85065e-05
-0.0006492619
-0.001301635
-0.001911641
-0.002363777
-0.002600017
-0.00264252
-0.002568441
-0.002436178
-0.002288278
-0.002162055
-0.002089595
-0.002098332
-0.002204103
-0.002399461
-0.002640556
-0.002850592
-0.002962135
-0.002952724
-0.002848986
-0.00269681
-0.00252485
-0.002345286
-0.002158618
-0.001957304
-0.001731828
-0.001478743
-0.001209614
-0.0009546894
-0.0007560022
-0.0006522501
-0.0006643923
-0.0007799016
-0.0009588786
-0.00118382
-0.001457338
-0.001787601
-0.002177559
-0.002613347
-0.003069355
-0.003517237
-0.003923464
-0.004250414
-0.004460366
-0.004513848
-0.004392458
-0.004126517
-0.003790823
-0.003439125
-0.003103552
-0.002803088
-0.002541055
-0.002308441
-0.002093205
-0.001891023
-0.00170328
-0.001532909
-0.001379125
-0.001235693
-0.001096825
-0.0009557666
-0.000803221
-0.0006290073
-0.0004242614
-0.000182268
0.0001023887
0.0004260522
0.0007680914
0.001091916
0.00136224
0.001553423
0.00165903
0.001698454
0.001701223
0.001687344
0.001671525
0.001669005
0.001698168
0.001782491
0.001946191
0.002203689
0.002550248
0.002970473
0.003448008
0.00395186
0.004425123
0.004790493
0.004978858
0.004954109
0.004739205
0.004406287
0.003987449
0.003481057
0.002877349
0.002176341
0.001397085
0.0005544669
-0.0003278011
-0.001205729
-0.002026996
-0.002758242
-0.003398588
-0.003981789
-0.004551033
-0.005125056
-0.005697067
-0.006240994
-0.006728933
-0.007153561
-0.007539924
-0.007939611
-0.008390487
-0.008883145
-0.009355633
-0.009717829
-0.009904902
-0.009903237
-0.009742705
-0.009429367
-0.008957372
-0.008326876
-0.007523275
-0.006526263
-0.005349229
-0.004076566
-0.002847765
-0.001752797
-0.0008085091
2.569583e-05
0.0007880809
0.001495498
0.002154401
0.002764293
0.003319399
0.003803039
0.004203154
0.00452521
0.004786515
0.004992613
0.005145156
0.00525282
0.005334491
0.005408372
0.005485323
0.005570536
0.005664427
0.005762299
0.005856208
0.005938737
0.006006739
0.006064033
0.00612345
0.006205335
0.006332246
0.006519298
0.006762014
0.007026959
0.007255845
0.007374613
0.007309031
0.007012023
0.006497962
0.005846779
0.005135862
0.004425179
0.003767125
0.003201288
0.002749022
0.00241005
0.002175505
0.002039452
0.001987855
0.002002377
0.002082584
0.00223163
0.002437884
0.002668772
0.002886122
0.003059602
0.003170509
0.003217835
0.003214282
0.003159846
0.003044731
0.002859509
0.002599143
0.002253564
0.001799694
0.001221739
0.0005352628
-0.0002046466
-0.0009337944
-0.001601836
-0.002171014
-0.002608785
-0.002894176
-0.003038065
-0.003088393
-0.00309216
-0.003073648
-0.003044619
-0.003014051
-0.002995408
-0.003010424
-0.003089341
-0.003265564
-0.003563924
-0.003999385
-0.00460221
-0.005392663
-0.006344319
-0.007378052
-0.008412503
-0.009378645
-0.01021672
-0.01088144
-0.01135194
-0.01164602
-0.0117984
-0.01183453
-0.01178785
-0.01170766
-0.01162691
-0.01152471
-0.01133045
-0.01094334
-0.01026684
-0.00925934
-0.007988651
-0.006638671
-0.005396578
-0.004362658
-0.003536517
-0.002852071
-0.002260082
-0.001726026
-0.001216256
-0.0006952918
-0.0001294828
0.0005025072
0.001204742
0.001955297
0.002704478
0.003396107
0.003978238
0.00441243
0.004680048
0.004764342
0.004653744
0.004373618
0.003997503
0.003601031
0.003230532
0.002905691
0.002619261
0.002342148
0.002044227
0.001702772
0.001309993
0.0008825577
0.0004619591
9.81606e-05
-0.0001623227
-0.0002854198
-0.0002487378
-3.122694e-05
0.0003610954
0.0008716247
0.001414217
0.001933638
0.002406328
0.00282651
0.003184921
0.003467818
0.003660249
0.00374682
0.003728471
0.003632487
0.003491738
0.003317468
0.003106759
0.002853647
0.002556989
0.002223234
0.001871678
0.001541575
0.001291187
0.001182818
0.001255203
0.001496399
0.001838433
0.002209211
0.002568871
0.002908802
0.003249925
0.00363401
0.004099946
0.004662429
0.005295046
0.005934278
0.006524479
0.007028082
0.00743179
0.007743355
0.007955807
0.008054428
0.00802897
0.007868316
0.007560021
0.007116479
0.006584775
0.006008519
0.005423751
0.004868963
0.004385547
0.004011112
0.003766645
0.003641652
0.003598268
0.003618994
0.003715309
0.003912223
0.00423442
0.004703329
0.005344223
0.006155551
0.007076093
0.00799049
0.008804599
0.009478674
0.01002077
0.01044435
0.01074405
0.01090539
0.01090403
0.01071121
0.01032642
0.009793254
0.009155471
0.008435529
0.00765452
0.006844217
0.006039711
0.005274989
0.004585208
0.004003793
0.003562867
0.003296659
0.003226077
0.003343477
0.003597726
0.003926003
0.004298546
0.004708257
0.00515617
0.005643915
0.006173807
0.006739856
0.007316627
0.007855292
0.008293902
0.008588222
0.00873803
0.008791602
0.008804304
0.008810116
0.008824394
0.008845207
0.008855868
0.008830612
0.008744779
0.008585979
0.00836594
0.008118253
0.007871771
0.007645082
0.007443767
0.007253256
0.007036726
0.006737133
0.006288112
0.005635125
0.004769067
0.003752751
0.002698764
0.001696638
0.0008063755
6.300567e-05
-0.0005124214
-0.0009151999
-0.001142276
-0.001202487
-0.001135153
-0.0009846687
-0.0007399817
-0.0003508435
0.0002355302
0.001036168
0.002010006
0.003088735
0.004152707
0.00501966
0.005478679
0.005355572
0.004597429
0.003351574
0.001941002
0.0006069097
-0.0005176802
-0.001400577
-0.002101783
-0.002675992
-0.003170715
-0.003630871
-0.004082212
-0.004535143
-0.004996307
-0.005468694
-0.005935489
-0.006359017
-0.006687666
-0.006871547
-0.00688383
-0.006743323
-0.006509284
-0.006215735
-0.005876814
-0.005504137
-0.005113304
-0.004723727
-0.004346474
-0.00398498
-0.003635187
-0.00328552
-0.00292289
-0.00254099
-0.002142846
-0.001741796
-0.001357758
-0.001002814
-0.0006695598
-0.0003279215
6.463151e-05
0.0005324623
0.001067067
0.001630696
0.002188391
0.002710957
0.00317177
0.003543701
0.003802886
0.003944851
0.003996927
0.004006387
0.004003717
0.004004434
0.004014682
0.004032055
0.004047985
0.004049875
0.004024198
0.003960104
0.003853729
0.003711705
0.003545914
0.003351488
0.003107943
0.002788239
0.002370593
0.00185449
0.001262819
0.0006105801
-9.495756e-05
-0.0008367185
-0.001574746
-0.002239833
-0.002738997
-0.002972477
-0.002860769
-0.002384021
-0.001624149
-0.0007265978
0.0002176748
0.001167837
0.002112718
0.003062831
0.004032422
0.005024373
0.006017096
0.006963122
0.007793671
0.008428407
0.008792579
0.008836013
0.008520703
0.007869078
0.006974986
0.005906915
0.004732428
0.003538821
0.002391775
0.001327511
0.0003559429
-0.0005289253
-0.00131568
-0.001983143
-0.002511279
-0.002873413
-0.003064759
-0.003124973
-0.003114662
-0.003081191
-0.003065825
-0.003108474
-0.003241474
-0.003479635
-0.003806401
-0.004173489
-0.004532169
-0.004844255
-0.005084049
-0.00524609
-0.005347969
-0.005415729
-0.005465283
-0.005504772
-0.005538265
-0.005566429
-0.005582971
-0.005571072
-0.005507495
-0.005369666
-0.005140554
-0.004812338
-0.004402429
-0.003957904
-0.003528397
-0.003156145
-0.002872251
-0.002689415
-0.002605966
-0.002608438
-0.002656599
-0.002676961
-0.002586988
-0.00233228
-0.001909894
-0.001370054
-0.00076808
-0.0001583393
0.0003908155
0.0007921236
0.0009441681
0.0007614972
0.0002199181
-0.0006319955
-0.001746926
-0.003039761
-0.004362008
-0.005570143
-0.006574587
-0.007329487
-0.007784184
-0.007915104
-0.00775326
-0.007346476
-0.006753909
-0.006066955
-0.005370312
-0.00471407
-0.004121344
-0.003594013
-0.003127419
-0.002723591
-0.002384379
-0.002105872
-0.001889016
-0.001739217
-0.0016521
-0.001603271
-0.001557206
-0.001493238
-0.001410673
-0.001329667
-0.00128778
-0.001325862
-0.001476182
-0.00174768
-0.002119889
-0.002570874
-0.003108319
-0.003754269
-0.004519766
-0.005379221
-0.006258112
-0.007062285
-0.007706377
-0.008127137
-0.008286232
-0.008161742
-0.0077855
-0.007249328
-0.006622269
-0.005937223
-0.005210408
-0.004445824
-0.003651858
-0.002849411
-0.002061244
-0.001314629
-0.0006444011
-9.687254e-05
0.0002635435
0.0003772984
0.000213091
-0.0001992278
-0.0007629659
-0.001395899
-0.002047246
-0.002680844
-0.003270371
-0.003796232
-0.004246514
-0.004616426
-0.004920084
-0.005197172
-0.005497654
-0.005857067
-0.006288816
-0.006775386
-0.007268278
-0.007714207
-0.008077897
-0.008350567
-0.008544954
-0.008660504
-0.008688851
-0.008627859
-0.008484503
-0.008260494
-0.007960774
-0.007589216
-0.007127196
-0.006548653
-0.005843726
-0.005039143
-0.004195477
-0.003354323
-0.00253591
-0.001744783
-0.0009757032
-0.0002229893
0.0005168938
0.001242815
0.001943231
0.002590604
0.003147434
0.003573921
0.003827316
0.003884423
0.003773486
0.003576765
0.003367622
0.003191538
0.003068828
0.002993171
0.002942017
0.002889222
0.002805554
0.002659521
0.002417995
0.002040098
0.001486271
0.0007458385
-0.0001334843
-0.001050667
-0.001930481
-0.002749553
-0.0035176
-0.004233207
-0.004879379
-0.005429904
-0.005848552
-0.00609289
-0.006141942
-0.006028512
-0.005831065
-0.005592473
-0.005317653
-0.0049857
-0.00454764
-0.003931743
-0.003078919
-0.001994026
-0.000787731
0.0003041533
0.001034538
0.001411352
0.00152041
0.001415199
0.001153719
0.0007816794
0.0003210734
-0.000206897
-0.000751076
-0.00123073
-0.001576936
-0.001762391
-0.001808515
-0.001760363
-0.001650824
-0.001512833
-0.00138297
-0.001293842
-0.001274144
-0.001350048
-0.001546115
-0.001877721
-0.002337171
-0.002906768
-0.003572362
-0.004304863
-0.005044956
-0.005719746
-0.006283027
-0.00673046
-0.007091741
-0.007389449
-0.007640817
-0.007862902
-0.008056929
-0.008213758
-0.008315855
-0.008330169
-0.008217021
-0.007951591
-0.007545134
-0.007041656
-0.00646059
-0.005805455
-0.005084334
-0.004320494
-0.003549644
-0.002799461
-0.002088089
-0.001421661
-0.0007877895
-0.0001565189
0.0005022637
0.001203611
0.001943471
0.00270223
0.003457265
0.004184495
0.004861704
0.005477665
0.006040327
0.006574848
0.007096744
0.007566665
0.007893711
0.007969054
0.007728755
0.007209474
0.006535887
0.005787426
0.004999155
0.004186071
0.003350863
0.00250085
0.001656528
0.0008473394
0.0001032871
-0.0005458828
-0.001065017
-0.001422387
-0.001616402
-0.001690412
-0.001704042
-0.00169391
-0.001679128
-0.001668744
-0.001664786
-0.00166555
-0.001666451
-0.001662201
-0.001648601
-0.00162421
-0.00159221
-0.00156288
-0.001555288
-0.001594429
-0.001703599
-0.001893236
-0.00214817
-0.0024283
-0.002696514
-0.002921932
-0.003082082
-0.003171739
-0.00320792
-0.003220269
-0.003226049
-0.003229686
-0.003226045
-0.003203121
-0.003147563
-0.003051523
-0.002919343
-0.002767531
-0.002609195
-0.002443839
-0.002259678
-0.002040701
-0.00178077
-0.001496604
-0.001233248
-0.001052187
-0.0009923278
-0.001048619
-0.001169439
-0.001292526
-0.001373505
-0.001390066
-0.001348028
-0.001275015
-0.001188945
-0.001094445
-0.0009868217
-0.0008554466
-0.0006923666
-0.0005013733
-0.0003057979
-0.0001468038
-6.546369e-05
-8.115582e-05
-0.0001748007
-0.0002881659
-0.000358528
-0.0003273177
-0.0001514763
0.0001796729
0.0006326696
0.001131216
0.001606531
0.002013839
0.002329159
0.00254113
0.002635564
0.002619592
0.002528345
0.002378602
0.002160614
0.001882047
0.001574557
0.001264774
0.0009581618
0.0006432597
0.0003044342
-4.923014e-05
-0.0003664756
-0.0005749585
-0.0006438452
-0.0005905642
-0.0004388122
-0.0002170629
3.996345e-05
0.0003186285
0.0006214942
0.00095303
0.001306704
0.001656399
0.001959958
0.00218172
0.002315842
0.00239006
0.002442459
0.002514826
0.0026509
0.002880671
0.003193729
0.003530274
0.003806015
0.0039657
0.004003274
0.00396121
0.003892636
0.003832309
0.003796135
0.003782865
0.003785426
0.003795936
0.003808026
0.003818194
0.003826329
0.003834328
0.003844519
0.003857789
0.003873841
0.003890381
0.003902043
0.003899119
0.003866489
0.003781038
0.003616311
0.003352278
0.002979303
0.002482895
0.001854919
0.001115132
0.000311451
-0.0005016467
-0.00126
-0.001900953
-0.002387344
-0.002718955
-0.00291505
-0.002972307
-0.002883518
-0.00265603
-0.00229995
-0.001856825
-0.001425439
-0.001147661
-0.001132804
-0.001402014
-0.00187628
-0.002444045
-0.003004712
-0.003459121
-0.003710693
-0.003684378
-0.003356046
-0.002760468
-0.001972754
-0.001125723
-0.0003620853
0.0002727291
0.0007844932
0.001168965
0.00143075
0.001609389
0.001773044
0.001965593
0.002172038
0.002328407
0.002359287
0.002214478
0.001881811
0.001367659
0.0007023201
-6.322942e-05
-0.0008580125
-0.001590485
-0.002184981
-0.002614939
-0.002900077
-0.00306499
-0.003139645
-0.003141153
-0.003049054
-0.002823539
-0.002432895
-0.001876542
-0.001182053
-0.0003944964
0.0004252512
0.001244913
0.002065359
0.002881308
0.003646347
0.004278891
0.00470577
0.004905989
0.004894976
0.004701761
0.004382791
0.003992258
0.003563752
0.003120726
0.00268079
0.002257167
0.001855272
0.001480492
0.001159578
0.0009365253
0.0008312064
0.0008247993
0.0008791277
0.0009603541
0.001042776
0.001125904
0.001227209
0.00135173
0.00148165
0.001587262
0.001665904
0.001757211
0.001928311
0.002226806
0.002660941
0.003199296
0.003773662
0.004286199
0.004659428
0.004881019
0.005002086
0.005079175
0.005137058
0.005177007
0.005191621
0.005173973
0.005125547
0.005057348
0.004991929
0.004956581
0.004965497
0.005011296
0.005068555
0.005117037
0.005145487
0.005150349
0.005132611
0.005095611
0.005047295
0.004999794
0.00497148
0.004987041
0.005076031
0.005261722
0.005548405
0.00591472
0.006299771
0.006613712
0.006796637
0.006835787
0.006750845
0.006532103
0.006151878
0.005595926
0.004880077
0.004041183
0.003137602
0.002261591
0.001509082
0.0009126527
0.0004212569
-6.873456e-05
-0.0006044654
-0.001157463
-0.001645444
-0.001989856
-0.002159389
-0.002189797
-0.002161678
-0.00212812
-0.002108428
-0.002090918
-0.002039502
-0.00191065
-0.00166864
-0.001299508
-0.0008203116
-0.0002797761
0.0002845196
0.0008670571
0.001461089
0.002025196
0.00248735
0.00278067
0.002888833
0.00285461
0.002733078
0.002564961
0.002378273
0.002171671
0.001916133
0.001576722
0.001146576
0.0006707699
0.0002388446
-7.009812e-05
-0.0002101241
-0.0001806845
-1.357311e-05
0.0002497497
0.0005482861
0.0008160136
0.001022419
0.001175282
0.001301861
0.001418343
0.001525154
0.001611204
0.001660178
0.001658551
0.001598721
0.001478565
0.001311756
0.00113088
0.000969471
0.0008545274
0.0008026605
0.0008193972
0.0009116457
0.001083619
0.001324372
0.001598406
0.00185836
0.00209717
0.002350214
0.002670687
0.00309123
0.003600478
0.004128129
0.004559849
0.004809922
0.004852927
0.004723467
0.004463414
0.004132761
0.003814611
0.003571564
0.003414742
0.00329704
0.003133895
0.002868557
0.002495186
0.002055155
0.001597447
0.001162292
0.0007786811
0.0004585868
0.0002013348
-7.535802e-06
-0.0002027466
-0.0004372406
-0.0007616618
-0.001212094
-0.001795601
-0.002488653
-0.003271195
-0.004113988
-0.004962871
-0.005749341
-0.006419978
-0.006940913
-0.007284423
-0.007436716
-0.007421855
-0.007297102
-0.007115931
-0.00693315
-0.006794335
-0.006721418
-0.006711826
-0.006747043
-0.006811527
-0.006890398
-0.006965729
-0.00702155
-0.0070539
-0.007071733
-0.007093013
-0.007133478
-0.007192316
-0.007246841
-0.00725214
-0.007149187
-0.006883666
-0.006434305
-0.005836021
-0.005174383
-0.004570086
-0.004138271
-0.003930201
-0.003925086
-0.004081598
-0.004361884
-0.004717017
-0.005094517
-0.005453217
-0.005757976
-0.005979668
-0.006106279
-0.006154338
-0.006167235
-0.006182287
-0.006219699
-0.006282139
-0.00635268
-0.006397567
-0.006372242
-0.006233455
-0.005957058
-0.005556504
-0.00508993
-0.004627608
-0.004226805
-0.003928854
-0.003758109
-0.00371674
-0.003769057
-0.00384801
-0.003907849
-0.003928275
-0.003906797
-0.003848174
-0.003759804
-0.003649812
-0.003516794
-0.003350951
-0.003141736
-0.002885452
-0.002590955
-0.00228242
-0.001985515
-0.001716099
-0.001479097
-0.001273461
-0.001102593
-0.0009708378
-0.0008783739
-0.0008223854
-0.0007975594
-0.0007894853
-0.0007718069
-0.0007149133
-0.0006004644
-0.0004321665
-0.0002449078
-9.974348e-05
-5.171902e-05
-0.0001334967
-0.0003484589
-0.0006833456
-0.001100548
-0.001527412
-0.00187933
-0.002111466
-0.002238332
-0.002335264
-0.002502691
-0.002811898
-0.003281752
-0.003872416
-0.004523287
-0.005178265
-0.005782197
-0.00628111
-0.006625373
-0.006785241
-0.006770337
-0.006623877
-0.006391091
-0.0061332
-0.005929499
-0.005838065
-0.005874334
-0.006002791
-0.006156144
-0.0062839
-0.006359484
-0.006382011
-0.006375659
-0.006369361
-0.006387064
-0.006441428
-0.006527185
-0.006616444
-0.006662101
-0.006614811
-0.006443203
-0.006150408
-0.005773222
-0.005339724
-0.004860762
-0.004339937
-0.003777452
-0.003165509
-0.002497466
-0.001783075
-0.001055452
-0.0003672762
0.0002146246
0.0006302244
0.0008508445
0.0008868854
0.0007495809
0.0004396413
-1.984409e-05
-0.000566442
-0.001123726
-0.001603872
-0.001910194
-0.001966255
-0.00175769
-0.001347787
-0.0008239794
-0.0002675529
0.0002369954
0.0006148006
0.0008206537
0.0008565786
0.000768974
0.0005993612
0.0003925067
0.0002100575
0.0001191815
0.0001523706
0.0002726305
0.0003658869
0.0002800616
-5.718687e-05
-0.0005926057
-0.001161105
-0.001603841
-0.001863639
-0.001974793
-0.001975236
-0.001885507
-0.001723789
-0.001514911
-0.001302211
-0.001144987
-0.001086097
-0.001128713
-0.001251357
-0.001424087
-0.001606228
-0.001760369
-0.001865759
-0.001920312
-0.001935407
-0.001913102
-0.001850444
-0.00175059
-0.001632678
-0.001539656
-0.001533779
-0.001671491
-0.001978158
-0.002435039
-0.002996154
-0.003584461
-0.004105105
-0.004518551
-0.004853652
-0.005148781
-0.005415044
-0.005636897
-0.005780664
-0.005811128
-0.005711672
-0.005494125
-0.005194483
-0.004876584
-0.004600881
-0.004380627
-0.004187196
-0.0039893
-0.003768068
-0.003517741
-0.003239723
-0.002943012
-0.00264578
-0.002370024
-0.002135876
-0.001956333
-0.00183457
-0.001770418
-0.001760288
-0.001790282
-0.001838873
-0.001877794
-0.001870191
-0.001775379
-0.001562056
-0.001226928
-0.0008131759
-0.0004036807
-6.539045e-05
0.0001655226
0.0002922451
0.0003692142
0.0004901514
0.0007282492
0.001085662
0.001484339
0.001808442
0.001995239
0.002053927
0.002032039
0.00194772
0.001791408
0.001549875
0.001231912
0.0008798438
0.0005483699
0.0002757315
7.75087e-05
-5.240438e-05
-0.0001262287
-0.000152903
-0.0001399235
-8.418891e-05
2.540728e-05
0.0001987435
0.0004414476
0.0007670228
0.001190848
0.001716933
0.002339881
0.003059708
0.003864181
0.004715144
0.005559773
0.006331119
0.006951555
0.00735088
0.007495685
0.007405299
0.007121285
0.006707181
0.006228156
0.005717364
0.005192738
0.00468054
0.004221183
0.003859058
0.003618039
0.003482555
0.003395498
0.003297919
0.003158855
0.002977425
0.002776848
0.002577729
0.002387385
0.002201335
0.002012678
0.001821016
0.001635966
0.001476267
0.001368348
0.001339805
0.001411487
0.001596596
0.001891133
0.002262185
0.002661858
0.003037702
0.003337025
0.003522731
0.003581718
0.00351639
0.003337468
0.003080812
0.002807314
0.002562051
0.002371228
0.002242494
0.002165576
0.002128738
0.002115717
0.002104347
0.002077995
0.002028534
0.001955935
0.001866833
0.001767517
0.001656487
0.001525956
0.001364969
0.001161215
0.0009051194
0.0006007573
0.000275384
-2.166441e-05
-0.0002424788
-0.0003637391
-0.0003981873
-0.0003854189
-0.0003619973
-0.0003608176
-0.0004111271
-0.0005305642
-0.0007166239
-0.0009428565
-0.001170761
-0.001349525
-0.001423682
-0.001350204
-0.001116764
-0.0007490049
-0.0002825466
0.0002516779
0.0008277918
0.001451063
0.002145619
0.002929075
0.003786917
0.004651626
0.005405993
0.005916603
0.006067648
0.005803118
0.005164072
0.004259278
0.003252471
0.002343128
0.001637606
0.001094705
0.0005762052
7.454443e-06
-0.0005908962
-0.001121353
-0.001475294
-0.001627986
-0.001635936
-0.001542713
-0.001385971
-0.001212256
-0.001057734
-0.0009320211
-0.0008171499
-0.0006838024
-0.0005248773
-0.0003597581
-0.0002116314
-8.394588e-05
4.405994e-05
0.0002041862
0.0004220396
0.0007057319
0.001036381
0.001373072
0.001691979
0.001988226
0.002262439
0.002501719
0.002680789
0.002771852
0.002760505
0.002662521
0.00252154
0.002365291
0.002177697
0.001911083
0.001518679
0.0009821486
0.0003235115
-0.0004191542
-0.001203564
-0.001971485
-0.002650113
-0.003173233
-0.003501705
-0.003647335
-0.003672674
-0.003628871
-0.003543192
-0.003430753
-0.003295222
-0.003136697
-0.002960565
-0.002777556
-0.002587275
-0.002378224
-0.002132854
-0.001836666
-0.001489523
-0.001115163
-0.000761254
-0.0004775816
-0.0002939667
-0.0002069241
-0.000180595
-0.0001825132
-0.0001930455
-0.0002009463
-0.0002019104
-0.0001962377
-0.0001866612
-0.0001763928
-0.0001681507
-0.0001638257
-0.0001645078
-0.0001704679
-0.0001808186
-0.0001928772
-0.0002016099
-0.0001997172
-0.0001789213
-0.0001328329
-6.090745e-05
2.761573e-05
0.0001134008
0.00017821
0.0002257583
0.0002773598
0.0003476448
0.0004398014
0.0005482072
0.0006699123
0.0008072049
0.0009622033
0.001128734
0.001289447
0.00141749
0.001487731
0.001502788
0.001502497
0.001550055
0.001682468
0.001893315
0.002133505
0.002344832
0.00250461
0.002620635
0.002693524
0.002696034
0.002581102
0.002300747
0.001834715
0.00122324
0.0005687002
-3.467285e-05
-0.0005198976
-0.0008300733
-0.0009324512
-0.0008396262
-0.0005988263
-0.0002501266
0.0001596517
0.0005752107
0.0009765179
0.001385551
0.001840814
0.002348998
0.002869759
0.003325937
0.00362601
0.003689
0.003470106
0.002984072
0.002346115
0.001757198
0.001369356
0.00123252
0.001322681
0.0015707
0.001856354
0.002049882
0.002104066
0.002074822
0.002093363
0.002271738
0.002666154
0.003264536
0.003973738
0.004628221
0.005082295
0.005315702
0.005391141
0.005342439
0.005180862
0.004918464
0.004582306
0.004228689
0.003922732
0.003687872
0.003512585
0.003391984
0.00332281
0.003293507
0.003284013
0.003280203
0.003276019
0.003269796
0.00326245
0.003256183
0.003253426
0.003255913
0.003263906
0.003275669
0.003287125
0.003292323
0.003284628
0.003259001
0.003214681
0.003157626
0.003101056
0.003062223
0.003050672
0.003050814
0.003017556
0.002883638
0.002584179
0.002092015
0.001443188
0.0007239665
1.791092e-05
-0.0005996717
-0.001073022
-0.001393964
-0.001619093
-0.001862417
-0.002222641
-0.002697783
-0.003185447
-0.003562671
-0.003781265
-0.003875531
-0.003898138
-0.003882012
-0.003842508
-0.003781126
-0.003691447
-0.003567915
-0.003410123
-0.003217269
-0.002993027
-0.002744681
-0.00246392
-0.002121741
-0.001690907
-0.001174007
-0.0006189079
-0.000107135
0.0003099144
0.0006262185
0.0008427322
0.0009663187
0.001021521
0.00104262
0.001050334
0.001054981
0.001062123
0.001072254
0.001083125
0.001091741
0.001095827
0.001094359
0.001087984
0.0007700501
0.0007625012
0.0007604319
0.0007677283
0.0007857496
0.0008113329
0.0008353066
0.000842937
0.0008170407
0.0007444771
0.0006250084
0.0004801275
0.000357291
0.0003190417
0.0004051553
0.0005993281
0.0008301158
0.001023806
0.001144789
0.001198161
0.001209231
0.00119842
0.001180442
0.001165272
0.001157668
0.001158629
0.001166906
0.001180414
0.001196672
0.001212795
0.001225183
0.001229938
0.001224431
0.001211678
0.001205711
0.001229358
0.001304367
0.001440972
0.001627431
0.001822669
0.001969154
0.002040347
0.002047198
0.002015508
0.001974959
0.001960233
0.002007777
0.002146083
0.002382447
0.002689052
0.003001979
0.003256189
0.003429768
0.003539038
0.003598821
0.003623105
0.003625175
0.003603096
0.003543724
0.003432
0.003261149
0.003042484
0.002807277
0.002582859
0.002348218
0.002034283
0.001550883
0.0008490562
-8.630265e-06
-0.0008527476
-0.001520926
-0.001949229
-0.002169829
-0.002231006
-0.00218485
-0.002096485
-0.002017359
-0.001970127
-0.001953335
-0.001953507
-0.001960209
-0.001969737
-0.001983683
-0.002005818
-0.002036008
-0.002064901
-0.002070861
-0.002022831
-0.001889601
-0.001655778
-0.001339457
-0.0009995051
-0.00070849
-0.0005136768
-0.0004230385
-0.0004076145
-0.0004355541
-0.0004804349
-0.0005155021
-0.0005138459
-0.0004504928
-0.0003096675
-9.451545e-05
0.0001621625
0.0004016754
0.0005745971
0.0006690829
0.0007086702
0.0007228473
0.0007272567
0.0007244101
0.0007054495
0.0006548533
0.000558579
0.0004141433
0.0002388525
6.455369e-05
-9.222187e-05
-0.0002358388
-0.0003872216
-0.0005691861
-0.0007955805
-0.001065773
-0.001366846
-0.001678764
-0.001971579
-0.002208298
-0.002353143
-0.002383147
-0.002294613
-0.002091151
-0.001793748
-0.001455943
-0.001150029
-0.000927076
-0.0008085182
-0.0007902887
-0.0008680532
-0.001048528
-0.001333555
-0.001713688
-0.002184387
-0.0027276
-0.003293963
-0.003812708
-0.00421272
-0.004438835
-0.004474428
-0.004362108
-0.004180299
-0.003979272
-0.003783375
-0.003605219
-0.00345739
-0.003359542
-0.003335898
-0.003409168
-0.00358529
-0.003846259
-0.004166661
-0.004511166
-0.004828539
-0.00506917
-0.005209047
-0.005261605
-0.005268157
-0.005251849
-0.005214873
-0.005146122
-0.005026202
-0.004839418
-0.004583837
-0.004267705
-0.003891057
-0.003462541
-0.003025614
-0.002660427
-0.002455776
-0.002455887
-0.002644792
-0.002978098
-0.003394294
-0.003809525
-0.004148189
-0.004371152
-0.004481753
-0.004514042
-0.004502172
-0.004478609
-0.004465901
-0.004468568
-0.004474046
-0.004455305
-0.004376677
-0.004203839
-0.003914383
-0.003502866
-0.002997701
-0.00246097
-0.0019458
-0.001481863
-0.001077266
-0.0007174415
-0.0003716712
-1.921758e-05
0.0003406002
0.0006913739
0.001010687
0.001290507
0.00154554
0.001814965
0.002146784
0.002555244
0.00300098
0.003386655
0.003584159
0.003498641
0.003112777
0.002506271
0.001795158
0.001050838
0.0003088892
-0.0004124693
-0.001104692
-0.001761166
-0.002372461
-0.002926861
-0.003413554
-0.003822552
-0.004151322
-0.004417343
-0.004655182
-0.004879166
-0.00506059
-0.005141466
-0.005070218
-0.004831983
-0.004463795
-0.004028752
-0.003578381
-0.003152473
-0.002770993
-0.00242868
-0.002101309
-0.001768146
-0.001436311
-0.001138959
-0.0009143959
-0.0007795669
-0.0007183129
-0.0006941045
-0.0006845331
-0.00068172
-0.0006867302
-0.0007049144
-0.0007403269
-0.0007907992
-0.0008462206
-0.0008966865
-0.0009344965
-0.0009508192
-0.0009272224
-0.0008379473
-0.0006606252
-0.000390164
-5.291443e-05
0.0002967907
0.0006206991
0.0009250268
0.001242349
0.001579084
0.001897114
0.002132885
0.002237178
0.00219669
0.002039479
0.001802804
0.001515014
0.00120568
0.0009054808
0.0006412545
0.0004353766
0.0003023909
0.0002411824
0.0002274714
0.0002213063
0.0001908113
0.0001151318
-1.401797e-05
-0.0001931417
-0.0004137662
-0.0006569773
-0.0008893046
-0.001072919
-0.00119701
-0.001279942
-0.001348466
-0.001424935
-0.0015243
-0.001649863
-0.001788411
-0.001908838
-0.001965886
-0.001914274
-0.001734802
-0.001455514
-0.001144885
-0.0008542784
-0.0005997778
-0.0003772226
-0.0001838236
-1.990357e-05
0.000114873
0.0002241605
0.000317352
0.0004037919
0.0004867629
0.0005651179
0.0006359498
0.0006958195
0.0007427107
0.0007770308
0.0008014985
0.0008163203
0.0008147736
0.0007846464
0.0007119385
0.0005838633
0.0003945634
0.0001555488
-0.0001039436
-0.0003586945
-0.0005872167
-0.0007693891
-0.0008868287
-0.0009252213
-0.0008828386
-0.0007707136
-0.0006036531
-0.000409283
-0.0002282465
-9.02309e-05
-3.606408e-06
4.283264e-05
6.53995e-05
7.65586e-05
8.639835e-05
0.0001019646
0.0001267344
0.0001609015
0.000201517
0.0002424372
0.0002754355
0.0002933278
0.0002937806
0.0002819171
0.000271335
0.0002826975
0.0003402035
0.0004637424
0.0006576721
0.0008993389
0.001137165
0.001314284
0.001401057
0.001406847
0.001376456
0.001353444
0.001353617
0.001365185
0.001362514
0.001332163
0.001281627
0.001238859
0.001235386
0.001282659
0.001367692
0.001466488
0.001561234
0.001641976
0.001707334
0.001764165
0.001824839
0.001905034
0.002018999
0.002172111
0.002353671
0.002533831
0.002674332
0.002751786
0.002766258
0.002736876
0.002675025
0.002579351
0.002446633
0.002286195
0.002124496
0.001990948
0.00190577
0.001873582
0.001879018
0.001893489
0.00188697
0.001831035
0.001705581
0.001509248
0.001266956
0.001020012
0.0007996071
0.0006274544
0.0005254781
0.0005139975
0.0006006502
0.0007673658
0.0009740677
0.001193766
0.001412171
0.001623414
0.001829407
0.002034894
0.002242336
0.002446757
0.002637435
0.00280572
0.002954627
0.003097637
0.003246227
0.00340074
0.003551532
0.00368739
0.003805743
0.003913462
0.004020457
0.004127404
0.004224221
0.004293091
0.00431808
0.004297173
0.004242892
0.004166787
0.004070743
0.003950236
0.003797906
0.003605497
0.003367519
0.003089559
0.002788456
0.002475599
0.002159399
0.001850156
0.001559824
0.001298878
0.001074445
0.0008896947
0.0007470807
0.0006509565
0.0006011419
0.0005889195
0.0006044025
0.0006449853
0.0007101624
0.0007964079
0.0008968469
0.0009999993
0.001090355
0.001156692
0.001196761
0.001217356
0.001227407
0.001229788
0.001222346
0.001200428
0.001160006
0.001101641
0.001033764
0.0009699295
0.0009156851
0.0008683119
0.000823057
0.0007762987
0.0007259572
0.0006708747
0.0006108811
0.0005464419
0.0004784292
0.0004089593
0.0003419492
0.0002822447
0.0002352438
0.0002056151
0.0001952767
0.0002011634
0.0002164906
0.0002384751
0.0002678916
0.0003067278
0.0003565831
0.0004163937
0.0004826946
0.0005542406
0.000632558
0.0007197264
0.0008164552
0.0009198183
0.001021597
0.001109509
0.001174464
0.00121491
0.001238594
0.001258208
0.001281392
0.001310005
0.001342008
0.001375827
0.001415372
0.001468873
0.001544317
0.001642311
0.001751994
0.001853653
0.001933882
0.001990909
0.00203019
0.002056257
0.002072454
0.002080331
0.002079123
0.002067375
0.002043902
0.002006639
0.001953207
0.001883507
0.001799933
0.001705434
0.001605828
0.001511666
0.001436002
0.001386073
0.001357864
0.001341001
0.001329207
0.001320221
0.001314239
0.001313086
0.00131844
0.00133023
0.001346246
0.001363276
0.001377109
0.001383973
0.001383276
0.001378403
0.001375139
0.001376581
0.001381986
0.001387405
0.001388455
0.001382848
0.001371363
0.001357675
0.001345607
0.001337954
0.001336567
0.001343055
0.001357712
0.001378551
0.001402162
0.001424869
0.001442574
0.00145156
0.001451298
0.001445849
0.001441421
0.001441476
0.001445754
0.001450844
0.001452796
0.00144843
0.001435977
0.001415599
0.001388247
0.001354551
0.001315783
0.001274898
0.001236402
0.001204448
0.00118145
0.001166923
0.001156662
0.00114406
0.001122312
0.00108559
0.00103039
0.0009564241
0.0008687861
0.0007782578
0.0006953831
0.0006262396
0.0005717683
0.0005279294
0.0004888546
0.0004506245
0.0004115123
0.000371814
0.0003332744
0.0002978163
0.0002668527
0.0002407951
0.0002190971
0.0002009116
0.0001848949
0.0001693311
0.0001530704
0.0001358536
0.0001182975
0.0001016842
8.724899e-05
7.555401e-05
6.615873e-05
5.759784e-05
4.811411e-05
3.663637e-05
2.31122e-05
8.717519e-06
-4.600167e-06
-1.575029e-05
-2.476743e-05
-3.231402e-05
-3.840002e-05
-4.241069e-05
-4.355713e-05
-4.133494e-05
-3.61726e-05
-2.962152e-05
-2.348516e-05
-1.922084e-05
-1.793518e-05
-2.015729e-05
-2.553395e-05
-3.269504e-05
-3.988689e-05
-4.621247e-05
-5.173638e-05
-5.722868e-05
-6.349022e-05
-7.058469e-05
-7.791537e-05
-8.486307e-05
-9.146885e-05
-9.836574e-05
-0.0001061736
-0.000115107
-0.0001250114
-0.0001357196
-0.0001473825
-0.0001602945
-0.000174629
-0.0001901792
-0.0002061483
-0.0002213763
-0.0002352841
-0.0002479694
-0.000259984
-0.0002718308
-0.0002837235
-0.0002955307
-0.0003067385
-0.0003165501
-0.0003241313
-0.0003290099
-0.0003315122
-0.0003329765
-0.0003351529
-0.0003390873
-0.0003452894
-0.0003536907
-0.0003636113
-0.0003743039
-0.0003852172
-0.0003959449
-0.0004062507
-0.000416086
-0.0004255364
-0.000434765
-0.0004439028
-0.0004530038
-0.0004620648
-0.0004710601
-0.0004799689
-0.0004888041
-0.0004976212
-0.0005065116
-0.0005155698
-0.0005248497
-0.000534312
-0.0005438093
-0.0005531616
-0.0005622481
-0.0005710113
-0.0005794548
-0.00058762
-0.0005955627
-0.0006033656
-0.0006111316
-0.0006189347
-0.000626788
-0.0006346423
-0.0006424058
-0.0006500033
-0.0006574169
-0.0006646807
-0.0006718443
-0.000678953
-0.0006860501
-0.0006931729
-0.0007003449
-0.0007075632
-0.000714789
-0.0007219441
-0.0007289297
-0.0007356785
-0.0007421874
-0.0007485325
-0.0007548435
-0.0007612039
-0.0007676503
-0.0007741832
-0.0007807752
-0.0007873992
-0.0007940318
-0.0008006573
-0.0008072688
-0.00081386
-0.000820422
-0.0008269459
-0.0008334274
-0.000839864
-0.0008462546
-0.0008525979
-0.0008588934
-0.0008651412
-0.0008713418
-0.000877496
-0.0008836051
-0.0008896698
-0.0008956902
-0.0009016654
-0.0009075936
-0.0009134731
-0.0009193033
-0.0009250838
-0.0009308158
-0.0009365007
-0.0009421405
-0.0009477374
-0.0009532938
-0.0009588109
-0.0009642886
-0.0009697242
-0.0009751129
-0.0009804499
-0.0009857332
-0.000990964
-0.0009961457
-0.001001282
-0.001006377
-0.001011432
-0.001016446
-0.00102142
-0.001026351
-0.001031235
-0.001036071
-0.00104086
-0.001045604
-0.001050304
-0.001054962
-0.001059577
-0.001064151
-0.001068682
-0.00107317
-0.001077615
-0.001082016
-0.001086373
-0.001090687
-0.001094957
-0.001099184
-0.001103367
-0.001107506
-0.001111601
-0.001115651
-0.001119657
-0.001123618
-0.001127534
-0.001131405
-0.001135231
-0.001139011
-0.001142746
-0.001146435
-0.001150078
-0.001153676
